+0.000479474761286135 -0.001032391695538724
-0.003733446775782204 +0.000264673501919372
-0.000310197086619893 -0.002375114290417738
-0.002909095714262504 -0.000832045354678560
+0.000417549211845265 -0.002132164731676315
-0.002186464199101314 -0.000252795380805345
+0.001285555602726821 -0.001652754253479577
-0.002490205010632681 +0.000790804548127791
+0.001528799901989297 -0.001783189860282402
-0.002898033557973030 +0.000692261171499002
+0.001002932670933801 -0.001856275557969000
-0.003449535613026617 +0.000037990161707657
+0.000652129003807535 -0.002145211839332130
-0.003159991642343680 -0.000338701613838538
+0.000814962503391948 -0.002142458581798362
-0.002914207117360936 +0.000149151438610487
+0.001486736993267030 -0.002127573281732781
-0.003337911411441769 +0.000736478886114771
+0.001643143931162654 -0.002353570707823619
-0.003841120716729070 +0.000633540056258082
+0.001493733260764652 -0.002683803024104200
-0.004029716815847079 +0.000559846748238066
+0.001948134935008849 -0.003011197293694705
-0.004404301086924204 +0.000914921853954558
+0.002406987137989086 -0.003088022855487463
-0.004711970053392616 +0.001043251458521566
+0.002634700722881279 -0.002979188800048067
-0.004906847921634802 +0.001050057456570875
+0.002658445023521505 -0.003110975152691909
-0.005136844342629191 +0.001075131583747005
+0.002844213368811832 -0.003343176893324597
-0.005341673509732143 +0.001156181248473468
+0.003132359780823622 -0.003464700774045448
-0.005556360355676165 +0.001389759935528177
+0.003511719764433222 -0.003618385501337766
-0.006006893283704084 +0.001798530723391153
+0.003895992200102283 -0.004067357549797792
-0.006855100734962680 +0.002141449974522564
+0.004468652972031613 -0.004851155048217670
-0.007730039338395937 +0.002490848877894501
+0.005308558708023673 -0.005325433547997525
-0.008590513384069446 +0.003126194600237721
+0.006460295751763422 -0.005801731391868034
-0.009306052544349831 +0.003783143004427477
+0.007332412280456880 -0.006224891348406468
-0.010113021423715843 +0.005015338628549884
+0.009752188296136360 -0.006379141804074746
-0.011946269054356225 +0.006724136843725239
+0.011811874180418767 -0.009410203415261506
-0.013160957124448366 +0.009349356971613650
+0.205113983439133396 -0.017926742116393904
+0.341870136912514666 +0.123363336160076775
+0.522383514801535997 +0.266072093361584439
+0.508811428070396699 +0.405972905676453499
+0.306668894030767913 +0.478738607230984603
-0.214254354414667003 +0.320930452044169701
-0.566823560532289439 -0.032453344772740270
-0.406515274962196305 -0.405656924490901627
-0.146906831641570923 -0.342264551254623406
+0.000699366676569549 -0.223273803826058381
-0.052293201502995636 -0.072621157972071596
+0.077137817204176770 -0.014271352102468701
+0.163892987202178847 +0.087818372172524223
+0.163688497860183607 +0.140354449078661847
+0.084820971164881187 +0.085803582495409508
-0.013349604384084470 +0.064008099408592770
-0.085939055321663918 +0.021668234698437143
-0.039729470094102090 -0.056314851324921651
-0.045765730200106512 -0.074999281369042686
-0.043043177613028803 -0.040128746172149239
-0.005993423581851853 +0.019417473142736834
+0.037168323564174405 +0.026674079828295436
+0.041749639524573036 +0.030732652494721797
+0.025019020972509669 +0.022715977308428913
-0.020818347254499579 +0.006693689243752644
-0.026616817314201409 -0.004549417225923163
+0.003331539201484580 -0.027991006692014059
+0.016470926227994068 -0.024818544872656716
-0.005221594270976834 +0.002175836093491841
-0.012636289313501501 +0.001852182009198949
-0.003586129136192943 -0.001350360618057231
+0.009694557577081139 +0.005428816804948743
+0.017065683570251358 +0.008578550799759933
+0.000433627141327702 +0.010843321812835901
-0.008878031521592540 +0.012326536743923210
-0.004401708411113388 +0.005857408078922282
-0.003267060642566768 -0.002999398934175651
+0.005993576816569707 -0.007080302742831384
+0.021215707708178863 +0.002691526549878505
+0.030328785204564949 +0.021544689262789300
+0.034375847810977890 +0.036719060187625330
+0.024803866170296923 +0.031814852168114957
+0.010649066144593336 +0.014782646910457241
+0.002334594016666585 +0.001502426178710790
+0.000010135748287980 -0.005065707284722497
-0.009719373628430259 -0.000991501158725147
-0.022498541122481147 -0.005395557141131570
-0.021869391679045311 -0.018974901901211257
-0.020597253108924657 -0.021165901225806770
-0.015365980583014926 -0.013160173325072418
-0.006274990332195782 -0.001830934796913236
+0.002318611443748397 -0.000868052174929344
+0.000258870162112556 -0.001893945543516426
-0.008218615684034619 -0.004516770078359031
-0.012557140293808090 -0.011527747381778046
-0.017748117973271242 -0.011961812141411938
-0.009637153780998607 -0.012404180963973136
+0.000028882546090659 -0.004699202764058859
-0.000063138007787364 +0.000476854991398592
-0.004141789963811995 -0.003504507249959596
-0.003786396854066183 -0.000099466579580374
+0.001840909262643032 -0.003922799037843181
+0.003838114530746231 -0.004075347487991517
-0.002740075421874513 +0.000410485875314143
-0.015183446329848752 -0.007766831697276954
-0.013940007101246878 -0.015080132284575228
-0.004366759459912121 -0.009205151543323256
+0.000657234980376634 -0.003006499032984547
-0.001526116410478292 -0.003891869772615339
-0.005576151782132502 -0.001587263575138635
+0.002217618890787390 -0.001373190276832893
+0.002848134734992566 +0.001857364522538430
+0.000090474613974708 -0.000596852770500177
-0.004243911942145372 -0.004154161656733308
-0.007558338451849831 -0.004727830752854044
-0.005381744174889992 -0.005191468440278159
-0.005529331182836278 -0.000584926106747953
-0.003741279892729065 -0.004881081966083970
-0.005350666665439941 -0.005267284767114005
-0.004953029174300433 -0.002897772788818580
-0.000853418452798783 -0.003583211070082446
-0.000243458554271480 -0.004244807714507725
-0.003101043954568473 -0.005789378046728370
-0.004189023423059476 -0.003018386033590025
-0.002297721994887336 -0.006173729601763281
-0.005558173313485432 -0.006382985540368648
-0.004603537219310935 -0.005336623709150569
-0.005598569032051085 -0.005226471598262717
-0.008633472988180237 -0.002068601830012371
-0.008180819788995762 -0.001485046326078794
-0.007018058195994470 -0.001735141871594955
-0.006475942762908623 -0.003382753684135977
-0.005679867947839337 -0.002692343800723287
-0.001211791008390344 -0.002552721178881784
+0.000043003385078885 -0.006117454522456002
-0.000996256627754824 -0.005535198868519891
+0.000598425910369274 -0.004187556360005646
-0.000871354457877116 -0.003842260865613647
-0.004196770892941755 -0.001640078642796061
-0.004278308976652798 -0.000435774293426736
-0.005788963934127880 -0.001852143996996526
-0.007634016744943128 -0.002901041675652242
-0.006000846801367784 -0.002474158008511015
-0.003491906550683665 -0.004482647415240733
-0.002032244900342078 -0.005530942254140827
-0.002265746186968353 -0.003692891342362034
+0.000030021371185845 -0.004397289845158999
-0.002677905419996895 -0.003849384417135862
-0.002974629393726884 -0.003633690568240942
-0.003465629670493404 -0.001980298657683919
-0.005163761421459509 -0.003154451790032279
-0.006971896637331870 -0.004613834393890287
-0.007940190913439428 -0.002963139048062945
-0.005860911879354962 -0.005877321302909822
-0.007165435534360304 -0.004342527318897487
-0.003296705513813341 -0.005081446424362649
-0.003065173577336888 -0.005081662243411864
-0.003658891592053156 -0.002657176013990568
-0.000490385578702510 -0.003641249225081400
-0.000051443242460777 -0.002796794889016388
-0.002615647861421963 -0.004535223093224345
-0.000394323223487827 -0.003369320757462185
+0.008200715322145259 -0.001122572423990424
+0.011405822605009306 +0.006391465442136254
+0.026708209763472816 +0.010618554573982811
+0.024040485715718575 +0.023710403639107328
+0.010833705200229859 +0.024840131601503432
+0.001740855222903316 +0.012966205890870499
-0.007118605973059994 +0.005771188553596353
-0.003330400356135549 -0.005717277230055610
+0.003206634505750122 -0.007770584193355690
-0.001293907657866744 -0.000837380982168373
+0.003785320711592398 -0.002424031334876287
+0.004499249548917519 +0.004611767123660376
-0.001550385434674562 +0.006116421039954262
+0.005186779117073173 +0.000374109252737146
+0.000000070219895038 +0.005174613201123515
-0.005877997713088439 +0.001880553101110752
+0.000152188675668375 -0.003698610324083713
-0.003766544038817033 -0.001615025839264623
-0.002842370735402291 -0.003852925995507604
+0.004307089132630913 -0.002668580255486087
+0.000890337681722787 +0.002094038199459129
+0.004430339401510102 +0.001153323902762637
+0.003263538920986856 +0.003789812891165890
-0.001953627544659504 +0.001869908646002640
-0.000925302432653222 -0.000726123667492468
-0.002809680357605780 -0.000009751384033925
-0.002437833313773508 -0.003711471973805238
-0.001156019455117564 -0.001325764364776244
-0.002421559703711894 -0.000819232538808490
-0.000655109793054351 -0.002434997724315604
-0.000071330133534175 +0.000917897381183764
-0.000003798984406958 -0.000585691232288130
+0.001745284969445112 -0.000471707396891306
+0.000664079599120321 +0.001670235064626093
+0.001436185382301816 +0.000207923337030280
+0.001771139937281911 +0.001076757059793211
+0.000771615905295355 +0.001454043630095248
+0.002049424371049540 +0.000719382595484970
+0.001541381149352811 +0.002037898945385457
+0.000820188388060631 +0.002085952320338209
+0.000917263626610518 +0.001595545135970215
-0.000611939852844270 +0.001187723990914821
-0.001435639713348624 -0.000312595320222592
-0.000593397883186605 -0.001585030037309782
-0.001620757839629127 -0.001145627971594325
-0.001151611711000674 -0.001677384983986518
-0.000341360744516513 -0.001703407871536063
-0.001240556452606414 -0.000716714776270004
-0.000305386759650418 -0.001380393703355278
-0.000349937000741977 -0.000092650885689794
-0.000366585017899917 +0.000169941059055995
-0.000251841522823497 -0.000053958098658419
-0.000598049385057606 +0.000397490335608503
-0.001110335238811976 -0.000555485084553340
-0.001324381418373798 -0.000677801653039052
-0.001222327469535533 -0.001122650920672535
-0.001038419240396027 -0.001077579514775175
-0.000119525603775431 -0.000856599575826924
-0.000810338059708926 -0.000711897061274275
-0.000082400643972521 -0.000684561205598902
+0.000221238157086520 -0.000422987213061275
+0.000201292076554940 -0.000269017627870383
+0.001072623900228523 +0.000140695155401263
+0.000206238501701124 +0.000774459093966919
+0.000475707046023896 -0.000135974408639267
+0.000411163757227373 +0.000913451339050430
+0.000583170319329814 +0.000685463526103963
+0.000725518790468799 +0.000279800223291249
+0.000672134420958159 +0.001272535257394946
+0.001132546258247692 +0.000436202927177566
+0.001053162203847215 +0.001043397734579119
+0.001077204156286045 +0.000984802912399663
+0.000839667154299683 +0.000536895565497554
+0.000646415708760320 +0.000801705024859324
+0.000112853989088202 +0.000279094625972132
+0.000077551879348232 +0.000329109050834521
-0.000236501257872257 +0.000143602148905610
-0.000691993467625295 -0.000204763706866982
-0.000796895913543456 -0.000318588365088450
-0.001193136568028149 -0.000570037354594163
-0.000946279683689189 -0.001003193748204713
-0.001146338272799309 -0.000983741854963177
-0.000839731187747214 -0.000936260382598136
-0.000291847182404967 -0.001054112071204502
-0.000371120416910237 -0.000513662953591000
+0.000117583318083395 -0.000324257316895453
+0.000543653480333522 -0.000203681998082169
+0.000275590684407737 +0.000394889416847182
+0.000526607914950997 +0.000450374747241532
+0.000504644571081320 +0.000564608537772615
-0.000066496163909436 +0.000564069619486170
+0.000048441678202980 +0.000278618840557323
-0.000140430845213175 +0.000278542326877884
-0.000300402862080829 -0.000151794642409380
-0.000349101778831680 -0.000310583460742939
-0.000302070595651349 -0.000330731804529015
-0.000294242570878766 -0.000630167087932249
-0.000352692929383160 -0.000459502631815804
-0.000099946534481088 -0.000266051571611598
-0.000073334851179669 -0.000281223585724098
+0.000048380269235060 -0.000013524414679653
+0.000107476106789568 +0.000360884343263013
+0.000258716313722963 +0.000145406879522583
+0.000106838730662070 +0.000349510916028190
+0.000021956506978554 +0.000352364982974905
+0.000068767111627217 -0.000055297278809052
-0.000216886437480862 +0.000017418950863449
-0.000260112438705649 -0.000298885323473473
-0.000401279657516366 -0.000288125704673535
-0.000539415812853552 -0.000460734178454287
-0.000815908221722202 -0.000670699322122945
-0.000865483971590957 -0.000536437315783775
-0.000786500196331916 -0.000904427165548913
-0.000963735480667320 -0.000712356476245448
-0.000572381487196235 -0.000633406587575323
-0.000430409825574963 -0.000697476310018082
-0.000458038188708231 -0.000311218714387301
-0.000046150975123210 -0.000262078094203184
+0.000095794399861544 -0.000166645649330410
-0.000061679656347333 -0.000002358030812363
+0.000071024613150413 -0.000039132391617869
+0.000191472322661809 -0.000124427376248069
-0.000213552863643512 +0.000075227525862317
+0.000590680045634786 -0.000114650644762548
+0.000778730027552151 +0.000327713922722225
+0.000102832473748837 +0.000831096151664238
+0.000598536694805211 +0.000156486323659463
-0.000368456915420941 +0.000684394962216469
-0.000575986012890221 -0.000027471695274162
+0.000078787639285941 -0.000662884889772234
-0.000644167775940995 +0.000066267370740222
-0.000088752176061839 -0.000702343600755048
+0.000387863760447977 -0.000275179769244004
-0.000529086213695469 +0.000354334144462044
+0.000562298006276066 -0.000471168736457988
+0.000425598581075964 +0.000407677367788774
-0.000558125168440005 +0.000489501128969949
+0.000778690933176729 -0.000382656140277965
-0.000373615288459278 +0.000623353538007243
-0.000621366800130654 -0.000138775044937450
+0.000484752472381111 -0.000537337589300194
-0.000857112074497374 +0.000369753621954599
-0.000143865406609170 -0.000682513810879914
+0.000196818752342637 -0.000165991324394557
-0.000961764413463080 +0.000054801038848709
+0.000077584644499071 -0.000828435095448768
-0.000367990029737919 +0.000060143300115272
-0.000732774691382637 -0.000516100825290453
+0.000290232038919064 -0.000576538104483465
-0.000568764189700311 +0.000214858095761966
-0.000109922491549341 -0.000615272790285233
+0.000251367112559197 +0.000102149968892885
-0.000490876214309731 +0.000184515608370885
+0.000325095096989116 -0.000438644130680323
-0.000042640578324593 +0.000444971347039370
-0.000268950679166841 -0.000135841380921485
+0.000342067071459791 -0.000206897957894229
-0.000315346691595112 +0.000319190621894998
-0.000041256115659718 -0.000385243882942997
+0.000195997228150597 -0.000008786686316855
-0.000403594894018609 +0.000115367303926171
+0.000126459152482914 -0.000341893527534763
-0.000118984216868037 +0.000143447611608079
-0.000478662091014162 -0.000108397416571198
+0.000075900242496752 -0.000367312511523764
-0.000475813136254776 +0.000047484295792531
-0.000337126023152706 -0.000405158673358241
-0.000019983738560895 -0.000304232114250529
-0.000515382562995906 -0.000047187974647985
-0.000096695082701331 -0.000477834863903626
-0.000121515167394533 -0.000101711107350201
-0.000372805990301380 -0.000127300712263883
-0.000012123809812042 -0.000332121157551223
-0.000207123857562128 +0.000009301055438090
-0.000327575221706658 -0.000204479872551120
-0.000090674154257829 -0.000248387332508954
-0.000377003092293581 -0.000096582076416443
-0.000345925782807577 -0.000325676860611025
-0.000160143892771153 -0.000278065586442484
-0.000480630108000789 -0.000195591201758936
-0.000245232804024714 -0.000410050171639014
-0.000231189229975969 -0.000241197071176702
-0.000399783907141022 -0.000261996824108645
-0.000070961238692157 -0.000363089542767515
-0.000210755229326834 -0.000073514886021287
-0.000187258787572030 -0.000260152518460928
-0.000000034391492522 -0.000125954415784682
-0.000167926864207117 +0.000019189136076105
-0.000073154775910113 -0.000210973276873261
-0.000039500279018035 +0.000051480648731691
-0.000173066467490855 -0.000073068961926356
-0.000077590738845922 -0.000156772906333761
-0.000144061596635285 +0.000006006941092398
-0.000237034668344905 -0.000219249185212952
-0.000145812146875821 -0.000174026961102134
-0.000300000803142006 -0.000155299409611234
-0.000275878714424031 -0.000318899067352511
-0.000229850398352505 -0.000210482717791508
-0.000365304937122192 -0.000251569270296717
-0.000245164868182378 -0.000323039031573151
-0.000293540974532338 -0.000187677206696892
-0.000323952262256302 -0.000288867166686741
-0.000224359918177832 -0.000271429919937019
-0.000305164530558001 -0.000176393308577287
-0.000232464290487425 -0.000309700055772745
-0.000215873589145471 -0.000195665958859899
-0.000277561740418545 -0.000195675241550462
-0.000177412442008993 -0.000287150896007950
-0.000251174367468582 -0.000154645410382777
-0.000271401216454692 -0.000238083162764986
-0.000194844357217457 -0.000255325704138603
-0.000334954644320740 -0.000176406418320760
-0.000287305034135299 -0.000295154459679280
-0.000270967554812737 -0.000247362292527878
-0.000367045552883715 -0.000246390783471504
-0.000276918620469878 -0.000322656397916751
-0.000286940459951005 -0.000240819592060316
-0.000314786298804370 -0.000280901878828763
-0.000231186646713490 -0.000291005078809072
-0.000256750695276879 -0.000207450286540383
-0.000250289836578953 -0.000262739910678207
-0.000194775705654096 -0.000230956244715443
-0.000255306802395536 -0.000160944149708546
-0.000220784149832541 -0.000248806001244091
-0.000237485450002615 -0.000187674900626188
-0.000311035601025087 -0.000183559988558160
-0.000265338343292943 -0.000297722198505724
-0.000351077290772821 -0.000214829573417493
-0.000351693287347334 -0.000314657188774656
-0.000350054958830731 -0.000336024865989711
-0.000384499194463575 -0.000298478488879343
-0.000379299052623750 -0.000389009655915417
-0.000375862436681556 -0.000327138664431660
-0.000372462304798541 -0.000356383691766385
-0.000380070382766959 -0.000365832613452824
-0.000346692607550907 -0.000308533569925929
-0.000346886356726785 -0.000348003917199893
-0.000352612976441711 -0.000310482565240277
-0.000327916006259324 -0.000287661056145640
-0.000333082115762093 -0.000320791110617170
-0.000343441464582441 -0.000291276772302379
-0.000348543672760395 -0.000286903149393580
-0.000329769304341630 -0.000348536743470517
-0.000407208881566588 -0.000291261765988447
-0.000346399164726111 -0.000356986364092231
-0.000353284396893634 -0.000360426910174987
-0.000404468256892544 -0.000295274736363404
-0.000324269528096510 -0.000385616706740442
-0.000372508051102885 -0.000309000254791966
-0.000427794027834291 -0.000304681928660966
-0.000315007437741414 -0.000410333510828015
-0.000429661534052159 -0.000275315500246886
-0.000395663620296990 -0.000374429942394763
-0.000312050694120520 -0.000387885262370490
-0.000452711114967673 -0.000266641760158240
-0.000358166400490679 -0.000410677195310626
-0.000311530180984808 -0.000348052619911040
-0.000508318316142136 -0.000265385426053231
-0.000285595555402956 -0.000462399575217498
-0.000421713394206595 -0.000282381164919082
-0.000511521996322910 -0.000350210605119732
-0.000306153261342885 -0.000481726216646569
-0.000527611405790551 -0.000278640644198809
-0.000495379039817639 -0.000461181729927086
-0.000320199130419946 -0.000464748408209842
-0.000630179523313124 -0.000291025207879075
-0.000382126065061099 -0.000564354685733126
-0.000440849296552845 -0.000360670784390282
-0.000591772220355946 -0.000399633358215840
-0.000344556588489628 -0.000543615941980267
-0.000503765391410477 -0.000310839564300461
-0.000537570880312346 -0.000476265313153354
-0.000301022210864114 -0.000471143281995202
-0.000614982489779387 -0.000282854969174796
-0.000386674624414232 -0.000559822936448882
-0.000436121116266376 -0.000337539036236560
-0.000578283811416523 -0.000399613797393762
-0.000390713847273793 -0.000532635940578948
-0.000510389593805217 -0.000331487342215970
-0.000595378008289120 -0.000489026966671271
-0.000348815586208109 -0.000526605454035703
-0.000668018019561602 -0.000327537240625599
-0.000439149975395015 -0.000610019825021677
-0.000499676585822408 -0.000404619433454469
-0.000603173276359938 -0.000448964989583134
-0.000473699186657138 -0.000558030083873923
-0.000510968347448584 -0.000414943650970226
-0.000668927686382582 -0.000478695578489646
-0.000362821675669386 -0.000586924903819114
-0.000713408309776037 -0.000348379538972829
-0.000464051939166123 -0.000628152999838435
-0.000566369135021102 -0.000441180929551880
-0.000590760153533282 -0.000496188532055209
-0.000583482968675090 -0.000560917855737188
-0.000493793027281028 -0.000504776926517947
-0.000752745687998784 -0.000482263750474910
-0.000418946105079691 -0.000650878772553349
-0.000760869187328269 -0.000415239648727887
-0.000530544513378130 -0.000662749482035633
-0.000667032456198975 -0.000506727301217471
-0.000577691016648440 -0.000583992194451715
-0.000731232160964359 -0.000552432856579155
-0.000462416540659978 -0.000629814134381229
-0.000849529665564164 -0.000465096046366279
-0.000420220438133783 -0.000726096808175398
-0.000817028285944111 -0.000430703260533479
-0.000501705299237929 -0.000699122258747379
-0.000765233519583858 -0.000508264487300478
-0.000503437713050681 -0.000636671844659866
-0.000847459041439881 -0.000529149169216559
-0.000424451762067915 -0.000696832615614936
-0.000933436397698174 -0.000452361631779868
-0.000429100742301569 -0.000791472193442498
-0.000924003366043682 -0.000439181035853634
-0.000483218358229836 -0.000786481950236533
-0.000940729438727266 -0.000506622841390709
-0.000449620900770518 -0.000773824633285903
-0.001041871512145479 -0.000505054334155368
-0.000370623230469206 -0.000850877436352435
-0.001111626175884971 -0.000435387465016539
-0.000364983222995806 -0.000918741035069101
-0.001108962246189968 -0.000428935109189684
-0.000385642692230815 -0.000901861613138863
-0.001145615584362570 -0.000473816443284097
-0.000336094963728838 -0.000902938771314301
-0.001251138352326640 -0.000450797792536083
-0.000263313072333988 -0.000992915219872028
-0.001337922692137790 -0.000376182474262091
-0.000230833249932265 -0.001086444498937807
-0.001408523042073043 -0.000339153769603294
-0.000155318500849279 -0.001155903244017253
-0.001611800300122574 -0.000241762846959436
+0.000265119257817781 -0.001496706568472466
-0.002931241225713497 +0.000864940745876491
+0.000435062923546566 -0.001786918768212718
-0.001770087189177816 -0.000306053903686355
+0.000765292240082353 -0.000752897485450350
-0.000676635496984260 -0.000120857386416845
+0.001497067001908670 -0.000579872822447643
-0.001655790699066695 +0.001387383181846702
