+0.003658809506081252 -0.007150087277686918
-0.002742831458247602 +0.007829686408620152
-0.000048622575124007 -0.006886132880407450
-0.003638444378943625 +0.006641271854458011
+0.000934604746747524 -0.006465815141400269
-0.002133633713470127 +0.005784149857006569
+0.002130932652923939 -0.005934726387995325
-0.001995044110976639 +0.005175469350314220
+0.002246516815872210 -0.007352303620690029
-0.001663383301504559 +0.004687564292721559
+0.002434398713670036 -0.008308355384681580
-0.001681088354747692 +0.005581517409247717
+0.001805834741613490 -0.007380478065767873
-0.002280645825536565 +0.006046761359933657
+0.001117098866893870 -0.006344109820746760
-0.002731831804771532 +0.005591316675044374
+0.001397875067142717 -0.007077714796173520
-0.002332994723818376 +0.005450681548547217
+0.002001562976794143 -0.007550260998529887
-0.001760206468870039 +0.005493372975221168
+0.001874745489652429 -0.007954609518377561
-0.001922482036078832 +0.005642308031094924
+0.001920680931758164 -0.007833527715651290
-0.002121029874376054 +0.005587359401579617
+0.001692631348174274 -0.007278360775968004
-0.002460349967637859 +0.005956053240755583
+0.001606684557384991 -0.006978429127362296
-0.002498856778357523 +0.006401612135529136
+0.001743766360549974 -0.007273077317953291
-0.002229648555625421 +0.005873162472278681
+0.002001848677959076 -0.008036917071556250
-0.001870073363430345 +0.005458254165415379
+0.002343409250977724 -0.008530481094770500
-0.001877299663156560 +0.005741573355510184
+0.002113250366309452 -0.008284334005027635
-0.002272010433729096 +0.006193983022574076
+0.001648404844754342 -0.008309678102448526
-0.002623705064702731 +0.006714886246393456
+0.001490942302094274 -0.008925583170677698
-0.002638477757694923 +0.007585674724863151
+0.001780032876918015 -0.010054914604548014
-0.002167529922895744 +0.008540267430110547
+0.002370359454440634 -0.011196091579315493
-0.002167477100213603 +0.010844846973422424
+0.002837491892909917 -0.013039564619536655
-0.002298919044188018 +0.014982824402356040
+0.003186874184774915 -0.023673157216732160
-0.002559651736851124 +0.113238378642222054
+0.003753532341786569 +0.358071084130839101
-0.002629293685576550 +0.528610605563199165
+0.002490964485680910 +0.696994802218801279
+0.007701947934609040 +0.394557510003920753
+0.130570920458632833 -0.443249958549356948
+0.248853637205864314 -0.695022039183741169
+0.369985777313344366 -0.219695911490396439
+0.401247746212439305 -0.057007684707698597
+0.179697612353065861 -0.045729026363335035
-0.186923599491725878 -0.022173535709463649
-0.288810722980824330 +0.097479813483543606
-0.138038568254452876 +0.151945448707577646
-0.041220369649859707 +0.090298545929098473
-0.038856908734494343 +0.060263344267210306
-0.052773570206610824 +0.041710070639875155
+0.025270089496747417 -0.002751716089862762
+0.093240318495217106 -0.064353195616904418
+0.098318924731985224 -0.083085436941807089
+0.058129653908621987 -0.043914469662130050
+0.030358139256660727 -0.041722704676404487
+0.016874277881446388 -0.034389785939569713
-0.008349928427362810 +0.023423475898728723
-0.050716101321609197 +0.062267938262756783
-0.059530616621100797 +0.018747076586076012
-0.044955106023038871 -0.016806676797680463
-0.015500117276527033 +0.002409239782264789
+0.019745135571714548 +0.011022461591312796
+0.022679390892230717 -0.017795212412836509
+0.010710200599735747 -0.022212809162083728
+0.022588995750003636 -0.013110619795182072
+0.037673286834709538 -0.007999766329066762
+0.021868894607822556 +0.001684627820643393
-0.007276695698212723 +0.016844069485860994
-0.016573014300101031 +0.033737906707706392
-0.015507674660951078 +0.046185825648322354
-0.015783950950165722 +0.045782464105850962
-0.014367282757231200 +0.018951862577876354
-0.005068724399562153 -0.010462855027066897
+0.016800597123310567 -0.029380085740053706
+0.037691293109715369 -0.043525636141383488
+0.042249833389831216 -0.028822412008413074
+0.031599581630371923 +0.010368533792520543
+0.011754490564300364 +0.031614094275551882
-0.008508369557114601 +0.033486324294245459
-0.021801501801080800 +0.026427302660619469
-0.021163309729635177 +0.014484838222586239
-0.009527427726978076 +0.011984279638916994
+0.001737517860174148 +0.002218789272362844
+0.011343516496598002 -0.020151423279282956
+0.019160862423042147 -0.028423674061324698
+0.025773818015201011 -0.025047359033527880
+0.029903441321224248 -0.010373376461919354
+0.021989067513480856 -0.010955735114073120
+0.004931123722094134 -0.007788507757460940
-0.012059215536301593 -0.006948450243287334
-0.018639746153193242 -0.012302886201869133
-0.017297223457135424 -0.012389555655176028
-0.019611652197293206 -0.008577584043530156
-0.015792243985981322 -0.013106761883312720
-0.010381227782483793 -0.010556229440331848
-0.000965005499208101 -0.008560693231789894
-0.002010643998273806 -0.001948680967923025
-0.005699479783899147 +0.011270867346020008
-0.007158380071423721 -0.000734532146688928
-0.002786870615064165 -0.008796787363100961
+0.007246823967666358 -0.002135183918669184
+0.002513007937105105 -0.000450244115542522
-0.001839959558037066 -0.000894455905747158
-0.005169153317458666 -0.009160718084484216
-0.005528229855780413 -0.004814552563620184
-0.003071625257260484 -0.005053660497576786
-0.003608775979127069 -0.000929214689857628
-0.010805913441964986 -0.003831453193547435
-0.011251680383855645 -0.002979482384611157
-0.003084878820090421 +0.008368085036266359
-0.000256704460621597 +0.007949524029356095
+0.001669620093354481 +0.005969732307581660
+0.001561066774540713 +0.003930086132034741
+0.003245649415664533 -0.002079169878012629
+0.002616100714903184 -0.006455327110599946
+0.000110449459247955 -0.012327260960946756
+0.002419650308931226 -0.006488137937288697
+0.000832194664902441 -0.008707462068537333
-0.001227072326074951 -0.008250215717323659
-0.002142807254061758 -0.011922833473990351
-0.002016883648721827 +0.000028283420453427
-0.000569432371656193 +0.008876204890294288
-0.002390828275883043 +0.012192973476968801
-0.002327063689559795 +0.004734691872245406
-0.003209911768907211 +0.003048967243415271
-0.001821796957342187 +0.004623378665652465
-0.000967041134659325 -0.003737085032446377
+0.000321128863031496 -0.016359065270507338
+0.002212636355725306 -0.022255591185802399
+0.004370148373292698 -0.021165335592039074
+0.003430167801607168 -0.014479133182395434
-0.000048713457806257 -0.014247283260870588
-0.002675701761222382 -0.001182489857518594
-0.007512978670930477 +0.008638312091484138
-0.011495891343152910 +0.017514614794908130
-0.011766805342012429 +0.013332242001958433
-0.010284525436599499 +0.012540448008629556
-0.005664796492169780 +0.006294092373321296
-0.000838885730985298 +0.002724160101754099
+0.004060733388488860 -0.011967125514561154
+0.005943671335268876 -0.017310990565597591
+0.007561199963560732 -0.016421515576840479
+0.007213663255940545 -0.015102998384761816
+0.004780563760297702 -0.020641928357184518
-0.000014469593949668 -0.013495806947447826
-0.001870643315078712 -0.000549544999116968
-0.004488694363489793 +0.008747024289615494
-0.006908191936241488 +0.005795651992702083
-0.010400355107065279 +0.007740036916330940
-0.011186123659320785 +0.007578815291808123
-0.010080388910484767 +0.010113523214094391
-0.005197124679615789 +0.000371883586802237
-0.000731849275535358 -0.003725933872947391
+0.002086840616955031 -0.011765131906057980
+0.006459933049744468 -0.005612434403764754
+0.010297221490460255 -0.017617926698137703
+0.011479587841763490 -0.014208047720010282
+0.009677440135325961 -0.015457131420068989
+0.006197877793864505 +0.000980132208227440
+0.001486420224724024 +0.017802679231740243
-0.004952856730839294 +0.026670580612842255
-0.006331172301007862 +0.020036822144198836
-0.011068134467202268 +0.017809368074241626
-0.002984144625365474 +0.000736278338828458
+0.003870355853695521 -0.002677120907788488
+0.006458126353688334 -0.006289650331708169
+0.007648249382464141 -0.003109172571073668
+0.004715261117895483 -0.003037626386659442
+0.001013487244176728 +0.004467232634680060
+0.001181692519344274 +0.001604513784612217
-0.002733091636929322 +0.008637163301615777
-0.002266044822981268 +0.004775669406321798
-0.003840149453507441 +0.008941531550794650
-0.001989474194039775 +0.002451822949226613
-0.001011638728357786 +0.000812229497817108
+0.002126594968467857 -0.003591417689721996
+0.002216420338245451 -0.006620153975993847
+0.005597462476583293 -0.007260046737772579
+0.002982427787698727 -0.004050655586640971
+0.002915273604569859 -0.003585506387843418
-0.000189396689401610 +0.002189202698649216
-0.002324275987327144 +0.000310781361584722
-0.002757448438381442 +0.007197702633512271
-0.003303201590865036 +0.002112672616811650
-0.003161338342032834 +0.006924324234851106
-0.001635574113763716 +0.000635657435800930
-0.001070165909639485 +0.002287507806939142
+0.002275849628960162 -0.003714134980090257
+0.001731351416475387 -0.003046646177132369
+0.004398697845855608 -0.006832718406803138
+0.002784037397234395 -0.004334194509398212
+0.003361340740544950 -0.004145570666023423
+0.000539872511677247 +0.000798901644207848
-0.000480138145845785 +0.000792138976635379
-0.003168331234499027 +0.005569454823228718
-0.003012944606525176 +0.003114425740043153
-0.003578932426512539 +0.005283750990324537
-0.001724321866637625 +0.000462497678722195
-0.000971335729931265 +0.002819124866320844
+0.001368560744855334 -0.002991222603205028
+0.001408161745816199 +0.000734388738885279
+0.002733632306902040 -0.004458040681846780
+0.001293210036152350 -0.000467460380960976
+0.001645902616964990 -0.003296647727292980
-0.000365306785385173 +0.000648529092333964
-0.000216710395638626 -0.001578631923559471
-0.002191559522759823 +0.001537251910970350
-0.001341371869286125 -0.001218473718615806
-0.002054853475107053 +0.002187346850106710
-0.000235123224547096 -0.001680081790218843
-0.000637821535502895 +0.001501192018544326
+0.000884585553932697 -0.002255153097050751
+0.000052584948047952 +0.000521307390314783
+0.001420258017769517 -0.002405892748691020
-0.000057539025692380 +0.000352947788314134
+0.000967637566111710 -0.003060615682692528
-0.000615116838267319 +0.001074718553794185
+0.000352966439262728 -0.003057567492700981
-0.000822997011371422 +0.002387932415252698
-0.000261536368957779 -0.001836823779612520
-0.001183440174388066 +0.002991328078759945
-0.000220233740691669 -0.000679132061803909
-0.000780380126549530 +0.002910520354782907
+0.000616056113061437 -0.001003139507832108
-0.000228994680470893 +0.001994377486478957
+0.001504951269703912 -0.001365663940921657
-0.000055917916332063 +0.001352504126835375
+0.001888752458370052 -0.001682718697631288
-0.000092306522519512 +0.001080288338870624
+0.001050125292159311 -0.002031755368374917
-0.000499241638797833 +0.001350568049299354
-0.000006496174541681 -0.001914428837105569
-0.000844482834285287 +0.002414315855755782
-0.000469221741940627 -0.001447668885359992
-0.001029325062022905 +0.003598991691093393
-0.000268848310926177 -0.001682010792962196
-0.000982116730962879 +0.003281433924616754
+0.000386794736643556 -0.001934790565383332
-0.000728593243420255 +0.002204475833072329
+0.000935066382353212 -0.002252042356263084
-0.000628536310415169 +0.000447421566135484
+0.001203572493276592 -0.002739147810510146
-0.000532058567493624 -0.000592210925375340
+0.001187135728809040 -0.003124299518698207
-0.000391278942618463 -0.000024785470408960
+0.000753473356901603 -0.002846657521021585
-0.000474354439636376 +0.001965606628219390
+0.000020763905401867 -0.002017767763749226
-0.000873815652769633 +0.003494562193938353
-0.000470956807592936 -0.001364569278340313
-0.001168154787087444 +0.003810607457139997
-0.000066104399738441 -0.001601050157679195
-0.001065829514699298 +0.002434880264338380
+0.000809667716464617 -0.002658662545482977
-0.000547105007806156 +0.001036492173135897
+0.001467237555639574 -0.002971682400152381
-0.000158989859116992 +0.000528785678638177
+0.001317977543064302 -0.002278044304054335
-0.000359402691162235 +0.001308563465743016
+0.000701805660318562 -0.001513046915496404
-0.000684383416573872 +0.002506121646523349
+0.000212268049351077 -0.001611172772374974
-0.000897921845957098 +0.003082246593085718
+0.000082929016209624 -0.001870680068683558
-0.000899840360094755 +0.002898985491563569
+0.000232315907480890 -0.002631191809646757
-0.000937127963277398 +0.002037906085511406
+0.000564567931934866 -0.002939522125493061
-0.000769208522699667 +0.001540304856798151
+0.000866916485337312 -0.002741002247541103
-0.000633322580016700 +0.001614355958070916
+0.000789323227333540 -0.002319389416438452
-0.000677828669169209 +0.001874741767076491
+0.000641338321099287 -0.002020772942427928
-0.000735456747070039 +0.002033792296745435
+0.000531409420217388 -0.001927696105640203
-0.000796371194407073 +0.002271213128920735
+0.000595422494625423 -0.002377142907361221
-0.000727063220948195 +0.001954438799324144
+0.000815756938874376 -0.003307448465765949
-0.000482229641844041 +0.001552552672996745
+0.000853182444273922 -0.002979518877160624
-0.000507185107762375 +0.002257784587798861
+0.000483711205484361 -0.001911662653940575
-0.001071753754871262 +0.003394137100974065
+0.000184162571906874 -0.001901728454057663
-0.001142898519615473 +0.003431048234258608
+0.000379095154605576 -0.002470490958749445
-0.000623008211802250 +0.002447433893050251
+0.000806536886295571 -0.002843775280039115
-0.000369865650134955 +0.001513862070955014
+0.001211095570343920 -0.002951401908315110
-0.000589243605703788 +0.001363866975260253
+0.001217360972368926 -0.002688515780463918
-0.000952172962453080 +0.002160136297456206
+0.000684380891435757 -0.002235736136552979
-0.001115041199772876 +0.003053703354556847
+0.000108984886873581 -0.002156816571466241
-0.000986708812185988 +0.003183134427481610
+0.000138338447039046 -0.002646253827788686
-0.000738762557264253 +0.002803145943511096
+0.000630466782193806 -0.003300239991964646
-0.000630170105292385 +0.002313252674064889
+0.001002089695605786 -0.003536019161363653
-0.000695615380291108 +0.002010803707677630
+0.001045970800152791 -0.003166617823069397
-0.000918887641285199 +0.002015651448456095
+0.000840422030530773 -0.002471610726550232
-0.001151364103002678 +0.002267052148530235
+0.000617621261163281 -0.002117894086932089
-0.001159318824302147 +0.002540559753306259
+0.000529612900137416 -0.002522739450195273
-0.000859179734963262 +0.002685406759634275
+0.000609837082642142 -0.003269644890636827
-0.000524977424480509 +0.002765463442031598
+0.000727315172134396 -0.003706049776255167
-0.000553556130354340 +0.002874794783977572
+0.000787922322236149 -0.003462276169768218
-0.000919332833206717 +0.002865368803423328
+0.000780985778281063 -0.002840035762867040
-0.001261996576719576 +0.002715913843130953
+0.000771566860207198 -0.002436635197754915
-0.001277781375140773 +0.002558649238771087
+0.000800512425612719 -0.002556244279594322
-0.001009555598236082 +0.002450504130832448
+0.000831497920059458 -0.002992021635080326
-0.000714900689113699 +0.002487185240170225
+0.000816643381157872 -0.003387757500760873
-0.000666613750353761 +0.002673021839960594
+0.000739673897098106 -0.003538662381728574
-0.000870202864095122 +0.002961535040940762
+0.000680210338193861 -0.003481282329363786
-0.001107105948835190 +0.003133709742217917
+0.000682226380510500 -0.003298001179705268
-0.001203914467913423 +0.003033524380643613
+0.000748167099351439 -0.003094174519807536
-0.001141390481543362 +0.002773261058647115
+0.000835958601686925 -0.003053725346913325
-0.001017399264163207 +0.002591993731934764
+0.000898649873180693 -0.003251115918402939
-0.000919783823386633 +0.002621919173577919
+0.000901930543560505 -0.003484054858446834
-0.000920410898863481 +0.002795225208733993
+0.000857964040918062 -0.003525128402495276
-0.001010724372766154 +0.002964511719126564
+0.000812610434228719 -0.003450159202111207
-0.001102086684467607 +0.003088778230262213
+0.000791884537639026 -0.003417830707944773
-0.001129176321655867 +0.003180838371371551
+0.000800882932703738 -0.003459451117741663
-0.001094433231595364 +0.003226678156691117
+0.000810683148909926 -0.003555642946168950
-0.001050729070213348 +0.003166316199365761
+0.000823455185855772 -0.003615886131009884
-0.001055433166572847 +0.003034481172291745
+0.000871998659207729 -0.003574375447663124
-0.001126074904410440 +0.002924752828306623
+0.000945179578427582 -0.003527931821130579
-0.001201887557004546 +0.002899942477451912
+0.000992709292922598 -0.003547666748554301
-0.001203921377598521 +0.002994897572951882
+0.000949781345725666 -0.003643893088270356
-0.001139743550656849 +0.003184679684603518
+0.000829811998257386 -0.003791259383756639
-0.001081250139418894 +0.003359990658130595
+0.000739883552773618 -0.003954978965728426
-0.001086745917070860 +0.003441663573441828
+0.000768497933017642 -0.004051533424379333
-0.001158762583734244 +0.003409171992426358
+0.000895430467991635 -0.004010474415751230
-0.001257674969009840 +0.003262022216448182
+0.001024339956028300 -0.003830853430413902
-0.001321079259246588 +0.003098473028780671
+0.001077011188204629 -0.003652347750647435
-0.001318829965940586 +0.003040442968219471
+0.001032866922644949 -0.003681284097310084
-0.001249501011402520 +0.003169695289880356
+0.000931633743867616 -0.003958610506408281
-0.001150826924662311 +0.003428588964782675
+0.000835616028487075 -0.004265786810145903
-0.001112793498868892 +0.003658084692204060
+0.000812774885013214 -0.004387496461466175
-0.001189226814314706 +0.003733866182606433
+0.000891729190522848 -0.004308478825188387
-0.001332311539953604 +0.003639787894766100
+0.001019776775540923 -0.004118260093283144
-0.001435208510067609 +0.003456328924705716
+0.001098241980782889 -0.003976718471668900
-0.001438423411196885 +0.003298306811987288
+0.001083992833943933 -0.004001621702416118
-0.001356522058406728 +0.003277740018506184
+0.001012855040600674 -0.004188104161292458
-0.001264613087849827 +0.003445132615047510
+0.000939074772548516 -0.004436572901265730
-0.001238924176622122 +0.003696526142467755
+0.000913530294096155 -0.004607426578952393
-0.001297739711576549 +0.003861147832232097
+0.000950974346362020 -0.004607620071564990
-0.001403647366275295 +0.003873811242574390
+0.001018758473615444 -0.004490104060894693
-0.001490688783684844 +0.003766333022617929
+0.001075252507806361 -0.004421138679645203
-0.001498102233765015 +0.003620021253962458
+0.001095811471550879 -0.004452843009072624
-0.001433416192539010 +0.003546029856282630
+0.001075290396344447 -0.004519432795199316
-0.001388921649718508 +0.003618626468253424
+0.001043501353783550 -0.004610382184698197
-0.001415625459320619 +0.003804129524363438
+0.001033102252518563 -0.004717467660075017
-0.001469891767147498 +0.003970428503170864
+0.001039112432798601 -0.004791086413684515
-0.001500958172351827 +0.004017289069167109
+0.001055975918203662 -0.004831903614640763
-0.001506586520180525 +0.003968323512559549
+0.001084763569939672 -0.004878144092725866
-0.001507950547913640 +0.003932338011732205
+0.001103684135487357 -0.004930170909559014
-0.001518258377640234 +0.003962490300748285
+0.001093153607792720 -0.004954336006378443
-0.001543416884763569 +0.004003051560969917
+0.001084044144339869 -0.004936118693098762
-0.001587104129164798 +0.004003888450819018
+0.001115011049183920 -0.004924654347124580
-0.001635549765296923 +0.003989099285536382
+0.001164333388068817 -0.004984853491262452
-0.001648006436684071 +0.004013387557436229
+0.001174893572743620 -0.005126512055927227
-0.001608131764418430 +0.004103744223192358
+0.001129232885024950 -0.005287076556466409
-0.001561787188212718 +0.004234214051657813
+0.001075020803465433 -0.005389462298112399
-0.001573123876926959 +0.004339397928461197
+0.001072517494402092 -0.005406243913775490
-0.001651004423874140 +0.004357331191980143
+0.001135047266631068 -0.005356167177782823
-0.001743912135443965 +0.004299228631214042
+0.001221527190168690 -0.005288133149938265
-0.001794751675526366 +0.004213989469530541
+0.001269476049021637 -0.005291788153015294
-0.001771830144406996 +0.004106185530386875
+0.001258773221748099 -0.005393003271804825
-0.001715628033200611 +0.004222891392552928
+0.001205378719807390 -0.005571945336326395
-0.001696367705296132 +0.004483551252750630
+0.001115743871550207 -0.005739781934678029
-0.001705964583533395 +0.004628663666189629
+0.001103364844393982 -0.005835778490461330
-0.001744998861076076 +0.004661858719825197
+0.001183931253169148 -0.005844478687142773
-0.001828601441483695 +0.004606539190519213
+0.001276412625529032 -0.005801423058461382
-0.001906503179290237 +0.004465916184348114
+0.001334795092703356 -0.005737285747630111
-0.001929880357006878 +0.004377457810344796
+0.001322847953905458 -0.005722032750959194
-0.001907844005536368 +0.004427316069512148
+0.001250773527733092 -0.005842269654178482
-0.001864670250182885 +0.004599716421149567
+0.001193823176437811 -0.006065831913001864
-0.001836476344049361 +0.004791503917880612
+0.001192697327211114 -0.006247432787367504
-0.001863435226079256 +0.004886007092416631
+0.001243944543028106 -0.006311084734551439
-0.001942587320359573 +0.004859392067031636
+0.001315104733398543 -0.006274837665201152
-0.002019992747684815 +0.004774471930895394
+0.001353108916993292 -0.006210021339357247
-0.002055911244799197 +0.004721913477219166
+0.001342277160155544 -0.006201780470100337
-0.002048885541916313 +0.004741641037331503
+0.001310298650240884 -0.006280527693112721
-0.002024232612211339 +0.004823358501987595
+0.001293077014879090 -0.006428318923467885
-0.002017001966900198 +0.004937427892048176
+0.001303092322458139 -0.006590264384827516
-0.002040614680039051 +0.005038484160638353
+0.001326926325748913 -0.006701288110658734
-0.002085577888709824 +0.005093405727403093
+0.001347332670651783 -0.006756735002667051
-0.002133590149831747 +0.005117297522670240
+0.001358961067234799 -0.006793319891404694
-0.002165206037074771 +0.005138987712718217
+0.001361919094791420 -0.006845094825688456
-0.002176664539585796 +0.005173450645245229
+0.001365803206323225 -0.006925489443947767
-0.002185986181064250 +0.005240005700450022
+0.001375074487821440 -0.007046332711072557
-0.002202056281037077 +0.005361070359028654
+0.001379921285517256 -0.007270327674769391
-0.002196638810219955 +0.005577578198466482
+0.001296601289203726 -0.005860707386761466
-0.002282360671857954 +0.008634975836408106
+0.001436150518697552 -0.003252033295705545
-0.002661742032271681 +0.010224722550945793
+0.002050616557791185 -0.008125790483640691
-0.001022216638382878 +0.000776753105563668
+0.003521180131067219 -0.008768886137528038
+0.000626215306245689 +0.003619313910982714
