+0.000498615610634762 -0.001050601646099655
+0.000494405346407800 +0.002540414200292223
+0.000506662127232343 -0.000566996952530239
+0.000526319980046051 +0.001030716978016591
+0.000554446213153462 +0.001824052557984315
+0.000539248469496100 +0.000406853054917583
+0.000505747490786721 +0.001614899947719503
+0.000518050013478966 -0.000437809931069133
+0.000485271934434833 +0.002255589286115287
+0.000459868444891997 -0.001006078717803744
+0.000274550834826515 +0.001034913392448386
+0.000172076224998322 -0.000259206442945119
+0.000044177865093137 +0.001867842281729372
-0.000036200423501818 -0.000517517263269835
+0.000030899336077929 +0.003011085140605951
+0.000009425758447761 -0.000833436784296527
+0.000161527563794471 +0.002136949710767624
+0.000200025846237305 -0.000088228427690669
+0.000319185279939058 +0.001398250237015912
+0.000450523214538470 +0.000516806697840738
+0.000397902447158965 +0.000630949505174627
+0.000425369413304356 +0.000722761327460420
+0.000376226873203780 +0.001281834007902194
+0.000419890989820819 -0.001334738689417514
+0.000349436597329364 +0.003751502262023103
+0.000298679678560357 -0.003277507081458074
+0.000280674119855783 +0.005829550666761539
+0.000288121482647505 -0.003797186136265052
+0.000347791017395881 +0.006180578960817536
+0.000392185020553812 -0.003366189871867660
+0.000445762824362911 +0.005266356981720311
+0.000472870975504697 -0.002574312635334243
+0.000534605771612954 +0.004397439718301057
+0.000509715704971791 -0.003135053447251876
+0.000499946425212260 +0.005352764505569037
+0.000493977085979897 -0.005172965840961450
+0.000588666758806659 +0.008153976277191237
+0.000738448645478842 -0.007921601882620529
+0.000760839960880779 +0.012506605619220325
+0.000839065588918587 -0.012878297917628272
+0.000755356806155716 +0.018337298887998614
+0.000866067542728349 +0.002851634113933851
+0.000856084459181488 +0.956774456475779189
+0.000679006805356711 +0.994399036979671358
+0.000592477624358882 +0.451807247442338300
+0.000517578474843344 -0.308233478387423321
+0.000555859522295426 -0.288442042956285560
+0.000363702124325861 -0.251997408354282859
+0.000420382752067673 -0.396050166194999220
+0.000458092685698004 -0.229831518474230556
+0.000589735214067254 -0.183208967415916968
+0.000710260451610969 +0.171373378660899800
+0.000637432183920341 +0.518779008880334791
+0.000458848851163379 +0.185291759104027842
+0.000490067155643041 -0.132815380466212385
+0.000538353070526698 +0.028700125570507860
+0.000596731878688699 -0.016741089115334333
+0.000609862852369839 -0.075475537152284722
+0.000914045677830731 -0.119921990754338487
+0.001055605706820858 -0.064688537298949786
+0.001892534760489498 -0.090697796217819260
+0.001733479355657013 -0.051047741609962102
+0.002148409462879544 +0.010144103215741527
+0.001901436849978695 -0.065439345921810055
+0.011599013850997235 -0.002472773832029912
+0.035568861037207800 +0.053876877311738000
+0.062271195251460104 +0.009214332418882270
+0.085669278045280503 +0.009995266975566294
+0.100576286830867390 -0.018385587997996437
+0.102928906343115439 -0.032219070998405902
+0.093113445280634421 -0.029514567608211147
+0.073695596100295857 +0.000377187412644911
+0.052748858323992377 -0.005826038115383527
+0.030780064359371195 -0.034535783398391029
+0.005695093711698056 -0.006096854446844789
-0.005526193893016689 +0.013360593007739778
-0.001490953157905497 -0.013547560109824993
+0.000050154247423216 +0.003614726003286122
-0.005539126856588384 +0.008001273649042724
+0.000561229308199002 +0.010938244316237532
+0.018539143664493565 -0.005695895611066064
+0.029775502361503569 -0.016972514508356767
+0.027966644957203544 -0.016774294581937729
+0.022392369987057542 -0.024962630066785826
+0.018920094327633013 -0.024010195113235589
+0.015509402297090477 -0.027193029544963714
+0.010211759466279025 -0.021293901286107864
+0.006632700863611001 +0.007970412077393251
+0.008417408650742763 +0.023564408745905596
+0.015507648737867523 +0.033859881547147752
+0.018747065716616527 +0.033448981908240388
+0.007803652766906293 +0.040092844830116367
-0.010187129881150725 +0.012894940187617769
-0.017341240083543735 +0.001128968817660156
-0.011264460180051804 -0.005135258414417601
-0.003742951151764198 +0.004235160463700436
-0.000104619520840542 -0.001163426386799869
-0.000079033795411540 -0.013029048606242127
+0.002877804462412944 -0.001013513223697042
+0.006147167811852606 -0.015821176017455141
+0.005500362466314471 +0.006525320092586956
+0.000761817720569869 -0.005366702489833459
-0.001971944779130561 -0.009621199844226571
-0.002583638097113862 +0.008876968850334024
-0.004239949136842489 +0.009027366751348825
-0.007778497878164676 +0.023250399632067310
-0.010861041429456843 -0.009006481784839149
-0.010467462230264412 +0.002276290823930993
-0.008071156827890755 -0.007946678302829635
-0.004326508950433102 -0.008430801828808676
-0.002206015086867886 -0.005002462864213297
-0.000770826041671807 -0.015474289295634214
+0.001323910901152594 +0.009314504689641855
+0.003942691063888837 +0.007402413109960653
+0.006382326283677153 +0.024960827235163269
+0.006922575085206925 +0.006680090216039616
+0.007104465393579622 +0.013945243354087464
+0.006093880223890373 +0.017835231628307746
+0.005332665134438223 +0.002823304626727789
+0.003879085173620311 -0.003815036614468623
+0.001949338667027162 -0.029795153695606633
+0.000785323359905674 -0.016627659898646657
+0.000479133667461977 -0.033125953648215252
+0.001598597963155928 -0.022207706092079789
+0.002486384613151757 -0.023256499016030593
+0.003563261838069819 -0.008419275592208068
+0.003485802639165099 +0.026682226182105858
+0.003535317563235037 +0.023964588340492934
+0.003857226305678163 +0.035216059965356636
+0.003872155978244496 +0.020116889606264475
+0.002462460126337632 +0.028692301965377632
+0.000674129983509019 +0.015017698793670634
-0.000218515493423336 +0.000517736382716798
+0.000026798633349458 -0.000164527455758152
+0.001428319955381793 -0.007272354334211584
+0.002838840182301125 +0.000466197364531218
+0.004522882505604088 -0.001901069734261531
+0.006298185063924329 +0.005533574877394764
+0.007915831454091225 +0.012383152302468319
+0.008780597526177882 +0.028669135498321573
+0.008735011668259683 +0.032007436768715938
+0.008557949541605533 +0.028417658547838804
+0.008083854111270369 +0.023430430812214586
+0.007396017922339459 +0.017024441214496245
+0.006565396873335819 +0.003379131189699539
+0.004564473536656311 -0.015116217263717263
+0.002450268897667285 -0.016000438985215581
+0.000818581105953358 -0.022977486731358760
-0.001037227438538779 -0.018310127611382281
-0.002180767865880720 -0.014957556871614503
-0.002406285320282502 -0.005579034646527403
-0.001556379717728487 +0.002503304975844389
-0.000463585090302587 +0.019841889164887161
-0.000477578369125105 +0.020808521709856535
+0.000032554578586793 +0.009436659903466593
+0.000232931374432671 +0.003705699933736762
+0.000233300969497103 -0.005782410547531723
+0.000349604644295954 -0.004290138173911709
+0.000175746841448627 -0.014049483240301197
-0.000205650455859374 -0.007797977779199472
-0.000351879370530781 -0.012993884046762407
+0.000085047295839372 -0.013809466326992412
+0.000259117221345782 +0.000971680172533560
+0.000269124401641993 +0.005177138812410942
+0.001125663383313287 +0.011285375531458473
+0.002427275715463287 +0.015512284321451219
+0.003748684063506062 +0.003778068955102104
+0.004478117472027221 -0.000460455810863508
+0.005465984930529264 +0.002398848318705291
+0.006403459303419646 -0.009491373974949409
+0.007183042460444627 -0.005951482614328166
+0.006611477780129132 -0.013052340732772325
+0.004890832197761745 -0.011706657485972397
+0.003088412989592454 +0.004271896098442772
+0.001557097487133819 -0.011497043549324591
+0.000371275969743329 +0.012316431634094935
-0.000776888603563058 -0.004271326708435552
-0.000536562140645996 +0.005858627594478916
+0.000574177585114286 +0.006243672063033445
+0.002549081666846813 -0.005660549938306565
+0.003679917617613819 +0.005722630503216926
+0.003230494092337650 -0.015553352787781596
+0.001846002035828988 -0.000055450058485756
-0.000624402348481599 -0.013565796936123963
-0.003369287520792853 -0.008105018145056772
-0.006478604409545910 -0.003137435062279117
-0.007966184095254670 -0.005843208364560818
-0.007939941947026635 +0.008751687241407295
-0.006632918473283941 +0.000568701177214935
-0.004405385690945843 +0.012603204126410281
-0.001678302958135912 +0.002218369683141500
+0.000042581389442166 +0.008789363347414227
-0.000204462572165275 +0.001938452775206201
-0.000585538900161285 -0.001055128594946255
-0.001725610561904505 -0.000941064789572513
-0.002554208667981086 -0.007757376013158921
-0.002206530420735084 -0.000074523557701782
-0.001484584134860602 -0.008292285356182962
-0.000907371371779549 +0.003254752808999965
-0.000465326282505719 -0.001724898307308230
-0.000013358160393708 +0.005463405106145225
+0.000280154752764774 +0.006270927410412707
+0.000541074437823493 +0.002861969721225911
+0.000704121336352006 +0.007975581981531858
+0.000444116958105304 -0.001827723665398693
-0.000142953323427373 +0.004211190206255135
-0.000765964843203253 -0.006166181807918255
-0.001365453370826752 -0.003050108785410573
-0.002004019842710317 -0.005923284108484214
-0.002144375062548697 -0.006610560065269450
-0.001876994916662183 -0.002311546888734811
-0.001267376752884112 -0.004622777361641702
-0.000706507080991103 +0.001834994300372049
-0.000353498118317792 -0.000788492773152407
-0.000176782627556680 +0.003012822960719484
-0.000143093366946182 +0.000052712418125151
-0.000157484375369549 -0.000084081301813288
-0.000433514140194201 -0.001974275448764168
-0.000887526659483589 -0.004669175972178141
-0.001442910685416601 -0.005752510678892579
-0.001902131781005868 -0.007474954881615852
-0.002333518824759211 -0.005977425376883873
-0.002382327272271364 -0.005823219238640982
-0.002155372586254117 -0.002429071686278016
-0.001526754423831305 -0.000917766781930066
-0.000701406791047214 +0.003345224939363730
+0.000078430026886769 +0.003789703582239224
+0.000747347968580846 +0.006815759313738011
+0.001030074931125966 +0.004108537632082881
+0.001273945249860794 +0.005138565501311625
+0.001113538556381799 +0.001979025991102849
+0.000973874302857472 -0.000007217862938812
+0.000687640021465840 -0.000338117907963286
+0.000472167560003431 -0.004565774133139810
+0.000438427712182568 +0.000707956858879491
+0.000418162799432758 -0.004636356183954596
+0.000704223905929010 +0.002732522120704059
+0.000767798762578113 -0.000641791755769942
+0.001052652557834932 +0.003396357924462932
+0.001047847434654383 +0.004878717896688239
+0.001011414282469844 +0.000916393792452738
+0.000812422018935206 +0.006645874130008578
+0.000417966467434866 -0.003114804340067395
+0.000080864515414176 +0.004415428717927983
-0.000515337599788598 -0.005104950697641459
-0.000812112862274769 -0.000888327995470503
-0.001334131459189990 -0.002914783139611322
-0.001538721569511021 -0.004310572598252146
-0.001688628780310865 +0.002829397618271603
-0.001630818904711429 -0.004583784647664529
-0.001345917941550288 +0.007142586786475334
-0.001144053086790602 -0.001903762685248245
-0.000682418421425398 +0.006980703025758700
-0.000535788151389874 +0.001734089550181520
-0.000208944447252600 +0.001652264778268768
-0.000140242487679871 +0.004353540084479640
-0.000056125412420123 -0.004272799091321645
+0.000010910236921617 +0.005208705322467408
-0.000023527652364407 -0.006436743484624538
+0.000140713288924588 +0.003973988641292249
+0.000154065997509193 -0.002637374545729002
+0.000459113277888762 +0.001529583040036780
+0.000630700585988523 +0.003682284473079107
+0.000987075194404210 -0.001192658532365239
+0.001277721088278914 +0.007477482705278694
+0.001485799952482332 -0.003009848133314265
+0.001666387813055640 +0.005890365396557870
+0.001584241443853922 -0.003277852771404068
+0.001561009380762693 +0.000551930436301843
+0.001258274684445267 -0.001403965531143539
+0.001070829763197921 -0.004311328608386670
+0.000769060247258926 +0.001169189797921934
+0.000539170052856567 -0.005599279192339971
+0.000403528797949851 +0.003161500948774659
+0.000248683130818380 -0.002949899789427612
+0.000251318871775970 +0.002895020033440775
+0.000183269579621097 +0.000556024432145592
+0.000264635561981358 +0.000318630057103293
+0.000262743593655882 +0.002167007069362776
+0.000261551297442888 -0.002534808317864428
+0.000201060437666601 +0.001501423012618527
+0.000079410500977094 -0.003775046024629511
-0.000044521530864660 -0.000133690485739560
-0.000201305084428746 -0.002741757068241904
-0.000296322141490803 -0.000792996519517443
-0.000337704175589083 +0.000014638633883557
-0.000253175252284032 +0.000113453949853775
-0.000124019962772139 +0.002474657982089849
+0.000095438851918211 +0.001071505984166334
+0.000264154094838956 +0.003240507418899936
+0.000487007950926787 +0.001119960801537977
+0.000604027377815951 +0.002159330409882698
+0.000683260934834389 +0.000228718638417979
+0.000665547853935109 +0.000423536144559775
+0.000580251289315782 -0.000618803537265951
+0.000537326048970849 -0.000245202640871814
+0.000414525207032298 -0.000574758400230093
+0.000432380973226027 +0.000353220755231282
+0.000359199170433375 +0.000451083920490480
+0.000438763474537084 +0.001166996429364797
+0.000441605891439924 +0.001941636828500348
+0.000464226775375758 +0.000673453420560577
+0.000453331819648006 +0.002799322606522256
+0.000313964550694689 -0.000998716284701988
+0.000244481205349583 +0.002175642858298993
-0.000028811580507401 -0.002184144185313208
-0.000137228508997152 +0.000011587901238119
-0.000394518232733950 -0.001279469295106028
-0.000485350647112191 -0.002432200053673617
-0.000567584659988575 +0.001421093082804761
-0.000586095776387784 -0.003638683081625516
-0.000445882133463817 +0.003529591732763872
-0.000415589891774873 -0.002641242271005064
-0.000175086149720709 +0.002980754187549020
-0.000167595438238081 -0.000013369411036558
-0.000026073314921296 -0.000269772511860097
-0.000066931205365021 +0.002593439294890622
-0.000088013302508007 -0.003850603847909861
-0.000101270150574052 +0.003594023872090390
-0.000222428276399542 -0.004959555704027809
-0.000142514203053227 +0.002437557057372632
-0.000241700449057702 -0.002475110318492266
-0.000072592054848965 -0.000051998053151094
-0.000030115725183355 +0.001951344169068839
+0.000163819866206977 -0.002448959916770641
+0.000340324926100706 +0.005255529444951529
+0.000443613436170352 -0.003339886887024864
+0.000640832387227876 +0.005106533473047171
+0.000589043482216577 -0.002228573355881581
+0.000678973811430748 +0.001614766157467928
+0.000520107757865987 +0.000294465142750229
+0.000473976259261509 -0.002771412406005154
+0.000337930123269649 +0.002735998002595059
+0.000215995257640307 -0.005094451021252574
+0.000184113810649544 +0.003579924815529626
+0.000053261053858873 -0.003955705711056388
+0.000110363974051662 +0.002166186889539479
+0.000017314176088996 -0.000453948181595784
+0.000077702902631354 -0.000655939989035179
+0.000021377016920401 +0.002850036213532783
-0.000000054908255202 -0.003102677447948005
-0.000040721413552018 +0.003834720396629797
-0.000157206220948437 -0.003576058653016327
-0.000187698873601354 +0.002277506923339603
-0.000326195684178813 -0.001799710547316018
-0.000325641752972537 -0.000335063043171224
-0.000387708850832818 +0.001025638716928746
-0.000340151542776145 -0.002052751247014361
-0.000291573661732415 +0.003087121251110798
-0.000215176484444102 -0.001978066491344715
-0.000098459803439003 +0.003198411642133830
-0.000028126121978811 -0.000552768432273452
+0.000083179015656502 +0.001591483606127151
+0.000117663530685784 +0.000990224642308744
+0.000173925618202319 -0.000398368229558795
+0.000168576509146111 +0.001722017019302989
+0.000178696428913837 -0.001357836097866938
+0.000160357156397333 +0.001514409016505221
+0.000166243167051006 -0.000898840683340617
+0.000167346883692565 +0.000914646686329335
+0.000193007054506205 +0.000270847111156389
+0.000224222968857902 +0.000518798101488562
+0.000249340311640067 +0.000995829430873563
+0.000291458791826056 +0.000450796554290700
+0.000274626537998712 +0.000793379805204414
+0.000299177351228478 +0.000382532932535817
+0.000226966142929489 +0.000122332479583889
+0.000212522734270663 -0.000053528274315685
+0.000117385335912617 -0.000117348140136153
+0.000065825096196407 -0.000759756997082304
+0.000009881176481793 +0.000429660129972607
-0.000057463812517900 -0.001230405510097572
-0.000033543851271511 +0.001179349130357472
-0.000092073809036533 -0.000901392146025554
-0.000008080775935514 +0.001167875796707178
-0.000039559459690355 +0.000270696822371619
+0.000038814816016674 +0.000006489124257757
+0.000046275827831196 +0.001683200534936789
+0.000061398851903290 -0.001575741605306118
+0.000113854728110976 +0.002400350228898757
+0.000060598667262255 -0.002226604884201032
+0.000148747489273349 +0.001809410792301489
+0.000078719020198842 -0.001075443265808034
+0.000173200768544447 +0.000107010081818647
+0.000155579740374530 +0.001383959865291886
+0.000217829445660140 -0.001713605188370447
+0.000284849913452025 +0.003506003278188846
+0.000284978953616855 -0.002423063953396546
+0.000404558461075910 +0.003648788865490690
+0.000344913525032745 -0.001382507800528976
+0.000446473882753504 +0.001502637642046387
+0.000368169424070328 +0.000936741908679608
+0.000392977586871439 -0.001571649837678761
+0.000351886499393914 +0.003121047254322790
+0.000292199259732303 -0.003445835455169226
+0.000318701647793656 +0.003704054217506986
+0.000213426418221813 -0.002763071165353995
+0.000285991700170835 +0.002169802739137637
+0.000192985228689551 +0.000030719093361852
+0.000251975040115379 -0.000600953920556447
+0.000209812659458664 +0.003010040732514414
+0.000198802841666831 -0.002838429839472725
+0.000209382549303872 +0.004155465427860875
+0.000120570135503974 -0.003063867563261911
+0.000158918101576169 +0.002769860306361480
+0.000041593662260973 -0.001120461217261594
+0.000077408440649550 -0.000086695575073781
+0.000005715082942173 +0.001712170068587819
+0.000022080477550117 -0.002436493148166149
+0.000038496812475859 +0.003587810741938625
+0.000033472032875850 -0.002802838747718512
+0.000121395510085716 +0.003358317939914426
+0.000106023036195616 -0.001142922831049548
+0.000206527036022667 +0.001322153963958098
+0.000194223229399971 +0.001273440103750624
+0.000251100697393172 -0.001057807059436137
+0.000252728150300133 +0.002867846909796677
+0.000251486343722121 -0.002216716664344574
+0.000271920684011850 +0.002804608934395103
+0.000239948856194924 -0.001551440801825757
+0.000276307056979699 +0.001414129586300335
+0.000252994630934653 +0.000269835938126817
+0.000294276118924930 -0.000215898811617823
+0.000296539383402484 +0.001893110417305364
+0.000327075775231785 -0.001073612109540758
+0.000341913457653282 +0.002299168725504868
+0.000349444867595580 -0.000857341134736914
+0.000353723416918677 +0.001461765669242540
+0.000335040146208810 -0.000026214622069642
+0.000320211446053400 +0.000222786387551584
+0.000282676035439733 +0.000689810257117639
+0.000262589949162975 -0.000477881765825566
+0.000219720010322757 +0.000869505653880359
+0.000215134408310028 -0.000336044677068714
+0.000180727640699789 +0.000650977535556693
+0.000196362495068789 +0.000197894932036320
+0.000179583620372515 +0.000477816546635028
+0.000196815626225040 +0.000450176457037141
+0.000201965273187262 +0.000625728212751475
+0.000196013121053086 +0.000199203661136805
+0.000223305314802414 +0.000921845954014765
+0.000187595568346393 -0.000134416094587492
+0.000229616668512221 +0.000924412151270832
+0.000186077318324967 +0.000061583251839362
+0.000226881881792906 +0.000423454696349128
+0.000212584805870918 +0.000963944000135091
+0.000232392888378386 -0.000443794800754523
+0.000270684794463368 +0.001980611491488799
+0.000257407076794888 -0.000949360568847476
+0.000336298522607417 +0.002178668596733908
+0.000297613714431481 -0.000369875807240371
+0.000373335758844278 +0.001078255778875899
+0.000335912829275635 +0.001084831984566490
+0.000364392738425378 -0.000657970372669466
+0.000358446337366668 +0.002477600094165802
+0.000323233889258975 -0.001794267722069582
+0.000361318226239194 +0.002768409478072060
+0.000284190910443324 -0.001360021378835798
+0.000347625817432463 +0.001626620903549210
+0.000275331198406616 +0.000464952616950086
+0.000321710855123612 -0.000310100317978500
+0.000295969313854697 +0.002478679221742230
+0.000288556114003000 -0.001844237783258042
+0.000320634850138426 +0.003392622724973177
+0.000255182186891990 -0.001957881993926452
+0.000319422658561005 +0.002493883869652847
+0.000232970706275077 -0.000422096498748420
+0.000286778103691314 +0.000283127521015478
+0.000233437078011182 +0.001863220668144929
+0.000243320547634261 -0.001834378396831096
+0.000256994503308480 +0.003451958750209285
+0.000219610193164696 -0.002435590008389370
+0.000291082376976294 +0.003246963545641088
+0.000234974593624707 -0.001044577329600522
+0.000318366883690545 +0.001293203923268182
+0.000282948101308242 +0.001427546591667247
+0.000329060245260510 -0.001081325890739499
+0.000338869550813269 +0.003328309524133758
+0.000329561542855575 -0.002269338711169223
+0.000378851929340228 +0.003441227176619476
+0.000334521805668092 -0.001484177562597327
+0.000397411593115365 +0.001794908270269762
+0.000357008397783415 +0.000656340037588090
+0.000403681456886266 -0.000382120685168223
+0.000394821788896346 +0.002633182816065059
+0.000407644578006574 -0.001616035878672541
+0.000431775264756671 +0.003183832278129959
+0.000412761708814203 -0.001247607518609576
+0.000450041901114977 +0.002116567139555218
+0.000414639408116990 +0.000275273040334192
+0.000441583037762830 +0.000327769197372332
+0.000410749049688618 +0.001830117332427120
+0.000414524659572324 -0.000953806455543299
+0.000401494453764689 +0.002486891443694066
+0.000386224978856887 -0.001047975685885459
+0.000393708535675887 +0.002066493562537793
+0.000373743511959712 -0.000141470627498205
+0.000393012687727159 +0.001037944151807508
+0.000377939773840138 +0.001411802413654975
+0.000396608483616733 -0.005959768340052751
+0.000389152816616881 -0.002726517515039936
+0.000402412161515535 -0.001084424982245565
+0.000394953967444666 -0.000239309297042834
+0.000404791735914973 +0.005278541321439893
+0.000403215014660097 -0.000046218880637426
+0.000346397821024988 +0.000606625291705295
+0.000424341044963723 +0.001658502624529122
+0.000395990772816765 -0.000515024394175903
+0.000424010265157288 +0.000061312235208853
+0.000435745967301549 -0.002265400857225291
+0.000460123457631380 +0.000512609878793691
+0.000493517321511205 +0.001341855521094795
