+0.000106523984695886 +0.000862310088118074
+0.000151755193346913 +0.000905548409518780
-0.000036217101121125 +0.001023856741977744
+0.000015993376495797 +0.000848770736766193
+0.000009751421799025 +0.001112160722234195
+0.000013162114559740 +0.001121350852370144
+0.000118170333701912 +0.001199097990420027
+0.000217006482063611 +0.001043105159426346
+0.000250698185036556 +0.000863897054592918
+0.000191379402592822 +0.000950976943701790
+0.000145107311733535 +0.001189640490722525
+0.000044353666705258 +0.000887187532966469
-0.000108372930016131 +0.001301394814388649
+0.000034572796547203 +0.000807079445194444
+0.000016366239623873 +0.001361891763755050
+0.000089352485644059 +0.001021042138079949
+0.000086649256397764 +0.001249596818937503
+0.000172954084805471 +0.000912101318867948
+0.000117615647939672 +0.001253361719434812
+0.000132867563386531 +0.001156458959316306
+0.000072495575825896 +0.001364588437628624
+0.000061215505970226 +0.000997309791201056
+0.000040727569644048 +0.001332629220693369
+0.000130860336590086 +0.000995779877939878
+0.000062071708829577 +0.001533133994305623
+0.000122648631968703 +0.000914402869805322
+0.000029362319088300 +0.001436695911526658
+0.000162428348350036 +0.000622139782166842
+0.000002488703060365 +0.001713096710863105
+0.000179916639454443 +0.000655061618359829
-0.000019685293837228 +0.001686982013233636
+0.000178443187088798 +0.000500677152822055
+0.000011430134130578 +0.001872428015312253
+0.000195542790581545 +0.000588878071987641
-0.000003142523368341 +0.002066894729554080
+0.000175518353801856 +0.000214372423220057
-0.000004408354544732 +0.002168760290584615
+0.000194788050162350 +0.000043012763722856
-0.000064913996867664 +0.002789818174824772
+0.000207364147257066 -0.000669951256551331
-0.000097203580539892 +0.003448223332180843
+0.000284850798376292 -0.001830703937252868
-0.000116156794098771 +0.004626041454573726
+0.000358003861352348 +0.025384597702615298
-0.000114524089983482 +0.646005179450438449
+0.000297332044702188 +1.015743296617093616
-0.000376646557110331 +0.361333025648040707
+0.000223810006675754 -0.388861328760896796
-0.000150053211859516 -0.362371035900304561
+0.000655893263666159 -0.142173261598906281
-0.000296685575151252 +0.212918426153381884
+0.000142982542086775 +0.018185722427771143
+0.000084105706609197 -0.255237485031369948
+0.001302568720394087 -0.111760860037610849
+0.000563761544471572 +0.047273189091877409
+0.002116621079922244 +0.026126962089788250
+0.000632163176700365 -0.121826967126189026
+0.002810588262372147 -0.140400969439334167
-0.000452362757877262 +0.061652159353473991
+0.002278221595973420 +0.133818169663178388
-0.001546472908634704 +0.115822947755859329
+0.107681443837284063 +0.002735377435996499
+0.275190253077430391 -0.080738313290359159
+0.290827595323502164 -0.035416878449275921
+0.162920963252720319 +0.022922539322838616
+0.036285092284120316 +0.034229140232519023
-0.052651353247614406 -0.028760243608021718
-0.103294660941413458 -0.056478599146427610
-0.096691264486149148 +0.015049667070809288
-0.079456268620608200 +0.062909929677040594
-0.048873567139345132 +0.049786294536458352
+0.014877170013254542 -0.008886486259480401
+0.070085912040443621 -0.052553807385123469
+0.062773558183765454 -0.024720595227189803
+0.025406292843848717 +0.018029612294745218
+0.013991239179134193 +0.043202428797395262
+0.019455585900679223 +0.044166459920259339
+0.016784586113326477 +0.047926734992420214
+0.009009680666985549 +0.016179268201421976
-0.002856707956970194 -0.013006389381303675
+0.002487533835502999 -0.023942838215011857
+0.018803660557020360 -0.056847939012078005
+0.018302168564005277 -0.066834954076918598
+0.006623238332743242 -0.043607122860908683
+0.010302833778502968 -0.050973825803387385
+0.017602083912183285 -0.032152182465200116
+0.023659135530768122 -0.005150667155313052
+0.025738432840712061 +0.013992665335310345
+0.017698064284348440 +0.029872941634296296
+0.007401782962726578 +0.014610012238573333
+0.006494331386719506 +0.014068189410489207
+0.004440979413890303 +0.009205425544329876
-0.009610999939241253 -0.004875542782433049
-0.019593997998492527 +0.010373767866218657
-0.014350065390264490 +0.006239144880424025
-0.002960327990853579 -0.010172784543285459
+0.004376223963280641 -0.009137261985491817
+0.005546986926085874 -0.007798930366370121
+0.004323851307825727 -0.000544417157940244
+0.003945149231217512 +0.002179283512463119
+0.003077957109596573 -0.003298260015180595
-0.001847188453212226 +0.007203025821021562
-0.007234416496603636 +0.018011788839882727
-0.008424454348317182 +0.017411859067672945
-0.005825111368898114 +0.006799789287710275
-0.003212753084383005 -0.003139460873241751
-0.000520314614222110 +0.006454843211359405
+0.004390799471335964 +0.016312747991167494
+0.003086643743250298 +0.006836546257390219
-0.001535767949752619 -0.002582865848067661
-0.005848541305748795 +0.003953001841992626
-0.003893586789758851 +0.008949594268820638
-0.002798770663580436 +0.004801111965940798
-0.002966012513259733 -0.000052637454104009
-0.004475190430364817 -0.002744196996257142
-0.006264963465649555 -0.001097385108687256
-0.004467800727722886 +0.001549127809187578
-0.001024305009174081 +0.002156211031738578
-0.002515891608399170 +0.002420741376722758
-0.005987120986687675 +0.007836124656066010
-0.006150939264073002 +0.007700921675375736
-0.002050434134757795 +0.001521803377909240
+0.002527238416564557 +0.000794785616319719
+0.005367307184959950 +0.004185658129386469
+0.004626524223825984 +0.009037150534664503
+0.003094258926039367 +0.005381950852789365
+0.002870413802817373 +0.003242733646747470
+0.002697662446844052 +0.003781791453198696
-0.000127650851648659 +0.007117782512987347
-0.004746364058936392 +0.008957552200557248
-0.005647393242349051 +0.001083942252672035
-0.004799493173699017 -0.002087774823039819
-0.003468681103495449 -0.001066215698144695
-0.003080075527261082 +0.002622658950140478
-0.003666093109301091 +0.000402040335244622
-0.002080747762086401 -0.005688651972737916
+0.002567288744281880 -0.007499329287506814
+0.005250419145901531 -0.002430012319741420
+0.003757449898721085 +0.005461614161391024
+0.001696795977061580 +0.009963942381568317
+0.000296339212005692 +0.011008617619888993
-0.001059897421119200 +0.004651015292500319
-0.002332274156564385 +0.006499519894791034
-0.004133766025529164 +0.008937126672158756
-0.004002718432172681 +0.003347518556721619
-0.002589601487757435 +0.001217420457448792
-0.000477269704268519 -0.004277485933964284
+0.000597110972253553 -0.004702914087273502
+0.002502949200356618 -0.002235040932689763
+0.004488803732747907 -0.002499898053950709
+0.005093282522888102 -0.003894296969875070
+0.004489133556594365 +0.000200765149778600
+0.002923064100202312 +0.005587045058893456
+0.000333674310742049 +0.009309973786746391
-0.002626763852044142 +0.008728219660400703
-0.004249020394580858 +0.004070866598339776
-0.004373150891661470 +0.006760145564054808
-0.004322253853647079 +0.006652135129204559
-0.003323106110511061 +0.002838005465496588
-0.001413181110400293 -0.001729671698499921
+0.002734810628683385 -0.009054636246940952
+0.004523580055442228 -0.008652990016922013
+0.004413852418634308 -0.016711251271351722
+0.003410543186886366 -0.027040583673568763
+0.002034062676505285 -0.028142790792285863
+0.000978212109609068 -0.002148902827753558
-0.000820217840147885 +0.037801793000291226
-0.002678932120169380 +0.012969590300169731
-0.003058719549179460 +0.005080057908220220
-0.002395551379867897 -0.016047675714285940
-0.001776075373152487 -0.025189818702986706
-0.000662254217928060 +0.001859608916694155
+0.000243032804493161 +0.007810698736102323
+0.000624836891541013 -0.003667836809147104
+0.000499118548806951 +0.009324218837717703
+0.000233694442674100 +0.007092518676471433
+0.000305912826357440 +0.007841296368844605
-0.001232872985217438 +0.008187774154793014
-0.003133255444721465 -0.009515431963901755
-0.006012712997802562 -0.007608835370234211
-0.010384058171059023 -0.000471365482900620
-0.014005765598052259 -0.001899705553948097
-0.013302327847077810 +0.005772462478836497
-0.004450573656148963 -0.007705387745985497
+0.004492728866160877 -0.007687059171896410
+0.011886122421243824 +0.002328828894319748
+0.014991690207580136 -0.001739034601424145
+0.011653743788288616 +0.004054443779145893
+0.006024214566170422 +0.001246816104574831
+0.002154891341956146 -0.000529342694710559
-0.002214008766175363 +0.007755021671397833
-0.004445832257021054 +0.005949006021466609
-0.002961880227202719 +0.005108193539115554
-0.000586916107900990 +0.001665346723937278
+0.001760158737313290 -0.004201582740331803
+0.001878782719285044 -0.002873287527460167
+0.001079632288045404 -0.003467859831365053
+0.001000445203922472 -0.004939398630380573
-0.000055196357240419 -0.000644172100765274
+0.000280094375937070 -0.000401383664230438
-0.000514654078052700 +0.001978860255011238
-0.001826927377963070 +0.005566669323722644
-0.000886966032290209 +0.001322054876442889
-0.000903504475463429 +0.001517965912699387
-0.000861754804467514 +0.002703920009377570
-0.000596500692434576 +0.000942166147554303
-0.000851586609288083 +0.001091148017874905
-0.000250314395262704 +0.000426798440463907
+0.000880484040553550 -0.002217178783631447
+0.000908975065440135 +0.000853059487209136
+0.000866998991464733 +0.002167254167005885
+0.000886213687732574 +0.000327989794614153
+0.000458741141768652 +0.001294952081300502
+0.000137480547162818 -0.001662214737517642
-0.000976914349919597 +0.001001428130154329
-0.001732760976086496 +0.002947887499294055
-0.001954416079510102 -0.000993473386989573
-0.001699883322929131 +0.000050318138780731
-0.000385919944063191 -0.000879573449041928
+0.000408134945636154 -0.000506359390855640
+0.001016439391658902 +0.001770463931917691
+0.001598899932354778 -0.000583905269725139
+0.001817916225747619 -0.001917009176625757
+0.001689416274238946 +0.000531061516199130
+0.001220582353916737 +0.000718441985425294
+0.000254034048686252 +0.001555780162795799
-0.000625650603586673 +0.001050346308679047
-0.000833171319567449 -0.001622593912801922
-0.000877654284779563 +0.000355219017868645
-0.000678669260953766 -0.000462247606435270
-0.000804398942511701 -0.000702445531878974
-0.000668363136973009 -0.000628148261025579
-0.000158075321610924 -0.002548164150412493
+0.000189366394635531 -0.000607353684617559
+0.000535923163583694 +0.000307850439893675
+0.000508010611616604 +0.000363901558338978
+0.000329807082116880 -0.000313954125445826
+0.000328487213645066 -0.000600371905780203
+0.000404436442173810 +0.000125133812798266
+0.000015426161298675 +0.001795248848091076
-0.000563459144779484 +0.002380295942306473
-0.000850862166642814 +0.000875209449207731
-0.001113505762915523 +0.000580779331911518
-0.000811867840928699 -0.000099222788517472
-0.000660230337612104 +0.000863817653939926
-0.000447968293334480 -0.000005972446844856
-0.000138413105830894 -0.001327203498314992
+0.000155623280122973 -0.001116683187648803
+0.000495708139700363 -0.001172507272692152
+0.000427216272691609 +0.000218436765724862
+0.000355114074556097 -0.000373778842374999
+0.000324073983528703 -0.000907919083605576
+0.000443100585480919 -0.000573059765253331
+0.000348492582828909 +0.000764267534353418
+0.000169871671145505 +0.001383320670413169
-0.000054677000844235 +0.000834597943223467
-0.000166229626012849 +0.000496573519516998
+0.000194991269305735 -0.000598927120481573
+0.000293309667901814 +0.000421187343681582
+0.000425335092997854 -0.000142933961922801
+0.000457146284188699 -0.000681116007684776
+0.000413455879484125 -0.000517240448948253
+0.000312686487897348 -0.000937986000414998
-0.000029920366679613 +0.000494666635461778
-0.000342057167700197 +0.000448335864131234
-0.000681988527827611 +0.000000747546868201
-0.000676819568237518 -0.000098410109328973
-0.000711793521119073 +0.000157448720732858
-0.000696033068392811 +0.000244100955153540
-0.000629427057785691 +0.000600703669641609
-0.000377401936786184 +0.000073118659584751
+0.000098499350682076 -0.000666238794309651
+0.000404897828792502 +0.000605488412670527
+0.000692583929119768 +0.000474982018770342
+0.000598786207584029 +0.000827915218637957
+0.000486415782975817 +0.000336877734335550
+0.000322900553100149 -0.000492840607197743
-0.000033075439488070 +0.000540477721800143
-0.000384210191214571 +0.000671909717591579
-0.000748379291019489 +0.000634253556872221
-0.000706707988725995 +0.000049900452487706
-0.000505630966068169 +0.000055140831395923
-0.000146892895462297 +0.000550932202384726
+0.000109117908790712 +0.000876448751586075
+0.000393596291254648 -0.000644279202988529
+0.000607910423839311 -0.001862758746467663
+0.000663951520492703 -0.001313436715536429
+0.000668454262383980 +0.000242617863951432
+0.000335235992890789 +0.002122433293247529
+0.000162173579004816 +0.001653994829979996
+0.000006546317180621 +0.001393779820631620
-0.000132781975971272 -0.000428472234000491
-0.000158549821994559 -0.000009728009146661
-0.000308810822643591 +0.000535944804445799
-0.000310298553467458 -0.001290393382697891
-0.000234159215441897 -0.000148526753176241
-0.000082206825031158 -0.000250385143114817
+0.000032631208947067 -0.000281707665332548
+0.000183182362313517 +0.001441305476868698
+0.000344248530097143 -0.000301305970766618
+0.000501481196843784 -0.000312053804902124
+0.000412437294420503 +0.000449296415382716
-0.000037031829836149 +0.000136891115403340
-0.000477699854550499 +0.000972657903673804
-0.000811049518537655 +0.000709170677568760
-0.000679130648585025 -0.000492123948528628
-0.000322595179398455 +0.000694672447797667
+0.000115003251655414 +0.000178008948133534
+0.000410773225967822 -0.000154896339034150
+0.000483813559869337 +0.000643250218110930
+0.000543536266342893 -0.001008195675094643
+0.000241757973344822 +0.000286704236029035
-0.000092805002830273 +0.000600682986157217
-0.000275452720114988 -0.000195438540623968
-0.000410958345961748 +0.000907998626087973
-0.000272710422165899 -0.000195906640656843
-0.000146385809738165 +0.000225038920230236
-0.000086654550263500 +0.000574421524998088
+0.000001844411898932 -0.000370854533361512
+0.000135284561527449 -0.000091383368659246
+0.000223614178955653 -0.000155901659120215
+0.000326286127367341 -0.000207688484781508
+0.000227729467910547 +0.000636051692236590
+0.000174955576409286 +0.000255625803333825
+0.000182330655973950 -0.000129322974609322
+0.000003892491926477 +0.000657202678790988
+0.000010814076414213 +0.000083574485171357
-0.000187522842807789 +0.000548068980781525
-0.000293121174084254 +0.000472002370911884
-0.000190908163112541 -0.000454363111107425
-0.000229143346859119 +0.000265185298418767
-0.000112106100581004 +0.000111617081208635
-0.000046841679957235 +0.000086179901099416
+0.000013355930358380 +0.000212904700950148
+0.000147033363785887 -0.000171821899184663
+0.000195698084716702 +0.000037711859001059
+0.000126904147955846 +0.000588849978527962
+0.000055181288717118 +0.000305220499963895
-0.000049747432182528 +0.000242820396373532
-0.000103709475528991 +0.000431144058647533
-0.000062184773658693 -0.000008001654615656
-0.000150049440913911 +0.000731922506223412
-0.000083750931607805 +0.000373386122531879
-0.000041851939005344 -0.000106012372888621
+0.000011117033098306 +0.000306367143708944
+0.000144413437682206 -0.000102731158161422
+0.000091431300309281 +0.000304099417965121
+0.000091758542837138 +0.000358960670205705
+0.000073059571176725 -0.000045173434400895
+0.000049784306424399 +0.000166523246120988
+0.000038493042615968 +0.000337473636587040
-0.000010448499880290 +0.000248550757977078
-0.000061684265582417 +0.000427705377600702
-0.000056222299428416 +0.000161802250648399
-0.000015450852128019 -0.000003361764517475
-0.000017090234152465 +0.000565682421863745
+0.000034606774239167 +0.000224075436685599
+0.000004511723499198 +0.000362569493216656
+0.000050823398832691 +0.000219972494102754
+0.000104746175397267 -0.000091277218992365
+0.000064706196017687 +0.000440857550438568
+0.000065584641315704 +0.000267795252778122
-0.000008325280291687 +0.000292655048638485
-0.000036549944215780 +0.000252332455702393
-0.000057482937305701 +0.000187447855832301
-0.000079452287603604 +0.000368928871179341
-0.000104746915043706 +0.000407468880294290
-0.000087460936625841 +0.000221687928411554
-0.000037649781870559 +0.000152941658895135
-0.000005339851736640 +0.000305149069183403
+0.000049090797435913 +0.000251128791373746
+0.000023573407838028 +0.000487152347553212
+0.000060421215017886 +0.000186979316560637
+0.000076311220443922 +0.000158395643026798
+0.000068789921458011 +0.000381085307226662
+0.000065939182333169 +0.000278198965341206
-0.000010115047783028 +0.000512590740399223
-0.000030015704467274 +0.000282011232247137
-0.000051655404572103 +0.000256138320858997
-0.000050240225686037 +0.000350023615428168
-0.000054023889739266 +0.000353356689244165
-0.000033136237994523 +0.000284765504881460
+0.000002361399271564 +0.000181547575386161
+0.000039827975201758 +0.000185910212341180
+0.000082581570162495 +0.000189689732412651
+0.000054646947077815 +0.000460968498161581
+0.000063143509839253 +0.000262078110893583
+0.000042952698378085 +0.000326836669595763
+0.000041868647667659 +0.000365719226093039
+0.000025473037209052 +0.000306161999663837
-0.000030053764037522 +0.000556031800484014
-0.000042009955408535 +0.000306545302675100
-0.000062628618838763 +0.000277603512578445
-0.000033832270606982 +0.000302144710877531
-0.000021825038920470 +0.000327114783700542
-0.000004925506034543 +0.000386423297016776
+0.000013227673367203 +0.000343510938284419
+0.000038899644579118 +0.000237880352926259
+0.000059371343189149 +0.000256035040993475
+0.000029727654464870 +0.000444598732567622
+0.000013998589069575 +0.000319120762005579
-0.000034967929061018 +0.000426807191583711
-0.000033746250893032 +0.000316356126492104
-0.000036605876477706 +0.000364850122115784
-0.000040931448572172 +0.000585617734797765
-0.000017285387245425 +0.000402332760254245
-0.000010501345847411 +0.000396557013908575
+0.000035549122041588 +0.000230469660470247
+0.000048672317035602 +0.000245323618517246
+0.000050922721652211 +0.000395465625748145
+0.000034388384361176 +0.000419651442747367
+0.000024878992247001 +0.000419964756405665
+0.000018906660863100 +0.000404090089522438
+0.000004348377898432 +0.000441468040853124
-0.000000488685123120 +0.000456264863117238
-0.000035550405137883 +0.000454351290888328
-0.000019495164011212 +0.000306658808916981
-0.000022844891551879 +0.000392371629828201
-0.000015273285586032 +0.000359287408693406
+0.000000086747475161 +0.000439839916317125
-0.000001254792619937 +0.000511622449737276
+0.000043355277156184 +0.000272122718683437
+0.000061197565271958 +0.000493189346814960
+0.000071506599339482 +0.000397722647385765
+0.000045775225551915 +0.000462894452999299
+0.000004988418532534 +0.000558698616245197
-0.000027404180735474 +0.000353296756353388
-0.000044651575382973 +0.000501283891764090
-0.000045378801547396 +0.000490999705245326
-0.000044880094772077 +0.000455879930613398
-0.000011809398679701 +0.000499201377986029
+0.000007188368330573 +0.000410635584417764
+0.000040148977837813 +0.000377344071072080
+0.000039378992619773 +0.000539078884745518
+0.000028093080947586 +0.000439104235066989
+0.000024198024399701 +0.000462598954018833
+0.000004631903448776 +0.000550418940505653
+0.000017917226769691 +0.000389978861556270
-0.000005946058052476 +0.000647805317435475
-0.000009670302550226 +0.000520112026103879
-0.000009952747803647 +0.000463920554502062
-0.000010211878190155 +0.000574660868986082
+0.000008620684458678 +0.000401006502684308
+0.000005622683750369 +0.000584582923125769
+0.000012863680389690 +0.000529376073713340
+0.000017781013929287 +0.000450532441606313
+0.000028316986027982 +0.000541017913320571
+0.000027294524200250 +0.000508720543937381
+0.000025627245616434 +0.000543364372866313
+0.000007678721820944 +0.000608358423577411
+0.000002443538626480 +0.000509026598259443
+0.000005385059475969 +0.000518428036202798
-0.000012941432399292 +0.000630640182628709
+0.000000859515968836 +0.000512390856582071
-0.000014351789440460 +0.000629383237054527
+0.000000688637682072 +0.000547927339794725
+0.000019827920432307 +0.000497383029489230
+0.000015714802497388 +0.000657481978056129
+0.000029420854418039 +0.000547784461805793
+0.000016878092027837 +0.000611470071710228
+0.000016687250920840 +0.000599277040026460
+0.000015832969060430 +0.000552292776019238
+0.000004534441935241 +0.000647245505220500
-0.000004689794624410 +0.000647942632019366
-0.000008035066588160 +0.000598940466916840
-0.000009092517737639 +0.000624141222600219
-0.000001830447777029 +0.000623814921028257
+0.000008576915624641 +0.000593395050934448
+0.000000711627882366 +0.000705584938174188
+0.000017147222520733 +0.000594373437970662
+0.000016634422787433 +0.000622937530670000
+0.000020704940968219 +0.000687094821328198
+0.000027826730334118 +0.000616586045619062
+0.000009279746796265 +0.000730982548299319
+0.000015924566878024 +0.000655862799146796
+0.000007904189763170 +0.000646155641192769
+0.000006676667044635 +0.000711212337534500
+0.000005363026990909 +0.000689446169179130
-0.000001241431119427 +0.000706099212063314
+0.000000560537507281 +0.000713128615551792
+0.000008046731420850 +0.000665428520520744
+0.000012114635537908 +0.000699094953681532
+0.000013578994148107 +0.000747418528043359
+0.000018292792322807 +0.000685803726900275
+0.000014134590183376 +0.000743457357767395
+0.000018617679162007 +0.000722475729863695
+0.000019313783487827 +0.000715315716467213
+0.000005232795044769 +0.000818538965821349
+0.000012409114429616 +0.000717347650358621
-0.000000916070078020 +0.000784943369484975
+0.000010011805044375 +0.000752465478128442
+0.000005002382756043 +0.000775241257481487
+0.000007682351478769 +0.000801234779498228
+0.000004434104249766 +0.000797174458801217
+0.000013752763074089 +0.000757107637890754
+0.000011300733967408 +0.000814917870453853
+0.000021755810428010 +0.000781526137201005
+0.000012124411715022 +0.000838211940618662
+0.000017860781113741 +0.000808498910369692
+0.000007412458011335 +0.000839365590712590
+0.000019572258729587 +0.000776235816996356
-0.000002818646457163 +0.001263571218501229
+0.000019917879784056 +0.001376528126200088
-0.000011541095045443 +0.000987292524688425
+0.000024476239906911 +0.000574079590807240
+0.000018225377411905 +0.000665610172720702
+0.000080581360491047 +0.000424421817380839
+0.000081323240802915 +0.000814200389931330
-0.000033858133818402 +0.001482321654025424
+0.000058215959633948 +0.000739824170786062
-0.000058068512549500 +0.001047152240219599
+0.000100030136610617 +0.000724757188714962
