-0.001088245736305136 +0.003058903416340912
+0.000014375340541984 -0.005379324498131794
-0.001171920774587802 +0.003256390500515753
-0.000071199109544895 -0.004978199085136468
-0.001280808364114156 +0.002598964553541102
+0.000012513845277213 -0.004913433577402665
-0.001317637836720174 +0.002570360175120887
+0.000097815617196339 -0.004906611240158425
-0.001350450137801165 +0.002863978794808554
+0.000066411529817522 -0.005414062249842464
-0.001428699143499631 +0.003207770071941746
+0.000011341250213698 -0.005672141517369510
-0.001454078470537982 +0.003611236382722889
-0.000016421639309363 -0.005783718350236623
-0.001427975345934202 +0.003371574267521635
+0.000034660919069718 -0.005750051905547218
-0.001384669253516995 +0.003278901758781563
+0.000048720237931416 -0.005632166438352189
-0.001383285315750410 +0.003137257985359258
+0.000014232291155707 -0.005790409594092773
-0.001415594416790768 +0.003170403515779571
+0.000019748577280480 -0.005944656999204595
-0.001478223794146374 +0.003286711976892000
+0.000014834039979853 -0.006057261935159462
-0.001535150047202669 +0.003326047645895213
+0.000092288229740081 -0.006161968688389721
-0.001546081362142075 +0.003376478800102286
+0.000145837408605395 -0.006397601536313596
-0.001558489223067852 +0.003659511924396687
+0.000151420950609249 -0.006654634775982009
-0.001540847409980678 +0.004058453685000331
+0.000114564673171377 -0.007034501385523757
-0.001593900526613437 +0.004272057622900238
+0.000045411041425672 -0.007230601626461839
-0.001602901040650191 +0.004381769728462067
+0.000059298135263039 -0.007297761472315910
-0.001642042541456788 +0.004337889089041445
+0.000074229861484546 -0.007290892848936705
-0.001685704809396122 +0.004492549794590472
+0.000093982988422158 -0.007691742118405157
-0.001758670067150350 +0.005083950060739376
+0.000088868370812388 -0.010814308745553339
-0.001788279017983778 +0.045315659740521541
+0.000223610949286769 +0.843339771414417960
-0.001919903847539734 +1.078466852624065719
+0.000006740293884719 +0.098164529429871819
-0.001967256972145778 -0.508504087463792054
+0.000097999148423828 -0.406371710816993248
-0.002039543769857410 -0.141765650522908682
+0.000408659451285094 +0.334433498222293124
-0.002128610339290260 +0.305712060763190907
-0.000480573361850275 -0.153434180427091116
-0.002131054608909486 -0.231903201932471353
+0.001756513043106959 -0.041332333962087894
-0.001090132555369924 -0.012458388248764659
+0.002140275996213161 -0.179440218820367370
-0.001476997681280406 -0.232330317417182353
+0.002569935806148042 +0.024037448710580635
-0.001804151637493524 +0.213042696531408227
+0.003792165201781730 +0.169385908269618024
-0.002717650657476167 +0.008139387024697770
+0.105865629522343921 -0.100408061676340477
+0.248533234319007562 -0.030372616293344274
+0.255425576633598106 +0.021648600020897611
+0.145444940037618209 +0.015947233050878234
+0.061318400106467760 -0.062602553169960176
+0.000043884121576052 -0.062928877374996334
-0.075764423180811336 -0.001220341837182054
-0.108764118795766113 +0.080284561148980069
-0.092746316377943630 +0.093500577361820297
-0.055376290732332786 +0.024659805112426447
+0.008076042602826985 -0.052705805070304257
+0.060207939150003990 -0.047658928813155470
+0.061491466928022771 -0.007919209461711797
+0.032320938822219175 -0.030582583721928534
+0.013685378454151428 -0.075357779332851468
+0.004345307738743398 -0.069887027244560640
+0.004940411063072882 -0.052852130825069246
-0.003994618000107165 -0.023907461166769638
-0.013934088907773468 +0.018013765207751137
-0.003262710711893869 +0.018802273536147992
+0.023729396192388719 -0.006696066478371829
+0.038784975002250560 -0.014465176697526706
+0.040691734873625561 -0.007716422183706955
+0.046815587948241401 +0.003485519625485844
+0.052467133764669861 -0.007653029649384540
+0.042645242258095212 -0.006803656819693138
+0.016376034285884106 -0.001214170453595654
-0.012712432535803817 +0.000609639913223813
-0.031303530476090607 +0.006072429304831889
-0.035260730709867516 -0.001851678308503679
-0.026171177533968075 -0.002545261288115081
-0.021063193650074877 +0.009008138359187330
-0.015486388527679371 -0.004315527533591481
-0.004014813625610908 -0.013945197854973310
+0.009764518683562665 -0.016800269025534949
+0.014663462820489191 -0.005218417829768590
+0.008827710220927296 -0.002057532397469045
+0.001112427221197354 -0.003505665193317514
-0.002781991270558072 -0.002106006473286288
-0.005951506886603368 +0.000584442556150261
-0.010250254323528430 +0.006673836534064201
-0.010638189990948906 +0.014123097477999943
-0.008871327127010152 +0.008987007082153482
-0.008770966768370169 +0.000126446787875977
-0.008289021091698394 +0.002840449694245079
-0.007147086181154887 +0.005440359338070716
-0.001372012284932047 -0.009541455910574814
-0.001237240118259390 -0.009273082962003687
-0.000915891992922352 -0.007917032181427405
-0.001946592756966866 -0.003390856854603275
-0.002111404384035317 -0.008034158518314682
-0.000132443832242728 -0.000564369171500960
+0.000178780979112375 +0.000764734188656931
-0.003211797219469912 -0.004533178627412465
-0.005420652328173970 +0.001091527413191212
-0.005128997921272489 +0.002660972418397612
-0.002087209899614888 -0.003672648022091609
-0.002974925126320709 -0.001350055461962516
-0.002053199905564822 -0.000649975878169116
-0.001963813805348287 -0.008686067446032893
-0.001327696294292276 -0.010943936875724636
-0.002733441156444683 +0.001658397073787148
-0.002029133864287008 +0.000313338483428683
-0.001949305026873166 -0.003792264680218513
-0.002141304708366140 -0.006385844021254835
-0.001510478462381171 +0.004037374241895739
-0.002814644870190694 +0.004678550769318916
-0.003387661473240477 +0.001430655010988502
-0.003528637134019747 -0.004608729719569316
-0.002560166250557279 -0.008269289925865928
-0.002785866772544087 -0.001791382224572644
-0.004168705065512023 +0.002330504640550899
-0.003288285988929445 -0.011729971341991101
-0.005032830023313810 -0.017550063870007685
-0.004262552159680152 -0.010473860627679719
-0.003998485296281768 -0.002851115903689972
-0.003052071203700742 -0.003853937459239730
-0.003722306737454077 -0.004915311863362940
-0.002097794736813380 -0.006225191980265343
-0.000403992862962175 -0.001826346566873780
+0.000704715509183638 +0.000877269694477641
+0.000883731871231635 -0.004358628910494002
-0.000657185417445083 -0.021464077456104798
-0.001994833098449375 -0.033393050460999281
-0.001489187824399978 -0.036706395985021512
-0.002024851209581151 -0.030667693525927745
-0.005342450086565534 -0.013753522971662765
-0.006964300727709380 +0.016045775353351204
-0.003184892278026383 +0.025078897441602993
+0.000058790149700533 +0.020365307075485371
+0.001437807400511236 +0.009429787028742745
+0.000897294087524667 +0.001432732384811963
+0.001015288196936467 +0.003190967911592278
-0.000317791980037506 +0.008533446745901528
-0.001390555772317289 +0.009513709963939555
-0.005458616429659651 +0.002406858947775147
-0.008748151451920982 -0.003212568565528826
-0.009680421322437169 -0.005827494355899614
-0.008905945527368038 -0.018223423642754311
-0.008983850770100121 -0.023204415066159848
-0.007840497483238909 -0.021931354541267510
-0.006677510799143217 -0.015028295441619155
-0.008093892759562125 -0.010491693456756898
-0.009910378610400925 -0.003839337605888278
-0.008738769707087183 +0.011035281626742574
-0.005190219877262169 +0.024599693084215848
-0.000142977149434812 +0.023661610847855726
+0.004628588341214893 +0.021225400709732018
+0.007400944704643167 +0.004550557210795327
+0.006710515763442412 -0.003041224613271763
+0.005580943537795476 +0.007252385662335763
+0.001840256194003461 +0.004610740251360108
-0.000884285799245538 +0.008456060869112655
-0.002366227188373477 +0.013378012736859263
-0.001863239053313295 +0.006279679398489474
-0.002735273113340818 +0.010605024575313954
-0.002308383441402115 +0.000130226653693791
-0.002215209585743512 -0.003340422962248762
-0.003590816988085181 -0.004879149370134048
-0.005274903015759836 -0.005861836978754781
-0.005358269909648434 -0.000379621838045588
-0.005490919261227268 -0.001599831545242784
-0.003162656393366338 +0.000200005460499359
+0.002039368355815144 +0.003337029265053081
+0.006606050798776306 +0.002438847141064094
+0.009655131281857285 +0.003799579034549722
+0.011935175835447077 +0.000177171291265536
+0.010736385395413115 +0.000615435573950626
+0.007442473564525343 -0.001104923493588082
+0.003316077506812960 -0.001163795713254852
+0.000682892293888897 -0.000816629997907625
-0.000497631643697930 -0.001891274841614666
+0.000323685438583519 -0.002664920021858158
+0.001605058160004338 -0.002528465655473808
+0.002540023596981277 -0.002834608316294171
+0.001819286210353419 -0.001202469823265051
+0.001539533356249914 -0.000726944849302032
+0.000897869637499162 +0.000192137548985610
+0.000623570111373641 +0.000019490667859474
+0.000230560899265563 +0.000629947158385960
-0.000052351878281145 +0.002259301003498082
-0.000007937838803621 +0.001878147874249199
-0.000007181955963892 +0.000603179926713240
-0.000028980901049076 +0.000118669469620688
-0.000221054097141245 -0.002428259579322287
-0.000164109425979933 -0.000958558027693695
+0.000234198521233720 -0.002828353383802723
+0.000499174397072837 -0.001752030048933862
+0.000569146751191551 -0.001484451114504123
+0.000289451246248035 -0.001247671686074812
+0.000147969736964493 +0.000623646020723567
-0.000499701215401488 -0.000945153197090451
-0.000598668118352399 +0.000604501316392766
-0.001254172566372015 +0.001178542594513882
-0.000968494696400328 +0.000763628821021579
-0.001038422981029377 +0.001860730402748120
-0.000463799909399356 -0.000834000533788436
-0.000132408849667311 +0.001049982687210399
+0.000153202432191249 -0.001313291268889619
+0.000529801484296065 +0.000417871185749071
+0.000246975854963715 -0.000906584796140738
+0.000304639458097467 -0.000721145177017192
-0.000163714487604711 +0.000079101184088963
-0.000241320403538773 -0.000836432368041405
-0.000537726653041611 +0.000118018309972268
-0.001024136445333452 -0.001557689810611205
-0.000738504076180930 -0.000451103415253916
-0.001136679770521017 -0.000910894598293330
-0.000407064556280218 -0.001442918405183864
-0.000753237637721959 -0.000144037208252820
-0.000135469892062319 -0.001596266559534470
-0.000131945686051356 +0.000956780943005524
+0.000165119796195432 -0.000579273729122957
+0.000439060752250649 +0.001835445017268385
+0.000275785987984907 +0.001244589547434317
+0.000525015198463457 +0.002460305828490085
+0.000190139826341200 +0.002719602988392928
+0.000123447003664661 +0.002214230206030204
-0.000142686136100144 +0.002317095920452733
-0.000345641057540005 +0.001451948492376311
-0.000223635652317799 +0.001159602696951020
-0.000564485414490915 -0.000247709804998310
-0.000311747975835087 -0.000989834142765626
-0.000684076953978552 -0.000997713437058768
-0.000349274794906466 -0.001528075334240602
-0.000590544861794148 -0.000216234947928959
-0.000370949817883139 -0.001287514358387968
-0.000393636059815788 -0.000045277291420340
-0.000215570607307717 -0.001649578345434785
-0.000013773484964555 -0.001088093769135351
+0.000056797896395409 -0.001996112153385324
+0.000286026985226856 -0.001171724461995475
+0.000464402538426884 -0.000160827143939917
+0.000692748430106469 +0.000618846960607890
+0.000934679053239544 +0.000761998405010228
+0.000938560240201360 +0.000342366559912088
+0.001146503789062346 -0.000312301987926737
+0.000918880127451788 -0.000168186139158610
+0.000924145138133898 -0.000948798538748592
+0.000437794099501291 +0.000177497879597451
+0.000242658914926862 -0.000609800076005120
-0.000253919188266946 +0.000870734924943596
-0.000446779789181877 +0.000525470757073704
-0.000663261199001439 +0.001103715635228468
-0.000581172318722556 +0.000499998761863713
-0.000498821783233040 -0.000209534326265720
-0.000280452046535166 -0.001043729623348363
-0.000353417736995436 -0.001925810748515858
-0.000327565429805855 -0.002102825713872119
-0.000610613658990399 -0.001047339699070666
-0.000466466478154854 -0.000867468047131636
-0.000550613004742987 +0.000676580630605066
-0.000184366108823403 -0.000440078253218106
-0.000075401123986409 +0.000383882397425860
+0.000165769069343513 -0.001271508406684677
+0.000195764081461065 -0.000275107552262998
+0.000118992075281753 -0.001068982867257582
-0.000002080064874954 -0.000077385307027447
-0.000204607950484987 +0.000174734366253045
-0.000287741310987692 +0.000686065870874442
-0.000206304921651401 +0.000998943754416071
-0.000212586499534585 +0.000619171225804337
+0.000156950626670198 +0.000632658777927122
-0.000031391544887134 +0.000240306081552591
+0.000216517513684716 -0.000327087273643276
-0.000329050263586201 +0.000130835028770231
-0.000317087644244605 -0.000861593105873974
-0.000807291024582850 +0.000803688256116300
-0.000723553865589028 -0.000620601818425215
-0.000659393026714276 +0.001132450945547903
-0.000445044007952732 -0.000644809396612997
-0.000091702712648290 +0.000105065619672340
-0.000021752122760118 -0.000583944745853724
+0.000133017463779837 -0.000639252539723545
-0.000008043758142143 -0.000378741621996589
-0.000098572977135052 -0.000264742390190614
-0.000039560652396105 -0.000124870197420063
-0.000184081011381595 +0.000473741010405052
+0.000222190851894160 -0.000079684379453548
+0.000033599923682818 +0.000604924806205664
+0.000465055149571077 -0.000307517064369853
+0.000131804351176948 +0.000353697417579513
+0.000360307679902999 -0.000588008243257276
-0.000029726066617212 +0.000182969825970006
-0.000022995313442160 -0.000778587844221856
-0.000170392544234373 +0.000335861197861553
-0.000194762656176766 -0.000685526842959042
-0.000123981970219314 +0.000329250221513616
-0.000101150747496628 -0.000566840677884789
-0.000022426575115844 +0.000082680797742679
-0.000004326843006270 -0.000483509732196866
-0.000090997431039802 -0.000076084612683255
-0.000044020754834123 -0.000491088754120694
-0.000237435568572742 +0.000044883580003749
-0.000044720052546009 -0.000659189915191358
-0.000214567406348563 +0.000220890339696047
+0.000071335948514009 -0.000875813119713180
-0.000118426950525857 +0.000261957506277232
+0.000137027335302548 -0.000744820802115961
-0.000072708211611691 +0.000205846895699396
+0.000095150421405139 -0.000446709599888476
-0.000104504143300079 +0.000110036883752607
+0.000023090448548403 -0.000227428989873823
-0.000140975444686026 +0.000214699206705790
-0.000019526177574933 -0.000358768409135728
-0.000166837629704483 +0.000450674147395327
-0.000058100328522568 -0.000754022247560493
-0.000191824968699995 +0.000632323158132546
-0.000101715740298068 -0.001032794850765718
-0.000206620489108928 +0.000512719114768892
-0.000129421835673408 -0.000997043638834225
-0.000203628286005693 +0.000172040556351338
-0.000106975405879989 -0.000724156974565224
-0.000214993912954128 -0.000197296611104502
-0.000065568624552828 -0.000554047311614585
-0.000261117017775033 -0.000279278993358747
-0.000027405397704256 -0.000588922128445863
-0.000301426183573121 -0.000060857220688357
+0.000010499001254449 -0.000806070405477670
-0.000276581390132584 +0.000271865070235439
+0.000043151437317855 -0.001003986525503999
-0.000197922255041616 +0.000562797987132976
+0.000034259289989655 -0.001024701945551065
-0.000130490762025440 +0.000696844583619163
-0.000015322994905346 -0.000833665297243106
-0.000109734767413053 +0.000665777026618708
-0.000076209758966377 -0.000623100556753919
-0.000155887364488514 +0.000458033293278283
-0.000116612059786962 -0.000496831183019535
-0.000241893898421477 +0.000281091572105505
-0.000122195827062643 -0.000467527292864722
-0.000330003310952090 +0.000241660132160838
-0.000101827714860886 -0.000592526370177935
-0.000386995497841910 +0.000250900434596959
-0.000071857853177271 -0.000893611399461894
-0.000392211028302169 +0.000266754558806025
-0.000048223962712823 -0.001160571876650290
-0.000348588840231012 +0.000387136701543377
-0.000038136990290163 -0.001193278115092120
-0.000277519317625745 +0.000508720005321531
-0.000041977590117289 -0.001087207198002382
-0.000200962266939420 +0.000487794232024899
-0.000032855865659751 -0.000948587118702549
-0.000139653296492958 +0.000329695275402164
-0.000002662714116453 -0.000879661788405341
-0.000129187695302130 +0.000225968703464918
+0.000021016306031231 -0.000866343666431291
-0.000180258164941757 +0.000360735276186303
+0.000027098795438212 -0.000883110043338052
-0.000247936731295526 +0.000592651532100408
+0.000026836998949786 -0.000989506413865852
-0.000289763399173157 +0.000621184874602926
+0.000008641611010908 -0.001159895558648668
-0.000325599755866581 +0.000442835999864628
-0.000043246607224647 -0.001156619969005870
-0.000363165179060179 +0.000340270215618650
-0.000088099140157407 -0.001002299277102637
-0.000370981625087232 +0.000340749523442555
-0.000081130031142810 -0.000994540729293274
-0.000335510185799325 +0.000384699019777882
-0.000038947720670401 -0.001205382259043666
-0.000291222140484714 +0.000487081660741386
-0.000024317402737459 -0.001431737590576829
-0.000281260787863794 +0.000630655328640420
-0.000055965706969122 -0.001448457170909847
-0.000294973315273207 +0.000711491511205624
-0.000077813093983719 -0.001280378183456941
-0.000294930237049755 +0.000618184743022321
-0.000043418984143263 -0.001114733768927708
-0.000297687210403273 +0.000385626517442362
+0.000001457963022099 -0.001073014536678418
-0.000355958796335197 +0.000265143477383218
+0.000002655806094347 -0.001103900308433730
-0.000439200207869593 +0.000413542028747731
-0.000017953173903659 -0.001225215215635229
-0.000463442691450241 +0.000672301700724933
-0.000030491478539015 -0.001469985055499291
-0.000413358635663725 +0.000842045072282297
-0.000054573669095976 -0.001698210827372130
-0.000358035500108687 +0.000853509168764130
-0.000107440953810060 -0.001724480939945861
-0.000345380914881820 +0.000750632601717411
-0.000142592310061209 -0.001538383214114779
-0.000359979465366969 +0.000586581803082252
-0.000107418624281833 -0.001316013209388654
-0.000378975220835713 +0.000452565481079661
-0.000023068346796019 -0.001244097936197513
-0.000414100697289517 +0.000446252456512587
+0.000034372742825570 -0.001364285344054642
-0.000469181005480665 +0.000612553235822951
+0.000030477434515769 -0.001567863042465095
-0.000500999892110679 +0.000854571733113566
-0.000004386344164850 -0.001750139388952919
-0.000476611970548705 +0.000986607129313613
-0.000038799437875252 -0.001841593062980858
-0.000426865546282114 +0.000945449386214994
-0.000075606712420702 -0.001828441816867230
-0.000409137914945202 +0.000818851704968424
-0.000107498073053127 -0.001750789482007923
-0.000433715302602914 +0.000713770065892265
-0.000106114214851376 -0.001691289450672371
-0.000470937196388439 +0.000678233951736434
-0.000065756482558005 -0.001714591448686876
-0.000501026775410815 +0.000726133049983024
-0.000017692861182057 -0.001821835093012030
-0.000523348784791846 +0.000831618030293426
+0.000003567325736076 -0.001951141995167570
-0.000535346987055587 +0.000940233488569246
-0.000002480188278700 -0.002020481904734531
-0.000532668018971326 +0.000985002122135842
-0.000017355021071084 -0.002009087378677638
-0.000521734111961067 +0.000956899824346713
-0.000031418379807575 -0.001971880884077390
-0.000520405016434402 +0.000923632698778432
-0.000046336982313905 -0.001989293112707055
-0.000536496732767600 +0.000959464181116657
-0.000059744434329167 -0.002094275689518477
-0.000558018360025191 +0.001057891130483678
-0.000065855550451357 -0.002242847018430939
-0.000574215822720856 +0.001137971444254955
-0.000065806922889168 -0.002337491127655429
-0.000586857500629714 +0.001131565836139103
-0.000062332880961935 -0.002328415323167930
-0.000603236568756929 +0.001044903626193741
-0.000051904103971616 -0.002262586210299523
-0.000625589690624727 +0.000962112582622563
-0.000031647903504399 -0.002240679760698605
-0.000649881762230294 +0.000972938932516126
-0.000009024819468325 -0.002321543184451641
-0.000668768792351654 +0.001093692088183124
+0.000001240708980293 -0.002479165445908320
-0.000674956729682361 +0.001257743915574920
-0.000010889140183476 -0.002642569063845003
-0.000666267250447177 +0.001384810558450478
-0.000040704725058671 -0.002741928343107690
-0.000651560480044479 +0.001428619120833029
-0.000072330624141019 -0.002752452066377028
-0.000649317468722136 +0.001387332969217824
-0.000087916912746211 -0.002700829215570012
-0.000673828443396297 +0.001296336750647397
-0.000076638920466441 -0.002646174799744619
-0.000723140979010415 +0.001217723982982125
-0.000043146218588122 -0.002654264502241524
-0.000779673584412325 +0.001228892966611141
-0.000007252922895900 -0.002764468963031699
-0.000821211706089823 +0.001353055501368963
+0.000009157539869842 -0.002954638892765531
-0.000832252778094107 +0.001532652730966282
-0.000002514932543773 -0.003149929409917122
-0.000814694311336200 +0.001664737505314717
-0.000034130916485903 -0.003265288031762386
-0.000787383614991208 +0.001686899911911387
-0.000066173239125906 -0.003264121620047395
-0.000774414288157160 +0.001625256476536392
-0.000079057265837962 -0.003197174407332842
-0.000789566373632583 +0.001555417641019002
-0.000064428347432055 -0.003170652179649239
-0.000830775578131789 +0.001546066316385618
-0.000032172020732248 -0.003249731895713618
-0.000883944663149078 +0.001624379356729558
-0.000002636882868000 -0.003404514483920847
-0.000930681924743249 +0.001753969948316025
+0.000008602472666241 -0.003558992030351946
-0.000957395829060147 +0.001859977496640924
+0.000000429439035070 -0.003660005976031182
-0.000962630264243747 +0.001895369946945384
-0.000017581837673895 -0.003710507489973387
-0.000958409653657984 +0.001881820573725743
-0.000035353747289313 -0.003749009965145547
-0.000960208380175891 +0.001884368383528331
-0.000046403445829567 -0.003808972385052962
-0.000973912911008145 +0.001938238693994419
-0.000046623756931869 -0.003895623795256469
-0.000994814701033411 +0.002008849325265433
-0.000037193297748125 -0.003977452619741112
-0.001019641257167402 +0.002020949397238080
-0.000025147081553845 -0.003970840500147566
-0.001050133156067616 +0.001828337374289863
-0.000015633487464792 -0.003352990771611158
-0.001085644188213633 +0.002117383689109634
-0.000008733017850106 -0.004095566609969724
-0.001116219544610033 +0.002424958074722045
-0.000013378023018480 -0.005484614813758365
-0.001102236403572595 +0.003677660331364515
+0.000081249525550408 -0.004578021057000131
-0.001151412378892906 +0.002322024385831123
+0.000071961929591686 -0.003960517978812955
-0.001288414207330460 +0.001840587414632774
+0.000004023791659629 -0.004392270668548441
-0.001252546954139370 +0.002724306930840013
-0.000006116683168105 -0.005131518890897108
