-0.001832416124066433 +0.000756543819713115
-0.001466665505917970 +0.000330326005625666
-0.001153018939775320 -0.000559255807228221
-0.000630791372933619 -0.000865858376532635
-0.000284781118054063 -0.000985940158391521
+0.000175221083586180 -0.000685916517376080
-0.000393802801658097 -0.000296473151343819
+0.000075404772268147 -0.000124901175985043
-0.000685787118209500 +0.000345124201325613
-0.000431614300286207 -0.000230827218830125
-0.001478816066623762 +0.000120826348562903
-0.000523752337310067 -0.000418827176927308
-0.000965307733112110 -0.000315856185169030
-0.000357982486926513 -0.000576275708794654
-0.000459730149108559 -0.000415715211320795
+0.000163511632967048 -0.000365351333103980
-0.001085497454283341 -0.000102143931785220
+0.000342038457100180 -0.000091121218745332
-0.001563695862855997 +0.000082158858013442
+0.000164437730957756 -0.000364874236765227
-0.001706235757773337 -0.000014723783746370
+0.000521413530449141 -0.000619960268118712
-0.001923637660548719 -0.000068858057082081
+0.000926784821904926 -0.000737847451083144
-0.002004493251177058 +0.000176296008578746
+0.001113031275477044 -0.000812312365189038
-0.002181343141495219 +0.000369423100640455
+0.001188264051015244 -0.000751107946487363
-0.002317921207349843 +0.000334207338936802
+0.001291665951714427 -0.000799696757844897
-0.002410038518992486 +0.000347246243233589
+0.001801800431230905 -0.000865193142956149
-0.002836363703895356 +0.000433909717303487
+0.002281482253941689 -0.000734084804223017
-0.003572931866636243 +0.000596269124484914
+0.002702387521960188 -0.000807370982634876
-0.004498484012317765 +0.000740386602852950
+0.003440286933273994 -0.001246645497035401
-0.005552487337644612 +0.000825075753104214
+0.004514252896344370 -0.001743947478500488
-0.006563929213814217 +0.001133805476579613
+0.005839872530902391 -0.002049699112671656
-0.007653979133659779 +0.001600545150778760
+0.007707670863888886 -0.002411152044393435
-0.010166700251682020 +0.002324900255360357
+0.011530545342611340 -0.002537326788727615
-0.014089667998184296 +0.003705678027955790
+0.019126922917087900 -0.002697497606300891
-0.030256274536923613 +0.004347177751289230
+0.185021405770794983 -0.005475701713636550
+0.390028556640541479 +0.005301227209023103
+0.554484769551344958 -0.004949253648455642
+0.567108385296677175 +0.163761611099909832
+0.382154546099899406 +0.294350525254400641
-0.108662541149229408 +0.426958693436879366
-0.665062773060856927 +0.411619550927559419
-0.539446299213629743 +0.248592144265752379
-0.260098134153138705 -0.085885385797511676
+0.005759255578457946 -0.379327579030740325
-0.044600808410656369 -0.306005063251595655
+0.092109944428347093 -0.209945416180001287
+0.187022522778248851 -0.072078261620811643
+0.197047849558496635 +0.006461582296978784
+0.118941068742363348 +0.097405750171135258
+0.012661772337673217 +0.119963751449829820
-0.128548036204813199 +0.059460131874458005
-0.052188960736232866 +0.048647424890185954
-0.024178404653848198 +0.030655979380204233
-0.028509599838447284 -0.024639170763372742
-0.006446171689717783 -0.034006621916168468
+0.026841000875980858 -0.010978480398822670
+0.016203075189129442 +0.025573744705276243
+0.019738747108037673 +0.024329982017570528
-0.015264459643208630 +0.014820481666817240
-0.033773072233254875 -0.007761271966305595
-0.000490200537757430 -0.014139727497380433
+0.021857881023870818 -0.018256792954914881
+0.009156622855626028 -0.030332555246824110
-0.000685560322390612 -0.014402030428022071
+0.010463209237479941 +0.012634125816287371
+0.002862651044988733 +0.012873711167016307
-0.003118935704045928 +0.020606786026835959
-0.008598421834754481 +0.023973788280504865
-0.019879119490074079 +0.013486866563517948
-0.009382573338703581 +0.003034643479359437
+0.022091773720988230 -0.004082150697142557
+0.048054831544012577 -0.007662758558605452
+0.047742545113665887 +0.007668021861734041
+0.037138205439573357 +0.027096515771673484
+0.021098047107477369 +0.037189306426956711
+0.004641698730965399 +0.035050199448844320
-0.007163484844459216 +0.021740602931349530
-0.021675735640714674 +0.003494463152677522
-0.035702598688268514 -0.003254812122706411
-0.019906076805423042 -0.006759391488307442
-0.010057025139464063 -0.017732987887046893
-0.011609640809989982 -0.022286328224170145
+0.001397327195491237 -0.015327871287721478
+0.015583800925790779 -0.005385353487499540
+0.003074392044428795 +0.005817247697842851
-0.013324461713759964 +0.003503911491756871
-0.023809835501284106 +0.003474268232603857
-0.021656182789607622 -0.000921318616791200
-0.010489373361943813 -0.010335284509444629
+0.000202476232945829 -0.013995180924044486
-0.002945108434888386 -0.011807071095524355
+0.000018511700527659 -0.004247826891298922
+0.005923582853726067 +0.001537011502761436
+0.010379638783371944 +0.001287443311642735
+0.004470415017252169 +0.002263668528743017
-0.006877559532443613 +0.000312197151848576
-0.012502542328864660 -0.000192271258062726
-0.004089278018699828 +0.001122296161097951
+0.001809853784883616 -0.004778288777335136
+0.000284741138032651 -0.013029074265545677
-0.003440733332440362 -0.008609953915167133
-0.002261067243363283 -0.003826848913585493
+0.003203603000597171 -0.000273897589296472
-0.000552090889266268 +0.001075122939802402
-0.003362736759574539 -0.001995348800062427
-0.002421082908756225 +0.001261622723002261
-0.000680635098501269 -0.000473862419906629
+0.002490728477931851 -0.002553887067762423
-0.001383564166896365 -0.004619512945005981
-0.002569534927570201 -0.004493952171622313
-0.007595268772331951 -0.001333433683212194
-0.007355757477410900 -0.002731279082452239
-0.007292812162419305 -0.002119445446422829
-0.008085000454074787 -0.002837182874629967
-0.004036831230224831 -0.002261499857479619
+0.001356195904604149 -0.000713213696439960
+0.003509527214474972 -0.002426837267010002
+0.005352161260959353 -0.002833831051406894
+0.004960398211837283 -0.002430530011587679
+0.001366489113567077 -0.000855234359659258
-0.002046528021772172 -0.001312088485405275
-0.006139536140858798 -0.000878087253352925
-0.008087168985108060 +0.000682648032836371
-0.006153590163339844 +0.000290869583092466
-0.004701331785551607 +0.000761983098868718
-0.005142814440565600 +0.000305735978167199
-0.004014378563809437 -0.000628885777656409
+0.001308200073030206 +0.001124990776253537
+0.002408045548170557 +0.001628476841256722
+0.000208713594979857 -0.001666043021376643
-0.000069197829017991 -0.003274306647376141
-0.000151258679616913 -0.002878841805669028
+0.000752832487309858 -0.001135128933689667
+0.000491436971416595 -0.000472464902378884
-0.002828993754374445 -0.000844440017958422
-0.005386527820417019 +0.000107933683349342
-0.003418983055746781 +0.001083362782275328
-0.002303456671432788 +0.001131966478642351
-0.004077760124914719 +0.001013245206113411
-0.004560688105292235 +0.000163933337251586
+0.000920682840147806 +0.002683344072479412
+0.003078007898708362 +0.002850552815886567
+0.003246335546328557 -0.002346226108375453
+0.004839782919155197 -0.002403617971691730
+0.003278672878263336 -0.002484641513297410
+0.003153683190633829 -0.002497829841559993
-0.002168450366626992 -0.003837789674153759
-0.007805905706503469 -0.004551163128143907
-0.012974709505486542 -0.000943159988797321
-0.009391140141084466 +0.000318116166501610
-0.008629205670787010 +0.002905792535694141
-0.007964448294734113 +0.001433235415057751
-0.000003742181856201 +0.002673315609321598
+0.006596591187311596 +0.004011504633583922
+0.007877683009081163 -0.000370159275968675
+0.006697725909943061 -0.002383679133425469
+0.000548381149984104 -0.003660214192770127
-0.001003147846926681 -0.002727306407149179
-0.003090214657881458 -0.002311969444185580
-0.002341841511778598 -0.003466387361941249
+0.010941037846964805 -0.000750277182119892
+0.012665510663882447 +0.000468686589475496
+0.010836958042415790 +0.003656611939821822
+0.009696247795644430 +0.009280690533379108
+0.001365729001157848 +0.006258748621544550
-0.004210498572963656 +0.003611783892984485
-0.001675107127529496 +0.004608959006678029
-0.008036953384794675 -0.003054351639735428
-0.003931088710044363 -0.001954223198889701
-0.000795891131501858 -0.000971867815792154
-0.000433776961946811 -0.003694741323542014
+0.004568001789705329 +0.001003317873902940
+0.002714280521610362 +0.000938164668543393
-0.000535814235882382 +0.000216668425898039
+0.001256438769937328 +0.003234936972390353
-0.002740681717304048 +0.000101496830523015
-0.001837202670469693 -0.000356917325873440
-0.000230774308954929 -0.000821624744949404
-0.000610729460745385 -0.002929274931096777
+0.001449901838016505 -0.000885000623641248
+0.001379883070708817 -0.001308715306497133
-0.000687118131393406 -0.000644629739455582
-0.000268905521230062 +0.000958758097421495
-0.001858190869769757 -0.000187865506982731
-0.001733264790990680 +0.000703236279728310
-0.001181207251230770 +0.000342913766796170
-0.001692368428072418 -0.000550501909238427
+0.000288295204837121 +0.000557950448878930
+0.000733842688892402 -0.000232454123851870
+0.000666393208165998 -0.000090449529955008
+0.001317252148800566 +0.000400232885896501
-0.000245711298466683 -0.000485990609290487
-0.000383160150152229 -0.000209807606279682
+0.000004625679525918 -0.000413623618780343
-0.001004188260300576 -0.001399180394004105
-0.000279550587623020 -0.000728491842539686
+0.000072049942276585 -0.000438556382174322
-0.000169175358900286 -0.000228404827740606
+0.000317487904286321 +0.000793190842338160
-0.000255813172514446 +0.000440730470729185
-0.000567543013220166 +0.000554535877311972
-0.000523059294934200 +0.000603063673163890
-0.000565807223434260 -0.000061530725450481
-0.000578782474336109 -0.000475450057791517
-0.000257717749610970 -0.000771649634217325
+0.000043537383727431 -0.000845953414742193
+0.000569580438049343 -0.000796920599670675
+0.000536744139394963 -0.000163319205289518
-0.000135565537980829 -0.000233044314383621
-0.000391379525482591 +0.000436144173449845
-0.000966585589154904 +0.000582492899336720
-0.001281623494845166 +0.000049939385989675
-0.001144078155723146 +0.000273698636031000
-0.001098394342888549 -0.000406720956808984
-0.000600869646979947 -0.000335076400219009
-0.000090530830210998 -0.000348002980118532
+0.000204620292411529 -0.000645839314554266
+0.000231879955157881 -0.000380379574050424
+0.000462618624081425 -0.000277553068842177
+0.000173166386137312 -0.000133209251184415
+0.000132413199561743 +0.000048275130207445
+0.000156535308929272 +0.000244268904156960
+0.000028650224444870 +0.000080859336236222
+0.000243985040076319 +0.000471512648612134
+0.000182368376308888 +0.000330517917088195
+0.000407459801953278 +0.000313394311517292
+0.000525786796339288 +0.000526483328827819
+0.000593454593018959 +0.000097391354442014
+0.000646608568132784 +0.000305404755996384
+0.000483662892291488 -0.000060478019153283
+0.000517493778558683 -0.000167135449807389
+0.000201640398124634 -0.000044209736244071
+0.000116917071437601 -0.000227729972879513
-0.000201847599617945 +0.000004312025114454
-0.000562678626241227 +0.000004793964042602
-0.000628643445883687 +0.000115249610592972
-0.000809547551258637 +0.000317345075984270
-0.000862571313426104 +0.000222007430183049
-0.000777565177060717 +0.000184540132323766
-0.000651882806978067 +0.000149107091267760
-0.000181043052158559 -0.000090220078029395
+0.000182405640635519 -0.000242020066792279
+0.000320277678923551 -0.000376896787251075
+0.000429805780009065 -0.000486387229112604
+0.000468253245026445 -0.000362090423619951
+0.000237048176211259 -0.000315767563818700
+0.000111608465059714 -0.000259452135794273
+0.000001373061237337 -0.000041760893613561
-0.000193959816376462 +0.000075604999621394
-0.000175677779642359 +0.000194936443684144
-0.000139705150546079 +0.000390655307257510
-0.000128630183274729 +0.000253247233245112
-0.000008041888664768 +0.000304992669697706
-0.000012606671834838 +0.000185068889218240
-0.000056368080345029 -0.000039791981402088
-0.000049054021678771 -0.000027486583154458
-0.000061726392095538 -0.000252813889814852
-0.000056489769384788 -0.000209197128200857
+0.000068198532767789 -0.000185239006173247
+0.000137909475115390 -0.000179967376243166
+0.000136464235795564 -0.000096355015906883
+0.000183172665222147 +0.000051588169473224
+0.000046454153421921 +0.000108465123909708
+0.000009292175228350 +0.000110188928132241
-0.000072714695369829 +0.000197630715695493
-0.000248276148793452 -0.000039223793228100
-0.000166678000489086 +0.000059875678808002
-0.000273471136084740 -0.000067747584073477
-0.000189860282510947 -0.000163589285764949
-0.000145585697991722 -0.000097372030261165
-0.000127656061628817 -0.000210339093451828
-0.000178441664332796 -0.000048332872426155
-0.000199696162109482 -0.000112058113652261
-0.000185778380701281 +0.000014970241933786
-0.000270386290225948 +0.000000186725978217
-0.000055754669489086 -0.000014106708238696
-0.000022220480880553 +0.000075614760102578
+0.000030371398431483 -0.000109551885645442
+0.000286670484893903 -0.000020509802473486
-0.000032912479060245 -0.000142946109133092
+0.000018930176227359 -0.000131199521280493
-0.000225869519364829 -0.000065574595346001
-0.000518357814055647 -0.000183296553193592
-0.000228466603684033 -0.000021282419488711
-0.000340359155514052 -0.000070068703143611
-0.000214291335280426 -0.000070015446453913
+0.000140830593245547 +0.000152151652002045
-0.000055793776628082 +0.000026468636020624
+0.000064389247577733 +0.000051699437120114
+0.000234412032942267 +0.000180920340688606
-0.000206407565662009 -0.000180069963293212
+0.000077248975999783 -0.000036631354084733
-0.000023237618557492 -0.000070655105053470
-0.000247160207030139 -0.000331796516628124
+0.000160595719851192 +0.000027720608478665
-0.000149221106745548 -0.000143095550963868
-0.000120954621768699 -0.000089782239539593
+0.000049137587924353 +0.000217639286779703
-0.000389717029671555 -0.000073207629659199
-0.000176677554276562 +0.000135789135242148
-0.000239481250977253 +0.000096168962074927
-0.000397125150636321 -0.000172314021471498
-0.000052178432495970 +0.000049774441686315
-0.000193025408215336 -0.000199248453726170
-0.000141206718830583 -0.000204910678660207
+0.000077069344522722 -0.000011101879596360
-0.000172835446892894 -0.000253354264460621
-0.000027312428796562 -0.000014981614717323
-0.000047386497090886 -0.000019697382562790
-0.000234246801067223 -0.000123589125154507
-0.000021635739656791 +0.000112946540265203
-0.000133964064309763 -0.000055123269202937
-0.000141159406183609 -0.000014163043926877
+0.000042786479278752 +0.000063297425238976
-0.000134293305077646 -0.000094367007807571
-0.000046198008136055 -0.000012393418913539
-0.000004677450068097 -0.000026069988797621
-0.000187458763736896 -0.000144559017105070
-0.000039757365475075 -0.000025994814970950
-0.000123978996932921 -0.000080491522866854
-0.000185215446203457 -0.000107452389855323
-0.000055052278040125 +0.000042055162795607
-0.000184998777255394 -0.000072256492244687
-0.000133769111930047 +0.000022880463117420
-0.000099968075885752 +0.000038044171352600
-0.000184006393322420 -0.000054530095494124
-0.000117054932577131 +0.000015422969340640
-0.000119591565474794 -0.000076633327488878
-0.000148886168984768 -0.000092703180235607
-0.000081110887915629 -0.000101296490772521
-0.000097103400409960 -0.000114736602045350
-0.000124216379961619 -0.000119192818804990
-0.000074641332045665 -0.000069874073383949
-0.000156190454194419 -0.000059551000470370
-0.000161622664627117 -0.000058390439308421
-0.000155748741596482 +0.000015998671537861
-0.000223047140328136 -0.000051208318461711
-0.000174454211141222 -0.000004544755403968
-0.000183986202980344 -0.000026308974103949
-0.000170393234030679 -0.000076367182036624
-0.000132364793865838 -0.000042990344795334
-0.000130216168509434 -0.000098919293202025
-0.000123370898293171 -0.000090735301683162
-0.000116148400388060 -0.000088584494386279
-0.000121699685496352 -0.000093579094952941
-0.000143173118409745 -0.000088620132115961
-0.000129507894792209 -0.000060259422405241
-0.000165973671565837 -0.000069757530537844
-0.000158763294921722 -0.000050418767571306
-0.000157045872914422 -0.000027349778029078
-0.000180309036331383 -0.000064065496145709
-0.000152961020727258 -0.000025399466207813
-0.000178788142602736 -0.000062017220577752
-0.000167280535595868 -0.000072222881245544
-0.000165049039107671 -0.000055881289946599
-0.000176274746210200 -0.000102223581153472
-0.000161091227442532 -0.000077241002379637
-0.000171302113195878 -0.000080845086569519
-0.000163938606406091 -0.000095357446451987
-0.000162678360071991 -0.000059269965270255
-0.000169105277941001 -0.000074459184184001
-0.000169077296121009 -0.000069280318126639
-0.000176202582605277 -0.000047491017459561
-0.000183010171239405 -0.000080024058469771
-0.000183009048137622 -0.000065299534505640
-0.000188559259802870 -0.000076242350551026
-0.000195527408991831 -0.000096224303037781
-0.000193013943842629 -0.000079136108163548
-0.000207243570812332 -0.000094852283859836
-0.000210330064801255 -0.000091485344738895
-0.000208076941803410 -0.000078085612272252
-0.000220314189399993 -0.000083897041706646
-0.000208624357039838 -0.000079692234710729
-0.000201014731753792 -0.000063290621814473
-0.000201273360931500 -0.000086970949897504
-0.000175244278733236 -0.000069787308793611
-0.000178422582201126 -0.000077932527265838
-0.000174397527201478 -0.000101611258798150
-0.000170183113618795 -0.000073663341759594
-0.000193205675613012 -0.000109748279054654
-0.000195261981177862 -0.000090365771524062
-0.000213715385783446 -0.000088459248742143
-0.000223233489402703 -0.000100755178234860
-0.000229753116390913 -0.000075082012461255
-0.000232705579178101 -0.000086487230637353
-0.000234936126549879 -0.000074724223657637
-0.000233940341917100 -0.000078432001717086
-0.000225417518567376 -0.000077071957674861
-0.000234289494461001 -0.000090886499083213
-0.000219255230281756 -0.000090574515926053
-0.000229303515999243 -0.000101371197224068
-0.000225351238546776 -0.000113692578635728
-0.000221387310035001 -0.000102096199209570
-0.000231988348295575 -0.000122181928765149
-0.000225943758850720 -0.000100863150986829
-0.000241080238502610 -0.000107639953066426
-0.000240227519212858 -0.000099386650485969
-0.000255008721320912 -0.000088802852364003
-0.000254597074428761 -0.000099391273616345
-0.000258441892023873 -0.000084526206980473
-0.000265714384336430 -0.000103346801992995
-0.000245372770709514 -0.000096788047912637
-0.000264920445047397 -0.000109100540960665
-0.000245421965695836 -0.000114892835964740
-0.000252272788225100 -0.000110368240822404
-0.000268249415126728 -0.000124927794928766
-0.000251306554457656 -0.000110416543832730
-0.000276230198891031 -0.000117431447503698
-0.000274671982865706 -0.000115696104127059
-0.000263487394077435 -0.000103216237574951
-0.000286244674097139 -0.000113270742695255
-0.000271757549112546 -0.000107919749826073
-0.000268402248803631 -0.000101613623699763
-0.000294014248839086 -0.000122611318148092
-0.000269863650090047 -0.000110425376939718
-0.000286900603223098 -0.000119066591807568
-0.000304241292072907 -0.000137779484506699
-0.000273780713665080 -0.000114415981906212
-0.000312787682803520 -0.000138497582251095
-0.000297585552394897 -0.000131094546030894
-0.000288362414042800 -0.000113762772498353
-0.000325073482093069 -0.000139093729117121
-0.000293729670495235 -0.000112810446767184
-0.000312253148790874 -0.000118378834171776
-0.000329572006695054 -0.000136808953177400
-0.000296852531142811 -0.000110668617905599
-0.000333368185965591 -0.000140176249761453
-0.000319997989238869 -0.000140048327234119
-0.000308099191547329 -0.000124214421055410
-0.000342484760150853 -0.000160574361749027
-0.000314693383884075 -0.000131917690861270
-0.000330880052967216 -0.000140688879874030
-0.000348870158293772 -0.000156052045067215
-0.000326277505166861 -0.000121680993239736
-0.000354530043085060 -0.000153028863873901
-0.000352754431166518 -0.000138681114625237
-0.000338188983095777 -0.000131420511122362
-0.000366175953032981 -0.000156061878035176
-0.000344562428430620 -0.000138020618372023
-0.000352712663443252 -0.000145420712659250
-0.000365567179355107 -0.000159540625278899
-0.000354139373660518 -0.000142606326634096
-0.000368980359069450 -0.000157292433056151
-0.000379255575203054 -0.000161503744435339
-0.000357518323576088 -0.000148589146889028
-0.000393121807930455 -0.000167848859758761
-0.000367594430617670 -0.000157971765876085
-0.000384397287392599 -0.000151723715540829
-0.000390432010182076 -0.000170832349333467
-0.000387258186766408 -0.000146895414097231
-0.000393213749698726 -0.000167181874783784
-0.000409511165259430 -0.000164456584580408
-0.000392380307217595 -0.000161266386347467
-0.000421016443205932 -0.000176216013948682
-0.000403557670283409 -0.000169613864429021
-0.000420666771601219 -0.000174769571762002
-0.000410838918510258 -0.000177899489617259
-0.000429825865836841 -0.000175442951134492
-0.000412388552023605 -0.000174898732832810
-0.000443018197372608 -0.000178718395621385
-0.000418986653637156 -0.000176780160715164
-0.000446649636949365 -0.000177249791966969
-0.000433272293987847 -0.000187841815593007
-0.000444724113446882 -0.000177933192097378
-0.000446946747244869 -0.000193001585080778
-0.000449134612418190 -0.000188282114930916
-0.000455163672189271 -0.000188073459167726
-0.000459775167005616 -0.000200119153852487
-0.000465509628990634 -0.000185163957403960
-0.000467802749957173 -0.000203374939551790
-0.000478716037962752 -0.000187832793700930
-0.000474408295184777 -0.000205185495353515
-0.000488625511226432 -0.000188380933350272
-0.000478691197654063 -0.000212319724762001
-0.000500587295101953 -0.000189133868584673
-0.000475715503986405 -0.000217450191397586
-0.000522436381122042 -0.000195805251002098
-0.000466155427436157 -0.000220777280646230
-0.000552144636699122 -0.000200026730970758
-0.000454065527778111 -0.000232002394540540
-0.000586171412661081 -0.000192844065479250
-0.000439732757934804 -0.000250449095031631
-0.000624691767177754 -0.000179623309190647
-0.000418560543448839 -0.000267635478754480
-0.000670880286978898 -0.000167222459002198
-0.000385889579526928 -0.000286398211402628
-0.000731866258619568 -0.000150361810936551
-0.000331423837101244 -0.000314890749275513
-0.000814318575748805 -0.000129970673243589
-0.000277746678991884 -0.000286740298378731
-0.000568463538914677 -0.000714837515133702
-0.000106703796555951 -0.000107347828903074
+0.000258126858975979 -0.000665916915010263
+0.001072678895198783 -0.000487267729846964
+0.000180513529601925 +0.000199458429109918
+0.000776265880008127 +0.000280688610167532
-0.000911645183135542 +0.000659625619421148
