-0.003605028148952469 -0.000253284216295006
+0.001315321403013230 -0.001049114668831742
-0.004732332280279334 -0.000443946759528647
+0.001465126953539295 -0.001315562847809076
-0.004775318951887649 -0.000608211248833703
+0.002004802057007900 -0.001394561941108186
-0.004221198438254335 -0.000236343710434761
+0.002458814533049939 -0.000684616230544104
-0.004329274094257203 +0.000155799240873032
+0.002293316558762386 -0.000613353821032552
-0.005008535010597895 -0.000025716739673098
+0.003090368518566870 -0.001053454875238652
-0.005556502801518582 -0.000444824513962635
+0.003252729638848527 -0.001217011353557087
-0.005861933750536260 -0.000306535573214205
+0.002978427495870980 -0.001257197583370635
-0.005762478213029755 -0.000042610579181218
+0.003212573581233280 -0.001231658112587613
-0.006142235179536579 -0.000009181183948957
+0.003701701301956583 -0.001245378979543819
-0.006250705938093314 -0.000065406357609920
+0.003964479178978228 -0.001207645626626659
-0.006645163790957064 -0.000111138825392210
+0.004195298149493126 -0.001232354720572730
-0.007327394052115670 -0.000113798407810283
+0.004721978094121441 -0.001335432445691497
-0.007951873292828846 -0.000093300953482844
+0.005100043454124292 -0.001467668119597672
-0.008555736420754433 -0.000040039076951381
+0.005441287138456083 -0.001491443157491174
-0.008677454705688538 +0.000138323054807254
+0.005874824813393903 -0.001575251559243455
-0.009043532588569042 +0.000190305967490895
+0.006448088133811028 -0.001679565454085183
-0.009610976377302027 +0.000082605577666946
+0.007121199468100628 -0.001757487007696137
-0.010429110128586007 +0.000051007894151325
+0.007782778016745533 -0.001816095610745835
-0.011711928701988334 +0.000101046831006294
+0.008737270411089839 -0.001847517570143462
-0.013167361852710502 +0.000242534288737826
+0.010363890633122326 -0.001964185127569119
-0.014708746875862740 +0.000427989305915439
+0.012590401678620439 -0.002038524730198261
-0.017227117078061960 +0.000586502420629575
+0.017413779266433227 -0.002336805059638607
-0.012591679944728172 +0.000682994210313296
+0.424651507103672832 -0.002342063396666566
+0.646257563222066511 +0.001241670013847389
+0.784965468892309337 -0.001948421937266444
+0.615682515960069843 +0.002056109967348310
+0.225136359191066809 -0.002685825950027441
-0.784832389182148038 +0.001960626262216257
-1.013838708789650322 -0.004580493536971099
-0.567916806147723552 +0.002877898038561528
-0.069329086948384772 -0.006936439750445830
+0.092556455417707115 +0.088152279533448771
+0.092581652011039628 +0.212375871794444393
+0.258740388023156076 +0.295708909388558261
+0.284532814243515897 +0.302474491291368663
+0.163906633834271981 +0.231162152549713368
+0.013968380285532156 +0.053237964769338092
-0.109918021155661710 -0.201147738659875841
-0.084823520419551962 -0.240364209863766776
+0.021744680276365138 -0.183189892401345644
-0.082766053715506424 -0.123369764145581054
-0.116213698570305474 -0.017838255592105196
-0.065341122577904531 +0.065828898544937203
+0.018322286202402196 +0.097240837538313141
+0.065068200305296225 +0.068142982025266419
+0.072183295330592201 +0.051894562935667070
+0.015449028624350689 +0.044331373293726356
+0.035266693955054808 +0.016343091418154085
+0.035608600059913065 +0.001764135422015944
-0.005524104745846346 -0.003483615326316533
-0.042154065581683928 -0.008541218503276812
-0.031823290295916962 -0.015997769342133084
-0.006698815001202511 -0.016035886251813014
-0.010303263534372435 -0.016777877781749845
-0.020931795081842862 -0.003768005650954656
-0.026997951078994657 +0.014283177179660565
+0.006832135861770450 +0.018884662880533209
+0.046784072682216182 +0.028236663658130677
+0.060943672446595001 +0.028812647414747226
+0.049961798583730614 +0.007707650374880250
+0.018821820576176353 -0.004349376789524529
+0.004158132147080021 -0.005623600411274503
-0.001813142708226417 -0.003123085713570015
-0.033600494824292823 +0.009954348074590912
-0.055968437114078638 +0.024150061889669325
-0.057800343878482666 +0.026040007632737616
-0.043862214474603194 +0.021730956403880883
-0.024181630662667188 +0.011251705766320071
+0.000838790109874593 +0.005917309259417444
+0.017644743070859836 +0.001840489090738385
+0.014440272440769961 -0.007160265439576605
+0.005440200372768818 -0.013818944961678223
+0.000641233717361983 -0.017237519361553651
-0.000702151236511937 -0.012777430827678495
-0.004362742280032592 -0.008984360315690044
-0.016262997692870425 -0.006938926143081184
-0.025519792674743864 -0.002226435940132918
-0.011615854268624019 +0.003576403174496850
+0.001063329398647559 +0.005242414844250726
+0.000100358079885499 +0.005664474197966876
+0.000829575488729402 +0.006752526621551845
+0.004549925819839496 +0.001526107721316526
+0.008370575719467831 -0.005483533468947188
+0.004273012481487572 -0.011579424840067586
-0.001263673053533206 -0.013916775553794572
-0.008515132472065916 -0.008574296503551029
-0.005573085065304767 -0.002870328805267537
-0.000434805974627197 -0.001569633560399148
-0.002020627364556218 -0.002708404637772523
-0.007622478455181674 -0.007479890588530497
-0.008017452213137695 -0.005763921029985731
-0.001591433873626782 +0.000098368631355271
+0.000586107528881466 -0.005236981694541017
-0.001083297440697946 -0.012497754003697455
-0.000877968983067571 -0.011189300109145758
+0.000530527510930097 -0.007850102354242558
+0.000521285943370819 -0.004289651837237312
-0.004123535689487280 -0.004397174748788455
-0.007069014774897717 -0.006790003015938340
-0.009807454979293362 -0.005645143976097979
-0.009096432455044594 -0.002338927775012662
-0.012717634688217348 -0.001359314629511459
-0.010087085726772070 -0.003396277281335988
-0.001076229613252644 -0.002758750022098085
+0.005857436781856301 -0.001826602093681322
+0.006525516461760246 -0.001563986518246303
+0.003033575292624533 -0.002510384068762080
+0.005312361567035538 -0.002214839444959146
+0.002267300872378166 -0.001938959821691257
-0.007106549969769493 -0.002256094709600266
-0.010101267181671888 -0.002217309754895030
-0.012728940858108318 -0.005135309629243005
-0.008934132772608374 -0.004817688535607068
-0.010769025562370391 -0.002690217454498023
-0.011397154067290027 -0.002578854734355878
-0.012264865135851181 -0.001344384774225879
-0.004661323055104810 -0.000375178607584270
+0.003080736411794886 +0.000967573359698641
+0.003399142612170101 +0.000390010810435416
+0.003931552328205382 +0.001853077034983990
+0.003788263433776579 +0.002329031491215035
+0.003032848778859375 +0.000980910033675139
-0.001752751595878694 -0.000557541757152808
-0.008289325533085749 -0.003267752455107723
-0.008861609204680855 -0.005524685661283941
-0.014137973770972048 -0.007551974097820224
-0.009347059783651600 -0.006217882686799793
-0.015256533838931552 -0.004059032613607369
-0.013315751453347796 -0.002448390941632771
-0.005811363736560989 +0.000482414493012345
+0.003373938149662794 +0.001758529085694720
+0.003271827476662976 +0.003969871772670303
+0.004977419268543875 +0.003629692484248903
+0.005372576424318599 +0.002230779769582994
-0.000282569025187962 -0.001588947902186306
-0.005224187773809645 -0.003977474323131247
-0.006565354964272921 -0.006402362136794817
-0.013354164838981360 -0.009788764927245921
-0.011179005013801681 -0.008968136435703883
-0.014000434257050502 -0.007396776126703891
-0.008072612396210890 -0.003852906608305425
-0.011755625336950673 -0.002205766271016991
-0.002561304931901720 -0.000645804894769306
-0.004940516415322428 +0.003768554289108353
+0.011207722800604895 +0.004874337640951869
+0.018855672280134683 +0.005256739782728537
+0.025127891290264673 +0.001012950549176969
+0.030751261060281709 -0.000925458163466726
+0.023048084768879262 -0.003785016331577093
+0.006380271181695688 -0.007785772160916279
+0.001337422273914285 -0.008972902098853921
-0.007620746468641582 -0.008856067155656309
-0.008429361127379270 -0.006862974303040018
-0.002050191076812917 -0.004046878177198687
-0.002450603815950587 +0.001744799460763852
+0.005452481654000946 +0.008594829710863096
+0.004097341200364590 +0.015005116747633858
+0.003418249637088772 +0.016021150816227514
+0.004576231461571607 +0.011667081500216628
-0.000402011973205479 +0.003864851867923621
-0.002344773995187434 -0.003360913269128071
+0.001339332917969727 -0.003111528458665386
-0.005833510605575007 -0.002479391781036608
-0.002559494534692370 -0.000904928556221724
-0.001787376209372634 +0.004036653159055412
-0.004759625132672193 +0.003420665464693537
+0.001977342332243445 +0.003105716389667702
+0.001392966292776647 +0.002886481362424632
+0.001626381195199633 +0.000061576158708092
+0.005910901316577693 -0.000442993625552212
+0.002184459743243668 -0.001254993431387305
+0.000951990069137158 -0.002293746533391601
+0.000605877765177620 -0.002259799329656788
-0.001839538966102734 -0.002021543160020468
-0.001605046433378543 -0.001548109703681485
-0.002236467270016765 -0.000740786661419947
-0.003556917217121683 +0.000086632428166441
-0.001716562186053252 +0.001073329433339004
-0.000946226705442088 +0.002408340107095367
+0.000328152286883732 +0.002866340141166472
+0.002646142831731452 +0.002967040700245945
+0.002181064924475395 +0.001355992637091123
+0.002908111620914294 +0.000117672503344058
+0.002547174764985983 -0.000829052600460513
+0.001080996952195492 -0.002411246573259661
-0.000428006473528903 -0.002284546659460796
-0.002143978218164661 -0.002276487732998222
-0.003266312482208448 -0.001560157522294900
-0.003756149219503372 -0.000330597645435360
-0.003062212499254749 +0.000269938178219877
-0.002245161954105004 +0.001243148612431689
+0.000136035393841525 +0.001840989663021361
+0.000743458978436819 +0.001747895718904121
+0.001397780221065513 +0.001357502088803684
+0.001863509036865043 +0.000741612076043838
+0.000475053654745319 -0.000237926397913180
+0.000585058886980446 -0.000679657316557745
-0.001427675972581268 -0.001292788992934309
-0.002511568087911143 -0.001775550840970703
-0.002367812422338429 -0.001436325412526282
-0.002846156365157069 -0.001184130218365325
-0.002503265678098208 -0.000259170132201416
-0.001391469861668976 +0.000321836569279386
-0.000324221888343623 +0.000462072164303180
+0.000388301849819269 +0.000502938860410876
+0.001807430655891701 +0.000308623587477350
+0.001606620021401421 -0.000030553363147777
+0.001669724495634811 -0.000502297044884423
+0.001618264163778214 -0.000717222469102419
+0.000327617746058470 -0.001145236600121224
+0.000431648897230112 -0.000941961115446950
-0.000871725986483393 -0.001088037372802003
-0.000727133919852489 -0.000868487346725122
-0.000423676014195237 -0.000134237725025176
-0.000258058783920587 -0.000199581739092420
+0.000359010390458755 +0.000396139337863163
+0.000807328698592499 +0.000572030188283834
+0.001610623605624099 +0.000649818434871510
+0.001659701812405990 +0.000748173418407478
+0.001937493581780762 +0.000503395657458590
+0.001121470617617912 +0.000186750855430350
+0.000470899283348679 -0.000137842416995268
-0.000177716890532745 -0.000113384239375042
-0.001887248691379422 -0.000364234780404800
-0.001965396510366609 -0.000140980739949921
-0.002754783670329527 -0.000109346582606179
-0.002332127911207381 +0.000041249526299420
-0.001758477473019714 +0.000475685418189384
-0.001011927599628551 +0.000441457108756011
+0.000118664393287104 +0.000813875723151708
+0.000525285497229034 +0.000632157924199045
+0.001320378442620079 +0.000634361278458676
+0.001398284092693370 +0.000341444481023341
+0.001350441794635841 -0.000305157520438454
+0.001091496514841075 -0.000518542219925317
+0.000562445207735681 -0.000935209853274365
+0.000175377889993109 -0.000979671388413333
-0.000821206500580391 -0.001035224416873116
-0.000804373840754933 -0.000809124840726791
-0.001180368196642252 -0.000522476337880061
-0.000794998244032095 -0.000202323217640389
-0.000479492017120628 +0.000231365333559464
-0.000074355330543870 +0.000357829946208847
+0.000534176377563372 +0.000762691050439655
+0.000656931828964568 +0.000679182597992653
+0.000906188877803854 +0.000680207530680503
+0.000768523256759399 +0.000394861540251866
+0.000367255086241128 -0.000056313452473949
+0.000169467676578533 -0.000160706882838087
-0.000569196970529621 -0.000525530018969059
-0.000716978504106500 -0.000454620824563038
-0.000947090856534362 -0.000438764723818988
-0.000740340056488585 -0.000279236318528923
-0.000831372874175209 +0.000008692316027031
-0.000340573296289122 +0.000156730820904606
-0.000305488455313291 +0.000387109300766564
-0.000234028048051635 +0.000278544210964354
+0.000066386893718875 +0.000362449101313402
-0.000088846499761902 +0.000071120272735654
-0.000225358116277189 -0.000121306171912445
-0.000118408648684753 -0.000184812426364652
-0.000399183513090674 -0.000408180218403069
-0.000113156804863357 -0.000249551971565960
-0.000493455673939216 -0.000348309244985855
-0.000186335211796966 -0.000286746625609201
-0.000455927494472464 -0.000158485319420610
-0.000090419634873632 -0.000120942435078386
+0.000110489990089823 +0.000069491766898537
+0.000178957656968014 +0.000027392336597601
+0.000786954127027081 +0.000058203473215777
+0.000393251386798843 -0.000083206550811940
+0.000238752167784836 -0.000153272832942231
+0.000045750559946974 -0.000241863074595045
-0.000580754177841485 -0.000348992278579166
-0.000805044490357649 -0.000345922383606933
-0.000554367537836265 -0.000371828209109830
-0.000914815583371737 -0.000152422264101835
-0.000216680736876647 -0.000031665986588923
+0.000019717297470148 +0.000329527146006017
-0.000005532773080907 +0.000465896630112915
+0.000750215996796977 +0.000466616627242051
+0.000223143345437438 +0.000366160901941135
+0.000287079299593124 -0.000060953419701055
+0.000443936837891401 -0.000150870726441586
-0.000465385188292866 -0.000463467940771028
-0.000156474962989872 -0.000533436797179612
-0.000560253733831471 -0.000333959869225440
-0.000988337179591334 -0.000377492100654367
-0.000449000188533132 -0.000097540854661127
-0.000741847002332652 +0.000100568804746404
-0.000567030371200483 +0.000104546242763404
+0.000080765340063099 +0.000257377144040033
-0.000240963906894255 +0.000255604123301077
+0.000088009558592894 +0.000087002782291304
+0.000338281839049125 +0.000107089895762649
-0.000218833821344706 -0.000097460223877202
+0.000173358686494471 -0.000260081161546036
-0.000173655168199123 -0.000238516568820119
-0.000468099370022255 -0.000425434718359714
-0.000154373960252908 -0.000326491398917328
-0.000565265420533728 -0.000259340704877715
-0.000305328682470601 -0.000199178395797701
-0.000135014757480441 -0.000005581510994428
-0.000219672324130692 -0.000002604265091371
+0.000094483584634111 +0.000067013746246322
+0.000134655916756516 +0.000068813607173065
+0.000071432202146293 -0.000013783915151711
+0.000110653364340244 -0.000063242408534833
-0.000033329515783739 -0.000126340994027309
-0.000313521786976079 -0.000210129767424714
-0.000273181567971834 -0.000188936041960857
-0.000566995572967933 -0.000174786011482680
-0.000580484880934433 -0.000159039470718927
-0.000409165869974448 -0.000017054510041905
-0.000548800677684903 -0.000033435751682986
-0.000209846376057123 +0.000065285534023673
-0.000166316768075208 +0.000083825766410598
-0.000125746383329086 +0.000009930027268640
+0.000078782230557655 +0.000038922881481689
-0.000092660187834283 -0.000103198450119246
-0.000091326359224533 -0.000153209358779592
-0.000181544826795232 -0.000218668209726884
-0.000342250600391274 -0.000273376625622351
-0.000449667198493083 -0.000248435821347202
-0.000409227262045689 -0.000224217805429959
-0.000541247656386619 -0.000165420471945866
-0.000433754950790159 -0.000127328732048246
-0.000276190539654905 -0.000029812822006891
-0.000329937406460984 -0.000047242418444152
-0.000052819098107744 -0.000001442663906183
-0.000074063957902454 -0.000022124193597427
-0.000071047022904513 -0.000097356532768743
+0.000046850072172015 -0.000077939392870881
-0.000177935701569747 -0.000195229928479417
-0.000132623911846274 -0.000188908148969717
-0.000261324061718089 -0.000209944033683762
-0.000348969541484517 -0.000237928440494486
-0.000386728666485551 -0.000171813236150266
-0.000395379452052146 -0.000166529872528411
-0.000415215052339804 -0.000103540556175767
-0.000357439726872672 -0.000076218558254701
-0.000276142756306807 -0.000027690400732677
-0.000305904216251443 -0.000048287408679480
-0.000178385612822322 -0.000037338987177334
-0.000218576964215703 -0.000059367673131853
-0.000267715944181982 -0.000120945519580979
-0.000198224766256564 -0.000099700538746395
-0.000382536734084758 -0.000183345456272777
-0.000310134187529479 -0.000167081038104656
-0.000393918434322948 -0.000174104786062741
-0.000380524427972953 -0.000193711143039774
-0.000355899884277961 -0.000135025882339759
-0.000342791832074544 -0.000160799913001477
-0.000305165659470152 -0.000107463450212630
-0.000282063695995521 -0.000120660784036382
-0.000270627122375258 -0.000117064284539571
-0.000278325421336388 -0.000126275678884285
-0.000280907531339488 -0.000152858793889909
-0.000310292822224984 -0.000159439913370860
-0.000376763011625111 -0.000187649081000363
-0.000342151826704547 -0.000170020935192334
-0.000453444288449386 -0.000191990705500545
-0.000358284471608767 -0.000160749815159473
-0.000423079759182881 -0.000153419702907251
-0.000338050457957872 -0.000153082504775260
-0.000327458433263052 -0.000108239419030000
-0.000285423802204290 -0.000146314032342512
-0.000265401317012725 -0.000105400965306862
-0.000253566704531477 -0.000146996199876245
-0.000292954780646383 -0.000160139294571996
-0.000304128824988899 -0.000170971926381686
-0.000386141636131090 -0.000210664524406484
-0.000398375471671207 -0.000199506195818984
-0.000480886331741608 -0.000213023854917432
-0.000439134827738201 -0.000194491367055228
-0.000522085072771163 -0.000176572429185036
-0.000400620979677196 -0.000154199887600084
-0.000476755567465416 -0.000128624222340161
-0.000357583118888035 -0.000130042666068846
-0.000386492177750695 -0.000105647606332341
-0.000333567094577900 -0.000151145448608985
-0.000372506087954542 -0.000142914890867266
-0.000334914251486258 -0.000189081395685314
-0.000427274628884079 -0.000207171094394508
-0.000381022617818765 -0.000219210037187936
-0.000486559700185001 -0.000237095936421239
-0.000440685040563042 -0.000232776451283863
-0.000523073435371647 -0.000223283631833715
-0.000450725917044358 -0.000214130387814558
-0.000522929008495791 -0.000190735495087473
-0.000401578198819825 -0.000180281956047455
-0.000483321707465291 -0.000166271568813934
-0.000347020743551791 -0.000175797775721566
-0.000460728282615681 -0.000163549747805715
-0.000335762115463629 -0.000201978571906040
-0.000484583019973052 -0.000191282459208191
-0.000399094755724603 -0.000232969665874510
-0.000518238481107649 -0.000228731126101032
-0.000470666639888423 -0.000245805230511468
-0.000562847576856614 -0.000239324887409551
-0.000453945052887251 -0.000230830218555532
-0.000606468229834538 -0.000211537242181272
-0.000388124610747089 -0.000207344236177292
-0.000596336947500061 -0.000183099823931897
-0.000382930448465680 -0.000205076360853565
-0.000548024956336745 -0.000188285594877078
-0.000417627211454677 -0.000225616761730430
-0.000577570222371371 -0.000220917196395431
-0.000419430233294021 -0.000250289533890295
-0.000676573398589626 -0.000242259964934521
-0.000432333837382344 -0.000269598429319520
-0.000703934850527971 -0.000230955743219918
-0.000488246746436161 -0.000267744177146012
-0.000657578845389990 -0.000219825189701848
-0.000480723675336518 -0.000241283224922535
-0.000669580298991061 -0.000225813667325426
-0.000377864407872804 -0.000230852086619372
-0.000723579375195321 -0.000230337593650126
-0.000337205916966024 -0.000262727192874276
-0.000722140945832102 -0.000235803556744390
-0.000409130478481995 -0.000299564662893808
-0.000723116961892100 -0.000256335833939289
-0.000457900371575944 -0.000307408416452347
-0.000796387150907614 -0.000267763377991118
-0.000431245240722934 -0.000299505106991550
-0.000857573200476762 -0.000251106062608130
-0.000411776042009135 -0.000291849329329149
-0.000841394431334821 -0.000232175591976025
-0.000406302250481917 -0.000284312801651400
-0.000840479546185817 -0.000238580697386434
-0.000366365502388093 -0.000286605852483376
-0.000899372727058770 -0.000259164917959796
-0.000330258340717189 -0.000310717346831953
-0.000955902400695005 -0.000268926427677359
-0.000355345749671269 -0.000341944558123470
-0.000979720116719697 -0.000266492238980822
-0.000394356549069089 -0.000353938429765941
-0.001012370877155465 -0.000263695916859083
-0.000372723735830516 -0.000343793617256299
-0.001068132896057911 -0.000264208465689913
-0.000316192328703360 -0.000336013202308939
-0.001104088705042806 -0.000263324135765587
-0.000289982268026614 -0.000346261618404513
-0.001133365333707086 -0.000267561252321601
-0.000276536775797102 -0.000364593214952624
-0.001198367829583636 -0.000280200030555558
-0.000246661983679058 -0.000381980584391980
-0.001276122022026968 -0.000285842107761853
-0.000230305292069294 -0.000399486498849157
-0.001315163450508158 -0.000276411828639794
-0.000224222427035712 -0.000410387576809917
-0.001343774057887861 -0.000268988035775481
-0.000183513706756500 -0.000410971018834118
-0.001407505508646043 -0.000275370629072546
-0.000116539527453375 -0.000414070004467828
-0.001487189494682556 -0.000285014263848583
-0.000074772487885346 -0.000431145971936396
-0.001561008044872818 -0.000288373760633932
-0.000052055778798276 -0.000453377680259237
-0.001648037879248430 -0.000288017626549500
-0.000007306818950813 -0.000467256545305016
-0.001745356816731018 -0.000283382649044987
+0.000049977280211090 -0.000477448927181872
-0.001819398628368938 -0.000271518610735619
+0.000103817584304240 -0.000490572997764891
-0.001885327121867349 -0.000264349124777092
+0.000173838584122810 -0.000503292309756238
-0.001985871409836863 -0.000271165073196430
+0.000263102769523110 -0.000518126755737975
-0.002116485457722733 -0.000280685122885827
+0.000345133686747490 -0.000541569803289054
-0.002251913474553460 -0.000279735579273991
+0.000426493343637355 -0.000567598583840932
-0.002398541487583423 -0.000269746584885740
+0.000541694452676467 -0.000587403338781785
-0.002569832227673501 -0.000255718600678969
+0.000707975983134659 -0.000606359650222551
-0.002795069164342305 -0.000236282126885601
+0.001026571921498439 -0.000641062781765883
-0.003631340956388289 -0.000190067532082743
+0.000118597151687745 -0.000800165234097891
-0.004337368912284982 -0.000240192125635422
-0.000054556753946009 -0.000642391183380239
-0.004182882912444066 -0.000284534079856974
+0.003285208020328317 -0.000665346610977197
-0.002630300622019395 -0.000245673496364580
+0.002739610029191356 -0.000892449165286996
