-0.008772382536638510 -0.000213447028509763
+0.007141205516789218 -0.000531936425602977
-0.006997061633504156 +0.000160502561902806
+0.007091050991828222 -0.000162160283664223
-0.006668853924548844 +0.000388846112761988
+0.006411526743793939 -0.000355264451227768
-0.007390198270029086 -0.000133820194931117
+0.006815702857335288 -0.001224703511709222
-0.009211081944365256 -0.000400948833774074
+0.007829924289759883 -0.001081250601137789
-0.009038411564585250 -0.000248065868679544
+0.007570488563372103 -0.000533074980519323
-0.008522088848747243 +0.000109106697746641
+0.007816647583023173 -0.000544441909677773
-0.009067202103975356 +0.000062865338587689
+0.009029771080448406 -0.000780074652538294
-0.009925166729715143 -0.000055434494199085
+0.009400030065144458 -0.000918876136154554
-0.010413678965513906 -0.000082926826283676
+0.009588021043574159 -0.000785485456361170
-0.010952272519015465 -0.000096002479484851
+0.009696144875064445 -0.000765880443545575
-0.011418556165542900 -0.000021520856366188
+0.010497107647070210 -0.000920543029356928
-0.011837966686779909 +0.000083027527882192
+0.011339981320227482 -0.000882265861048000
-0.012416551099718443 +0.000135106354565189
+0.011969763508345523 -0.000824869580074102
-0.012885388641935763 +0.000111220798532111
+0.012662212327845606 -0.000917553351025210
-0.013738859959973267 +0.000013906213154860
+0.013203098443186935 -0.000986377615476950
-0.014763118374633094 +0.000024543371568728
+0.014029793757230749 -0.001027563772809926
-0.016013407328805952 +0.000220540418669814
+0.015133768900529750 -0.000956145147687466
-0.017428631747587138 +0.000350510869946403
+0.016837924651105677 -0.000943758934927457
-0.018902549048411137 +0.000288756590376570
+0.018704565282230030 -0.001028404652925711
-0.021117136199641357 +0.000203581267197751
+0.021384753070493694 -0.001148651662093538
-0.024234704856389011 +0.000203676917713806
+0.025811725004167389 -0.001184629558035956
-0.031097750588422235 +0.000297117997250422
+0.037868443424187659 -0.001391268182358471
-0.052655933550091100 +0.000528963221887672
+0.295927541031561658 -0.001154564331218823
+0.555666432002442701 +0.001151064697948110
+0.752827124450377916 -0.000420615128306213
+0.680316411993180381 +0.001396226606396244
+0.374924981053387341 -0.000764351831291510
-0.484616095838092287 +0.000306701328405387
-1.026244460249574608 -0.001585104825123507
-0.635316037121841370 -0.001326443613415331
-0.186879635941277933 +0.008447681850445608
+0.099595773163979023 +0.136936502847315511
+0.020311140090648098 +0.239734514182536551
+0.207643626156360062 +0.330281583534588252
+0.282304430834635578 +0.300698746874165090
+0.221002336997353610 +0.195130643373042256
+0.053618233355295253 -0.053289546783997513
-0.077301674959963915 -0.247988236023719083
-0.124427572209757240 -0.231313127950119213
+0.020900650077189886 -0.172653207859477714
-0.040922876192317312 -0.071778536280785898
-0.125195248292421513 +0.012160579997732738
-0.093636554076490047 +0.081213644572338775
+0.003863593449347519 +0.091596182731771891
+0.060655986812821888 +0.054876791147860614
+0.080866089138641892 +0.048607676234244890
+0.026469589504093106 +0.032996992279879546
+0.017445010017157578 +0.008955953682358271
+0.050640422446160828 +0.001624376721492782
+0.022982652178395367 +0.000950488219480723
-0.049722354838443589 -0.001394530635962300
-0.048390261836267365 -0.011527606003706708
-0.007101971319574562 -0.015691010327644007
+0.010545316562318371 -0.013332782517331443
+0.013296804492954511 +0.003721370690171252
-0.023911052495321661 +0.012457774167894200
-0.029415018768458652 +0.010479091641491375
+0.003891858826319944 +0.021878296981129655
+0.033847042641733938 +0.026954579150119437
+0.052023730346195105 +0.012144924966477398
+0.048503452646609782 -0.000867853434434043
+0.031117582931362527 -0.004647898745783533
+0.025712715322806001 -0.010663627222619045
+0.000772535747380391 -0.002618872662270551
-0.025885672763079487 +0.015128023295124460
-0.046622176636946150 +0.030145060757126908
-0.044854548657486198 +0.032120203714624679
-0.024770282806246383 +0.025501545767725807
-0.023972965975656652 +0.010541249557814270
-0.021980058794018438 +0.002315061046585692
-0.000578801220806839 +0.001788479377096159
+0.014598814081477323 -0.007902248135233395
+0.013995282507319809 -0.018352102404430814
-0.004260959148165582 -0.019044261912114779
-0.005220783912406126 -0.014278083338590215
-0.005870939994508570 -0.007070272386243861
+0.001093666973765953 +0.000772598136364145
-0.005262979046907295 +0.004611515212161494
-0.009104558993339479 +0.007910582968836975
-0.013756178902062360 +0.005698573167174361
-0.005097974789553879 +0.005052491972701095
+0.002737386269680774 +0.005961276963036652
+0.006428919572313743 -0.000450790090217423
+0.005877524619516655 -0.006297435782608179
-0.000447972214168216 -0.013469014440170960
+0.006121801501942376 -0.013935531152537206
+0.007204871541778457 -0.006529167337535959
-0.001828973499821986 -0.000302328766418578
-0.000978416999311513 -0.002664752048226960
-0.007314874781643821 -0.003563485935190513
+0.001110963961525042 -0.005123965482394724
-0.004704369367963999 -0.003733199447137236
-0.000370995221858238 +0.003014566761076683
-0.000845292976768219 -0.004986592816362792
+0.003216599285938569 -0.012034891993866613
+0.004205419095361259 -0.008088398070226922
-0.001343056609107751 -0.004635326891775961
-0.000766904190117965 -0.002394730689933473
-0.005733047661771612 -0.004789414687385916
-0.007935654286644370 -0.002967003452462312
-0.008479165129877606 -0.001720094822955372
-0.008197029711564890 +0.000294731481612655
-0.006245784474298169 -0.002890094613924153
-0.007115308592020080 -0.003381245896466191
+0.010189919521975900 -0.001314732176341617
+0.003002436569762018 -0.001780157891526355
+0.008226262807888423 +0.000443162370938573
+0.004356401055806937 -0.002412029530661791
+0.009671004732475598 -0.001002829535849551
+0.004322045933116225 -0.002902229775064483
-0.005538131006750295 -0.004598865116501122
-0.005776489268910264 -0.002648738712706360
-0.008904246288514805 -0.005588557935443244
-0.008403453355761460 -0.002891318506067479
-0.008471009056026543 -0.001939222304319765
-0.011248129466432867 +0.002292400587645867
-0.006202128431985829 +0.003339446706761702
-0.003006977076118551 +0.003428564958378547
+0.004813172571707760 +0.003774069570719305
+0.003677708249945453 +0.003608623669125437
+0.009285549457988353 +0.003150418730200971
+0.003453192319525058 -0.000767463648942440
+0.004945898582067735 -0.001642333744141321
-0.004524090256509082 -0.003670810135221215
-0.004149809926111384 -0.005314587585024738
-0.008449704895999235 -0.006451226385868962
-0.006271471613239803 -0.005773461302122823
-0.005946539845709242 -0.000573057390013334
-0.007324405537809024 +0.001157303853678111
-0.006070239644562411 +0.004142470115488339
+0.000069591237783995 +0.004937555702896163
+0.000769618469538869 +0.005829496521060785
+0.004636519359217144 +0.004664013792650266
+0.006507724330156671 +0.001226216524501902
+0.008409422598941717 -0.001428372909086369
+0.000335951427121861 -0.002685552651982476
-0.001733106475296219 -0.005318085716811573
-0.009550502183335353 -0.008158489603197001
-0.004254895195648725 -0.009027148953811397
-0.012122993796685320 -0.005354572060509117
-0.006162858219020009 -0.001832778176417673
-0.014811123832009360 -0.000207283009856053
-0.000502037138469809 +0.002950693984562609
-0.004829556810551494 +0.006656788778089301
-0.000898946800135398 +0.008252121555923482
+0.005724858140824213 +0.006549623923472814
+0.002033794040591870 +0.002586745074209479
+0.008888997910480336 +0.000604868142219881
+0.016798557282554884 -0.005994799502942348
+0.016643725850586193 -0.010044260897775905
+0.013002389146087461 -0.015713734958261380
+0.003375042698020136 -0.011382760123780382
-0.004873339163816937 -0.008520574757401322
-0.002692592689996817 -0.002585688707598491
-0.009707636467184769 +0.002135907195212767
-0.004650411620635869 +0.006563107188837786
+0.001191201783586782 +0.010603407016429714
-0.001853055696418748 +0.010146009849430246
+0.004715767828662842 +0.008218785912544359
+0.006512143371085802 +0.004504906211976738
-0.003062551711883773 -0.002593522713112993
+0.004479640983872796 -0.002133883322818039
-0.002677984722569346 -0.000199941457276878
-0.001967236087102496 -0.001596754435776981
-0.000974355118526766 +0.002348610886348643
-0.004671469110221340 +0.004127906623956547
-0.001172116620334562 +0.002154130848256233
-0.002083212453436939 +0.003096893538756008
+0.001607918511363752 +0.001123457947359709
-0.000498255422658526 -0.001632395166293520
+0.002232505673879653 -0.000848621725419898
+0.001904873335558850 -0.004209403364698057
+0.001388472143517934 -0.002690494753971795
+0.000283982367257755 -0.003047123962028131
-0.001184342040441211 -0.002497188780003078
-0.000467304262677150 +0.000067910258042971
-0.002554332728596470 -0.001046549422033593
+0.000341819738713006 +0.002078146611885477
-0.001462785236344650 +0.001672209999496692
-0.000174175479686224 +0.002304077087283259
+0.000266511057076760 +0.002754233210073209
-0.000624910139324996 +0.001257077321304159
+0.002270502119652417 +0.000621204731143316
+0.000081055266161040 -0.000811838047993460
+0.001979301272555603 -0.001541842416847066
+0.000328530951260510 -0.002887052980826162
+0.000365946115551212 -0.002445161622975773
-0.000494204446128992 -0.002374733992456742
-0.001937063954828291 -0.001235736276585944
-0.001520770728506296 +0.000236130807939876
-0.001738280527325432 +0.000763426877861297
-0.001017946239879055 +0.001860198565260564
-0.000365536848799527 +0.001572791290298251
+0.000553252593381743 +0.001645324918803109
+0.001184666386025242 +0.000661631115315596
+0.001381544743587911 -0.000002173699236132
+0.000679510524161441 -0.000521318804454683
+0.000321284094807865 -0.001223176462448791
-0.000894665118420195 -0.001180503194264050
-0.001710591248900386 -0.001267013765059044
-0.001175169702728438 -0.000468278623963835
-0.002621415697992368 -0.000012492128844000
-0.000893284402084892 +0.000336814408962807
-0.002030550265793237 +0.000864088508862549
-0.000091965323798668 +0.000677259735566208
+0.000270938288127463 +0.000654207890439111
+0.000658393472484422 +0.000365989282230083
+0.001462066784036490 -0.000488722553551004
+0.001289408114750070 -0.000738487545052105
+0.001346533828116383 -0.001112278095646707
+0.000250535363461601 -0.001329638802795056
+0.000574325764988022 -0.000835483910846402
-0.000991154639176930 -0.001020375971556366
-0.000325277572421887 -0.000342673267377039
-0.000993279460937792 +0.000019934763281189
-0.000903297754790357 +0.000581659193551110
+0.000650104891005262 +0.000585780804091117
-0.000669410199540508 +0.000731165126092991
+0.002013703448454747 +0.000744696653298701
+0.000053431597630087 +0.000157299674208961
+0.001893521633149895 +0.000327195116398099
+0.000768853783156977 -0.000455958301164927
+0.000177508911634310 -0.000233531211741152
+0.000812410373586111 -0.000510220269983759
-0.001401906487715277 -0.000494734205044100
-0.000526484527598393 -0.000017898048056829
-0.002048583204179571 -0.000214557376339089
-0.001272978128799689 +0.000738061667535242
-0.001449723474073944 +0.000408061472322491
-0.001155666450699486 +0.001032679126452306
+0.000166022017495517 +0.000828867905994055
-0.000336504851136370 +0.000734705437055964
+0.001429129435852526 +0.000594947393756151
+0.000101273017751798 -0.000265057483681382
+0.001755710950779189 -0.000162743258306220
+0.000191967736654466 -0.001159371762673001
+0.000652817121216974 -0.000915912763601704
+0.000427472262712698 -0.001233530378683270
-0.000929459323273614 -0.001145271645391902
+0.000210853803879439 -0.000441003978601313
-0.001434089373061109 -0.000593098985186804
-0.000308090365896231 +0.000383871346751118
-0.000529242407552004 +0.000197632037148547
-0.000477083535336367 +0.000809447420969403
+0.000683297125964219 +0.000695739312043419
-0.000109793237829621 +0.000526811722487885
+0.001257301523493137 +0.000505755214418111
+0.000240972688569541 -0.000139496953153902
+0.000792024045491155 -0.000037767105979665
+0.000316026676488393 -0.000660466922713031
+0.000175356990097620 -0.000439483526121932
-0.000189024188226805 -0.000541515092645543
-0.000369177341181342 -0.000401274558462662
-0.000357103354238976 +0.000048456279755082
-0.000702588524475302 -0.000120323655791421
-0.000413186938324544 +0.000531409389086868
-0.000411366592774561 +0.000171485285543463
-0.000261265919699449 +0.000427239813660768
-0.000012294812660931 +0.000297880441561164
-0.000324827660344470 +0.000066560569370318
+0.000108020132390898 +0.000147234123378390
-0.000464128874236690 -0.000249167136452978
+0.000076671783140264 -0.000042933040176768
-0.000457979291415448 -0.000209009579005659
-0.000086640093080537 -0.000209319312833597
-0.000061049332298116 -0.000043769178301422
-0.000314811350299463 -0.000159349995737092
+0.000161841416644689 +0.000054843486694900
+0.000067175500799997 -0.000151221364665998
-0.000203113734858499 -0.000030654948481387
+0.000209199534497505 -0.000200712863600470
-0.000012195040448051 -0.000210793460270057
-0.000186311638926369 -0.000352608808462577
+0.000532420743266528 -0.000403578884281382
-0.000764758262821307 -0.000373137384603340
+0.000473725858321618 -0.000330752414841680
-0.000636009492899820 -0.000150390293958615
-0.000472508084446587 +0.000060284411434947
+0.000195534766970096 +0.000179115579672475
-0.000757896107589306 +0.000376089819916053
+0.000369185447413045 +0.000303535106057363
-0.000012816866898413 +0.000353066280483231
+0.000258450591037240 +0.000169787132300025
+0.000117195425855671 -0.000283446314224598
+0.000391937868749692 -0.000036699038670331
-0.000329972274835777 -0.000655843720092187
+0.000025077243298796 -0.000406362785508548
-0.000216196706726006 -0.000282624822193323
-0.000849122736170925 -0.000402599945593718
+0.000159885164008944 +0.000130653731737151
-0.001045448335855903 +0.000012108199085786
+0.000116343936429772 +0.000273505751256412
-0.000344026444012172 +0.000229736672579667
-0.000310301616104527 +0.000236920473440788
+0.000536501420949173 +0.000062350017887236
-0.000580324725048958 +0.000013055735046091
+0.000658980993194429 -0.000159144456342734
-0.000401803484954374 -0.000311491998824823
+0.000107724491245159 -0.000158803550425399
-0.000157359625637245 -0.000517400066729241
-0.000386079488302743 -0.000059849114407033
-0.000007954456896705 -0.000322596235344242
-0.000542717843662940 -0.000126994004130597
+0.000119428677200948 +0.000123198319679938
-0.000417412516574719 -0.000238805062281693
+0.000193916670942774 +0.000273841344894539
-0.000081555780585874 -0.000187578362089189
+0.000025676563240238 +0.000010750069392742
+0.000282502374996502 -0.000090126692247136
-0.000283714815126991 -0.000288648344407808
+0.000350356583359981 -0.000059748252269084
-0.000490579137479283 -0.000344647831529923
+0.000064216769987812 -0.000026649020844613
-0.000427892238703805 -0.000177097897703376
-0.000310457077248048 +0.000035593664076176
-0.000187310476699849 +0.000050028366418263
-0.000437984381613628 +0.000030289224800594
+0.000046228145394612 +0.000163377177050367
-0.000303644165609784 -0.000081965185430510
+0.000090148496369422 +0.000092289883496237
-0.000046847341058683 -0.000201447254592873
-0.000127393135227121 -0.000120721025087169
+0.000075264171805745 -0.000219074458036483
-0.000351744892122023 -0.000279364811808690
-0.000046468433912447 -0.000147432143730912
-0.000395879729047252 -0.000260001281189480
-0.000268043082714717 -0.000039305269030601
-0.000310506902310311 -0.000126779824961085
-0.000278009094798550 +0.000014285467621757
-0.000278904526176603 +0.000005733652484799
-0.000064505964357568 -0.000046781749348599
-0.000213901829424342 +0.000032621082004008
+0.000053463789395531 -0.000167227261275961
-0.000084001932560790 -0.000074694495654213
-0.000017019458786114 -0.000221273815404069
-0.000038799537560991 -0.000234254928076777
-0.000136002388892702 -0.000197632938766033
-0.000144600360482384 -0.000274429695730072
-0.000202794036129907 -0.000156890261803255
-0.000254942435831832 -0.000171937456676869
-0.000228558607825743 -0.000113677315002889
-0.000273489587806699 -0.000043707052407639
-0.000181502726675026 -0.000082011810778292
-0.000284290445794437 +0.000001769257530763
-0.000033410449205953 -0.000067947223467807
-0.000375535781826875 -0.000055204170351215
+0.000126344785481324 -0.000078178974064165
-0.000432339891516122 -0.000142864679368718
+0.000053114689706534 -0.000104931789051056
-0.000294979824541659 -0.000193318988075351
-0.000232748434728040 -0.000126143615942683
-0.000096221522579768 -0.000173535902960804
-0.000433681691335069 -0.000151909841215748
-0.000048832312730580 -0.000101333308447356
-0.000346120405141436 -0.000183927302685642
-0.000223555310563502 -0.000048871444119006
-0.000078675277321436 -0.000196421249172394
-0.000442576935393178 -0.000078134799125137
+0.000097162275063332 -0.000169344226542521
-0.000545002302883487 -0.000167006944995357
+0.000106977515790345 -0.000113074340456570
-0.000528378206371998 -0.000243016306307229
+0.000006679384699287 -0.000067938757138526
-0.000405765655700610 -0.000230719048259115
-0.000162383073093446 -0.000090114323982563
-0.000198620995153882 -0.000139636972801816
-0.000312175539578654 -0.000169687576983046
-0.000060524580843188 -0.000055125201069264
-0.000297077124335475 -0.000246699900143121
-0.000142366464537051 -0.000057246079653239
-0.000104525971242675 -0.000261886581771427
-0.000416822107707010 -0.000142593163126918
+0.000116747651730512 -0.000208987870685585
-0.000656280652557533 -0.000232993369865326
+0.000151007681501551 -0.000127095114673208
-0.000660256229408812 -0.000252791855150589
+0.000002169466034066 -0.000070158216555311
-0.000495890473800430 -0.000196701479686674
-0.000159202173182457 -0.000074534736039097
-0.000329500705042156 -0.000113834913888326
-0.000207748173000536 -0.000150791414776799
-0.000284553331443850 -0.000061550722360962
-0.000140565416382954 -0.000244963677843771
-0.000371455314224958 -0.000085391202301731
-0.000045789058350779 -0.000280726695115867
-0.000509905162531727 -0.000167334031633042
+0.000004826338627662 -0.000233306123390690
-0.000609557014074092 -0.000247728574641122
+0.000016679650113621 -0.000153954162721659
-0.000654275754147082 -0.000258766972736621
+0.000028919533866806 -0.000123543389642548
-0.000629135256117825 -0.000200786852464031
+0.000009190470598249 -0.000159162973184286
-0.000547550182497432 -0.000139782542164373
-0.000021722964763785 -0.000217588195005672
-0.000514357721222662 -0.000133021170020855
+0.000009823170714256 -0.000251463826974117
-0.000601714624419417 -0.000175124127930057
+0.000100275596966376 -0.000249603333923119
-0.000725284435944526 -0.000218694102143713
+0.000117509628808794 -0.000222807483356773
-0.000723738915121526 -0.000228671331915013
+0.000029271367402879 -0.000197672058620932
-0.000661915021800530 -0.000210109059659663
+0.000024808409231263 -0.000188857333469768
-0.000720928943130130 -0.000191969828479689
+0.000166150833724944 -0.000214869292235020
-0.000856192065873174 -0.000174711371793144
+0.000271327254722287 -0.000264896679554934
-0.000917788436910663 -0.000180614489458735
+0.000251176402062500 -0.000268804597267159
-0.000919835266223884 -0.000224262490849380
+0.000203385658961497 -0.000222905922066780
-0.000931642319492665 -0.000249217006596196
+0.000192965485260987 -0.000203552739897253
-0.000938283847619795 -0.000217898482539121
+0.000194705361981113 -0.000239322013805131
-0.000920839926096678 -0.000176280987051844
+0.000216532808503270 -0.000285512113469347
-0.000962416968953696 -0.000181793066129999
+0.000330344225772149 -0.000300809253297457
-0.001131378542259528 -0.000225872037484455
+0.000505868721028896 -0.000293148717681546
-0.001321163941890355 -0.000258444752500593
+0.000597247442196966 -0.000279435720697097
-0.001375241476320965 -0.000266342740805952
+0.000553052631612993 -0.000255601337510313
-0.001321036160999225 -0.000265435023983872
+0.000482995752612408 -0.000242260713106712
-0.001275699830269304 -0.000245366744485455
+0.000471484270129906 -0.000279452928306529
-0.001303065573839951 -0.000202406067141085
+0.000565078840086327 -0.000348326282538549
-0.001444199515697719 -0.000181208057525811
+0.000743685623987422 -0.000375728995771357
-0.001657132526903658 -0.000218696542905367
+0.000919586458777790 -0.000337269186663115
-0.001836912032988371 -0.000280884320928746
+0.001006921357613588 -0.000286327459049871
-0.001904220770501586 -0.000307925795508148
+0.001000767548742203 -0.000277245058602023
-0.001899259509914103 -0.000282641383394591
+0.000990542276521935 -0.000314653239854013
-0.001915907094271459 -0.000238424177550721
+0.001036609485336568 -0.000367843808288162
-0.001997440023255741 -0.000210925890461012
+0.001139705476386570 -0.000405885203954916
-0.002147198201500351 -0.000214694196825153
+0.001298978680389310 -0.000407706146026517
-0.002354619333956815 -0.000247140783072653
+0.001491826702869313 -0.000379735107755392
-0.002558245878055754 -0.000285093634262429
+0.001641779709924004 -0.000354486308406186
-0.002678563699899358 -0.000302530980797436
+0.001711132805977915 -0.000360783800691761
-0.002735397804617768 -0.000291736193066137
+0.001765475257735134 -0.000398867446647091
-0.002830714936415838 -0.000264454183134702
+0.001887422228559218 -0.000445801558985906
-0.003012700882010496 -0.000240829990749166
+0.002066640063976468 -0.000472566501585821
-0.003226722269514259 -0.000240184634087515
+0.002245884793699022 -0.000464947190111205
-0.003421946111684568 -0.000262843140870207
+0.002414500306533870 -0.000440061710830902
-0.003608961972599805 -0.000287974511822498
+0.002597998967306497 -0.000432170725133530
-0.003812327298109789 -0.000292491771018216
+0.002801292211845385 -0.000459551458027936
-0.004035452055383208 -0.000276351373029725
+0.003015440190821829 -0.000503251054443798
-0.004285815622103821 -0.000262120772609174
+0.003257398690189254 -0.000529972822254925
-0.004585071313615988 -0.000265783847276966
+0.003547157374213216 -0.000528174903394421
-0.004930458254549835 -0.000283052464717598
+0.003884971413686913 -0.000510263200389613
-0.005323984397901833 -0.000307959808658039
+0.004336280952793072 -0.000480676573823641
-0.006034309079620560 -0.000377217979748272
+0.007941068475482165 -0.000292646312545973
-0.005649136727857166 -0.000483817338046404
+0.006549041119247544 -0.000417496856412902
-0.004712952106313002 -0.000238996870940618
+0.004146919133492456 -0.000853784130265739
-0.008661148976620509 -0.000034321403707527
+0.005599877730761918 -0.000960387756828350
