+0.000300115715310956 +0.000700648619745768
+0.000273732386765402 +0.000180787751948344
+0.000294582015429246 +0.000681487198518278
+0.000424062010048798 -0.000052315949445806
+0.000665370463583694 +0.000713072764004203
+0.000741038620189338 +0.000207334660762310
+0.000610408045222454 +0.000870410554812144
+0.000556851699921132 -0.000338349638226969
+0.000463503384849621 +0.001038109360031990
+0.000307133809577138 -0.000389095209383470
+0.000403489794346408 +0.001285231436804224
+0.000315137660043608 -0.000485051994535065
+0.000288949855819974 +0.002001894374620463
+0.000275174958644271 -0.000874499048240394
+0.000561303125576073 +0.002072299449552734
+0.000328077483953065 -0.000963701112815976
+0.000483493886782299 +0.001889463743244189
+0.000522592876265081 -0.000928352049476519
+0.000514455416580812 +0.002108591752455942
+0.000468376027811261 -0.001049306741805493
+0.000530478377123323 +0.002419423367707969
+0.000309812351391828 -0.001373777330969985
+0.000408888269306993 +0.002826682437561581
+0.000324128944407597 -0.001729037146754064
+0.000454520135102764 +0.003065411289951065
+0.000285462083591826 -0.002110588133829763
+0.000574605037161191 +0.003643915567918284
+0.000374495748009571 -0.002819821166216179
+0.000666453416153279 +0.004772977212844282
+0.000395571566063642 -0.003792617667284626
+0.000769847537903694 +0.005750363373479466
+0.000393445331087142 -0.004570892396151278
+0.000756978908972850 +0.006385895692576221
+0.000426626848614016 -0.005587051421002107
+0.000686776269114025 +0.007803839636200884
+0.000376857821946948 -0.007030770624432948
+0.000745342057288205 +0.009376013568825165
+0.000421452703111475 -0.009728319146210749
+0.000845957006500043 +0.012555702254289779
+0.000438425446400165 -0.013355466290225784
+0.000914855110088326 +0.019176616298271165
+0.000374277415867871 -0.024337279095277532
+0.001003125743020610 +0.037853071995667009
+0.000254426463500428 -0.068736548140636511
+0.001208739694658912 +0.558000117942770268
+0.000153545874750871 +0.990570384667794790
+0.001208259590007025 +0.302357884334895244
+0.000082645615827226 -0.227548772179496150
+0.001311947720793700 -0.063478784128926477
-0.000256615058265848 -0.048503517076965347
+0.001839715109645390 -0.137605030085651864
+0.000302755082640377 -0.149210999948995893
+0.002154929987899134 -0.223820697262892054
-0.000153518601236929 +0.085485739346188999
+0.002475363499716544 +0.341946191999155602
-0.000792781043970528 +0.048121588623532892
+0.004630358772393992 -0.104778578651129162
-0.003658069959059190 -0.118546473975847694
+0.061539875780797712 -0.057537235624881888
+0.166791024173514379 -0.012453920489279076
+0.197902933230656775 -0.034454302111698434
+0.132896023485576054 +0.054882313317071857
+0.052052488464265578 -0.041554084667795879
+0.051766548638613102 -0.054948852733813142
+0.012919665054545604 -0.010108163579676588
-0.034878512553200874 -0.045017492822686675
-0.061111405686034945 -0.005055520879127477
-0.070749986310740726 -0.008577275668573144
-0.029900178386890304 -0.007396832067926051
+0.031990441564912972 +0.021402336006913519
+0.022462063750368758 -0.013627465482515949
+0.001000829556624969 -0.016355130990148951
+0.045852539347649088 -0.025952921253566037
+0.069330434840136151 +0.000190215155085628
+0.048860759408834477 +0.020769489288866405
+0.008412055902888377 -0.009626785345601407
-0.008136969096520424 -0.000048838567120187
-0.003860885992112022 +0.007982575359278838
+0.002370527723635542 -0.017956803318984371
-0.010644997757542208 -0.019316403041071278
-0.015221577041289115 -0.026929732126229452
+0.005420581039849227 -0.020761738986333093
+0.025941921160911534 -0.003032110819604222
+0.018679775850138809 +0.011779978912994208
+0.014878653488685570 +0.016665351338494162
+0.021126632323075083 +0.019109954262745102
+0.017218238395067958 +0.022470686145659065
+0.010589249691370196 +0.012739808172262317
+0.004931828861498027 -0.003186490739936845
-0.003910220229752540 -0.003173330402296561
-0.003733746306811062 -0.014758308458835891
+0.004200397294781446 -0.015208925109350655
+0.008107118873624124 -0.009665068862941370
+0.005123800101694775 +0.001950704635917137
+0.005015142073643887 +0.008271984385615666
+0.004967841125883386 -0.006422831438763443
+0.000719555961022546 -0.003687713060462235
-0.006122103136638755 +0.002671562700768772
-0.009518440143810087 +0.008833730515721835
-0.007143370172536948 +0.012244451265569001
+0.002296480183567712 +0.007250792369353146
+0.007225374981952196 +0.006451603230977586
+0.007273261271680959 +0.003539528732714392
+0.009940523030907110 +0.007752302864330964
+0.012607481153765115 -0.004876299525110898
+0.009980520950143616 -0.013345652626022490
+0.006097422895769215 +0.003033014182489278
+0.003348203228139596 +0.007548882911441061
-0.000566901616605905 -0.005114012356984832
-0.003684021478905659 -0.014043660124893997
-0.004555931667071998 -0.008798644148909351
-0.006211556070141858 -0.012551566906301145
-0.004670106839783302 -0.016127717837829042
-0.001523897552721068 -0.014568540500491544
+0.001828136741310286 -0.010989677342104553
+0.004568744797871088 +0.001908241405138995
+0.004978149238064916 +0.014380463858082095
+0.005886408520533211 +0.012406918784439232
+0.004628413182174619 +0.004879477356048841
+0.002288856315031482 +0.018996089768098027
+0.001277002587130101 +0.019399798800172424
+0.001480766074172975 -0.000963096999457327
+0.002609319878507611 +0.002354518269354450
+0.002743500846954630 +0.005059130869871214
+0.002050094020295596 +0.004435304245616011
+0.003035406850795755 +0.005857424177228645
+0.003851346666895295 +0.009815329879647842
+0.001297589949643171 +0.012700324004496596
-0.001255095068211908 +0.018357212034208606
-0.001479795380267089 +0.022239404228114296
-0.000029625181312903 +0.010558300473213293
+0.001969158273039239 +0.007021653752899711
+0.003300238812369649 +0.013947224460612664
+0.005604997115371056 +0.006505784794290378
+0.006801627953530801 -0.005905507629523478
+0.006101216143414351 -0.002613006706545810
+0.003414231275316382 +0.003964033165265219
-0.000705687713853711 +0.001068215355356662
-0.003277005773019097 +0.000310056109706152
-0.006065084794134767 +0.003835756649028319
-0.007353004227469552 +0.001528988064326273
-0.006233352971831202 +0.006462864142283038
-0.003446554251955282 +0.009312919822177777
+0.001232637963469742 -0.004682997476897955
+0.005018307426991582 -0.007723195106225611
+0.006690885104259922 +0.001916216564785693
+0.007889403720321153 -0.002631832885647376
+0.008052548079973011 -0.015335813580058486
+0.005154220033363582 -0.012585700772729993
+0.002473598982883263 -0.013285053875782287
-0.001451711463674646 -0.020019107276114258
-0.003506481900508479 -0.012297655796531869
-0.003207614478840546 -0.010933224317178584
-0.003298226538372868 -0.010195728719698489
-0.001914066661648022 -0.001961417805464280
+0.002209491284068414 +0.004655694786912275
+0.005937147040081634 -0.003395461997015759
+0.006865472615769252 +0.002762925417966301
+0.007258344933244881 +0.006648653123380420
+0.007462671409301626 -0.001629190234951557
+0.006505468562643169 +0.005355943991264316
+0.004161310883235082 +0.008903340207062403
+0.002921848373277250 +0.007828988421428682
+0.000971475131616814 +0.006459806794484962
+0.000035264131345430 +0.004067588170257631
+0.000898559348402711 +0.003128218489649354
+0.001269442164169794 -0.000392951494925272
+0.002549721185979690 -0.015208351228778481
+0.003502080974137322 +0.011406992122933645
+0.004374694300175654 -0.004546342427189136
+0.004061681937388060 +0.002559289172138645
+0.002421995510153466 +0.015211321121522648
+0.000505176264409763 -0.006342644823625815
-0.001298851044368945 +0.004450967251418886
-0.002732591236574854 +0.006440650709431398
-0.004491591189021770 -0.012156671190554389
-0.005552706358777764 +0.003520603011019807
-0.007064522132204577 -0.000581255061757659
-0.006117617126073814 -0.006613816776817098
-0.005316070388189219 +0.006133762839782515
-0.007058271884085466 -0.006184387023951333
-0.006849190006596406 -0.000245091629157475
-0.006763473611310061 +0.002620916772721440
-0.005595829146442189 -0.006533188182100051
-0.004548548436262597 +0.006583367444410782
-0.004416964952590266 -0.002618794737620087
-0.002739035724103450 -0.002196006347467048
-0.001866323012222674 +0.003822912461075211
-0.001286099929239622 -0.009292296359972635
+0.000287442842806698 -0.000195508187680651
-0.000202934949815360 -0.002275740779537433
-0.001355791934036980 -0.007552924676262725
+0.000152699471179383 +0.001417097477339909
-0.001292062264997913 -0.005824670160016251
-0.001690302988021851 -0.002809480946377080
-0.000609794270257868 -0.001485408493393779
-0.001640529581564342 -0.006970407598459369
-0.000488969188826821 -0.001138632068282193
-0.000134213531770561 -0.003181969571377528
-0.000232368228821912 -0.003311751555544982
+0.001026696690999111 +0.001669916211372804
+0.000965626903730182 -0.001369510308979806
+0.001238478987048704 +0.001901006366901086
+0.001480274960557399 +0.002960590413734122
+0.001143036877051877 -0.001190346660181696
+0.001485381352093798 +0.001234568062644183
+0.000926862799698165 -0.000762789928553207
+0.000747571056795367 -0.001971325446297251
+0.001034774418321972 -0.000685142500377335
+0.000217733324849824 -0.002376770972644148
+0.000235398017891654 -0.000771453527677472
+0.000065380288834571 -0.000073871445340342
-0.000794625564851197 -0.000016451080954919
-0.000617570976009129 +0.001326067070331951
-0.000872268676105035 +0.002285404492990564
-0.000856614842971996 +0.002788356391205068
-0.000279166804752985 +0.004039359298182988
-0.000092529093362475 +0.003466861957305446
+0.000337719959911050 +0.003101236583240259
+0.000477666013824156 +0.003536536056585508
+0.000205778781445932 +0.001753474383884672
+0.000046345373167542 +0.001334647395161477
-0.000537252549705207 +0.000915978501660180
-0.001130521101983168 +0.000826913229290987
-0.001401079508555539 +0.001337434999208835
-0.001815019379323752 +0.000401371343323812
-0.001628177442934490 +0.000898026048350938
-0.001294620107447095 +0.000968471649015524
-0.000959477019146671 +0.000205206018556529
-0.000136576255713386 +0.000496726076594879
+0.000419182073092343 -0.000222798996585828
+0.000825803433037189 -0.000974274530815024
+0.000969506537847898 -0.000155824201601921
+0.000912907877886960 -0.001525990393549038
+0.000518521528077793 -0.001858478583471166
+0.000009240605288712 -0.001362879846964395
-0.000553367339614232 -0.001928963885106660
-0.000950466654310669 -0.001490447736929162
-0.000969230004260577 -0.001508517870597203
-0.000941692436720171 -0.001010949496759759
-0.000379586928100999 -0.000408980727956311
+0.000125554152988549 -0.000305390224422909
+0.000783513187489813 +0.000403782927806118
+0.001404448035425564 +0.000647042226645722
+0.001653151771187856 +0.000527975930801640
+0.001965494103304040 +0.001213082089879377
+0.001860481293667825 +0.001024442975989388
+0.001700659131486943 +0.000198170897152201
+0.001496533900474620 +0.000944114912075096
+0.001237756484561937 +0.000129498948295445
+0.001046769198772960 -0.000036342711005588
+0.001026704391652949 +0.000291391655091055
+0.001006082726745534 +0.000195961489935671
+0.000996935616136701 +0.000593853096876169
+0.001128673348709887 +0.000953831122952915
+0.001091240237052377 +0.001567456737663723
+0.001213279336444972 +0.001534974666707700
+0.001080060779949402 +0.001809519755993931
+0.000944828168259408 +0.001876906866567481
+0.000866556654100819 +0.001409289665166852
+0.000582232264227667 +0.001172930807279825
+0.000466076632610578 +0.001077533625069582
+0.000208287973101177 +0.000773687071827922
+0.000014351769257333 +0.000052637367211993
-0.000102183240358062 +0.000392929135450880
-0.000278727367489898 -0.000005552057607530
-0.000367585807121520 -0.000400798661316468
-0.000403454663039013 -0.000223289486879712
-0.000494535761650029 -0.000320930403889127
-0.000436642685303150 -0.000360618334882807
-0.000368699651844841 -0.000179775734683028
-0.000377468281374648 -0.000112140590868462
-0.000219262054976310 -0.000085031265101983
-0.000257658291459105 -0.000142020687773462
-0.000212826296933800 -0.000143101155975557
-0.000153157080663806 -0.000201659391324947
-0.000245026561783958 -0.000523411679633643
-0.000233944444700283 -0.000186003485628086
-0.000212673287302905 -0.000128962045567366
-0.000221445256048582 -0.000606893245319294
-0.000180508311801564 -0.000068040781965761
-0.000112671139641496 -0.000259151768781214
-0.000023270921646885 -0.000704290546839481
+0.000117869698651579 -0.000295242938444331
+0.000157142314491531 -0.000338600222864210
+0.000324251140859557 -0.000641252471367987
+0.000383362746770612 +0.000204424124412033
+0.000407703319803905 -0.000332788779763527
+0.000521713672025725 +0.000001328046917148
+0.000406891090354378 +0.000262985019636600
+0.000429751512090595 -0.000763778627827059
+0.000368863042513652 +0.000452236656907033
+0.000269060311004097 -0.000869050435060655
+0.000224289666299354 -0.000545532625802900
+0.000094032962568556 +0.000369242042219578
+0.000003442567498086 -0.001370078319153705
-0.000099595227332364 +0.000292978478031921
-0.000182071827125177 +0.000079944733468346
-0.000273429227157500 -0.000854283490297284
-0.000245046957063022 +0.001195519628607932
-0.000293941074436260 -0.000099281403863366
-0.000214723379513196 +0.000235813386802175
-0.000113263678509410 +0.001450270802572262
-0.000136994377989221 -0.000353107236616350
+0.000031430262103219 +0.000868343342973546
-0.000038242925038159 +0.000567766359321435
-0.000068368265915328 -0.000698027462344569
-0.000095724838640440 +0.000983640487753554
-0.000276544181035695 -0.000653129113734829
-0.000321660003543906 -0.000245497189806820
-0.000449004780754130 +0.000734515524095036
-0.000529205601762117 -0.001072654490744930
-0.000468020101741940 +0.000708458052687481
-0.000470278225543830 +0.000026771054962127
-0.000402917967092627 -0.000524781071021416
-0.000200485494036617 +0.001019805057831493
-0.000209750722398497 -0.000554214642844775
-0.000076027721002445 +0.000223722176416936
+0.000014308294194767 +0.000464256246647497
-0.000132017409792823 -0.000731280789340236
-0.000035598594966776 +0.000415696767323420
-0.000180915190512554 -0.000407204381048323
-0.000288885707330502 -0.000677698310836619
-0.000232026827202157 +0.000207518563622603
-0.000370250762095273 -0.000922496625753741
-0.000269107395095634 -0.000221864201705023
-0.000189270797441974 -0.000033149369289583
-0.000166660836996841 -0.000729867091725843
+0.000032032579184188 +0.000330052186887610
+0.000069378958570038 -0.000247830766186112
+0.000137632736224205 -0.000181314372824350
+0.000249691236303433 +0.000395049944357000
+0.000160197919866815 -0.000287921394881749
+0.000212505818867452 +0.000193245807296318
+0.000178688464521003 +0.000160527599317419
+0.000064611384747575 -0.000184695583270559
+0.000124504068426299 +0.000312447403440072
+0.000029906072693648 +0.000020639894044549
+0.000038545036083096 +0.000043030020350460
+0.000096759054597078 +0.000454859562486161
+0.000060861663457696 +0.000108583163802559
+0.000155428992556814 +0.000439076972034017
+0.000190066998456004 +0.000530873776812711
+0.000193253899279270 +0.000274481067434806
+0.000265132219490567 +0.000626219484831172
+0.000236429733991824 +0.000360725483066792
+0.000219581714440429 +0.000322826109807470
+0.000233898845457242 +0.000440052913721786
+0.000136541991476554 +0.000144867080803524
+0.000134062999172371 +0.000240382160192153
+0.000083543049222641 +0.000208299697537330
+0.000007988318110897 +0.000014612552186557
+0.000028644720049351 +0.000211001076574141
-0.000036407491448781 +0.000096251171218146
-0.000027192713601909 +0.000042760191583660
-0.000016824973841627 +0.000286986182574535
-0.000025578127686100 +0.000047591958792875
+0.000008097846917965 +0.000209813578603271
+0.000020218385349148 +0.000251351852897804
+0.000030839903365947 +0.000062204291183275
+0.000051299992134633 +0.000275242128641140
+0.000059201268877435 +0.000108829586964591
+0.000048382786680380 +0.000108397271039727
+0.000077480689301041 +0.000165349187155332
+0.000056501923231376 +0.000020585484621610
+0.000075171859600519 +0.000085225181862325
+0.000094328551936161 +0.000060777179168275
+0.000083290553107694 -0.000026594187942243
+0.000133451706897082 +0.000083669300059925
+0.000129248311958260 +0.000045904513503994
+0.000157936130385180 +0.000020963047083715
+0.000185928990870096 +0.000194348682836078
+0.000187915743434115 +0.000080601438468620
+0.000213781178074831 +0.000181364814681840
+0.000223389921609612 +0.000238611545830657
+0.000225129097786723 +0.000122557341753199
+0.000231891355580519 +0.000240839187571927
+0.000231855728419623 +0.000156797793696058
+0.000213067047533362 +0.000136368439742605
+0.000218555158653326 +0.000164070565029083
+0.000188523150280456 +0.000100308771955445
+0.000174385620040971 +0.000131745772652228
+0.000166612783963087 +0.000132016782183014
+0.000132057024548027 +0.000115829872698972
+0.000139570484313676 +0.000175169174038995
+0.000123020730123079 +0.000181114822281071
+0.000122892888905372 +0.000174707531434827
+0.000137302833351432 +0.000256569568153198
+0.000131505890657082 +0.000205055518609071
+0.000142327035505542 +0.000221096965066590
+0.000144676215832596 +0.000244456893617913
+0.000126945055189805 +0.000161569046455971
+0.000120740720855278 +0.000189070268843212
+0.000095495068768421 +0.000164036454507413
+0.000061922796203733 +0.000123407918743297
+0.000052340920196939 +0.000162885377831189
+0.000016815331283568 +0.000139958684798743
+0.000012099703384264 +0.000149469060281806
+0.000014871990401413 +0.000198603653012451
+0.000011115503525749 +0.000155892986573372
+0.000040155456959666 +0.000209040106348648
+0.000054624457252210 +0.000213875696477231
+0.000073491972290077 +0.000161151225644329
+0.000095477738828191 +0.000225176664791518
+0.000098953754045848 +0.000153864846785761
+0.000098208505680746 +0.000125939177511363
+0.000095490911362326 +0.000148450652561086
+0.000071539990590838 +0.000066568147941209
+0.000063960567785375 +0.000055336230835857
+0.000047815297728665 +0.000090548385156565
+0.000031019746984115 +0.000014116599822614
+0.000044802201352874 +0.000070944153611469
+0.000033888403478306 +0.000102118822589771
+0.000056063088528711 +0.000029446102285893
+0.000071193933718565 +0.000180958809472233
+0.000078352833303092 +0.000089112733481295
+0.000105041406518231 +0.000123172330247490
+0.000104243648450734 +0.000228516480014812
+0.000112585022217079 +0.000051702546233597
+0.000112518622273620 +0.000227427936118919
+0.000104206458281250 +0.000148638664413162
+0.000096821180650926 +0.000069276059066374
+0.000092785039753671 +0.000254808779683507
+0.000080630898516366 +0.000066082853112103
+0.000082185650646888 +0.000155663509147472
+0.000086684227265901 +0.000246235098845255
+0.000081290569844017 +0.000072298364116574
+0.000104767679139076 +0.000279836055279257
+0.000101677397230128 +0.000223642252174860
+0.000114437081417070 +0.000141026285821022
+0.000127363297687561 +0.000366084645550765
+0.000117733862089695 +0.000150339730073636
+0.000129727794153246 +0.000245928564359406
+0.000118756869224753 +0.000330734705061569
+0.000110243657574367 +0.000091358322884615
+0.000108503640475830 +0.000344896481498290
+0.000092631855197427 +0.000193230855459851
+0.000086323613944784 +0.000147640821550877
+0.000087284100257131 +0.000348344638882035
+0.000074079567079529 +0.000100213893220348
+0.000082416699960549 +0.000261944466587252
+0.000087183753063817 +0.000275023860826892
+0.000080038385473056 +0.000114790545404943
+0.000103016417076680 +0.000336953244463340
+0.000095519107632301 +0.000190020271408685
+0.000101729774764234 +0.000184623595324540
+0.000115856881613696 +0.000341577673677589
+0.000100157317006329 +0.000121549644627222
+0.000115372356136997 +0.000275634822941874
+0.000111162405329436 +0.000249359228760783
+0.000104264911387817 +0.000127539226502078
+0.000118494688833765 +0.000306171543372491
+0.000109387476823852 +0.000170653566145259
+0.000114790550481504 +0.000199761248451367
+0.000128089944117514 +0.000300355124589221
+0.000119078275115999 +0.000155094434999870
+0.000138432979209338 +0.000295157593520438
+0.000142928331351388 +0.000262112972648577
+0.000142298310597821 +0.000221991276103619
+0.000165553384403089 +0.000332172321546975
+0.000158910275485586 +0.000256478611128257
+0.000171358368799232 +0.000262625260579314
+0.000181849006412587 +0.000351796974048060
+0.000172441275245285 +0.000210951703629835
+0.000188050075687337 +0.000334472845738390
+0.000181422080509019 +0.000274468051862753
+0.000179078626015923 +0.000253027917593858
+0.000186659521138162 +0.000325399243667831
+0.000177071633594134 +0.000263425535321517
+0.000178973501063200 +0.000289002299251133
+0.000184033212900521 +0.000331732533354341
+0.000176093290969073 +0.000273554270183024
+0.000185904336057611 +0.000340150918138334
+0.000188001305977654 +0.000329185102320192
+0.000184538156510943 +0.000307154248576025
+0.000198688353499365 +0.000362953108035218
+0.000189167880090497 +0.000324294532626126
+0.000195837563160686 +0.000324009009082525
+0.000195107806524128 +0.000367261244878664
+0.000186974033696431 +0.000298443466828919
+0.000191539410909970 +0.000352554813051111
+0.000184020994066171 +0.000341849195155655
+0.000182427036316841 +0.000303276303661771
+0.000186476093960649 +0.000385057339394915
+0.000181977058067214 +0.000300065720854238
+0.000190253110651299 +0.000388440719965849
+0.000192304149777196 +0.000321866589622189
+0.000200067515996976 +0.000401972873570351
+0.000201161558664017 +0.000304285103658141
+0.000214778697023007 +0.000449557208775246
+0.000204745621040225 +0.000259189982157412
+0.000223021596602627 +0.000487355205166939
+0.000207211325914899 +0.000234409389599427
+0.000220216639989156 +0.000492708594555191
+0.000208974319416831 +0.000218057516016567
+0.000216466458914695 +0.000525833073249573
+0.000207423563861615 +0.000156765338757440
+0.000221397888400793 +0.000638423008466260
+0.000206027954103425 +0.000015756735372093
+0.000233495715220701 +0.000868752267719466
+0.000210302396600838 -0.000445496956886448
+0.000247863219727111 +0.002660002652551191
+0.000215767029649424 +0.001907742819057322
+0.000262715076174106 +0.001065769148320250
+0.000217861164812980 +0.000133965072504530
+0.000239198841395283 -0.000039792414310132
+0.000267867105961921 -0.000551515375166899
+0.000239227975573638 +0.000127543914187947
+0.000387824041552406 +0.001046618460472151
+0.000289856919719952 -0.000442552213812267
+0.000369769824434102 +0.001521805608335561
+0.000223944659770782 +0.000733026670986806
