-0.001305996793604419 -0.000567370097997431
-0.001659091013633794 -0.000672952366584341
-0.001011812819208426 -0.000663795786775432
-0.001588666271742739 -0.000786654976304769
-0.001126769702031723 -0.000782546493057648
-0.001705908477354347 -0.000791230759336975
-0.000533730064201154 -0.000347347852100419
-0.001988226583513142 -0.000651350863652356
-0.000112838970981051 -0.000260129793955270
-0.002463760493554864 -0.000650889574783206
-0.000228965073422429 -0.000578149741070808
-0.002325071310943144 -0.000778845077482186
-0.000785815596729167 -0.000769697970564067
-0.001798691416678830 -0.000676249686957253
-0.000994802929104808 -0.000744222955632659
-0.001595337587364151 -0.000741763626129128
-0.000716846967224217 -0.000685036301368036
-0.002099116568557019 -0.000788330613417593
-0.000658682086260406 -0.000569835691110873
-0.002419284005577067 -0.000943991101257653
-0.000336524175309494 -0.000503085074528443
-0.002844869893240462 -0.001113109419716570
+0.000198201785981657 -0.000455267518545672
-0.003349678612357201 -0.001029980580533591
+0.000348857382095769 -0.000494062423400944
-0.003354010990092965 -0.000923098690584954
+0.000172428101346105 -0.000602726971981045
-0.003245138300878030 -0.000878664030629255
-0.000049207113808099 -0.000694488108872465
-0.003210195424085103 -0.000924320516189726
+0.000079077934445247 -0.000669136936602704
-0.003624218297117655 -0.001029265016013772
+0.000403863272687866 -0.000492800664379053
-0.004122833374287634 -0.001171189804078921
+0.001068230895090635 -0.000414891051554613
-0.004799075503340522 -0.001329015576678449
+0.001866454399004349 -0.000374456988636251
-0.005920103278251736 -0.001445667402013706
+0.002744916157690344 -0.000441339875511699
-0.007017304250527918 -0.001497742067946596
+0.003740869180586063 -0.000501402134786950
-0.008256583682079858 -0.001363831677174833
+0.005881518361807700 -0.000360144389626893
-0.011233035662519897 -0.001279033039239420
+0.012401650255728841 -0.000234099543372040
-0.025554419000410614 -0.001489092872167707
+0.121533753675816522 -0.000016379961975332
+0.490891819422282105 -0.001749074163559573
+0.645185912299391484 +0.000325083138341807
+0.797107784894447668 -0.001183465510822200
+0.479105790869673531 +0.000965011267576330
-0.224668729108410542 -0.001478020872316539
-0.962068989596835511 +0.000250789314567907
-0.621083729565615084 -0.002474929398140719
-0.220339291052302322 -0.001798716640137490
+0.040848909021584570 +0.008016146552802804
-0.060345841494445239 +0.116388331889473853
+0.037725476295533314 +0.201035911537097517
+0.253390981250662173 +0.310307120323666585
+0.291096748212863576 +0.311045056702869027
+0.137907975266079730 +0.197638181607622254
-0.036219963628863719 -0.051590144220937537
-0.130607384432975565 -0.210925736970670796
-0.071800422558596796 -0.194374665072383324
-0.027194819249973051 -0.125750052687270020
-0.067779062100774404 -0.052875502616817574
-0.034657638105298365 -0.011288584607590576
+0.013480455833420772 +0.059012665298052949
+0.022634073332555994 +0.070582940566819047
+0.002466519090972623 +0.051917881074371952
-0.031429650860010143 +0.047021162526364776
-0.044363365012371890 +0.023258320251534965
+0.023809126672679832 -0.007052660532040853
+0.056310404305088858 -0.017556369839863552
+0.006327752875719511 -0.001842328804593088
-0.019507038471370315 +0.018838347260046531
-0.003972819757094314 +0.019266136039956226
+0.010175404523425101 +0.017543031031083310
+0.026628181668263078 +0.004434528635472355
+0.020793969291952298 -0.001685299452992240
-0.001929316881995636 -0.011110942800896858
+0.000495376323843774 -0.018782219308473125
-0.022704341076906481 -0.007010233092643602
-0.028653482936000195 +0.004644787154440996
-0.011008410160153036 +0.003417632442335677
+0.015288845011820191 +0.008880909808115662
+0.048331159719377390 +0.014872362221399456
+0.045854922347114843 +0.013328144113695090
+0.018840300951008485 +0.006878146896873522
+0.008922449469890738 +0.002060738677213838
+0.006816842061770275 -0.000619096880236121
-0.004528867310159496 +0.002120927660668541
-0.027291845375432729 +0.014904286010728874
-0.047640964355121412 +0.023664871434368417
-0.051118227373058912 +0.021737865590218182
-0.039714396649334328 +0.015476689237016773
-0.019958104325830856 +0.000784639144359996
+0.003468920112823337 -0.008734501009096753
+0.008177621139840505 -0.010580505313296271
+0.004975150724022388 -0.012519155808847474
-0.000256944227840643 -0.014139324334348398
-0.008713308926810399 -0.011560855743449425
-0.005854280498200221 -0.001109787899662298
-0.001520965388937926 +0.008534131621579257
-0.012202651472367305 +0.007830560307380913
-0.019506974944671823 +0.005806200463842013
-0.010864815190030547 +0.003022274008236755
-0.002077222413976587 -0.002069178342322864
-0.000011221130267573 -0.004682510483292259
+0.001297924744316389 -0.004467132969788729
+0.000677856312124123 -0.010427594566107583
+0.005289179567835950 -0.015532001405593823
+0.007146143654474640 -0.017773050458187979
+0.000540767942378567 -0.014447397221557809
-0.011739713482385346 -0.006620979502059469
-0.007116107874088349 -0.002979060302020893
-0.000650909076800958 -0.003326339550326861
-0.004726942933329623 -0.002380995297553589
-0.007612288212232106 -0.000922357224550782
-0.002223737694585259 +0.004533594719473576
+0.001445793582219522 +0.003698770894724184
-0.000462320679014312 -0.009100799918313519
+0.001446538454971076 -0.012493238685089577
-0.002200957471337433 -0.010483826597767127
-0.002032357143076923 -0.009967904545057558
+0.001156168073107333 -0.008960501049002667
-0.008351707344024236 -0.008713068394951777
-0.015531285157725484 -0.004921272042936005
-0.015254494271979353 -0.001070923925666085
-0.007492932236306755 +0.000987699513525264
-0.007466124799245577 +0.001278983101045738
-0.005502168118490774 +0.002786130307355373
+0.000279506930482770 +0.002517592005773544
+0.004876790253814963 -0.002514657031803259
+0.008006079048236796 -0.005329542313767113
+0.001406810899728630 -0.008574302067219468
-0.000602863609913482 -0.010453418935359698
-0.002409333388531601 -0.011325324605125090
-0.005405267343050883 -0.008825119349951911
-0.014645005544831974 -0.003280467836517688
-0.023337988763178386 +0.000133770838285029
-0.018384947424013448 +0.002502440817849538
-0.011312255606170303 +0.003610245575095923
-0.002901500750766737 +0.005235869442456942
+0.001467270750780323 +0.002828753029345254
+0.008377974114715770 -0.001351233488518659
+0.011699285566966644 -0.002846517798377438
+0.009175837101889392 -0.006029464699073969
-0.000375946896792330 -0.009311828173358110
-0.013698306543199043 -0.014104763892328922
-0.013818599425444573 -0.013356466903425290
-0.018227543952317231 -0.009549176134983347
-0.017729251023376972 -0.002890132316168892
-0.014684461871435975 +0.003358369353564016
-0.010737223811220810 +0.007177713969071501
-0.001638971063327449 +0.011172075186120194
-0.001062517055843001 +0.010045232268717869
-0.002595243934937186 +0.005382617780175836
-0.005393648614742487 -0.001059948802826349
+0.000166439016256060 -0.005952162689340271
+0.002467004348393577 -0.009068155698044079
+0.000753818075080726 -0.012334100500332606
+0.004595750385388109 -0.011711920513339961
+0.002894522052749302 -0.010196483397269772
-0.002177780296615443 -0.006138226724066258
-0.013499615590684860 -0.004952842770841437
-0.019143025907636897 -0.003789921239620348
-0.020364977252768028 -0.001757954524535415
-0.006943604940036338 -0.000518978466324661
+0.004600786694857958 +0.001720649090830964
+0.010401876662530970 +0.002733712038434728
+0.033323519654829485 +0.004248625034898583
+0.027025102238237637 +0.003137809419753224
+0.015522759653586085 -0.000495014154611329
+0.008390764161906379 -0.003355694894035609
+0.009278999645763598 -0.007252464478152693
-0.001810923240523010 -0.009121254451251042
+0.000231286113693469 -0.007662523024641676
+0.000556904703179276 -0.001387532765851852
+0.002422369077020078 +0.003510232076535869
+0.001160397779404798 +0.011947167043333476
+0.006767837569367996 +0.013892018620756126
+0.006328057502640014 +0.012077402062886967
-0.001781985685758956 +0.006938980099785176
-0.002428415199866489 +0.002285965947859334
-0.000955001822485766 -0.001770907171424540
-0.005669077625529054 -0.003731222500661505
-0.001677586273410386 -0.002789810653307065
+0.001557432070147382 +0.003276042809609140
-0.002035019217698535 +0.003530849630667611
+0.002057944029075057 +0.006217581920242340
+0.000995443601487719 +0.007740118418804301
-0.001741688443286642 +0.003789847212741202
+0.000039566610792352 +0.001791941428045235
+0.001550329031978287 -0.000626814904879138
-0.000486414813479067 -0.004011990967947632
-0.000057088284487203 -0.003982635266157889
+0.000468964103337722 -0.003391704504566044
-0.001506433213874529 -0.003130594952738089
-0.000172936858279408 -0.000963809862254063
-0.000651717762630928 -0.000691872265419793
-0.000531135440029973 +0.000467234854074164
-0.000355297911234020 +0.001169052753071702
+0.000623310778720543 +0.001004739228050229
+0.000527154436616944 +0.002155427518789541
+0.001249413900718442 +0.001464008655177725
+0.002320692872910955 +0.001255713701578591
+0.002228265200002329 +0.001528120292684091
+0.003356059049274320 +0.000035348904168291
+0.000839215573757247 -0.000911435927984124
+0.000287631702222315 -0.001218300807119807
-0.000255079847022666 -0.002344906110282168
-0.002054012588294594 -0.002091577897024233
-0.001673031862790715 -0.000833120432496307
-0.002974119044460326 -0.000094543167698722
-0.002858291428097467 +0.001537084551177844
-0.002512293362338439 +0.002296508658026513
-0.001320210081273154 +0.002448827058717212
-0.000670205265458929 +0.002189911577364739
+0.000074707649104730 +0.001374742347690152
+0.000866078254460240 +0.000541005542196668
+0.000607654575008887 -0.000797447573758889
+0.000238438603348815 -0.001464705136995742
-0.001034784923731961 -0.001781381249640792
-0.000328221554554772 -0.001365972776604789
-0.001824085004973295 -0.000997037130176799
-0.002167189442417104 -0.000450150788286801
-0.001507298821095926 +0.000327392245273358
-0.002180155997032003 +0.000232558868265066
-0.000374519168402430 +0.000825771761512516
+0.000137559590006952 +0.000578276429575990
+0.001114084012838026 +0.000008115220775828
+0.001301677089352787 -0.000468330732640976
+0.001986227377439150 -0.000999263814014089
+0.002006913828416140 -0.001388923195238357
+0.001102717864865096 -0.001681797690982937
+0.000995561511511893 -0.001258559356423731
+0.000176739928334578 -0.001127912098214597
+0.000135645994391399 -0.000395583277690896
-0.000873616920253228 +0.000163696841179569
-0.000268961309221090 +0.000810141428897350
-0.000112335703171308 +0.001586168737344926
-0.000157739244832402 +0.001281602565891561
+0.001345772665714470 +0.001348270795637079
+0.000784497196831352 +0.000923741706539510
+0.001141606928851895 +0.000181966709452952
+0.001138907927799088 -0.000200454726704191
+0.000913978977229818 -0.000609258719938408
-0.000116584263174957 -0.000923701989830835
-0.000488005357908736 -0.000858411712429150
-0.000850907695739659 -0.000444699144040070
-0.001763055565317488 -0.000260833808868143
-0.001224378122510484 +0.000555338827953273
-0.001913228657572156 +0.000892255290015972
-0.001249373518192750 +0.001027719071628261
-0.000653264876491885 +0.001159194411769307
-0.000284263715835442 +0.000782123610896461
+0.000753971471697366 +0.000542001680188008
+0.000989564328044359 -0.000092450877541173
+0.001651931204885024 -0.000512557240513306
+0.001258738915814855 -0.000841748477743769
+0.000980458168414118 -0.001063579233160039
+0.000063730888442249 -0.001057777312892409
-0.000453148016972529 -0.001007405833131651
-0.000897528361569484 -0.000618313225710376
-0.001295063438293216 -0.000395529961453894
-0.000640557471486664 +0.000095543953103563
-0.000788780206204266 +0.000379231048155713
+0.000212936851564416 +0.000651430314285646
+0.000520149649745250 +0.000759933478652984
+0.000323680481613570 +0.000494174203914353
+0.000485503532526915 +0.000297957121041317
+0.000173136780577613 -0.000106682484979565
+0.000040846085633043 -0.000306830849200974
-0.000295277686462733 -0.000355343122071728
-0.000219341736432094 -0.000297982440434808
-0.000453666084605064 -0.000058518484476618
-0.000179457212395313 +0.000190149534962441
-0.000600169627456376 +0.000350881427389876
-0.000968274937677371 +0.000315601002981321
-0.000666045897362163 +0.000293015877342426
-0.001171926909489381 -0.000067210934519480
-0.000926932236042575 -0.000263330091699134
-0.000872365131847192 -0.000447733119752598
-0.000564691459301876 -0.000581452020461055
-0.000300822083253157 -0.000403533281231776
-0.000254318153283823 -0.000344364774903602
-0.000181334865783082 -0.000215383170234098
-0.000580835930030632 -0.000098526999698574
-0.000338203659663593 -0.000064265535770357
-0.000291004024634313 -0.000076418439995504
-0.000174855100720403 -0.000089432837947265
+0.000429336349650101 -0.000104726092600511
+0.000898470114541155 -0.000166158620159570
+0.000445584995526532 -0.000154604244091986
+0.000769852312454478 -0.000314907456162559
+0.000693123146126347 -0.000339814909624494
-0.000261400378824759 -0.000513879945131451
-0.000171789139608765 -0.000591247171615498
-0.000151408949194286 -0.000457766402886100
-0.000996983433708475 -0.000393518126981062
-0.000300937938041064 -0.000040543838515232
-0.000433100637633424 +0.000375273319358866
-0.000054691394299936 +0.000483479022451229
+0.000057265621015767 +0.000682825902497877
+0.000149587804480933 +0.000611077147982222
+0.000364829855234450 +0.000365575992307978
+0.000045623583072196 +0.000076555180913446
+0.000102745803897630 -0.000123348234803429
+0.000084075899098590 -0.000395343536679459
-0.000203734777749418 -0.000329923185373359
-0.000502102255741994 -0.000430538850111531
-0.000107608039045387 -0.000136746116765271
-0.000820684982094477 -0.000013312674770588
-0.000642229233097841 -0.000055601232485519
-0.000240714052469365 +0.000313560800923873
-0.000800287955076986 +0.000052309964225575
-0.000112866944948251 +0.000054808555158454
-0.000122302737362912 +0.000130806159963082
-0.000135135966036606 -0.000170585485147950
+0.000113249216390866 -0.000132033814054230
+0.000116981482766912 -0.000148146413262523
+0.000005944326161335 -0.000324756338805197
-0.000044034747072662 -0.000232883719449354
-0.000037386240845745 -0.000196919189423266
-0.000316890495590802 -0.000270613418059163
-0.000143286764524422 -0.000047416589990665
-0.000319532613897520 -0.000095922365970969
-0.000201057929443343 -0.000017703426236311
-0.000076166951754796 +0.000125710279704944
-0.000174721329591084 -0.000073757013751912
+0.000049577506489264 +0.000062318089860864
-0.000106607927092972 -0.000082432820884753
-0.000029672152909092 -0.000228230855447813
-0.000147852066266160 -0.000117948053815030
-0.000168529672579765 -0.000250400141027994
-0.000312315933532040 -0.000189605964613568
-0.000406907073374180 -0.000053331267522619
-0.000335045180970331 -0.000034960593918394
-0.000532057641847826 +0.000053858137090107
-0.000327383846882434 +0.000168415556732272
-0.000408630072003215 +0.000094292615884619
-0.000280453252732134 +0.000101271388661543
-0.000232146603078593 +0.000046118939711110
-0.000278646529562313 -0.000124826784810630
-0.000115164310771500 -0.000118744176940276
-0.000292299784592768 -0.000259770100493819
-0.000225237173671636 -0.000285144475031970
-0.000302439153355053 -0.000252700374439523
-0.000381681018259094 -0.000294763008851169
-0.000424297752445880 -0.000200270778259438
-0.000373134890819644 -0.000141203385479001
-0.000392203641646000 -0.000115143213294841
-0.000386943359230606 -0.000063572632135519
-0.000178416766405536 -0.000019381009246508
-0.000277150647035359 -0.000079100181238075
-0.000077527185640744 -0.000067266285717806
-0.000083901096755470 -0.000097945548144236
-0.000110539834439853 -0.000184641487180449
-0.000018751368662845 -0.000159759569696025
-0.000200319161310896 -0.000224446458065746
-0.000136928847483853 -0.000204724567788723
-0.000254743504235906 -0.000166598363575131
-0.000305546634805252 -0.000160543250940452
-0.000300368545280128 -0.000099382863293257
-0.000316556638534034 -0.000067520442528793
-0.000364202052171893 -0.000054020297984387
-0.000330636259716369 -0.000050412220093918
-0.000270637119042271 -0.000030118553731081
-0.000404637228232923 -0.000096002124663016
-0.000251879468152354 -0.000085958107262695
-0.000328691404842504 -0.000103445703316603
-0.000359825736490572 -0.000153994981437261
-0.000260433299677034 -0.000099961907261128
-0.000368426110636220 -0.000126214475987454
-0.000318305573477796 -0.000106919752508723
-0.000342889530189619 -0.000088587079517217
-0.000331187981606101 -0.000104336844605178
-0.000356318430521818 -0.000107423518317671
-0.000299031668852199 -0.000129893024848727
-0.000317677505716003 -0.000155245671054171
-0.000317307403341968 -0.000187588022423284
-0.000246251571565944 -0.000190116602433961
-0.000365189221759963 -0.000226290641699275
-0.000287796189067841 -0.000201507704461637
-0.000372101407267607 -0.000201651435767341
-0.000393440311621415 -0.000191108373129346
-0.000351683985885348 -0.000139456947258932
-0.000411840966950137 -0.000143413807080894
-0.000327527989264878 -0.000092200463445823
-0.000314864430645175 -0.000086392740187764
-0.000266742827744203 -0.000083770562710005
-0.000283726842757392 -0.000090403951355635
-0.000233025722655132 -0.000123151303240013
-0.000295765960986571 -0.000149338320607966
-0.000336622904981596 -0.000193576259902778
-0.000321870511204901 -0.000197354812607948
-0.000457910256420535 -0.000229071601592478
-0.000400249158329148 -0.000198653882659167
-0.000485327926948252 -0.000183203728092136
-0.000494375048045493 -0.000162212482319349
-0.000463132138068949 -0.000111291088002076
-0.000504850962130156 -0.000119552492613812
-0.000451560181154606 -0.000096033641300854
-0.000456779828621073 -0.000114012614432782
-0.000405333027653736 -0.000135285640748338
-0.000421952528596395 -0.000156894433662839
-0.000359723228112689 -0.000179479666026980
-0.000389237590494233 -0.000202404898779378
-0.000402276214019379 -0.000220629861891675
-0.000390812730909588 -0.000210872988383755
-0.000476478303414349 -0.000239033603598923
-0.000437020674039877 -0.000209203363675359
-0.000509430550096043 -0.000215348750281417
-0.000461255501776757 -0.000210014015192643
-0.000481528742163367 -0.000182913385763032
-0.000484206443043282 -0.000198930473694847
-0.000398526021730998 -0.000176763455163531
-0.000482005098888723 -0.000190696290018826
-0.000409226302472309 -0.000196372349903233
-0.000424815689674492 -0.000204822587840025
-0.000452872979458928 -0.000215456654949699
-0.000467854989910237 -0.000221972335513650
-0.000437435860419355 -0.000217750652368505
-0.000506136434220949 -0.000202937824874640
-0.000494928173774628 -0.000212437604385852
-0.000455194187756701 -0.000171981717404043
-0.000551970248852000 -0.000191586681586469
-0.000463132197145326 -0.000185224242739331
-0.000524619638246525 -0.000179911712874952
-0.000521057333819276 -0.000215802563192794
-0.000492561496925746 -0.000210810391591378
-0.000563662720178715 -0.000231502017537515
-0.000509254239392604 -0.000242142946802994
-0.000559325397455082 -0.000235573748984100
-0.000574262710406406 -0.000240078344705754
-0.000553161496960830 -0.000233647453712430
-0.000581170729550828 -0.000216798423932767
-0.000599961807486411 -0.000227063604001322
-0.000550286695393663 -0.000215285050858788
-0.000582005620363693 -0.000208088263074835
-0.000591750479507694 -0.000242442729976842
-0.000514624746756856 -0.000217134769041408
-0.000599796894670962 -0.000247062849336774
-0.000548859310980584 -0.000268706536865965
-0.000549097150724109 -0.000245300815929432
-0.000611678401600788 -0.000289615306004118
-0.000563606558852389 -0.000274673759951924
-0.000617974160310161 -0.000267988088774884
-0.000617322384562156 -0.000287151792749915
-0.000619102215325836 -0.000258250795676767
-0.000632908406822037 -0.000260170854833728
-0.000634274207126202 -0.000262719952036288
-0.000629991233380691 -0.000243878040984767
-0.000635196727427062 -0.000256236567315036
-0.000643441319675569 -0.000265350514716930
-0.000621612780091295 -0.000249375455832869
-0.000664010377310717 -0.000285598218204358
-0.000639299339986551 -0.000274194711686837
-0.000665401733070696 -0.000273539931046403
-0.000687257217065148 -0.000303553960875662
-0.000672017532667549 -0.000270463832748144
-0.000714102679066055 -0.000292041866135248
-0.000701976398287773 -0.000292333010835133
-0.000715997777704379 -0.000276372554414399
-0.000728493071051470 -0.000299716799177763
-0.000718920176851556 -0.000293471811367213
-0.000740896092073533 -0.000296927601824975
-0.000728571250485592 -0.000311752252833137
-0.000751110944512084 -0.000312800765806543
-0.000735317268071457 -0.000312013624430211
-0.000770667534574240 -0.000329490598011285
-0.000748544259885162 -0.000316921679929556
-0.000769661929634447 -0.000321182793576389
-0.000785024345109262 -0.000332920425229788
-0.000753936109907886 -0.000310228868541819
-0.000802726370671917 -0.000335167181906623
-0.000769674640804656 -0.000326260194550870
-0.000787623999320627 -0.000327219091290678
-0.000799955001862406 -0.000347516926757135
-0.000787273962294906 -0.000339175861623990
-0.000818775544880924 -0.000353810373780526
-0.000809670058425694 -0.000358308135471666
-0.000843341351017681 -0.000360361089265457
-0.000829654707378590 -0.000360085719963940
-0.000874419569935477 -0.000365852826840117
-0.000850272682040389 -0.000357362653175975
-0.000880840421283431 -0.000356143764600849
-0.000888947271606205 -0.000364601797877989
-0.000861816817917826 -0.000345646751101252
-0.000918042915280489 -0.000370451288007451
-0.000869815321317462 -0.000358745555675654
-0.000910793774281441 -0.000371047876982579
-0.000908202954786372 -0.000383857673940872
-0.000907520523948525 -0.000382099850524713
-0.000937308902050085 -0.000397198784244488
-0.000925890738344857 -0.000398954561318388
-0.000971145941876039 -0.000404461067608235
-0.000935563816398220 -0.000404268955570954
-0.001015202939627915 -0.000411195606311111
-0.000940816237565311 -0.000406254404136280
-0.001050033185987669 -0.000410991805434656
-0.000920453747129425 -0.000412815760168322
-0.001154286822191126 -0.000422387895905828
-0.001539952245530191 -0.000372186353194470
-0.001849214443067952 -0.000691013339234357
-0.001689519950637076 -0.000253975430412176
-0.002226914028395559 -0.000515802018591164
-0.000374303702114455 -0.000333831408966759
-0.000155382522948246 -0.000423208137885834
-0.001044306310420924 -0.000459781218304263
-0.000680820879232025 -0.000660435221108464
