00000 +10.158
00010 +8.552
00020 +5.917
00030 +3.846
00040 +2.463
00050 +1.649
00060 +1.293
00070 +1.302
00080 +1.564
00090 +1.905
00100 +2.055
00110 +1.763
00120 +1.012
00130 +0.034
00140 -0.913
00150 -1.681
00160 -2.218
00170 -2.530
00180 -2.657
00190 -2.663
00200 -2.635
00210 -2.667
00220 -2.831
00230 -3.137
00240 -3.529
00250 -3.921
00260 -4.240
00270 -4.443
00280 -4.521
00290 -4.492
00300 -4.396
00310 -4.287
00320 -4.220
00330 -4.231
00340 -4.320
00350 -4.448
00360 -4.564
00370 -4.623
00380 -4.600
00390 -4.493
00400 -4.323
00410 -4.128
00420 -3.954
00430 -3.840
00440 -3.803
00450 -3.827
00460 -3.879
00470 -3.920
00480 -3.925
00490 -3.890
00500 -3.831
00510 -3.777
00520 -3.768
00530 -3.831
00540 -3.977
00550 -4.192
00560 -4.449
00570 -4.715
00580 -4.967
00590 -5.197
00600 -5.407
00610 -5.611
00620 -5.826
00630 -6.066
00640 -6.336
00650 -6.630
00660 -6.933
00670 -7.225
00680 -7.487
00690 -7.710
00700 -7.890
00710 -8.035
00720 -8.158
00730 -8.274
00740 -8.393
00750 -8.519
00760 -8.645
00770 -8.759
00780 -8.845
00790 -8.896
00800 -8.909
00810 -8.893
00820 -8.862
00830 -8.834
00840 -8.822
00850 -8.831
00860 -8.859
00870 -8.896
00880 -8.930
00890 -8.954
00900 -8.967
00910 -8.973
00920 -8.985
00930 -9.012
00940 -9.063
00950 -9.138
00960 -9.232
00970 -9.335
00980 -9.434
00990 -9.522
01000 -9.595
01010 -9.655
01020 -9.709
01030 -9.763
01040 -9.825
01050 -9.895
01060 -9.969
01070 -10.042
01080 -10.103
01090 -10.146
01100 -10.167
01110 -10.167
01120 -10.153
01130 -10.133
01140 -10.116
01150 -10.105
01160 -10.099
01170 -10.094
01180 -10.081
01190 -10.055
01200 -10.012
01210 -9.956
01220 -9.896
01230 -9.842
01240 -9.806
01250 -9.794
01260 -9.806
01270 -9.836
01280 -9.876
01290 -9.917
01300 -9.956
01310 -9.997
01320 -10.044
01330 -10.107
01340 -10.191
01350 -10.297
01360 -10.416
01370 -10.537
01380 -10.647
01390 -10.733
01400 -10.787
01410 -10.808
01420 -10.798
01430 -10.765
01440 -10.713
01450 -10.647
01460 -10.563
01470 -10.456
01480 -10.317
01490 -10.138
01500 -9.916
01510 -9.656
01520 -9.367
01530 -9.067
01540 -8.770
01550 -8.491
01560 -8.233
01570 -7.996
01580 -7.772
01590 -7.554
01600 -7.339
01610 -7.133
01620 -6.948
01630 -6.801
01640 -6.706
01650 -6.667
01660 -6.679
01670 -6.728
01680 -6.796
01690 -6.869
01700 -6.938
01710 -7.003
01720 -7.069
01730 -7.143
01740 -7.232
01750 -7.337
01760 -7.453
01770 -7.570
01780 -7.678
01790 -7.764
01800 -7.823
01810 -7.853
01820 -7.859
01830 -7.848
01840 -7.830
01850 -7.810
01860 -7.792
01870 -7.773
01880 -7.745
01890 -7.697
01900 -7.623
01910 -7.519
01920 -7.388
01930 -7.241
01940 -7.090
01950 -6.952
01960 -6.835
01970 -6.743
01980 -6.669
01990 -6.603
02000 -6.534
02010 -6.459
02020 -6.382
02030 -6.315
02040 -6.276
02050 -6.281
02060 -6.337
02070 -6.439
02080 -6.574
02090 -6.723
02100 -6.871
02110 -7.010
02120 -7.139
02130 -7.267
02140 -7.403
02150 -7.558
02160 -7.733
02170 -7.923
02180 -8.116
02190 -8.298
02200 -8.456
02210 -8.584
02220 -8.681
02230 -8.752
02240 -8.807
02250 -8.855
02260 -8.904
02270 -8.955
02280 -9.002
02290 -9.038
02300 -9.052
02310 -9.037
02320 -8.993
02330 -8.923
02340 -8.840
02350 -8.756
02360 -8.684
02370 -8.631
02380 -8.596
02390 -8.574
02400 -8.554
02410 -8.529
02420 -8.494
02430 -8.452
02440 -8.412
02450 -8.385
02460 -8.382
02470 -8.407
02480 -8.461
02490 -8.534
02500 -8.617
02510 -8.697
02520 -8.770
02530 -8.832
02540 -8.889
02550 -8.948
02560 -9.017
02570 -9.103
02580 -9.206
02590 -9.324
02600 -9.447
02610 -9.565
02620 -9.672
02630 -9.761
02640 -9.833
02650 -9.893
02660 -9.948
02670 -10.007
02680 -10.073
02690 -10.148
02700 -10.224
02710 -10.292
02720 -10.339
02730 -10.357
02740 -10.342
02750 -10.296
02760 -10.229
02770 -10.154
02780 -10.083
02790 -10.025
02800 -9.978
02810 -9.935
02820 -9.888
02830 -9.829
02840 -9.760
02850 -9.686
02860 -9.620
02870 -9.573
02880 -9.553
02890 -9.562
02900 -9.592
02910 -9.634
02920 -9.675
02930 -9.708
02940 -9.728
02950 -9.737
02960 -9.739
02970 -9.743
02980 -9.753
02990 -9.775
03000 -9.807
03010 -9.846
03020 -9.882
03030 -9.910
03040 -9.925
03050 -9.924
03060 -9.909
03070 -9.887
03080 -9.865
03090 -9.850
03100 -9.844
03110 -9.848
03120 -9.858
03130 -9.867
03140 -9.868
03150 -9.858
03160 -9.837
03170 -9.808
03180 -9.781
03190 -9.762
03200 -9.760
03210 -9.778
03220 -9.814
03230 -9.862
03240 -9.915
03250 -9.968
03260 -10.015
03270 -10.058
03280 -10.103
03290 -10.156
03300 -10.224
03310 -10.309
03320 -10.411
03330 -10.524
03340 -10.639
03350 -10.746
03360 -10.840
03370 -10.917
03380 -10.982
03390 -11.039
03400 -11.097
03410 -11.162
03420 -11.236
03430 -11.316
03440 -11.397
03450 -11.470
03460 -11.529
03470 -11.570
03480 -11.593
03490 -11.605
03500 -11.614
03510 -11.627
03520 -11.650
03530 -11.683
03540 -11.723
03550 -11.762
03560 -11.792
03570 -11.806
03580 -11.804
03590 -11.790
03600 -11.771
03610 -11.755
03620 -11.750
03630 -11.758
03640 -11.777
03650 -11.801
03660 -11.821
03670 -11.830
03680 -11.827
03690 -11.811
03700 -11.789
03710 -11.770
03720 -11.759
03730 -11.763
03740 -11.780
03750 -11.807
03760 -11.836
03770 -11.861
03780 -11.878
03790 -11.886
03800 -11.887
03810 -11.887
03820 -11.893
03830 -11.911
03840 -11.942
03850 -11.986
03860 -12.039
03870 -12.095
03880 -12.147
03890 -12.191
03900 -12.226
03910 -12.254
03920 -12.282
03930 -12.317
03940 -12.365
03950 -12.428
03960 -12.505
03970 -12.589
03980 -12.673
03990 -12.750
04000 -12.815
04010 -12.869
04020 -12.917
04030 -12.968
04040 -13.029
04050 -13.104
04060 -13.194
04070 -13.292
04080 -13.391
04090 -13.482
04100 -13.557
04110 -13.617
04120 -13.663
04130 -13.702
04140 -13.744
04150 -13.792
04160 -13.850
04170 -13.915
04180 -13.979
04190 -14.033
04200 -14.072
04210 -14.090
04220 -14.090
04230 -14.077
04240 -14.060
04250 -14.046
04260 -14.041
04270 -14.046
04280 -14.056
04290 -14.065
04300 -14.065
04310 -14.050
04320 -14.020
04330 -13.978
04340 -13.933
04350 -13.893
04360 -13.866
04370 -13.855
04380 -13.859
04390 -13.870
04400 -13.882
04410 -13.887
04420 -13.882
04430 -13.867
04440 -13.848
04450 -13.833
04460 -13.830
04470 -13.842
04480 -13.872
04490 -13.914
04500 -13.960
04510 -14.002
04520 -14.035
04530 -14.054
04540 -14.062
04550 -14.065
04560 -14.070
04570 -14.082
04580 -14.106
04590 -14.140
04600 -14.179
04610 -14.214
04620 -14.236
04630 -14.240
04640 -14.225
04650 -14.194
04660 -14.156
04670 -14.118
04680 -14.089
04690 -14.073
04700 -14.065
04710 -14.059
04720 -14.044
04730 -14.013
04740 -13.962
04750 -13.895
04760 -13.818
04770 -13.743
04780 -13.681
04790 -13.638
04800 -13.613
04810 -13.598
04820 -13.584
04830 -13.560
04840 -13.522
04850 -13.469
04860 -13.410
04870 -13.355
04880 -13.315
04890 -13.296
04900 -13.299
04910 -13.317
04920 -13.341
04930 -13.359
04940 -13.365
04950 -13.358
04960 -13.342
04970 -13.324
04980 -13.313
04990 -13.317
05000 -13.338
05010 -13.373
05020 -13.413
05030 -13.450
05040 -13.475
05050 -13.485
05060 -13.479
05070 -13.463
05080 -13.446
05090 -13.436
05100 -13.440
05110 -13.459
05120 -13.488
05130 -13.519
05140 -13.545
05150 -13.557
05160 -13.554
05170 -13.541
05180 -13.524
05190 -13.515
05200 -13.523
05210 -13.552
05220 -13.600
05230 -13.661
05240 -13.725
05250 -13.784
05260 -13.834
05270 -13.876
05280 -13.918
05290 -13.968
05300 -14.036
05310 -14.127
05320 -14.240
05330 -14.371
05340 -14.509
05350 -14.644
05360 -14.771
05370 -14.885
05380 -14.991
05390 -15.094
05400 -15.202
05410 -15.320
05420 -15.451
05430 -15.592
05440 -15.735
05450 -15.869
05460 -15.987
05470 -16.083
05480 -16.156
05490 -16.213
05500 -16.261
05510 -16.311
05520 -16.367
05530 -16.432
05540 -16.500
05550 -16.564
05560 -16.614
05570 -16.644
05580 -16.653
05590 -16.646
05600 -16.631
05610 -16.620
05620 -16.621
05630 -16.636
05640 -16.664
05650 -16.696
05660 -16.724
05670 -16.741
05680 -16.743
05690 -16.734
05700 -16.720
05710 -16.711
05720 -16.713
05730 -16.731
05740 -16.763
05750 -16.803
05760 -16.845
05770 -16.881
05780 -16.905
05790 -16.918
05800 -16.921
05810 -16.921
05820 -16.925
05830 -16.937
05840 -16.959
05850 -16.991
05860 -17.027
05870 -17.059
05880 -17.081
05890 -17.089
05900 -17.083
05910 -17.067
05920 -17.048
05930 -17.033
05940 -17.030
05950 -17.040
05960 -17.059
05970 -17.081
05980 -17.098
05990 -17.103
06000 -17.094
06010 -17.073
06020 -17.048
06030 -17.027
06040 -17.017
06050 -17.022
06060 -17.040
06070 -17.066
06080 -17.089
06090 -17.104
06100 -17.104
06110 -17.091
06120 -17.068
06130 -17.044
06140 -17.026
06150 -17.019
06160 -17.024
06170 -17.035
06180 -17.047
06190 -17.049
06200 -17.037
06210 -17.008
06220 -16.964
06230 -16.912
06240 -16.859
06250 -16.812
06260 -16.777
06270 -16.751
06280 -16.730
06290 -16.706
06300 -16.672
06310 -16.624
06320 -16.562
06330 -16.491
06340 -16.420
06350 -16.357
06360 -16.309
06370 -16.278
06380 -16.260
06390 -16.248
06400 -16.234
06410 -16.211
06420 -16.179
06430 -16.139
06440 -16.099
06450 -16.065
06460 -16.045
06470 -16.041
06480 -16.052
06490 -16.073
06500 -16.096
06510 -16.114
06520 -16.122
06530 -16.120
06540 -16.110
06550 -16.099
06560 -16.092
06570 -16.095
06580 -16.111
06590 -16.138
06600 -16.170
06610 -16.200
06620 -16.219
06630 -16.223
06640 -16.212
06650 -16.189
06660 -16.164
06670 -16.144
06680 -16.136
06690 -16.144
06700 -16.162
06710 -16.183
06720 -16.196
06730 -16.193
06740 -16.173
06750 -16.139
06760 -16.099
06770 -16.065
06780 -16.046
06790 -16.047
06800 -16.064
06810 -16.090
06820 -16.114
06830 -16.126
06840 -16.121
06850 -16.102
06860 -16.076
06870 -16.054
06880 -16.045
06890 -16.056
06900 -16.085
06910 -16.127
06920 -16.171
06930 -16.208
06940 -16.230
06950 -16.236
06960 -16.230
06970 -16.221
06980 -16.218
06990 -16.231
07000 -16.262
07010 -16.308
07020 -16.362
07030 -16.412
07040 -16.449
07050 -16.468
07060 -16.469
07070 -16.459
07080 -16.448
07090 -16.449
07100 -16.468
07110 -16.506
07120 -16.557
07130 -16.610
07140 -16.652
07150 -16.676
07160 -16.680
07170 -16.670
07180 -16.654
07190 -16.647
07200 -16.658
07210 -16.690
07220 -16.739
07230 -16.795
07240 -16.846
07250 -16.880
07260 -16.895
07270 -16.892
07280 -16.879
07290 -16.868
07300 -16.870
07310 -16.892
07320 -16.933
07330 -16.984
07340 -17.035
07350 -17.074
07360 -17.092
07370 -17.088
07380 -17.067
07390 -17.040
07400 -17.019
07410 -17.013
07420 -17.028
07430 -17.058
07440 -17.092
07450 -17.117
07460 -17.123
07470 -17.103
07480 -17.060
07490 -17.005
07500 -16.952
07510 -16.913
07520 -16.896
07530 -16.899
07540 -16.912
07550 -16.922
07560 -16.916
07570 -16.885
07580 -16.833
07590 -16.766
07600 -16.699
07610 -16.644
07620 -16.611
07630 -16.601
07640 -16.605
07650 -16.611
07660 -16.606
07670 -16.582
07680 -16.535
07690 -16.473
07700 -16.404
07710 -16.342
07720 -16.296
07730 -16.271
07740 -16.264
07750 -16.264
07760 -16.259
07770 -16.239
07780 -16.199
07790 -16.138
07800 -16.065
07810 -15.991
07820 -15.928
07830 -15.885
07840 -15.864
07850 -15.858
07860 -15.854
07870 -15.841
07880 -15.808
07890 -15.754
07900 -15.683
07910 -15.606
07920 -15.537
07930 -15.489
07940 -15.465
07950 -15.460
07960 -15.464
07970 -15.461
07980 -15.440
07990 -15.395
08000 -15.331
08010 -15.255
08020 -15.181
08030 -15.123
08040 -15.086
08050 -15.068
08060 -15.060
08070 -15.048
08080 -15.020
08090 -14.968
08100 -14.892
08110 -14.800
08120 -14.702
08130 -14.613
08140 -14.542
08150 -14.491
08160 -14.455
08170 -14.421
08180 -14.377
08190 -14.312
08200 -14.223
08210 -14.115
08220 -13.999
08230 -13.889
08240 -13.801
08250 -13.739
08260 -13.701
08270 -13.674
08280 -13.645
08290 -13.600
08300 -13.534
08310 -13.448
08320 -13.355
08330 -13.268
08340 -13.203
08350 -13.166
08360 -13.155
08370 -13.157
08380 -13.158
08390 -13.143
08400 -13.106
08410 -13.046
08420 -12.973
08430 -12.900
08440 -12.840
08450 -12.801
08460 -12.784
08470 -12.780
08480 -12.776
08490 -12.758
08500 -12.718
08510 -12.654
08520 -12.571
08530 -12.480
08540 -12.394
08550 -12.324
08560 -12.276
08570 -12.245
08580 -12.220
08590 -12.189
08600 -12.139
08610 -12.063
08620 -11.964
08630 -11.850
08640 -11.735
08650 -11.633
08660 -11.553
08670 -11.495
08680 -11.451
08690 -11.405
08700 -11.342
08710 -11.250
08720 -11.130
08730 -10.987
08740 -10.837
08750 -10.694
08760 -10.571
08770 -10.471
08780 -10.388
08790 -10.306
08800 -10.209
08810 -10.087
08820 -9.933
08830 -9.754
08840 -9.561
08850 -9.370
08860 -9.196
08870 -9.045
08880 -8.915
08890 -8.797
08900 -8.675
08910 -8.536
08920 -8.371
08930 -8.181
08940 -7.974
08950 -7.765
08960 -7.572
08970 -7.406
08980 -7.272
08990 -7.165
09000 -7.072
09010 -6.975
09020 -6.861
09030 -6.725
09040 -6.571
09050 -6.411
09060 -6.265
09070 -6.149
09080 -6.070
09090 -6.026
09100 -6.001
09110 -5.974
09120 -5.926
09130 -5.845
09140 -5.733
09150 -5.600
09160 -5.462
09170 -5.337
09180 -5.235
09190 -5.155
09200 -5.084
09210 -5.005
09220 -4.899
09230 -4.755
09240 -4.569
09250 -4.350
09260 -4.113
09270 -3.876
09280 -3.654
09290 -3.451
09300 -3.265
09310 -3.080
09320 -2.879
09330 -2.649
09340 -2.380
09350 -2.076
09360 -1.747
09370 -1.409
09380 -1.081
09390 -0.776
09400 -0.495
09410 -0.228
09420 +0.043
09430 +0.337
09440 +0.672
09450 +1.054
09460 +1.479
09470 +1.931
09480 +2.388
09490 +2.830
09500 +3.247
09510 +3.643
09520 +4.040
09530 +4.467
09540 +4.951
09550 +5.513
09560 +6.156
09570 +6.866
09580 +7.611
09590 +8.353
09600 +9.060
09610 +9.724
09620 +10.368
09630 +11.040
09640 +11.788
09650 +12.644
09660 +13.600
09670 +14.582
09680 +15.450
09690 +16.036
09700 +16.258
09710 +16.193
09720 +16.005
09730 +15.823
09740 +15.702
09750 +15.624
09760 +15.528
09770 +15.352
09780 +15.067
09790 +14.700
09800 +14.316
09810 +13.983
09820 +13.750
09830 +13.638
09840 +13.641
09850 +13.728
09860 +13.851
09870 +13.957
09880 +14.007
09890 +13.994
09900 +13.942
09910 +13.898
09920 +13.900
09930 +13.969
09940 +14.098
09950 +14.249
09960 +14.359
09970 +14.365
09980 +14.228
09990 +13.957
10000 +13.599
10010 +13.212
10020 +12.840
10030 +12.500
10040 +12.187
10050 +11.879
10060 +11.552
10070 +11.186
10080 +10.781
10090 +10.350
10100 +9.919
10110 +9.512
10120 +9.149
10130 +8.840
10140 +8.585
10150 +8.374
10160 +8.192
10170 +8.022
10180 +7.852
10190 +7.675
10200 +7.493
10210 +7.318
10220 +7.162
10230 +7.040
10240 +6.961
10250 +6.924
10260 +6.924
10270 +6.949
10280 +6.982
10290 +7.010
10300 +7.024
10310 +7.024
10320 +7.019
10330 +7.023
10340 +7.052
10350 +7.114
10360 +7.212
10370 +7.341
10380 +7.486
10390 +7.629
10400 +7.754
10410 +7.851
10420 +7.920
10430 +7.970
10440 +8.019
10450 +8.082
10460 +8.168
10470 +8.281
10480 +8.410
10490 +8.540
10500 +8.651
10510 +8.724
10520 +8.752
10530 +8.738
10540 +8.695
10550 +8.643
10560 +8.602
10570 +8.581
10580 +8.582
10590 +8.598
10600 +8.613
10610 +8.609
10620 +8.571
10630 +8.494
10640 +8.384
10650 +8.258
10660 +8.134
10670 +8.030
10680 +7.957
10690 +7.914
10700 +7.892
10710 +7.876
10720 +7.847
10730 +7.790
10740 +7.701
10750 +7.583
10760 +7.453
10770 +7.328
10780 +7.222
10790 +7.143
10800 +7.089
10810 +7.049
10820 +7.005
10830 +6.939
10840 +6.838
10850 +6.699
10860 +6.526
10870 +6.336
10880 +6.142
10890 +5.957
10900 +5.784
10910 +5.619
10920 +5.448
10930 +5.258
10940 +5.036
10950 +4.775
10960 +4.478
10970 +4.157
10980 +3.825
10990 +3.496
11000 +3.180
11010 +2.878
11020 +2.588
11030 +2.302
11040 +2.012
11050 +1.712
11060 +1.402
11070 +1.086
11080 +0.772
11090 +0.470
11100 +0.191
11110 -0.062
11120 -0.286
11130 -0.486
11140 -0.668
11150 -0.840
11160 -1.006
11170 -1.169
11180 -1.327
11190 -1.474
11200 -1.604
11210 -1.710
11220 -1.790
11230 -1.844
11240 -1.877
11250 -1.895
11260 -1.905
11270 -1.914
11280 -1.922
11290 -1.930
11300 -1.933
11310 -1.925
11320 -1.900
11330 -1.859
11340 -1.801
11350 -1.734
11360 -1.665
11370 -1.600
11380 -1.547
11390 -1.507
11400 -1.477
11410 -1.453
11420 -1.430
11430 -1.404
11440 -1.374
11450 -1.345
11460 -1.322
11470 -1.312
11480 -1.322
11490 -1.352
11500 -1.400
11510 -1.460
11520 -1.524
11530 -1.587
11540 -1.645
11550 -1.700
11560 -1.753
11570 -1.809
11580 -1.872
11590 -1.944
11600 -2.022
11610 -2.103
11620 -2.181
11630 -2.251
11640 -2.310
11650 -2.358
11660 -2.397
11670 -2.431
11680 -2.463
11690 -2.497
11700 -2.534
11710 -2.572
11720 -2.609
11730 -2.641
11740 -2.666
11750 -2.683
11760 -2.694
11770 -2.701
11780 -2.709
11790 -2.721
11800 -2.740
11810 -2.766
11820 -2.797
11830 -2.832
11840 -2.868
11850 -2.904
11860 -2.940
11870 -2.979
11880 -3.022
11890 -3.073
11900 -3.132
11910 -3.201
11920 -3.276
11930 -3.357
11940 -3.439
11950 -3.522
11960 -3.603
11970 -3.684
11980 -3.765
11990 -3.846
12000 -3.929
12010 -4.011
12020 -4.093
12030 -4.172
12040 -4.246
12050 -4.314
12060 -4.376
12070 -4.432
12080 -4.483
12090 -4.528
12100 -4.568
12110 -4.604
12120 -4.635
12130 -4.660
12140 -4.679
12150 -4.692
12160 -4.701
12170 -4.706
12180 -4.710
12190 -4.711
12200 -4.711
12210 -4.710
12220 -4.707
12230 -4.702
12240 -4.695
12250 -4.689
12260 -4.684
12270 -4.683
12280 -4.688
12290 -4.698
12300 -4.714
12310 -4.733
12320 -4.753
12330 -4.774
12340 -4.796
12350 -4.820
12360 -4.848
12370 -4.883
12380 -4.925
12390 -4.976
12400 -5.031
12410 -5.089
12420 -5.146
12430 -5.200
12440 -5.250
12450 -5.297
12460 -5.344
12470 -5.394
12480 -5.449
12490 -5.509
12500 -5.573
12510 -5.638
12520 -5.698
12530 -5.752
12540 -5.798
12550 -5.837
12560 -5.873
12570 -5.908
12580 -5.948
12590 -5.994
12600 -6.045
12610 -6.100
12620 -6.152
12630 -6.199
12640 -6.237
12650 -6.267
12660 -6.290
12670 -6.313
12680 -6.339
12690 -6.373
12700 -6.415
12710 -6.464
12720 -6.515
12730 -6.561
12740 -6.598
12750 -6.623
12760 -6.639
12770 -6.649
12780 -6.661
12790 -6.679
12800 -6.707
12810 -6.744
12820 -6.784
12830 -6.822
12840 -6.849
12850 -6.863
12860 -6.864
12870 -6.855
12880 -6.845
12890 -6.840
12900 -6.847
12910 -6.866
12920 -6.894
12930 -6.924
12940 -6.949
12950 -6.962
12960 -6.962
12970 -6.952
12980 -6.939
12990 -6.932
13000 -6.938
13010 -6.963
13020 -7.004
13030 -7.055
13040 -7.107
13050 -7.151
13060 -7.182
13070 -7.200
13080 -7.211
13090 -7.224
13100 -7.249
13110 -7.291
13120 -7.353
13130 -7.427
13140 -7.503
13150 -7.569
13160 -7.617
13170 -7.644
13180 -7.654
13190 -7.656
13200 -7.662
13210 -7.680
13220 -7.716
13230 -7.765
13240 -7.817
13250 -7.860
13260 -7.883
13270 -7.883
13280 -7.862
13290 -7.828
13300 -7.795
13310 -7.775
13320 -7.776
13330 -7.799
13340 -7.836
13350 -7.875
13360 -7.905
13370 -7.917
13380 -7.910
13390 -7.891
13400 -7.873
13410 -7.869
13420 -7.890
13430 -7.940
13440 -8.014
13450 -8.099
13460 -8.179
13470 -8.242
13480 -8.281
13490 -8.298
13500 -8.304
13510 -8.313
13520 -8.339
13530 -8.391
13540 -8.465
13550 -8.550
13560 -8.629
13570 -8.685
13580 -8.709
13590 -8.700
13600 -8.668
13610 -8.628
13620 -8.599
13630 -8.595
13640 -8.617
13650 -8.657
13660 -8.700
13670 -8.729
13680 -8.730
13690 -8.704
13700 -8.656
13710 -8.605
13720 -8.569
13730 -8.567
13740 -8.607
13750 -8.682
13760 -8.778
13770 -8.877
13780 -8.962
13790 -9.027
13800 -9.072
13810 -9.110
13820 -9.158
13830 -9.230
13840 -9.337
13850 -9.476
13860 -9.633
13870 -9.788
13880 -9.921
13890 -10.018
13900 -10.075
13910 -10.099
13920 -10.106
13930 -10.113
13940 -10.135
13950 -10.180
13960 -10.239
13970 -10.295
13980 -10.330
13990 -10.326
14000 -10.276
14010 -10.185
14020 -10.067
14030 -9.945
14040 -9.841
14050 -9.769
14060 -9.730
14070 -9.713
14080 -9.696
14090 -9.661
14100 -9.596
14110 -9.503
14120 -9.395
14130 -9.297
14140 -9.235
14150 -9.229
14160 -9.285
14170 -9.393
14180 -9.529
14190 -9.669
14200 -9.796
14210 -9.902
14220 -9.997
14230 -10.099
14240 -10.230
14250 -10.411
14260 -10.648
14270 -10.930
14280 -11.234
14290 -11.532
14300 -11.801
14310 -12.030
14320 -12.221
14330 -12.388
14340 -12.554
14350 -12.740
14360 -12.957
14370 -13.202
14380 -13.458
14390 -13.699
14400 -13.899
14410 -14.045
14420 -14.135
14430 -14.180
14440 -14.201
14450 -14.224
14460 -14.264
14470 -14.329
14480 -14.408
14490 -14.481
14500 -14.527
14510 -14.531
14520 -14.489
14530 -14.408
14540 -14.309
14550 -14.213
14560 -14.143
14570 -14.113
14580 -14.121
14590 -14.156
14600 -14.199
14610 -14.229
14620 -14.235
14630 -14.215
14640 -14.176
14650 -14.137
14660 -14.121
14670 -14.145
14680 -14.220
14690 -14.337
14700 -14.478
14710 -14.616
14720 -14.730
14730 -14.805
14740 -14.843
14750 -14.860
14760 -14.879
14770 -14.926
14780 -15.018
14790 -15.154
14800 -15.316
14810 -15.477
14820 -15.609
14830 -15.695
14840 -15.732
14850 -15.734
14860 -15.724
14870 -15.731
14880 -15.777
14890 -15.867
14900 -15.993
14910 -16.129
14920 -16.249
14930 -16.334
14940 -16.374
14950 -16.377
14960 -16.359
14970 -16.348
14980 -16.368
14990 -16.434
15000 -16.547
15010 -16.690
15020 -16.840
15030 -16.969
15040 -17.060
15050 -17.107
15060 -17.121
15070 -17.125
15080 -17.146
15090 -17.212
15100 -17.334
15110 -17.504
15120 -17.700
15130 -17.890
15140 -18.047
15150 -18.155
15160 -18.219
15170 -18.257
15180 -18.303
15190 -18.389
15200 -18.536
15210 -18.744
15220 -18.994
15230 -19.251
15240 -19.484
15250 -19.671
15260 -19.806
15270 -19.906
15280 -19.998
15290 -20.115
15300 -20.283
15310 -20.509
15320 -20.781
15330 -21.070
15340 -21.345
15350 -21.576
15360 -21.751
15370 -21.871
15380 -21.956
15390 -22.035
15400 -22.140
15410 -22.291
15420 -22.492
15430 -22.726
15440 -22.965
15450 -23.173
15460 -23.325
15470 -23.409
15480 -23.435
15490 -23.431
15500 -23.437
15510 -23.490
15520 -23.610
15530 -23.791
15540 -24.004
15550 -24.209
15560 -24.366
15570 -24.452
15580 -24.468
15590 -24.441
15600 -24.415
15610 -24.437
15620 -24.535
15630 -24.711
15640 -24.937
15650 -25.170
15660 -25.362
15670 -25.482
15680 -25.524
15690 -25.506
15700 -25.469
15710 -25.457
15720 -25.503
15730 -25.616
15740 -25.781
15750 -25.959
15760 -26.106
15770 -26.187
15780 -26.181
15790 -26.095
15800 -25.956
15810 -25.808
15820 -25.690
15830 -25.631
15840 -25.635
15850 -25.679
15860 -25.724
15870 -25.725
15880 -25.650
15890 -25.488
15900 -25.255
15910 -24.992
15920 -24.751
15930 -24.574
15940 -24.485
15950 -24.473
15960 -24.500
15970 -24.515
15980 -24.473
15990 -24.351
16000 -24.156
16010 -23.924
16020 -23.707
16030 -23.556
16040 -23.501
16050 -23.541
16060 -23.642
16070 -23.757
16080 -23.838
16090 -23.853
16100 -23.798
16110 -23.691
16120 -23.573
16130 -23.490
16140 -23.476
16150 -23.544
16160 -23.679
16170 -23.845
16180 -24.001
16190 -24.107
16200 -24.138
16210 -24.091
16220 -23.987
16230 -23.868
16240 -23.780
16250 -23.761
16260 -23.820
16270 -23.941
16280 -24.082
16290 -24.195
16300 -24.236
16310 -24.183
16320 -24.046
16330 -23.866
16340 -23.705
16350 -23.621
16360 -23.644
16370 -23.765
16380 -23.944
16390 -24.123
16400 -24.254
16410 -24.306
16420 -24.283
16430 -24.221
16440 -24.178
16450 -24.211
16460 -24.351
16470 -24.594
16480 -24.909
16490 -25.251
16500 -25.576
16510 -25.852
16520 -26.068
16530 -26.235
16540 -26.382
16550 -26.550
16560 -26.774
16570 -27.075
16580 -27.451
16590 -27.883
16600 -28.341
16610 -28.787
16620 -29.184
16630 -29.500
16640 -29.727
16650 -29.886
16660 -30.026
16670 -30.204
16680 -30.464
16690 -30.819
16700 -31.246
16710 -31.691
16720 -32.079
16730 -32.333
16740 -32.407
16750 -32.328
16760 -32.189
16770 -32.102
16780 -32.151
16790 -32.357
16800 -32.691
16810 -33.084
16820 -33.444
16830 -33.685
16840 -33.759
16850 -33.692
16860 -33.574
16870 -33.517
16880 -33.599
16890 -33.851
16900 -34.253
16910 -34.747
16920 -35.249
16930 -35.652
16940 -35.863
16950 -35.851
16960 -35.672
16970 -35.441
16980 -35.267
16990 -35.216
17000 -35.289
17010 -35.427
17020 -35.522
17030 -35.443
17040 -35.093
17050 -34.476
17060 -33.695
17070 -32.899
17080 -32.213
17090 -31.708
17100 -31.390
17110 -31.205
17120 -31.064
17130 -30.867
17140 -30.538
17150 -30.067
17160 -29.507
17170 -28.958
17180 -28.525
17190 -28.273
17200 -28.216
17210 -28.313
17220 -28.487
17230 -28.656
17240 -28.751
17250 -28.737
17260 -28.630
17270 -28.487
17280 -28.380
17290 -28.368
17300 -28.478
17310 -28.696
17320 -28.983
17330 -29.278
17340 -29.516
17350 -29.641
17360 -29.622
17370 -29.468
17380 -29.226
17390 -28.962
17400 -28.741
17410 -28.599
17420 -28.537
17430 -28.518
17440 -28.478
17450 -28.346
17460 -28.066
17470 -27.630
17480 -27.082
17490 -26.513
17500 -26.020
17510 -25.677
17520 -25.503
17530 -25.464
17540 -25.487
17550 -25.492
17560 -25.415
17570 -25.238
17580 -24.995
17590 -24.768
17600 -24.647
17610 -24.688
17620 -24.897
17630 -25.239
17640 -25.658
17650 -26.098
17660 -26.517
17670 -26.892
17680 -27.227
17690 -27.548
17700 -27.893
17710 -28.299
17720 -28.790
17730 -29.378
17740 -30.066
17750 -30.853
17760 -31.731
17770 -32.679
17780 -33.646
17790 -34.525
17800 -35.149
17810 -35.362
17820 -35.170
17830 -34.757
17840 -34.337
17850 -34.011
17860 -33.738
17870 -33.379
17880 -32.774
17890 -31.873
17900 -30.792
17910 -29.745
17920 -28.938
17930 -28.493
17940 -28.424
17950 -28.658
17960 -29.071
17970 -29.524
17980 -29.883
17990 -30.065
18000 -30.084
18010 -30.055
18020 -30.122
18030 -30.390
18040 -30.887
18050 -31.560
18060 -32.276
18070 -32.810
18080 -32.897
18090 -32.399
18100 -31.435
18110 -30.258
18120 -29.072
18130 -27.984
18140 -27.028
18150 -26.184
18160 -25.404
18170 -24.621
18180 -23.774
18190 -22.820
18200 -21.751
18210 -20.602
18220 -19.452
18230 -18.412
18240 -17.599
18250 -17.081
18260 -16.834
18270 -16.750
18280 -16.697
18290 -16.581
18300 -16.374
18310 -16.126
18320 -15.948
18330 -15.947
18340 -16.169
18350 -16.569
18360 -17.058
18370 -17.540
18380 -17.942
18390 -18.219
18400 -18.355
18410 -18.370
18420 -18.308
18430 -18.221
18440 -18.144
18450 -18.087
18460 -18.034
18470 -17.953
18480 -17.808
18490 -17.562
18500 -17.187
18510 -16.665
18520 -15.996
18530 -15.201
18540 -14.327
18550 -13.451
18560 -12.664
18570 -12.041
18580 -11.605
18590 -11.307
18600 -11.060
18610 -10.799
18620 -10.523
18630 -10.322
18640 -10.339
18650 -10.660
18660 -11.245
18670 -11.962
18680 -12.686
18690 -13.337
18700 -13.880
18710 -14.312
18720 -14.654
18730 -14.946
18740 -15.232
18750 -15.547
18760 -15.901
18770 -16.280
18780 -16.656
18790 -16.999
18800 -17.277
18810 -17.464
18820 -17.539
18830 -17.492
18840 -17.332
18850 -17.083
18860 -16.776
18870 -16.438
18880 -16.083
18890 -15.706
18900 -15.295
18910 -14.828
18920 -14.292
18930 -13.699
18940 -13.098
18950 -12.589
18960 -12.277
18970 -12.214
18980 -12.355
18990 -12.608
19000 -12.886
19010 -13.138
19020 -13.348
19030 -13.523
19040 -13.689
19050 -13.875
19060 -14.100
19070 -14.360
19080 -14.637
19090 -14.907
19100 -15.150
19110 -15.357
19120 -15.520
19130 -15.640
19140 -15.718
19150 -15.761
19160 -15.779
19170 -15.778
19180 -15.764
19190 -15.731
19200 -15.670
19210 -15.570
19220 -15.416
19230 -15.198
19240 -14.912
19250 -14.570
19260 -14.198
19270 -13.836
19280 -13.525
19290 -13.292
19300 -13.139
19310 -13.051
19320 -13.009
19330 -12.997
19340 -13.009
19350 -13.052
19360 -13.138
19370 -13.274
19380 -13.455
19390 -13.665
19400 -13.883
19410 -14.091
19420 -14.281
19430 -14.453
19440 -14.611
19450 -14.763
19460 -14.912
19470 -15.061
19480 -15.205
19490 -15.340
19500 -15.459
19510 -15.562
19520 -15.649
19530 -15.723
19540 -15.788
19550 -15.844
19560 -15.887
19570 -15.911
19580 -15.910
19590 -15.879
19600 -15.819
19610 -15.735
19620 -15.634
19630 -15.524
19640 -15.411
19650 -15.298
19660 -15.191
19670 -15.092
19680 -15.004
19690 -14.930
19700 -14.870
19710 -14.826
19720 -14.796
19730 -14.782
19740 -14.785
19750 -14.805
19760 -14.844
19770 -14.896
19780 -14.954
19790 -15.007
19800 -15.045
19810 -15.065
19820 -15.071
19830 -15.072
19840 -15.079
19850 -15.100
19860 -15.139
19870 -15.194
19880 -15.254
19890 -15.305
19900 -15.333
19910 -15.333
19920 -15.309
19930 -15.275
19940 -15.247
19950 -15.237
19960 -15.254
19970 -15.294
19980 -15.348
19990 -15.396
20000 -15.420
20010 -15.408
20020 -15.360
20030 -15.293
20040 -15.226
20050 -15.178
20060 -15.163
20070 -15.182
20080 -15.225
20090 -15.270
20100 -15.292
20110 -15.269
20120 -15.195
20130 -15.082
20140 -14.955
20150 -14.841
20160 -14.762
20170 -14.727
20180 -14.732
20190 -14.752
20200 -14.749
20210 -14.685
20220 -14.535
20230 -14.300
20240 -14.002
20250 -13.687
20260 -13.439
20270 -13.372
20280 -13.532
20290 -13.802
20300 -14.023
20310 -14.140
20320 -14.172
20330 -14.157
20340 -14.121
20350 -14.082
20360 -14.047
20370 -14.022
20380 -14.005
20390 -13.994
20400 -13.975
20410 -13.931
20420 -13.838
20430 -13.685
20440 -13.485
20450 -13.276
20460 -13.101
20470 -12.982
20480 -12.920
20490 -12.904
20500 -12.909
20510 -12.906
20520 -12.856
20530 -12.725
20540 -12.513
20550 -12.262
20560 -12.039
20570 -11.889
20580 -11.825
20590 -11.834
20600 -11.895
20610 -11.975
20620 -12.025
20630 -11.987
20640 -11.819
20650 -11.557
20660 -11.298
20670 -11.132
20680 -11.090
20690 -11.165
20700 -11.343
20710 -11.605
20720 -11.918
20730 -12.186
20740 -12.226
20750 -11.937
20760 -11.521
20770 -11.259
20780 -11.255
20790 -11.518
20800 -12.100
20810 -13.220
20820 -15.576
20830 -19.040
20840 -10.689
20850 -6.822
20860 -6.736
20870 -7.146
20880 -7.515
20890 -7.805
20900 -8.036
20910 -8.226
20920 -8.391
20930 -8.545
20940 -8.703
20950 -8.886
20960 -9.119
20970 -9.443
20980 -9.893
20990 -10.459
21000 -11.008
21010 -11.335
21020 -11.383
21030 -11.275
21040 -11.151
21050 -11.089
21060 -11.130
21070 -11.300
21080 -11.617
21090 -12.063
21100 -12.547
21110 -12.914
21120 -13.049
21130 -12.974
21140 -12.796
21150 -12.624
21160 -12.525
21170 -12.545
21180 -12.710
21190 -13.020
21200 -13.420
21210 -13.793
21220 -14.000
21230 -13.982
21240 -13.793
21250 -13.534
21260 -13.297
21270 -13.146
21280 -13.127
21290 -13.259
21300 -13.523
21310 -13.840
21320 -14.080
21330 -14.133
21340 -13.979
21350 -13.688
21360 -13.358
21370 -13.073
21380 -12.900
21390 -12.883
21400 -13.036
21410 -13.314
21420 -13.607
21430 -13.787
21440 -13.781
21450 -13.612
21460 -13.364
21470 -13.136
21480 -13.008
21490 -13.037
21500 -13.240
21510 -13.581
21520 -13.966
21530 -14.280
21540 -14.438
21550 -14.425
21560 -14.290
21570 -14.108
21580 -13.951
21590 -13.877
21600 -13.917
21610 -14.068
21620 -14.289
21630 -14.508
21640 -14.642
21650 -14.641
21660 -14.501
21670 -14.266
21680 -14.004
21690 -13.781
21700 -13.654
21710 -13.654
21720 -13.775
21730 -13.970
21740 -14.157
21750 -14.254
21760 -14.216
21770 -14.056
21780 -13.830
21790 -13.619
21800 -13.499
21810 -13.529
21820 -13.725
21830 -14.054
21840 -14.433
21850 -14.762
21860 -14.966
21870 -15.029
21880 -14.993
21890 -14.937
21900 -14.941
21910 -15.065
21920 -15.332
21930 -15.714
21940 -16.144
21950 -16.532
21960 -16.798
21970 -16.903
21980 -16.864
21990 -16.740
22000 -16.608
22010 -16.535
22020 -16.565
22030 -16.706
22040 -16.930
22050 -17.174
22060 -17.358
22070 -17.421
22080 -17.340
22090 -17.142
22100 -16.892
22110 -16.668
22120 -16.539
22130 -16.546
22140 -16.690
22150 -16.928
22160 -17.186
22170 -17.379
22180 -17.447
22190 -17.381
22200 -17.229
22210 -17.071
22220 -16.992
22230 -17.053
22240 -17.275
22250 -17.630
22260 -18.048
22270 -18.438
22280 -18.717
22290 -18.845
22300 -18.837
22310 -18.761
22320 -18.701
22330 -18.726
22340 -18.874
22350 -19.135
22360 -19.463
22370 -19.779
22380 -20.002
22390 -20.072
22400 -19.981
22410 -19.772
22420 -19.522
22430 -19.311
22440 -19.195
22450 -19.200
22460 -19.308
22470 -19.468
22480 -19.609
22490 -19.660
22500 -19.582
22510 -19.380
22520 -19.111
22530 -18.850
22540 -18.675
22550 -18.635
22560 -18.742
22570 -18.965
22580 -19.243
22590 -19.493
22600 -19.649
22610 -19.681
22620 -19.612
22630 -19.511
22640 -19.460
22650 -19.528
22660 -19.747
22670 -20.105
22680 -20.548
22690 -20.998
22700 -21.369
22710 -21.598
22720 -21.673
22730 -21.640
22740 -21.579
22750 -21.572
22760 -21.672
22770 -21.892
22780 -22.201
22790 -22.534
22800 -22.809
22810 -22.948
22820 -22.915
22830 -22.734
22840 -22.474
22850 -22.226
22860 -22.064
22870 -22.027
22880 -22.116
22890 -22.292
22900 -22.488
22910 -22.624
22920 -22.639
22930 -22.515
22940 -22.290
22950 -22.040
22960 -21.852
22970 -21.791
22980 -21.884
22990 -22.118
23000 -22.442
23010 -22.779
23020 -23.048
23030 -23.190
23040 -23.198
23050 -23.122
23060 -23.050
23070 -23.065
23080 -23.218
23090 -23.520
23100 -23.938
23110 -24.401
23120 -24.817
23130 -25.093
23140 -25.179
23150 -25.096
23160 -24.930
23170 -24.779
23180 -24.721
23190 -24.788
23200 -24.966
23210 -25.201
23220 -25.408
23230 -25.500
23240 -25.418
23250 -25.172
23260 -24.828
23270 -24.482
23280 -24.219
23290 -24.089
23300 -24.105
23310 -24.237
23320 -24.429
23330 -24.601
23340 -24.681
23350 -24.632
23360 -24.476
23370 -24.282
23380 -24.141
23390 -24.124
23400 -24.273
23410 -24.589
23420 -25.032
23430 -25.530
23440 -25.983
23450 -26.303
23460 -26.452
23470 -26.474
23480 -26.468
23490 -26.540
23500 -26.761
23510 -27.152
23520 -27.680
23530 -28.253
23540 -28.731
23550 -28.972
23560 -28.918
23570 -28.646
23580 -28.305
23590 -28.033
23600 -27.910
23610 -27.961
23620 -28.157
23630 -28.426
23640 -28.660
23650 -28.756
23660 -28.661
23670 -28.412
23680 -28.110
23690 -27.871
23700 -27.783
23710 -27.898
23720 -28.232
23730 -28.762
23740 -29.425
23750 -30.112
23760 -30.690
23770 -31.065
23780 -31.253
23790 -31.387
23800 -31.636
23810 -32.148
23820 -33.035
23830 -34.383
23840 -36.245
23850 -38.539
23860 -40.656
23870 -41.249
23880 -40.269
23890 -39.090
23900 -38.394
23910 -38.279
23920 -38.649
23930 -39.234
23940 -39.531
23950 -39.063
23960 -37.945
23970 -36.692
23980 -35.670
23990 -35.027
