00000 +2.377
00010 +2.135
00020 +1.540
00030 +0.844
00040 +0.246
00050 -0.158
00060 -0.338
00070 -0.309
00080 -0.123
00090 +0.133
00100 +0.332
00110 +0.351
00120 +0.132
00130 -0.278
00140 -0.768
00150 -1.228
00160 -1.593
00170 -1.839
00180 -1.978
00190 -2.047
00200 -2.101
00210 -2.200
00220 -2.381
00230 -2.649
00240 -2.973
00250 -3.304
00260 -3.598
00270 -3.828
00280 -3.983
00290 -4.075
00300 -4.129
00310 -4.176
00320 -4.246
00330 -4.353
00340 -4.497
00350 -4.655
00360 -4.802
00370 -4.913
00380 -4.975
00390 -4.987
00400 -4.962
00410 -4.922
00420 -4.890
00430 -4.885
00440 -4.914
00450 -4.969
00460 -5.033
00470 -5.083
00480 -5.107
00490 -5.100
00500 -5.069
00510 -5.029
00520 -5.000
00530 -5.001
00540 -5.039
00550 -5.111
00560 -5.204
00570 -5.301
00580 -5.391
00590 -5.468
00600 -5.538
00610 -5.611
00620 -5.705
00630 -5.831
00640 -5.994
00650 -6.192
00660 -6.412
00670 -6.641
00680 -6.867
00690 -7.082
00700 -7.285
00710 -7.476
00720 -7.660
00730 -7.840
00740 -8.018
00750 -8.189
00760 -8.347
00770 -8.485
00780 -8.594
00790 -8.669
00800 -8.708
00810 -8.718
00820 -8.705
00830 -8.681
00840 -8.656
00850 -8.637
00860 -8.627
00870 -8.622
00880 -8.618
00890 -8.608
00900 -8.590
00910 -8.566
00920 -8.543
00930 -8.530
00940 -8.537
00950 -8.568
00960 -8.625
00970 -8.702
00980 -8.793
00990 -8.889
01000 -8.987
01010 -9.087
01020 -9.194
01030 -9.315
01040 -9.455
01050 -9.617
01060 -9.796
01070 -9.986
01080 -10.174
01090 -10.349
01100 -10.504
01110 -10.632
01120 -10.732
01130 -10.805
01140 -10.850
01150 -10.867
01160 -10.856
01170 -10.813
01180 -10.736
01190 -10.625
01200 -10.482
01210 -10.312
01220 -10.121
01230 -9.916
01240 -9.706
01250 -9.499
01260 -9.299
01270 -9.108
01280 -8.927
01290 -8.754
01300 -8.585
01310 -8.420
01320 -8.258
01330 -8.102
01340 -7.957
01350 -7.827
01360 -7.717
01370 -7.627
01380 -7.559
01390 -7.508
01400 -7.471
01410 -7.446
01420 -7.434
01430 -7.438
01440 -7.463
01450 -7.517
01460 -7.604
01470 -7.729
01480 -7.892
01490 -8.090
01500 -8.319
01510 -8.573
01520 -8.844
01530 -9.124
01540 -9.402
01550 -9.667
01560 -9.905
01570 -10.103
01580 -10.250
01590 -10.336
01600 -10.356
01610 -10.312
01620 -10.208
01630 -10.054
01640 -9.862
01650 -9.648
01660 -9.426
01670 -9.208
01680 -9.000
01690 -8.807
01700 -8.626
01710 -8.452
01720 -8.282
01730 -8.112
01740 -7.945
01750 -7.783
01760 -7.633
01770 -7.501
01780 -7.389
01790 -7.296
01800 -7.217
01810 -7.148
01820 -7.082
01830 -7.017
01840 -6.953
01850 -6.897
01860 -6.853
01870 -6.829
01880 -6.828
01890 -6.850
01900 -6.890
01910 -6.944
01920 -7.006
01930 -7.073
01940 -7.148
01950 -7.233
01960 -7.333
01970 -7.451
01980 -7.587
01990 -7.739
02000 -7.898
02010 -8.057
02020 -8.209
02030 -8.349
02040 -8.474
02050 -8.583
02060 -8.676
02070 -8.756
02080 -8.820
02090 -8.869
02100 -8.900
02110 -8.910
02120 -8.898
02130 -8.864
02140 -8.809
02150 -8.735
02160 -8.647
02170 -8.550
02180 -8.448
02190 -8.345
02200 -8.242
02210 -8.139
02220 -8.037
02230 -7.935
02240 -7.833
02250 -7.734
02260 -7.641
02270 -7.559
02280 -7.493
02290 -7.445
02300 -7.418
02310 -7.412
02320 -7.425
02330 -7.457
02340 -7.507
02350 -7.574
02360 -7.659
02370 -7.764
02380 -7.890
02390 -8.034
02400 -8.197
02410 -8.374
02420 -8.561
02430 -8.753
02440 -8.948
02450 -9.141
02460 -9.331
02470 -9.517
02480 -9.697
02490 -9.871
02500 -10.038
02510 -10.196
02520 -10.342
02530 -10.475
02540 -10.591
02550 -10.690
02560 -10.770
02570 -10.832
02580 -10.878
02590 -10.906
02600 -10.918
02610 -10.912
02620 -10.888
02630 -10.845
02640 -10.780
02650 -10.693
02660 -10.584
02670 -10.456
02680 -10.308
02690 -10.142
02700 -9.958
02710 -9.758
02720 -9.542
02730 -9.312
02740 -9.072
02750 -8.827
02760 -8.584
02770 -8.351
02780 -8.136
02790 -7.945
02800 -7.785
02810 -7.662
02820 -7.581
02830 -7.545
02840 -7.557
02850 -7.615
02860 -7.715
02870 -7.849
02880 -8.010
02890 -8.189
02900 -8.381
02910 -8.578
02920 -8.777
02930 -8.974
02940 -9.167
02950 -9.354
02960 -9.533
02970 -9.702
02980 -9.860
02990 -10.007
03000 -10.141
03010 -10.262
03020 -10.370
03030 -10.466
03040 -10.551
03050 -10.625
03060 -10.689
03070 -10.744
03080 -10.789
03090 -10.824
03100 -10.850
03110 -10.866
03120 -10.872
03130 -10.871
03140 -10.862
03150 -10.847
03160 -10.827
03170 -10.804
03180 -10.777
03190 -10.748
03200 -10.717
03210 -10.686
03220 -10.654
03230 -10.624
03240 -10.596
03250 -10.572
03260 -10.554
03270 -10.543
03280 -10.539
03290 -10.543
03300 -10.556
03310 -10.578
03320 -10.608
03330 -10.647
03340 -10.692
03350 -10.745
03360 -10.805
03370 -10.871
03380 -10.943
03390 -11.021
03400 -11.104
03410 -11.191
03420 -11.280
03430 -11.371
03440 -11.462
03450 -11.553
03460 -11.642
03470 -11.730
03480 -11.816
03490 -11.901
03500 -11.986
03510 -12.069
03520 -12.151
03530 -12.230
03540 -12.305
03550 -12.377
03560 -12.444
03570 -12.506
03580 -12.566
03590 -12.623
03600 -12.678
03610 -12.732
03620 -12.784
03630 -12.834
03640 -12.881
03650 -12.926
03660 -12.966
03670 -13.003
03680 -13.038
03690 -13.072
03700 -13.106
03710 -13.140
03720 -13.175
03730 -13.210
03740 -13.245
03750 -13.280
03760 -13.315
03770 -13.348
03780 -13.381
03790 -13.414
03800 -13.448
03810 -13.484
03820 -13.522
03830 -13.561
03840 -13.601
03850 -13.640
03860 -13.677
03870 -13.711
03880 -13.741
03890 -13.767
03900 -13.788
03910 -13.806
03920 -13.820
03930 -13.829
03940 -13.834
03950 -13.834
03960 -13.828
03970 -13.814
03980 -13.795
03990 -13.768
04000 -13.737
04010 -13.701
04020 -13.663
04030 -13.624
04040 -13.585
04050 -13.546
04060 -13.507
04070 -13.468
04080 -13.430
04090 -13.391
04100 -13.354
04110 -13.318
04120 -13.287
04130 -13.260
04140 -13.238
04150 -13.223
04160 -13.213
04170 -13.209
04180 -13.208
04190 -13.211
04200 -13.217
04210 -13.226
04220 -13.238
04230 -13.256
04240 -13.278
04250 -13.305
04260 -13.337
04270 -13.372
04280 -13.408
04290 -13.444
04300 -13.479
04310 -13.512
04320 -13.543
04330 -13.572
04340 -13.600
04350 -13.627
04360 -13.652
04370 -13.676
04380 -13.696
04390 -13.711
04400 -13.719
04410 -13.721
04420 -13.716
04430 -13.706
04440 -13.691
04450 -13.672
04460 -13.652
04470 -13.629
04480 -13.604
04490 -13.576
04500 -13.543
04510 -13.507
04520 -13.467
04530 -13.425
04540 -13.382
04550 -13.340
04560 -13.301
04570 -13.265
04580 -13.233
04590 -13.204
04600 -13.177
04610 -13.153
04620 -13.131
04630 -13.111
04640 -13.096
04650 -13.085
04660 -13.081
04670 -13.084
04680 -13.095
04690 -13.113
04700 -13.137
04710 -13.165
04720 -13.197
04730 -13.231
04740 -13.268
04750 -13.309
04760 -13.353
04770 -13.402
04780 -13.455
04790 -13.512
04800 -13.570
04810 -13.629
04820 -13.686
04830 -13.740
04840 -13.790
04850 -13.837
04860 -13.879
04870 -13.919
04880 -13.958
04890 -13.994
04900 -14.029
04910 -14.059
04920 -14.084
04930 -14.103
04940 -14.116
04950 -14.122
04960 -14.124
04970 -14.123
04980 -14.121
04990 -14.120
05000 -14.120
05010 -14.120
05020 -14.120
05030 -14.119
05040 -14.117
05050 -14.114
05060 -14.110
05070 -14.109
05080 -14.113
05090 -14.121
05100 -14.136
05110 -14.157
05120 -14.181
05130 -14.209
05140 -14.239
05150 -14.270
05160 -14.302
05170 -14.337
05180 -14.375
05190 -14.418
05200 -14.466
05210 -14.519
05220 -14.575
05230 -14.632
05240 -14.687
05250 -14.741
05260 -14.791
05270 -14.840
05280 -14.887
05290 -14.934
05300 -14.981
05310 -15.027
05320 -15.073
05330 -15.115
05340 -15.152
05350 -15.183
05360 -15.207
05370 -15.225
05380 -15.237
05390 -15.246
05400 -15.252
05410 -15.256
05420 -15.257
05430 -15.255
05440 -15.249
05450 -15.237
05460 -15.219
05470 -15.196
05480 -15.168
05490 -15.138
05500 -15.107
05510 -15.076
05520 -15.044
05530 -15.013
05540 -14.980
05550 -14.944
05560 -14.905
05570 -14.863
05580 -14.817
05590 -14.771
05600 -14.724
05610 -14.678
05620 -14.633
05630 -14.588
05640 -14.544
05650 -14.498
05660 -14.449
05670 -14.397
05680 -14.343
05690 -14.287
05700 -14.231
05710 -14.175
05720 -14.121
05730 -14.068
05740 -14.016
05750 -13.964
05760 -13.911
05770 -13.857
05780 -13.801
05790 -13.744
05800 -13.688
05810 -13.635
05820 -13.585
05830 -13.539
05840 -13.496
05850 -13.455
05860 -13.416
05870 -13.378
05880 -13.340
05890 -13.303
05900 -13.269
05910 -13.239
05920 -13.212
05930 -13.190
05940 -13.172
05950 -13.156
05960 -13.142
05970 -13.128
05980 -13.114
05990 -13.100
06000 -13.086
06010 -13.073
06020 -13.062
06030 -13.053
06040 -13.046
06050 -13.039
06060 -13.032
06070 -13.023
06080 -13.013
06090 -13.000
06100 -12.986
06110 -12.971
06120 -12.956
06130 -12.943
06140 -12.930
06150 -12.919
06160 -12.907
06170 -12.894
06180 -12.880
06190 -12.864
06200 -12.848
06210 -12.832
06220 -12.817
06230 -12.804
06240 -12.795
06250 -12.788
06260 -12.783
06270 -12.779
06280 -12.775
06290 -12.773
06300 -12.770
06310 -12.770
06320 -12.771
06330 -12.777
06340 -12.785
06350 -12.797
06360 -12.811
06370 -12.827
06380 -12.843
06390 -12.859
06400 -12.874
06410 -12.889
06420 -12.904
06430 -12.920
06440 -12.938
06450 -12.956
06460 -12.975
06470 -12.993
06480 -13.009
06490 -13.023
06500 -13.034
06510 -13.042
06520 -13.048
06530 -13.052
06540 -13.056
06550 -13.059
06560 -13.062
06570 -13.064
06580 -13.063
06590 -13.060
06600 -13.052
06610 -13.042
06620 -13.028
06630 -13.012
06640 -12.996
06650 -12.979
06660 -12.963
06670 -12.948
06680 -12.931
06690 -12.913
06700 -12.892
06710 -12.868
06720 -12.843
06730 -12.817
06740 -12.791
06750 -12.767
06760 -12.746
06770 -12.727
06780 -12.709
06790 -12.691
06800 -12.672
06810 -12.652
06820 -12.631
06830 -12.608
06840 -12.586
06850 -12.566
06860 -12.549
06870 -12.534
06880 -12.520
06890 -12.507
06900 -12.492
06910 -12.474
06920 -12.453
06930 -12.430
06940 -12.405
06950 -12.379
06960 -12.354
06970 -12.330
06980 -12.306
06990 -12.281
07000 -12.254
07010 -12.222
07020 -12.185
07030 -12.143
07040 -12.098
07050 -12.050
07060 -12.002
07070 -11.955
07080 -11.908
07090 -11.861
07100 -11.814
07110 -11.764
07120 -11.711
07130 -11.655
07140 -11.596
07150 -11.538
07160 -11.481
07170 -11.428
07180 -11.380
07190 -11.337
07200 -11.296
07210 -11.257
07220 -11.217
07230 -11.175
07240 -11.132
07250 -11.089
07260 -11.047
07270 -11.009
07280 -10.976
07290 -10.946
07300 -10.919
07310 -10.892
07320 -10.861
07330 -10.826
07340 -10.785
07350 -10.740
07360 -10.692
07370 -10.644
07380 -10.597
07390 -10.551
07400 -10.505
07410 -10.457
07420 -10.404
07430 -10.344
07440 -10.276
07450 -10.201
07460 -10.122
07470 -10.041
07480 -9.961
07490 -9.884
07500 -9.809
07510 -9.736
07520 -9.661
07530 -9.582
07540 -9.499
07550 -9.412
07560 -9.324
07570 -9.238
07580 -9.157
07590 -9.084
07600 -9.019
07610 -8.960
07620 -8.904
07630 -8.848
07640 -8.790
07650 -8.729
07660 -8.667
07670 -8.607
07680 -8.552
07690 -8.504
07700 -8.463
07710 -8.427
07720 -8.392
07730 -8.355
07740 -8.312
07750 -8.263
07760 -8.207
07770 -8.149
07780 -8.090
07790 -8.033
07800 -7.980
07810 -7.928
07820 -7.875
07830 -7.818
07840 -7.752
07850 -7.676
07860 -7.592
07870 -7.502
07880 -7.409
07890 -7.319
07900 -7.234
07910 -7.154
07920 -7.077
07930 -6.999
07940 -6.918
07950 -6.831
07960 -6.739
07970 -6.645
07980 -6.553
07990 -6.468
08000 -6.393
08010 -6.328
08020 -6.271
08030 -6.217
08040 -6.162
08050 -6.101
08060 -6.034
08070 -5.962
08080 -5.891
08090 -5.825
08100 -5.767
08110 -5.717
08120 -5.673
08130 -5.630
08140 -5.583
08150 -5.527
08160 -5.460
08170 -5.385
08180 -5.307
08190 -5.231
08200 -5.162
08210 -5.103
08220 -5.053
08230 -5.006
08240 -4.957
08250 -4.901
08260 -4.837
08270 -4.766
08280 -4.695
08290 -4.633
08300 -4.587
08310 -4.559
08320 -4.548
08330 -4.548
08340 -4.550
08350 -4.547
08360 -4.537
08370 -4.522
08380 -4.507
08390 -4.502
08400 -4.511
08410 -4.536
08420 -4.574
08430 -4.617
08440 -4.656
08450 -4.684
08460 -4.699
08470 -4.705
08480 -4.707
08490 -4.716
08500 -4.736
08510 -4.773
08520 -4.822
08530 -4.879
08540 -4.937
08550 -4.988
08560 -5.033
08570 -5.073
08580 -5.116
08590 -5.169
08600 -5.242
08610 -5.335
08620 -5.448
08630 -5.573
08640 -5.703
08650 -5.830
08660 -5.951
08670 -6.065
08680 -6.177
08690 -6.292
08700 -6.415
08710 -6.547
08720 -6.685
08730 -6.823
08740 -6.953
08750 -7.067
08760 -7.162
08770 -7.236
08780 -7.294
08790 -7.340
08800 -7.381
08810 -7.419
08820 -7.457
08830 -7.490
08840 -7.514
08850 -7.524
08860 -7.518
08870 -7.496
08880 -7.461
08890 -7.419
08900 -7.376
08910 -7.338
08920 -7.306
08930 -7.282
08940 -7.261
08950 -7.240
08960 -7.217
08970 -7.190
08980 -7.161
08990 -7.135
09000 -7.117
09010 -7.110
09020 -7.116
09030 -7.136
09040 -7.164
09050 -7.198
09060 -7.232
09070 -7.263
09080 -7.290
09090 -7.315
09100 -7.338
09110 -7.362
09120 -7.387
09130 -7.413
09140 -7.438
09150 -7.457
09160 -7.469
09170 -7.469
09180 -7.458
09190 -7.434
09200 -7.401
09210 -7.361
09220 -7.316
09230 -7.267
09240 -7.215
09250 -7.159
09260 -7.096
09270 -7.027
09280 -6.949
09290 -6.864
09300 -6.773
09310 -6.680
09320 -6.586
09330 -6.494
09340 -6.405
09350 -6.319
09360 -6.236
09370 -6.155
09380 -6.075
09390 -5.998
09400 -5.925
09410 -5.857
09420 -5.797
09430 -5.746
09440 -5.705
09450 -5.675
09460 -5.653
09470 -5.640
09480 -5.633
09490 -5.633
09500 -5.639
09510 -5.650
09520 -5.667
09530 -5.689
09540 -5.715
09550 -5.744
09560 -5.774
09570 -5.804
09580 -5.833
09590 -5.859
09600 -5.882
09610 -5.901
09620 -5.918
09630 -5.930
09640 -5.940
09650 -5.945
09660 -5.946
09670 -5.943
09680 -5.936
09690 -5.925
09700 -5.911
09710 -5.895
09720 -5.877
09730 -5.859
09740 -5.839
09750 -5.818
09760 -5.797
09770 -5.776
09780 -5.755
09790 -5.735
09800 -5.716
09810 -5.699
09820 -5.686
09830 -5.675
09840 -5.667
09850 -5.661
09860 -5.657
09870 -5.654
09880 -5.653
09890 -5.654
09900 -5.656
09910 -5.659
09920 -5.665
09930 -5.672
09940 -5.679
09950 -5.687
09960 -5.693
09970 -5.697
09980 -5.698
09990 -5.696
10000 -5.691
10010 -5.683
10020 -5.671
10030 -5.657
10040 -5.639
10050 -5.618
10060 -5.593
10070 -5.562
10080 -5.526
10090 -5.483
10100 -5.436
10110 -5.384
10120 -5.328
10130 -5.269
10140 -5.208
10150 -5.144
10160 -5.078
10170 -5.009
10180 -4.938
10190 -4.863
10200 -4.785
10210 -4.706
10220 -4.625
10230 -4.545
10240 -4.466
10250 -4.389
10260 -4.313
10270 -4.239
10280 -4.167
10290 -4.095
10300 -4.024
10310 -3.954
10320 -3.885
10330 -3.819
10340 -3.756
10350 -3.697
10360 -3.642
10370 -3.592
10380 -3.544
10390 -3.498
10400 -3.453
10410 -3.408
10420 -3.362
10430 -3.317
10440 -3.273
10450 -3.229
10460 -3.187
10470 -3.145
10480 -3.104
10490 -3.061
10500 -3.016
10510 -2.966
10520 -2.912
10530 -2.853
10540 -2.789
10550 -2.724
10560 -2.656
10570 -2.587
10580 -2.517
10590 -2.446
10600 -2.373
10610 -2.297
10620 -2.216
10630 -2.132
10640 -2.044
10650 -1.955
10660 -1.867
10670 -1.780
10680 -1.696
10690 -1.616
10700 -1.538
10710 -1.461
10720 -1.385
10730 -1.308
10740 -1.231
10750 -1.155
10760 -1.081
10770 -1.012
10780 -0.949
10790 -0.893
10800 -0.843
10810 -0.798
10820 -0.757
10830 -0.717
10840 -0.678
10850 -0.639
10860 -0.603
10870 -0.572
10880 -0.546
10890 -0.527
10900 -0.516
10910 -0.510
10920 -0.507
10930 -0.506
10940 -0.504
10950 -0.501
10960 -0.497
10970 -0.494
10980 -0.492
10990 -0.495
11000 -0.503
11010 -0.515
11020 -0.530
11030 -0.545
11040 -0.558
11050 -0.568
11060 -0.574
11070 -0.577
11080 -0.579
11090 -0.582
11100 -0.588
11110 -0.598
11120 -0.612
11130 -0.627
11140 -0.642
11150 -0.654
11160 -0.661
11170 -0.663
11180 -0.663
11190 -0.662
11200 -0.663
11210 -0.669
11220 -0.679
11230 -0.694
11240 -0.710
11250 -0.725
11260 -0.736
11270 -0.742
11280 -0.744
11290 -0.744
11300 -0.744
11310 -0.748
11320 -0.758
11330 -0.774
11340 -0.794
11350 -0.814
11360 -0.833
11370 -0.846
11380 -0.855
11390 -0.860
11400 -0.865
11410 -0.872
11420 -0.885
11430 -0.905
11440 -0.931
11450 -0.961
11460 -0.991
11470 -1.017
11480 -1.039
11490 -1.057
11500 -1.073
11510 -1.090
11520 -1.112
11530 -1.142
11540 -1.179
11550 -1.222
11560 -1.267
11570 -1.312
11580 -1.353
11590 -1.389
11600 -1.421
11610 -1.453
11620 -1.487
11630 -1.528
11640 -1.577
11650 -1.632
11660 -1.693
11670 -1.753
11680 -1.811
11690 -1.863
11700 -1.910
11710 -1.954
11720 -1.998
11730 -2.046
11740 -2.101
11750 -2.163
11760 -2.231
11770 -2.300
11780 -2.368
11790 -2.431
11800 -2.488
11810 -2.540
11820 -2.589
11830 -2.640
11840 -2.697
11850 -2.760
11860 -2.829
11870 -2.903
11880 -2.976
11890 -3.046
11900 -3.110
11910 -3.167
11920 -3.220
11930 -3.272
11940 -3.327
11950 -3.389
11960 -3.457
11970 -3.530
11980 -3.605
11990 -3.678
12000 -3.745
12010 -3.805
12020 -3.858
12030 -3.908
12040 -3.958
12050 -4.012
12060 -4.073
12070 -4.139
12080 -4.208
12090 -4.276
12100 -4.339
12110 -4.394
12120 -4.440
12130 -4.481
12140 -4.520
12150 -4.562
12160 -4.609
12170 -4.662
12180 -4.719
12190 -4.777
12200 -4.832
12210 -4.880
12220 -4.921
12230 -4.956
12240 -4.989
12250 -5.022
12260 -5.061
12270 -5.107
12280 -5.159
12290 -5.214
12300 -5.269
12310 -5.320
12320 -5.366
12330 -5.405
12340 -5.441
12350 -5.477
12360 -5.517
12370 -5.563
12380 -5.616
12390 -5.674
12400 -5.734
12410 -5.791
12420 -5.844
12430 -5.889
12440 -5.930
12450 -5.968
12460 -6.007
12470 -6.050
12480 -6.099
12490 -6.153
12500 -6.209
12510 -6.264
12520 -6.314
12530 -6.357
12540 -6.393
12550 -6.423
12560 -6.452
12570 -6.482
12580 -6.516
12590 -6.555
12600 -6.596
12610 -6.638
12620 -6.675
12630 -6.706
12640 -6.730
12650 -6.748
12660 -6.762
12670 -6.775
12680 -6.792
12690 -6.813
12700 -6.839
12710 -6.867
12720 -6.895
12730 -6.918
12740 -6.935
12750 -6.945
12760 -6.951
12770 -6.955
12780 -6.961
12790 -6.971
12800 -6.988
12810 -7.008
12820 -7.030
12830 -7.049
12840 -7.062
12850 -7.068
12860 -7.068
12870 -7.064
12880 -7.059
12890 -7.058
12900 -7.061
12910 -7.069
12920 -7.080
12930 -7.088
12940 -7.091
12950 -7.087
12960 -7.074
12970 -7.056
12980 -7.035
12990 -7.017
13000 -7.003
13010 -6.994
13020 -6.990
13030 -6.986
13040 -6.979
13050 -6.965
13060 -6.945
13070 -6.919
13080 -6.891
13090 -6.865
13100 -6.845
13110 -6.832
13120 -6.826
13130 -6.823
13140 -6.819
13150 -6.812
13160 -6.799
13170 -6.781
13180 -6.759
13190 -6.739
13200 -6.724
13210 -6.717
13220 -6.716
13230 -6.720
13240 -6.725
13250 -6.726
13260 -6.721
13270 -6.710
13280 -6.695
13290 -6.679
13300 -6.666
13310 -6.661
13320 -6.662
13330 -6.668
13340 -6.677
13350 -6.683
13360 -6.684
13370 -6.680
13380 -6.672
13390 -6.665
13400 -6.661
13410 -6.664
13420 -6.675
13430 -6.694
13440 -6.716
13450 -6.738
13460 -6.758
13470 -6.775
13480 -6.790
13490 -6.804
13500 -6.822
13510 -6.846
13520 -6.877
13530 -6.915
13540 -6.956
13550 -6.998
13560 -7.039
13570 -7.076
13580 -7.109
13590 -7.141
13600 -7.174
13610 -7.211
13620 -7.253
13630 -7.299
13640 -7.349
13650 -7.401
13660 -7.451
13670 -7.498
13680 -7.542
13690 -7.584
13700 -7.627
13710 -7.674
13720 -7.726
13730 -7.783
13740 -7.846
13750 -7.911
13760 -7.977
13770 -8.043
13780 -8.109
13790 -8.174
13800 -8.241
13810 -8.311
13820 -8.385
13830 -8.465
13840 -8.548
13850 -8.634
13860 -8.720
13870 -8.805
13880 -8.887
13890 -8.968
13900 -9.046
13910 -9.124
13920 -9.202
13930 -9.281
13940 -9.359
13950 -9.436
13960 -9.511
13970 -9.582
13980 -9.648
13990 -9.710
14000 -9.767
14010 -9.820
14020 -9.871
14030 -9.920
14040 -9.966
14050 -10.011
14060 -10.053
14070 -10.091
14080 -10.125
14090 -10.154
14100 -10.181
14110 -10.205
14120 -10.229
14130 -10.253
14140 -10.278
14150 -10.305
14160 -10.334
14170 -10.364
14180 -10.395
14190 -10.429
14200 -10.465
14210 -10.505
14220 -10.550
14230 -10.601
14240 -10.658
14250 -10.720
14260 -10.786
14270 -10.856
14280 -10.928
14290 -11.002
14300 -11.079
14310 -11.157
14320 -11.237
14330 -11.318
14340 -11.399
14350 -11.479
14360 -11.556
14370 -11.629
14380 -11.697
14390 -11.759
14400 -11.815
14410 -11.865
14420 -11.910
14430 -11.948
14440 -11.980
14450 -12.004
14460 -12.020
14470 -12.027
14480 -12.026
14490 -12.016
14500 -11.999
14510 -11.978
14520 -11.952
14530 -11.924
14540 -11.895
14550 -11.865
14560 -11.835
14570 -11.806
14580 -11.779
14590 -11.755
14600 -11.738
14610 -11.728
14620 -11.728
14630 -11.740
14640 -11.764
14650 -11.801
14660 -11.849
14670 -11.908
14680 -11.977
14690 -12.057
14700 -12.146
14710 -12.245
14720 -12.354
14730 -12.472
14740 -12.600
14750 -12.735
14760 -12.876
14770 -13.020
14780 -13.164
14790 -13.308
14800 -13.449
14810 -13.586
14820 -13.721
14830 -13.853
14840 -13.981
14850 -14.105
14860 -14.223
14870 -14.332
14880 -14.431
14890 -14.519
14900 -14.593
14910 -14.656
14920 -14.709
14930 -14.753
14940 -14.791
14950 -14.823
14960 -14.851
14970 -14.873
14980 -14.891
14990 -14.903
15000 -14.911
15010 -14.916
15020 -14.921
15030 -14.927
15040 -14.939
15050 -14.957
15060 -14.984
15070 -15.018
15080 -15.059
15090 -15.105
15100 -15.157
15110 -15.212
15120 -15.272
15130 -15.336
15140 -15.407
15150 -15.485
15160 -15.571
15170 -15.664
15180 -15.762
15190 -15.860
15200 -15.957
15210 -16.049
15220 -16.134
15230 -16.213
15240 -16.286
15250 -16.355
15260 -16.420
15270 -16.481
15280 -16.536
15290 -16.582
15300 -16.616
15310 -16.637
15320 -16.644
15330 -16.638
15340 -16.622
15350 -16.600
15360 -16.575
15370 -16.548
15380 -16.521
15390 -16.493
15400 -16.464
15410 -16.432
15420 -16.399
15430 -16.365
15440 -16.332
15450 -16.303
15460 -16.280
15470 -16.267
15480 -16.264
15490 -16.270
15500 -16.285
15510 -16.306
15520 -16.332
15530 -16.360
15540 -16.390
15550 -16.422
15560 -16.459
15570 -16.500
15580 -16.549
15590 -16.604
15600 -16.665
15610 -16.727
15620 -16.788
15630 -16.844
15640 -16.892
15650 -16.932
15660 -16.965
15670 -16.993
15680 -17.019
15690 -17.044
15700 -17.069
15710 -17.091
15720 -17.107
15730 -17.116
15740 -17.115
15750 -17.106
15760 -17.091
15770 -17.073
15780 -17.059
15790 -17.051
15800 -17.051
15810 -17.062
15820 -17.082
15830 -17.110
15840 -17.144
15850 -17.185
15860 -17.232
15870 -17.288
15880 -17.356
15890 -17.439
15900 -17.541
15910 -17.662
15920 -17.801
15930 -17.956
15940 -18.124
15950 -18.299
15960 -18.479
15970 -18.660
15980 -18.843
15990 -19.031
16000 -19.225
16010 -19.427
16020 -19.635
16030 -19.845
16040 -20.046
16050 -20.231
16060 -20.388
16070 -20.512
16080 -20.602
16090 -20.660
16100 -20.691
16110 -20.700
16120 -20.688
16130 -20.655
16140 -20.598
16150 -20.517
16160 -20.411
16170 -20.286
16180 -20.150
16190 -20.013
16200 -19.886
16210 -19.776
16220 -19.690
16230 -19.630
16240 -19.597
16250 -19.588
16260 -19.600
16270 -19.632
16280 -19.680
16290 -19.746
16300 -19.831
16310 -19.937
16320 -20.067
16330 -20.222
16340 -20.400
16350 -20.596
16360 -20.799
16370 -20.999
16380 -21.184
16390 -21.347
16400 -21.482
16410 -21.592
16420 -21.677
16430 -21.738
16440 -21.772
16450 -21.772
16460 -21.727
16470 -21.628
16480 -21.474
16490 -21.269
16500 -21.025
16510 -20.759
16520 -20.484
16530 -20.214
16540 -19.955
16550 -19.711
16560 -19.485
16570 -19.277
16580 -19.087
16590 -18.918
16600 -18.773
16610 -18.653
16620 -18.564
16630 -18.508
16640 -18.487
16650 -18.500
16660 -18.547
16670 -18.621
16680 -18.718
16690 -18.830
16700 -18.949
16710 -19.072
16720 -19.196
16730 -19.323
16740 -19.456
16750 -19.598
16760 -19.750
16770 -19.909
16780 -20.067
16790 -20.215
16800 -20.341
16810 -20.438
16820 -20.504
16830 -20.543
16840 -20.560
16850 -20.564
16860 -20.559
16870 -20.544
16880 -20.515
16890 -20.463
16900 -20.383
16910 -20.272
16920 -20.133
16930 -19.974
16940 -19.805
16950 -19.637
16960 -19.480
16970 -19.337
16980 -19.213
16990 -19.106
17000 -19.017
17010 -18.944
17020 -18.888
17030 -18.852
17040 -18.840
17050 -18.859
17060 -18.916
17070 -19.014
17080 -19.159
17090 -19.348
17100 -19.577
17110 -19.837
17120 -20.116
17130 -20.403
17140 -20.689
17150 -20.971
17160 -21.251
17170 -21.534
17180 -21.822
17190 -22.114
17200 -22.399
17210 -22.659
17220 -22.871
17230 -23.014
17240 -23.078
17250 -23.067
17260 -22.992
17270 -22.871
17280 -22.717
17290 -22.539
17300 -22.343
17310 -22.131
17320 -21.908
17330 -21.683
17340 -21.469
17350 -21.281
17360 -21.138
17370 -21.056
17380 -21.052
17390 -21.141
17400 -21.335
17410 -21.644
17420 -22.072
17430 -22.618
17440 -23.269
17450 -24.007
17460 -24.808
17470 -25.649
17480 -26.516
17490 -27.409
17500 -28.335
17510 -29.293
17520 -30.241
17530 -31.067
17540 -31.584
17550 -31.628
17560 -31.205
17570 -30.488
17580 -29.668
17590 -28.867
17600 -28.131
17610 -27.463
17620 -26.841
17630 -26.246
17640 -25.665
17650 -25.096
17660 -24.551
17670 -24.044
17680 -23.592
17690 -23.207
17700 -22.895
17710 -22.657
17720 -22.490
17730 -22.382
17740 -22.322
17750 -22.295
17760 -22.289
17770 -22.299
17780 -22.324
17790 -22.369
17800 -22.443
17810 -22.556
17820 -22.708
17830 -22.891
17840 -23.083
17850 -23.253
17860 -23.372
17870 -23.419
17880 -23.392
17890 -23.306
17900 -23.187
17910 -23.062
17920 -22.947
17930 -22.842
17940 -22.738
17950 -22.613
17960 -22.451
17970 -22.242
17980 -21.992
17990 -21.719
18000 -21.449
18010 -21.204
18020 -21.003
18030 -20.855
18040 -20.758
18050 -20.703
18060 -20.677
18070 -20.671
18080 -20.679
18090 -20.708
18100 -20.769
18110 -20.882
18120 -21.066
18130 -21.336
18140 -21.701
18150 -22.160
18160 -22.701
18170 -23.306
18180 -23.949
18190 -24.607
18200 -25.261
18210 -25.907
18220 -26.554
18230 -27.222
18240 -27.931
18250 -28.681
18260 -29.442
18270 -30.136
18280 -30.651
18290 -30.883
18300 -30.810
18310 -30.507
18320 -30.097
18330 -29.681
18340 -29.311
18350 -28.996
18360 -28.711
18370 -28.420
18380 -28.095
18390 -27.728
18400 -27.337
18410 -26.958
18420 -26.630
18430 -26.388
18440 -26.255
18450 -26.240
18460 -26.338
18470 -26.531
18480 -26.796
18490 -27.109
18500 -27.452
18510 -27.826
18520 -28.246
18530 -28.741
18540 -29.347
18550 -30.084
18560 -30.943
18570 -31.851
18580 -32.641
18590 -33.073
18600 -32.989
18610 -32.459
18620 -31.706
18630 -30.929
18640 -30.229
18650 -29.630
18660 -29.104
18670 -28.607
18680 -28.095
18690 -27.548
18700 -26.971
18710 -26.390
18720 -25.839
18730 -25.347
18740 -24.931
18750 -24.594
18760 -24.322
18770 -24.087
18780 -23.858
18790 -23.608
18800 -23.323
18810 -23.006
18820 -22.674
18830 -22.352
18840 -22.064
18850 -21.822
18860 -21.630
18870 -21.475
18880 -21.335
18890 -21.187
18900 -21.009
18910 -20.795
18920 -20.551
18930 -20.294
18940 -20.045
18950 -19.825
18960 -19.643
18970 -19.498
18980 -19.377
18990 -19.260
19000 -19.125
19010 -18.960
19020 -18.760
19030 -18.535
19040 -18.303
19050 -18.083
19060 -17.890
19070 -17.731
19080 -17.601
19090 -17.486
19100 -17.368
19110 -17.229
19120 -17.061
19130 -16.865
19140 -16.653
19150 -16.442
19160 -16.250
19170 -16.090
19180 -15.966
19190 -15.870
19200 -15.791
19210 -15.712
19220 -15.621
19230 -15.514
19240 -15.396
19250 -15.279
19260 -15.182
19270 -15.120
19280 -15.102
19290 -15.129
19300 -15.189
19310 -15.265
19320 -15.341
19330 -15.401
19340 -15.439
19350 -15.460
19360 -15.475
19370 -15.499
19380 -15.542
19390 -15.610
19400 -15.696
19410 -15.785
19420 -15.859
19430 -15.903
19440 -15.909
19450 -15.878
19460 -15.821
19470 -15.756
19480 -15.698
19490 -15.657
19500 -15.635
19510 -15.622
19520 -15.606
19530 -15.573
19540 -15.512
19550 -15.423
19560 -15.313
19570 -15.196
19580 -15.090
19590 -15.006
19600 -14.951
19610 -14.922
19620 -14.912
19630 -14.907
19640 -14.898
19650 -14.879
19660 -14.852
19670 -14.824
19680 -14.806
19690 -14.812
19700 -14.848
19710 -14.914
19720 -15.003
19730 -15.103
19740 -15.199
19750 -15.279
19760 -15.337
19770 -15.372
19780 -15.392
19790 -15.408
19800 -15.430
19810 -15.463
19820 -15.507
19830 -15.551
19840 -15.584
19850 -15.594
19860 -15.573
19870 -15.520
19880 -15.443
19890 -15.352
19900 -15.262
19910 -15.180
19920 -15.111
19930 -15.049
19940 -14.983
19950 -14.904
19960 -14.804
19970 -14.680
19980 -14.536
19990 -14.385
20000 -14.240
20010 -14.112
20020 -14.006
20030 -13.921
20040 -13.851
20050 -13.787
20060 -13.721
20070 -13.649
20080 -13.575
20090 -13.506
20100 -13.450
20110 -13.415
20120 -13.404
20130 -13.414
20140 -13.435
20150 -13.458
20160 -13.472
20170 -13.473
20180 -13.457
20190 -13.427
20200 -13.389
20210 -13.351
20220 -13.316
20230 -13.284
20240 -13.253
20250 -13.215
20260 -13.166
20270 -13.102
20280 -13.021
20290 -12.927
20300 -12.827
20310 -12.728
20320 -12.634
20330 -12.549
20340 -12.471
20350 -12.395
20360 -12.317
20370 -12.236
20380 -12.152
20390 -12.069
20400 -11.993
20410 -11.932
20420 -11.890
20430 -11.868
20440 -11.864
20450 -11.872
20460 -11.889
20470 -11.913
20480 -11.947
20490 -11.995
20500 -12.061
20510 -12.147
20520 -12.251
20530 -12.367
20540 -12.486
20550 -12.599
20560 -12.701
20570 -12.789
20580 -12.863
20590 -12.924
20600 -12.972
20610 -13.004
20620 -13.015
20630 -12.997
20640 -12.943
20650 -12.852
20660 -12.723
20670 -12.561
20680 -12.375
20690 -12.176
20700 -11.976
20710 -11.785
20720 -11.612
20730 -11.459
20740 -11.326
20750 -11.211
20760 -11.111
20770 -11.029
20780 -10.969
20790 -10.938
20800 -10.941
20810 -10.983
20820 -11.061
20830 -11.167
20840 -11.286
20850 -11.406
20860 -11.516
20870 -11.614
20880 -11.704
20890 -11.792
20900 -11.890
20910 -12.003
20920 -12.134
20930 -12.274
20940 -12.413
20950 -12.536
20960 -12.634
20970 -12.705
20980 -12.753
20990 -12.791
21000 -12.830
21010 -12.882
21020 -12.950
21030 -13.029
21040 -13.107
21050 -13.169
21060 -13.203
21070 -13.205
21080 -13.181
21090 -13.143
21100 -13.106
21110 -13.085
21120 -13.086
21130 -13.108
21140 -13.139
21150 -13.164
21160 -13.173
21170 -13.160
21180 -13.132
21190 -13.103
21200 -13.088
21210 -13.103
21220 -13.153
21230 -13.237
21240 -13.340
21250 -13.447
21260 -13.544
21270 -13.621
21280 -13.677
21290 -13.720
21300 -13.761
21310 -13.812
21320 -13.879
21330 -13.965
21340 -14.062
21350 -14.159
21360 -14.243
21370 -14.303
21380 -14.335
21390 -14.343
21400 -14.340
21410 -14.337
21420 -14.349
21430 -14.381
21440 -14.433
21450 -14.495
21460 -14.556
21470 -14.602
21480 -14.627
21490 -14.633
21500 -14.628
21510 -14.627
21520 -14.645
21530 -14.692
21540 -14.769
21550 -14.871
21560 -14.986
21570 -15.101
21580 -15.206
21590 -15.299
21600 -15.383
21610 -15.470
21620 -15.569
21630 -15.690
21640 -15.835
21650 -16.000
21660 -16.174
21670 -16.343
21680 -16.495
21690 -16.622
21700 -16.724
21710 -16.804
21720 -16.875
21730 -16.945
21740 -17.023
21750 -17.112
21760 -17.206
21770 -17.296
21780 -17.370
21790 -17.420
21800 -17.442
21810 -17.439
21820 -17.422
21830 -17.403
21840 -17.394
21850 -17.401
21860 -17.424
21870 -17.456
21880 -17.486
21890 -17.505
21900 -17.506
21910 -17.490
21920 -17.466
21930 -17.445
21940 -17.439
21950 -17.457
21960 -17.499
21970 -17.561
21980 -17.635
21990 -17.711
22000 -17.780
22010 -17.840
22020 -17.892
22030 -17.943
22040 -18.001
22050 -18.074
22060 -18.164
22070 -18.269
22080 -18.382
22090 -18.496
22100 -18.601
22110 -18.689
22120 -18.759
22130 -18.811
22140 -18.855
22150 -18.896
22160 -18.943
22170 -19.000
22180 -19.064
22190 -19.129
22200 -19.189
22210 -19.234
22220 -19.260
22230 -19.267
22240 -19.260
22250 -19.249
22260 -19.241
22270 -19.245
22280 -19.262
22290 -19.289
22300 -19.319
22310 -19.345
22320 -19.361
22330 -19.366
22340 -19.361
22350 -19.355
22360 -19.355
22370 -19.369
22380 -19.400
22390 -19.448
22400 -19.510
22410 -19.578
22420 -19.647
22430 -19.711
22440 -19.769
22450 -19.823
22460 -19.877
22470 -19.936
22480 -20.007
22490 -20.089
22500 -20.182
22510 -20.280
22520 -20.379
22530 -20.469
22540 -20.548
22550 -20.612
22560 -20.664
22570 -20.710
22580 -20.754
22590 -20.803
22600 -20.858
22610 -20.919
22620 -20.981
22630 -21.037
22640 -21.082
22650 -21.112
22660 -21.128
22670 -21.133
22680 -21.134
22690 -21.139
22700 -21.150
22710 -21.171
22720 -21.200
22730 -21.231
22740 -21.261
22750 -21.284
22760 -21.299
22770 -21.308
22780 -21.316
22790 -21.328
22800 -21.349
22810 -21.383
22820 -21.432
22830 -21.492
22840 -21.561
22850 -21.633
22860 -21.704
22870 -21.771
22880 -21.832
22890 -21.892
22900 -21.952
22910 -22.019
22920 -22.094
22930 -22.180
22940 -22.276
22950 -22.376
22960 -22.476
22970 -22.570
22980 -22.653
22990 -22.724
23000 -22.788
23010 -22.848
23020 -22.912
23030 -22.985
23040 -23.071
23050 -23.169
23060 -23.275
23070 -23.383
23080 -23.486
23090 -23.580
23100 -23.666
23110 -23.747
23120 -23.832
23130 -23.929
23140 -24.047
23150 -24.189
23160 -24.354
23170 -24.539
23180 -24.735
23190 -24.934
23200 -25.129
23210 -25.320
23220 -25.511
23230 -25.710
23240 -25.926
23250 -26.169
23260 -26.440
23270 -26.739
23280 -27.055
23290 -27.375
23300 -27.683
23310 -27.970
23320 -28.231
23330 -28.474
23340 -28.713
23350 -28.962
23360 -29.234
23370 -29.533
23380 -29.849
23390 -30.166
23400 -30.459
23410 -30.707
23420 -30.901
23430 -31.045
23440 -31.159
23450 -31.263
23460 -31.377
23470 -31.503
23480 -31.632
23490 -31.738
23500 -31.790
23510 -31.763
23520 -31.649
23530 -31.463
23540 -31.230
23550 -30.979
23560 -30.733
23570 -30.501
23580 -30.281
23590 -30.060
23600 -29.825
23610 -29.563
23620 -29.272
23630 -28.961
23640 -28.646
23650 -28.346
23660 -28.081
23670 -27.862
23680 -27.696
23690 -27.580
23700 -27.504
23710 -27.453
23720 -27.410
23730 -27.365
23740 -27.313
23750 -27.262
23760 -27.225
23770 -27.218
23780 -27.255
23790 -27.343
23800 -27.479
23810 -27.649
23820 -27.832
23830 -28.002
23840 -28.141
23850 -28.242
23860 -28.313
23870 -28.374
23880 -28.449
23890 -28.557
23900 -28.710
23910 -28.903
23920 -29.119
23930 -29.326
23940 -29.492
23950 -29.594
23960 -29.624
23970 -29.599
23980 -29.545
23990 -29.496
