-0.000030970570186163 -0.000598028999838230
+0.000439547441546787 -0.000770219811721998
+0.000572814161087849 -0.000166069891163416
+0.000209917407861499 -0.000286112238031936
-0.000382142552621525 -0.000008049848368832
-0.000723315360930702 -0.000283723059270066
-0.000752778828443630 -0.000314946007644528
-0.000606196542610804 -0.000959107084949506
-0.000455923761677454 -0.000556813492631807
-0.000382699659689038 -0.001010242002340767
-0.000294430376703093 -0.000441676660675245
-0.000063297899161023 -0.000449775666061039
-0.000185775332937863 -0.000218457099852657
-0.000289524832084581 -0.000464330470937111
-0.000434372214700627 -0.000328524456838426
-0.000522335082717252 -0.000784964574123707
-0.000601169289582955 -0.000345303024632656
-0.000476181135246532 -0.000955193712761366
-0.000397797655565225 -0.000209025278812346
-0.000275707258093260 -0.001083519459918025
-0.000278277589536503 -0.000011301107757622
-0.000268663830795973 -0.001045345127417052
-0.000462718517044835 +0.000170627786882652
-0.000406391302379783 -0.001100165890841795
-0.000501219003252368 +0.000282239962792898
-0.000363205655395239 -0.001213183308903004
-0.000530745727921488 +0.000253485255233029
-0.000303107153942087 -0.001258802573701000
-0.000505357861125506 +0.000267470398427162
-0.000238750001105483 -0.001219015015208486
-0.000497616930293251 +0.000495306098407228
-0.000287022565930070 -0.001361138049035973
-0.000581562318310577 +0.000596248931795147
-0.000253297355862169 -0.001748826104455693
-0.000532217341628722 +0.000775237334214853
-0.000175368437419274 -0.002161898519596624
-0.000443582637156863 +0.001145775216471624
-0.000075450888648539 -0.002648676278285543
-0.000511183357235595 +0.001619974254757822
-0.000127107559271751 -0.003048955824899518
-0.000719342381465114 +0.002034977446938703
-0.000205548305056661 -0.003618414578933483
-0.000886110561897662 +0.002795038962564108
-0.000196023779597019 -0.004093512478248871
-0.000890550033185856 +0.004018027064183159
+0.000088624874793743 -0.005165950523241399
-0.000546245949914699 +0.005130882385521894
+0.000668948618793128 +0.008147456343529948
-0.000269369745027259 +0.327053473534887895
+0.000866830970554977 +0.682144525976812521
-0.000212695521651145 +0.697903196174014528
+0.000817100304349657 +0.163227139284687350
-0.000020802380499149 -0.326031322647113098
+0.000148659989914173 -0.410075538080910462
+0.008101416907198082 -0.175767789851398265
+0.155325536169590328 -0.060550203238240188
+0.371069693720235905 -0.158877145722203433
+0.458559637902055672 -0.084884278005220595
+0.251928791471630165 +0.067134039387726829
-0.065482706064392923 +0.155412373351922095
-0.201222306780019733 +0.102345602775896355
-0.147410652353536092 -0.006765704500210185
-0.085450166855016468 -0.050893422092287879
-0.091968322776804445 -0.028182283199942933
-0.088651528070072066 -0.012220334491907783
-0.009089317690431075 -0.006353142290897704
+0.096470292632139173 +0.008726036395368880
+0.097159182630354612 +0.025534187611926051
+0.035865972760721412 +0.007653493771885672
+0.006906373966465890 -0.000773435851269336
+0.021848273870364286 -0.018335055242837836
+0.003920989235849869 -0.037864231872912171
-0.017257356735089435 -0.025646384083794625
-0.019399903374866474 -0.001240550393278644
+0.000575946829580037 +0.008219727572494423
+0.017954757403047517 +0.010513304178785880
+0.014178046910894476 +0.002502808247333075
-0.016534490174837761 +0.009451081308308271
-0.022689082367552064 +0.028700669153583623
-0.005255560121008608 +0.030802531229260029
+0.014942983282946810 +0.013002639033799824
+0.018245620138758998 -0.011098723651116096
+0.012473045484354007 -0.020033680062493089
+0.012897231601548860 -0.015733660950157307
+0.017264937623677638 +0.002005925519405923
+0.008648998488835422 +0.027712798881835678
-0.012305095964124702 +0.036462496498182215
-0.023246592005864333 +0.030189260275982711
-0.007976080726514231 +0.017501668876039045
+0.007908756783500273 +0.003010719905463904
+0.016606881726388113 -0.009834264198138315
+0.024895573182394826 -0.023893700920208441
+0.033810310712029890 -0.034081670614493256
+0.032651014678863582 -0.025423984178231364
+0.022415501973891021 -0.011000359155193592
+0.002990798410327269 -0.014525031945166045
-0.015475964387742128 -0.011293145806211430
-0.022441110901684633 -0.003989789623053882
-0.019461123306692474 -0.003598500989439027
-0.015443452662041304 -0.006239309914212922
-0.010788887616893415 -0.009975055385559940
-0.004329055307735225 -0.009585420305492125
+0.001785769321151575 +0.001262395786458837
+0.003254160784812920 +0.002779643137993423
+0.002210838221114702 +0.001345874567208814
+0.003864154363405457 +0.002946519049447080
+0.002898538318936189 -0.003255533595681155
-0.002439373395026903 -0.007177537739991055
-0.008034982230504851 -0.007840320829872478
-0.010710534034682227 -0.003104279252154124
-0.005707543832634481 +0.001912035423125837
-0.003214642116695906 +0.007549687709575903
-0.004582609522682923 +0.007983740502851342
-0.006496352711369241 +0.002959316494833953
-0.005564384145134347 +0.001560383713789801
-0.002134484020218586 +0.002463789258267260
+0.002458184829976243 +0.000431420075366842
+0.000584719174890195 -0.007183962381058123
-0.003230703297177926 -0.006066544176790379
-0.006199513700698349 -0.001054882890752912
-0.007409677086659230 +0.006303202344830192
-0.004231296263140933 +0.005565453338430905
-0.002861155102123265 -0.000247735000404455
-0.003479218483212718 +0.001038609631306518
-0.004642236529825372 +0.002782819318146283
-0.003304075476626249 -0.001394579383131323
+0.001725608886749953 -0.008551607592062896
+0.004507704825874467 -0.009110077603909375
+0.002646342636810882 -0.002032200949461751
+0.001235562585565008 +0.005076247255906587
+0.002368976522101197 +0.004446672627939390
+0.004314802094145988 +0.000234778474500006
+0.001523805122060906 +0.002863682761726018
-0.004954061486960959 +0.004014289347968020
-0.006708792839840542 +0.002257074891232759
-0.004975523084365159 -0.003051690746055974
-0.004737543215294043 -0.005188929833514120
-0.004309046675164557 -0.003632123495393612
-0.002198783724926018 -0.003781697867050520
+0.001658602807450792 -0.006818234076967552
+0.004137638717735464 -0.008794542277749121
+0.003372163829007489 -0.007438476647201580
+0.003250908624200208 -0.002972964101975497
+0.004192658627396244 -0.001990949176522914
+0.003711968631927793 -0.002115122689883434
-0.000838298406452984 +0.001932301984931145
-0.006302524864194055 +0.004938986383509377
-0.008866431397057955 +0.003598403053864054
-0.009504200579419650 +0.000718239783418764
-0.009176082354169286 -0.000307628590230423
-0.007269426693314466 -0.000463193439304064
-0.005316925444451809 -0.005225247319542306
-0.001202944618086429 -0.006816570303651978
+0.002243436697007168 -0.008848637667861148
+0.004992842314505485 -0.006344839916632927
+0.007783225133486334 -0.002412671610823295
+0.007901090855668832 -0.000149861476132279
+0.004368124004088825 +0.001938269204618595
-0.001419834760094959 +0.006091863950615091
-0.005973385343592107 +0.007280938507702660
-0.009204642181235689 +0.004323751479640448
-0.011585474890096771 +0.002517182199837917
-0.012832687032612509 -0.003326146556630735
-0.010058401670702894 -0.009509945712774285
-0.003532592050232208 -0.012530472833228969
+0.003481029501112283 -0.010276291420001124
+0.008574330373945829 -0.006095033388880278
+0.011720885773294595 -0.004293181257671353
+0.013687853477144848 +0.000181578296526134
+0.009712024606026224 +0.001349824617035684
+0.001629215373188041 +0.000566979494008879
-0.006225604022718194 +0.002767821583797779
-0.010099412362456865 +0.005591427904841763
-0.010076760065130416 +0.009719884623543361
-0.009990052624447862 +0.010425588718805046
-0.008208529937624619 +0.005185103980398291
-0.004544089354069643 +0.003053342302635473
-0.001277421661604196 +0.003438973795368533
+0.002421397520818634 -0.000501824511961027
+0.005152547800179247 -0.000367152026229590
+0.007654324095718553 -0.000107958139400746
+0.008736178955184798 -0.002117861508742755
+0.006486295231760042 +0.001054073050155464
+0.003378631519504449 +0.001195514952744258
+0.001689028650897359 +0.000480704931271680
-0.000713530345615956 +0.000868755780008366
-0.002120622367667441 -0.001299739939854452
-0.000868767029833017 -0.001486634834171621
+0.000275134947611499 -0.001487490453169257
+0.001832740213669741 -0.001054474677822944
+0.003432086544153896 +0.000671767919790450
+0.003257643818146548 +0.000603539401473958
+0.002480735839033118 +0.001247960734998026
+0.001337056644210942 +0.001648136581238920
-0.000805457089969826 +0.000272138659405877
-0.002320352584463947 +0.000467246204339695
-0.002952486311783653 +0.000058961852793830
-0.002652827652946001 -0.001264742379050359
-0.001534063462170000 -0.000618083626288909
-0.000439552957597439 -0.001558299535787651
+0.000382430121557925 -0.001465267287529997
+0.001403461486744922 -0.000696215774684934
+0.001783678503990800 -0.000728061525225696
+0.001993444340131407 +0.000112588885664796
+0.001607417733088910 +0.000073447659604982
+0.000685083141769078 -0.000209542237344906
-0.000020230474212960 +0.000062848989532135
-0.000916647361647011 -0.000020858735143420
-0.001733922069009256 +0.000104516094171958
-0.002200582564361525 +0.000418240452839075
-0.002594586856087126 +0.000161732579044237
-0.002135228220847177 +0.000397764934877691
-0.001377049574708121 +0.000009774262093881
-0.000524328045039785 -0.000616459085647906
+0.000705951704730944 -0.000455311864048464
+0.001380958793967463 -0.000760752269281698
+0.001737514732139143 -0.000491260887293641
+0.001690714482862816 -0.000262044369954903
+0.000884568315717108 +0.000053501166244812
-0.000024828212233320 +0.000551398539379414
-0.000931199281407230 +0.000793142054577816
-0.001604553767379992 +0.000453814765429874
-0.001789832385613417 +0.000109074941753913
-0.001520202381363155 -0.000248795346270842
-0.001022813615858418 -0.001068434057041613
-0.000085571536030509 -0.001004408007497172
+0.000597515653173666 -0.001359200645269282
+0.000969159014920401 -0.001077465800992829
+0.001282644028034675 -0.000563389345284225
+0.001031879308667602 -0.000565482944848404
+0.000711114073035791 -0.000096372776639786
+0.000043173849790618 -0.000104636390070666
-0.000793950003987904 +0.000261612711383086
-0.001128662002461779 +0.000409248025036700
-0.001314690010743352 +0.000420090024502503
-0.001326175762290523 +0.000290127741356447
-0.001051516800746270 +0.000163887160595585
-0.000694046362582461 +0.000099079526400702
-0.000196587814371743 -0.000002835779136414
+0.000513407233031990 -0.000056582430825472
+0.000811698786433486 -0.000316824332443938
+0.001014864004588956 +0.000092532201263165
+0.000934906739916820 +0.000194776781906939
+0.000480921628810570 +0.000404686747469118
+0.000154196258004448 +0.000672327624206708
-0.000375562509360443 +0.000604120229238718
-0.000736016231751724 +0.000807254568105813
-0.000856591173630659 +0.000508894534507112
-0.000857129618372505 +0.000126316961104980
-0.000481516037693500 -0.000273830674717294
-0.000058512378245202 -0.000767041056165174
+0.000384309876151248 -0.001086110091675977
+0.000892791374741986 -0.001103140652899292
+0.001133086518594539 -0.001019357462151800
+0.001237104091508937 -0.000741219344026776
+0.001103451334409936 -0.000289563647930030
+0.000627693689609299 -0.000031618134693420
+0.000109848429142941 +0.000380485441618290
-0.000490776605297522 +0.000555684417721145
-0.000988868522097817 +0.000594409512458969
-0.001188994729328865 +0.000650794333890658
-0.001255926605500931 +0.000381380426726258
-0.001042785449395182 +0.000083332415228828
-0.000590687220923990 -0.000024922693010145
-0.000145768416878532 -0.000267788471715911
+0.000330186631639288 -0.000375519749719040
+0.000667657267574162 -0.000388784834588671
+0.000823572135661691 -0.000486779369997575
+0.000836013944802894 -0.000226971555672971
+0.000538385162896195 -0.000139666823170603
+0.000213382610745693 +0.000017850424105362
-0.000107725058950108 +0.000201858366537712
-0.000405962443467319 +0.000231391057406562
-0.000496203126604716 +0.000342471274822842
-0.000575539141807924 +0.000154425491982385
-0.000467336120087043 +0.000165800717416521
-0.000276668882155607 +0.000011165345320255
-0.000057784558645770 -0.000096978474913495
+0.000192148885117289 -0.000102839660292793
+0.000319418293394897 -0.000199699002500157
+0.000363133500407480 -0.000168107018310030
+0.000278895773730743 -0.000103397005723820
+0.000164846116508877 -0.000022054161155355
-0.000000919275515652 -0.000050991911817359
-0.000155807400074016 +0.000032711794370064
-0.000251884665592072 -0.000103731338040587
-0.000280897350944323 -0.000163594644126377
-0.000215389395832100 -0.000212588956114531
-0.000102257634770937 -0.000347922940437677
+0.000065099611054660 -0.000178813946447535
+0.000176019049090493 -0.000222623534169977
+0.000271380772681421 +0.000003154900700233
+0.000215333903365235 +0.000045596234938061
+0.000062600303723035 -0.000042425616661720
-0.000109975884800004 +0.000089727466257490
-0.000341972653537075 -0.000089285491751485
-0.000411570745146291 -0.000065147479549188
-0.000448188463302259 -0.000060902034522280
-0.000364686713258816 -0.000214533589665268
-0.000180180595123780 -0.000206152665897893
-0.000067222225798944 -0.000169324141643961
+0.000137636175274604 -0.000282795268715344
+0.000228704573378227 -0.000128264286997271
+0.000249167420033302 -0.000067657290208601
+0.000245616301444289 -0.000149689813859238
+0.000101615908449286 +0.000127317409045147
-0.000056511281160067 +0.000037039779119563
-0.000187655716143634 +0.000105793673323959
-0.000353902608161531 +0.000195881426347050
-0.000416319079364609 -0.000039145152319842
-0.000371096951033958 +0.000006043351253732
-0.000316242522942559 -0.000155708014049780
-0.000140118796779914 -0.000295149747835538
+0.000039780182530064 -0.000225428358509125
+0.000159597013229790 -0.000333371553649202
+0.000283491106950626 -0.000278691411913154
+0.000282501185185566 -0.000150637206458255
+0.000197498252441558 -0.000217482808484591
+0.000080269366110421 -0.000045430877950902
-0.000095319285509883 -0.000019716145736785
-0.000223722576319051 -0.000091995716063562
-0.000297676518181245 +0.000042270385866428
-0.000339968656854955 -0.000110668364176320
-0.000290441479347432 -0.000103088204803715
-0.000209438270104955 -0.000083189528623911
-0.000114096784031334 -0.000193464697762173
+0.000001602876834338 -0.000113997537319522
+0.000059811226715666 -0.000124662117067117
+0.000084878117478879 -0.000140760846271527
+0.000079748750896178 -0.000047441394178002
+0.000015408902351509 -0.000070606837573879
-0.000059894243441157 -0.000064652055804270
-0.000119679030217956 +0.000008812582616383
-0.000200338790660330 -0.000083961295337287
-0.000210710654202174 -0.000039461912245138
-0.000199959491354721 -0.000081752882148263
-0.000173827978967302 -0.000165255515835256
-0.000071014682756295 -0.000118448578850581
-0.000017480915394055 -0.000217118817205923
+0.000058115057338867 -0.000188520271883064
+0.000104832394769689 -0.000177965514105605
+0.000079943425719470 -0.000172329454071000
+0.000057620942790419 -0.000114039572110709
-0.000018692003146095 -0.000081741351935690
-0.000104577397021795 -0.000056921229317403
-0.000170549791174192 -0.000041447376897565
-0.000221009014881457 -0.000032437612776134
-0.000240899143647723 -0.000099565514671370
-0.000200626757102300 -0.000091641133158186
-0.000158956907385845 -0.000169299471787356
-0.000094482430751599 -0.000190721810907337
-0.000011577377041332 -0.000182789689208482
+0.000013957903312946 -0.000233101583968939
+0.000054517789188050 -0.000175001579797677
+0.000040847423953981 -0.000190851193216249
-0.000008401028824415 -0.000150674845359301
-0.000044047678624815 -0.000119356212875199
-0.000115623774859759 -0.000114729155286605
-0.000160956218760423 -0.000092309174298872
-0.000184468573827988 -0.000096954271375513
-0.000203443918549493 -0.000104354508248065
-0.000187423940894584 -0.000124825764284666
-0.000148284325245548 -0.000128356250923754
-0.000118040321586451 -0.000170242720222812
-0.000067296394180138 -0.000159267591726151
-0.000036344934662280 -0.000180838642393434
-0.000033639160459235 -0.000187013306877780
-0.000022450080437631 -0.000158256115892927
-0.000055805084519316 -0.000178586801996944
-0.000082568978358961 -0.000143381759548267
-0.000105505474963070 -0.000145252965699440
-0.000144217558435808 -0.000145540595259700
-0.000144208009166970 -0.000133943308440120
-0.000148468637032809 -0.000152301830050780
-0.000142151555549151 -0.000161471920553486
-0.000111297896165508 -0.000164741254786918
-0.000101809518569371 -0.000181981174002754
-0.000080950598678203 -0.000180505134613594
-0.000068793830860310 -0.000172457086086373
-0.000082500181705803 -0.000186742150287860
-0.000085669425617656 -0.000166119918347017
-0.000108536325429822 -0.000174781009160193
-0.000131495631331737 -0.000178468630236017
-0.000138893716756524 -0.000173476176184121
-0.000153059718917709 -0.000193581624984260
-0.000146929746381933 -0.000199163627124947
-0.000131482410220454 -0.000201105021936508
-0.000120324689550299 -0.000210249289720214
-0.000098727692942145 -0.000206686733253233
-0.000086852530352573 -0.000189336119186671
-0.000088814990610136 -0.000198400486447180
-0.000088891652125265 -0.000169844532604065
-0.000112259233544287 -0.000172559926936064
-0.000133998600189235 -0.000171770976857943
-0.000151211677862721 -0.000156845807130598
-0.000176186072250631 -0.000185234870596886
-0.000173498702596267 -0.000175252409312860
-0.000173579803417536 -0.000204493652994116
-0.000159395570493847 -0.000213074831346322
-0.000134206919960781 -0.000221852852106242
-0.000117922793664834 -0.000238735503379601
-0.000094429725947853 -0.000230584061818045
-0.000087284122943072 -0.000238198500644448
-0.000087059688433234 -0.000225137730528484
-0.000099220381243065 -0.000221396753029918
-0.000118635814729824 -0.000206216360511286
-0.000141738324327792 -0.000207055829680236
-0.000164574616586884 -0.000197260049080727
-0.000178500294137777 -0.000204176143200875
-0.000188834119578602 -0.000215242496970228
-0.000183495536068949 -0.000215254653913766
-0.000175024214635052 -0.000245105960721952
-0.000157225012282988 -0.000235939749758642
-0.000140100619006042 -0.000257705262861423
-0.000126506941185255 -0.000252256881678842
-0.000117731092852302 -0.000245342850425897
-0.000122061337277818 -0.000255526782687589
-0.000128855236155303 -0.000231288489247227
-0.000148493434836733 -0.000244854064514840
-0.000162995490538885 -0.000235740704449897
-0.000179070384746840 -0.000235208040798836
-0.000189776097031580 -0.000248079482611731
-0.000187688232617736 -0.000247646651837240
-0.000188157830111555 -0.000254679167492514
-0.000174049335293800 -0.000268101910668354
-0.000164400204121661 -0.000264826329233937
-0.000156654956981445 -0.000269297912038080
-0.000147353399112277 -0.000279576103333519
-0.000151328679683829 -0.000261773421249123
-0.000156210343129983 -0.000277081749112071
-0.000164547425539258 -0.000268056210032314
-0.000180078300173398 -0.000260806055693549
-0.000189183856659604 -0.000279132378689942
-0.000196803915430015 -0.000264112651215648
-0.000203139792592124 -0.000281064831381336
-0.000198006477523134 -0.000289760835834964
-0.000193989141157429 -0.000285713465730239
-0.000186922588233910 -0.000304261810002468
-0.000176123033858683 -0.000303854061473261
-0.000173643683810290 -0.000298782863915667
-0.000171924254443498 -0.000314654179067200
-0.000174652107730419 -0.000298296086773977
-0.000185849311192754 -0.000302258117080997
-0.000194510338539122 -0.000309828621054581
-0.000205575667410612 -0.000292790462596993
-0.000216636795171803 -0.000314602876803502
-0.000218631562741260 -0.000308899467662723
-0.000221874916600480 -0.000313217504687026
-0.000218898203189015 -0.000330024802232680
-0.000211276100373167 -0.000324680402741413
-0.000208232441475782 -0.000333089705480380
-0.000200922812720591 -0.000338376824933230
-0.000200198212891479 -0.000331642575753434
-0.000202477328237542 -0.000342670715224392
-0.000206929048871993 -0.000341767836650621
-0.000214261079911277 -0.000339407562885972
-0.000223339677171192 -0.000348176689186531
-0.000228960350232456 -0.000343012801707261
-0.000234274807515047 -0.000343838095095394
-0.000239014189804313 -0.000357916945084360
-0.000237615031714083 -0.000345189825211529
-0.000239887056341592 -0.000368698055032174
-0.000236670802226908 -0.000360077445401642
-0.000232629472003884 -0.000370381652258845
-0.000234221391781462 -0.000376638452431700
-0.000230022168417602 -0.000377309543957281
-0.000235431816725893 -0.000381026902902710
-0.000238945848860377 -0.000386404073519865
-0.000243524697622153 -0.000380183743532049
-0.000251187566191316 -0.000391667401117048
-0.000255580540225654 -0.000388584083122418
-0.000259278432732345 -0.000397457582090868
-0.000262643553221628 -0.000398326770599747
-0.000263169867722291 -0.000408772106645745
-0.000260610381141197 -0.000403449849640897
-0.000262373870963651 -0.000419432259964053
-0.000259760710595365 -0.000410122376289405
-0.000262292838719514 -0.000421076727357029
-0.000267200058842251 -0.000420812192412910
-0.000269119641536401 -0.000420289561777634
-0.000277511295125483 -0.000430175261822412
-0.000281468364454548 -0.000426099535452559
-0.000285268488068833 -0.000438063553380752
-0.000290927156812809 -0.000437557926211316
-0.000289105742634092 -0.000448475539802142
-0.000292560237177513 -0.000447134890590173
-0.000289444527741892 -0.000460601826866569
-0.000291532764205216 -0.000453830155481840
-0.000288236901943153 -0.000471156662182422
-0.000295137464448586 -0.000458523051008269
-0.000291272390440679 -0.000480734569888918
-0.000303767871445007 -0.000458317211088441
-0.000301544468434135 -0.000495837063030843
-0.000314035886972651 -0.000452767616447747
-0.000313264809687960 -0.000517204362897351
-0.000325050751175042 -0.000447618631248914
-0.000318697045113558 -0.000541092120704525
-0.000333474423173970 -0.000446394748439563
-0.000317511900807873 -0.000566952970518518
-0.000337513793807281 -0.000441289886001606
-0.000315111909694165 -0.000597784979133743
-0.000341016086219592 -0.000425588850977772
-0.000314188884202284 -0.000635678213904395
-0.000349320881566602 -0.000399924954150109
-0.000329880422316352 -0.000681162002326720
-0.000229390644453128 +0.000061655074004181
-0.000215143423461682 +0.000846101084687267
-0.000265022538583966 +0.000932244366556929
-0.000464129435117340 -0.000101735924264216
-0.000518763344134690 -0.000662563613291665
-0.000550793022092004 -0.001428694099229740
-0.000380066990645662 -0.001048283473765507
