+0.000012531810553142 -0.002580608036110982
-0.000377603828733428 -0.001357350195477787
-0.001034965438355643 -0.002836104374562291
-0.000643301370315846 -0.001006465967796598
-0.000599316749190915 -0.002012967282569872
-0.000315764810787626 -0.002308550586171478
+0.000062160075064452 -0.002340460790982523
+0.000017175757159079 -0.002947081779062110
+0.000355180948761523 -0.002325768486825525
+0.000366191441276142 -0.002233614759844567
+0.000254757635445242 -0.001927573838755669
-0.000223915958938571 -0.001759155821542037
-0.000320945130291522 -0.001878400761822183
-0.000237818822405489 -0.002250559719465757
-0.000237956935556453 -0.001809531795613517
-0.000226507860565307 -0.002899983974108884
-0.000230877991197869 -0.001988056776942859
-0.000291740645760232 -0.002567624418913889
-0.000077594748342506 -0.002253136038291721
-0.000113251779130040 -0.001983354189061121
+0.000032300187075954 -0.002826743349724506
-0.000125690118083943 -0.001914044974109893
+0.000119225829418563 -0.003163199089920689
-0.000106939897460820 -0.002010475566834440
+0.000133510693265905 -0.002750275622241760
-0.000369866798042873 -0.002307929470446999
+0.000039464430806720 -0.002344235936085601
-0.000524091104588571 -0.002921121806226056
+0.000176889609875781 -0.002037852893928689
-0.000492044673955786 -0.003301290337493718
+0.000267173593259123 -0.002023872652415757
-0.000419691593927403 -0.003216825512340239
+0.000237886707958135 -0.002056544114532247
-0.000368466139774069 -0.002726795847409494
+0.000161694228785045 -0.002581090261026701
-0.000437500497627204 -0.002486698512865064
+0.000217426782467803 -0.002953372906811844
-0.000683788925259048 -0.002549214794552810
+0.000498895652133262 -0.002710408193210977
-0.000925267366278074 -0.002841341436039738
+0.000710131723042414 -0.002184937566442977
-0.001123140583627421 -0.003921831550650683
+0.001019298341315332 -0.000669253113973801
-0.001248006010230181 -0.006675099164794501
+0.001260573631769493 +0.004736012804846966
-0.001446292244607096 -0.020572377334682000
+0.001453001858744571 +0.150444200663726324
-0.001840431665510978 +0.771120283998034339
+0.001592682885013752 +0.563067887490580676
-0.002284983532781520 +0.059162760740322173
+0.003063092359113367 -0.043841542153966614
-0.002564949350118903 -0.024232586814636185
+0.004744357830340796 -0.059185567489163773
-0.004540945301830161 -0.187378318471120797
+0.010187108334091852 -0.040492642707831102
-0.010618994084007257 +0.096571077816424572
+0.090661854134570730 -0.090424283018606513
+0.349763251418755527 -0.174802350058094635
+0.364602552534211366 -0.158229020811407661
+0.201247032935603865 -0.110363407610107198
+0.111118604017508185 +0.037992846105549205
+0.058823366153571296 +0.144537463172513314
-0.059674177390288574 +0.196260050475819403
-0.167692302655146674 +0.124074015462417864
-0.244821602619975320 -0.000387106634896316
-0.194210483340855833 -0.069649510191217123
-0.041111253814613571 -0.114701071638428784
+0.047579116470945121 -0.107877683800413196
+0.038238984645870763 -0.099942237435392267
+0.058916559587306669 -0.069402096874174368
+0.093603384774198856 +0.006093485836159242
+0.096878501528571609 +0.023423658890977566
+0.059131389197201276 +0.000126626331730186
+0.016411551377774697 -0.018567854753548878
-0.020187185943082029 -0.017372202359551277
-0.025419111682751541 +0.004678001443908813
-0.028582987621718590 +0.024753993361756491
-0.041095750817448817 +0.016134228099384536
-0.051877607325700431 -0.002609299728220443
-0.025703070294136147 -0.018587923205810170
+0.005112077479123481 -0.021537396016826880
+0.031529212379827809 -0.018923198241740914
+0.031709361405907938 -0.013691609892051614
+0.019683856748831295 -0.013774409222779265
+0.010424322215500190 +0.001043551500832092
+0.010155850146792239 +0.005406659023600956
+0.003669041851392544 +0.002785976302388243
-0.004329386732291223 -0.009109147648881507
-0.008633105890685880 -0.028317332128989792
+0.000889308144808240 -0.002309624344575591
+0.007179447860279411 +0.012550206739385575
+0.011489380075603906 +0.005453109778705796
+0.011422344301645602 -0.002514049076283835
+0.002274748017705475 -0.001248752697081234
-0.000401345905779836 +0.006298542882870562
+0.003737129248482501 -0.002034446867515723
+0.003047588595764977 -0.004912319689410286
-0.008471878920634356 -0.010847467050195229
-0.018605652273159440 +0.000029978533059343
-0.010511931096141680 +0.003178697308776715
-0.000920943394246755 +0.001190288460012042
+0.003528471400460123 -0.005901813594008144
+0.001024422301485066 -0.008994675321167057
+0.003155023759830809 +0.007080388936246509
+0.007327257687394791 -0.000405189346912897
+0.011661093126792697 +0.004152833666856137
+0.004945630028976676 -0.002658147541171524
-0.004111760340099674 -0.009479341098921366
-0.003360486651062823 -0.012071150128927172
-0.000148617956131720 -0.026084775635867245
+0.001672960875525142 -0.021763867946108462
-0.003761208851328219 -0.029720412622424974
-0.005991636948561488 -0.011120657858152550
-0.001898481179955092 +0.006840359206555693
+0.000464643805623386 +0.012680817547417272
+0.001998598686688172 +0.016419346209059278
-0.001101991584630225 +0.008544512012460429
-0.001030361016419877 +0.005426463835354693
-0.002229169832927560 -0.007286186931778659
-0.003882399774563093 -0.004706671843075058
-0.008586437171526153 -0.005399877285131003
-0.014332725335750477 -0.000626365709037013
-0.010967165787481241 +0.000143702800228481
-0.003166871988907335 -0.007182325725700212
+0.004866143695082981 -0.004299403441188874
+0.010313787322453381 -0.016929068219925104
+0.016796423618134451 -0.017665321561615634
+0.016985512610321073 -0.015625858329817516
+0.011987645864459252 -0.002956885729413192
+0.006314610313708837 +0.005229576771435004
-0.003596151107216272 +0.001468664852025712
-0.005912239513961285 +0.001277212017387010
-0.007493005311675290 -0.004688769801312616
-0.007083224685670710 -0.005699862902937225
-0.004554490037633979 -0.010725894848236184
-0.001660913439907226 -0.010573738856354965
+0.000051998623361393 -0.006352422245524630
-0.001882119558622445 -0.001638487733698420
-0.000582353795291823 +0.003698409645803745
+0.000415393640311965 -0.001567467178033127
+0.002166468589727053 -0.005884276012353268
+0.002879661726293569 -0.008795630606018130
+0.002887381841015537 -0.011530501659534965
+0.003828394016366962 -0.007918286880803538
+0.004184587966965787 -0.007023789674473474
+0.004742005549065960 -0.007145741668962253
+0.001769375570816408 -0.002486403780168148
-0.000881168900793308 -0.001357877456927069
-0.001318414954254667 +0.001900124705921525
-0.000867899992719324 -0.002264146983590234
-0.000009118237687269 -0.000427203787918086
+0.001649983290292114 +0.001706618630259869
+0.003255958103665387 -0.004649962043024352
+0.005446371497661110 -0.005868740295421679
+0.008786589473788485 -0.010274386960478023
+0.009856314250716175 -0.010393937178122790
+0.007983676632816053 -0.017948714037138103
+0.006285350861847222 -0.018532470205633530
+0.003835863547168662 -0.013384584258931562
-0.001411605040615406 -0.013664741839111458
-0.003755290494314235 -0.009004423933586032
-0.005734125171438803 -0.010702969311247319
-0.008710961965053785 -0.004375391681052058
-0.010274474991224284 -0.005290474746673135
-0.010280269672536811 -0.005923567444449606
-0.008192530416900559 -0.007613749464197841
-0.006747184998024731 -0.010205512612138128
-0.002724710608562162 -0.002996153558681835
+0.000630472452609710 +0.016611544748882962
+0.005254861636867607 +0.016905388847119469
+0.009602068657566146 +0.011046969321591686
+0.010878348426166615 +0.017343454380899091
+0.011069589514211504 -0.003207629200660865
+0.007553989091949201 +0.010101483222855728
+0.002524707829907461 +0.004960214018699987
-0.004471633210865042 +0.006718619641907779
-0.009965588672454728 +0.015081682098690086
-0.011819816929673210 +0.001528724634451846
-0.005713612717674912 +0.006926374510991377
-0.003341064477429106 -0.006138266080562918
-0.001156488169568363 -0.009637124567470165
+0.002839075314822742 -0.003836113169033616
+0.004032550307476675 -0.005464440456698989
+0.005142332806818872 +0.006765819059630152
+0.003881607052677941 +0.003856790194066224
-0.000109671640980153 +0.006410761940816807
-0.002055697928293590 +0.002186254049988453
-0.000559679146513850 +0.000162385948928388
-0.000656927365289739 -0.001820905760584121
-0.001768836458672762 -0.001594825665049879
-0.001470918249901355 -0.001848390426504937
-0.002028472422890958 +0.000406382171996008
+0.000665304976623003 -0.000487518937632287
+0.000963555645116639 -0.003514887810250599
+0.001733562963549772 -0.002646065695055010
+0.001147390251696828 -0.007487289551177955
+0.000427306148305396 -0.002757153639208903
+0.001087563118906908 -0.002742702855730736
-0.001645522631262896 -0.000072847862652985
-0.001802400257623099 +0.000674069836333702
-0.002718608436598621 -0.001239837572027596
-0.001402746177139184 +0.000572104607593721
-0.000097648106177688 -0.002483913116453278
+0.001022688305481779 +0.000405887843526636
+0.001592344206826532 -0.000910458729298404
+0.001271560869016594 +0.001745647613535958
+0.001315621814669769 +0.001891673715341274
+0.000569465777595051 +0.001501845772275426
+0.000160688824054053 +0.000198973922918051
-0.000893535087401021 -0.002900355487034319
-0.000763916425369716 -0.001758183510616432
-0.001030494397769145 -0.002332235249085051
-0.000665567084151985 -0.001889730513621275
-0.000011963288629737 -0.001451290332107208
-0.000107820648547881 -0.001394431219504068
+0.000956237271406286 -0.001918329145829066
+0.001308661703640742 -0.000276285604524609
+0.002161746797187962 -0.001831617130978494
+0.001538022615518728 -0.000273020939275333
+0.001088701731908835 -0.000813124168844170
+0.000546122449416311 -0.000408111438829062
+0.000183020299472890 +0.000681264659710164
-0.000199210359990945 -0.003160711125295896
-0.000428231170139257 -0.001083310010555022
-0.000366366339888711 -0.004727082261191502
-0.000337858179012801 -0.002462311023392395
+0.000608301949057564 -0.003159281521031260
+0.000340276547687265 -0.002289799445090892
+0.000490227561394552 -0.000682865793210943
+0.000190601438375405 -0.002062536890921449
+0.000169820069583616 +0.000586039757967238
-0.000051394680123078 -0.002714312355157401
-0.000977129883350495 +0.000096471780315126
-0.001321123543287653 -0.002119073616261131
-0.002086265963572191 +0.000964706121172511
-0.001554173902509841 +0.001109051295310712
-0.001367253785966029 +0.001377803699072676
-0.000273209666613523 +0.003665434932784970
+0.000462961276729552 -0.000378579633874176
+0.001698011180383401 +0.002897414262587890
+0.002422454246293277 -0.001324926428099337
+0.002173227523466764 +0.001576029625599482
+0.001889593197522626 +0.000253222136873680
+0.000595482603569120 +0.000606313992371274
+0.000374065408540341 +0.001643957244334310
-0.000729968335047621 -0.001140809151455070
-0.000724655208494255 +0.000822681887108729
-0.000982380885428855 -0.003424198149799237
-0.001014832396510367 -0.000627327384822771
-0.000613792428813380 -0.002935642232959946
-0.000901442923608453 -0.000423743868784900
-0.000454197418359589 -0.000382860533298820
-0.000738593432054259 -0.000718262658176907
+0.000024207754734562 +0.001108312390564960
-0.000127968067271118 -0.001929395541654146
+0.000524008906389851 +0.001146406483142107
+0.000517616046199840 -0.002070430680936474
+0.000345290149994552 +0.000708279743119716
+0.000419632389130781 -0.000373927777680137
-0.000317995247879999 +0.000436050167198235
+0.000039884806992768 +0.001259999777725837
-0.000721355271713457 -0.000764046998428223
-0.000281372811395302 +0.001557101977650739
-0.000684672426949129 -0.001272349001807498
-0.000522956650621378 +0.001166848450798130
-0.000261502685871710 -0.000507703821933320
-0.000450512076916016 +0.000458638624220491
+0.000146712152746401 +0.000457778235142334
-0.000271671307336901 -0.000304496488759202
+0.000547177308807176 +0.000701137230762304
+0.000219550979878019 -0.000848364903245943
+0.000614347354044842 +0.000561442750577608
+0.000502266359169638 -0.000276434117429839
+0.000243194255628544 +0.000517011041348892
+0.000379738811853637 -0.000112627676169472
-0.000154235019576779 +0.000118393877133934
+0.000152921241058364 -0.000668400041763411
-0.000451691704059159 -0.000693103745874744
-0.000124168724592245 -0.001336921279662404
-0.000407264198123838 -0.001365292743857833
-0.000346125574393239 -0.001122316523975116
-0.000111523431554169 -0.001899558709446964
-0.000076284010019697 -0.000302516363054922
+0.000306050790613075 -0.001979595468507849
+0.000193351100092820 +0.000184363367180337
+0.000518283077187150 -0.001423742353322984
+0.000236641056663636 -0.000402642571055931
+0.000352084391608911 -0.000718571721736936
-0.000051002202032760 -0.001491854155913192
-0.000099301541057252 +0.000687454226529910
-0.000309303709708489 -0.001653308481716883
-0.000263452846615970 +0.000671924485702857
-0.000074256644451200 -0.001120273032737832
-0.000130685765701958 -0.000834976299449861
+0.000303560697051702 -0.000697321656313809
+0.000002749679605517 -0.001205293234491527
+0.000318448622644672 -0.000545643376845476
-0.000180897864253725 -0.000417599000371254
-0.000110992454307900 -0.000172125556663388
-0.000167854141827475 -0.000339000219873295
-0.000337115679013453 +0.000398273055614887
-0.000072326085301888 -0.001453395492107954
-0.000277346086342592 +0.000816594638908964
+0.000067324525924649 -0.001491090540749557
-0.000058019981944228 +0.000409573815344455
+0.000300741727723358 +0.000200484632769993
+0.000076149627939903 -0.001098290570607226
+0.000248578605757359 +0.001548773470260119
+0.000284744706637600 -0.002294553062071738
+0.000123545939943719 +0.001239305183132033
+0.000294029881898094 -0.001784207311909911
-0.000146240878650216 -0.000223637157844701
+0.000071254324237928 -0.000136415353755734
-0.000274660492017548 -0.001686787110292104
+0.000001884069791847 +0.000750456403065161
-0.000160623465819035 -0.002285821563335330
-0.000026517806443235 +0.000321238018388348
-0.000010596626110082 -0.001760916338982788
-0.000075153672170931 -0.000282835815210672
+0.000048943104782359 -0.000570039372299519
-0.000314974449364139 -0.000703822345057919
+0.000004110063569665 +0.000256160597780157
-0.000453985648543837 -0.001111911509642044
-0.000025138689902587 +0.000393677708584936
-0.000250755522051518 -0.001289264880536815
-0.000084988379942041 +0.000296363897228619
+0.000065608470025472 -0.000985414285209183
-0.000163482695127469 +0.000142881878062117
+0.000308285256191008 -0.000359809900332496
-0.000157175097435061 -0.000362280021282330
+0.000294684671842876 +0.000080169517850108
-0.000079806133253885 -0.000989312872634815
+0.000050917437069651 +0.000449643497647912
-0.000030985576292209 -0.001241544236380906
-0.000222854427714522 +0.000501406302710459
-0.000021208064196051 -0.000999264165388227
-0.000356437710981359 -0.000140900282023250
+0.000061242452504938 -0.000430462337542749
-0.000213851640993412 -0.001026765195447065
+0.000167139838437553 +0.000027516902861532
+0.000019918860967144 -0.001440715433117614
+0.000157402151073696 +0.000151118268665028
+0.000187749944815119 -0.001191415484733485
+0.000011086421639251 -0.000226114901755305
+0.000203311932496837 -0.000845519070284934
-0.000194707167680309 -0.000783183638335876
+0.000050659579112623 -0.000681704813929245
-0.000288120996417637 -0.001070614697803426
-0.000112700521057227 -0.000525499473175054
-0.000248894053839709 -0.001120715294757856
-0.000185971438169306 -0.000316032720825207
-0.000053194215732604 -0.001125556882624022
-0.000119756554308970 -0.000254132408806032
+0.000164569757928225 -0.001108796414278766
-0.000057036449749612 -0.000414530540977110
+0.000206408967897609 -0.000807049911735170
-0.000062925178640888 -0.000669747003530607
+0.000092689202736960 -0.000283868587173598
-0.000070008532524400 -0.000961970641084684
-0.000070450133235019 +0.000017340673472318
+0.000001118280004552 -0.001267380699008792
-0.000135599213473443 -0.000047917150971311
+0.000087411949524179 -0.001296937085185778
-0.000148659178384903 -0.000358849749525663
+0.000081960226128329 -0.000842319048562769
-0.000135819630465439 -0.000860287327957965
+0.000020852604841773 -0.000205821945448416
-0.000071149547713394 -0.001414598075743706
-0.000041603855231745 +0.000084888549553814
+0.000024863509277421 -0.001650944658905878
-0.000091022456861462 -0.000111796565736665
+0.000103031822422758 -0.001256647873184981
-0.000141364481049551 -0.000623526616998632
+0.000111356993376730 -0.000542016838680991
-0.000127784913315785 -0.001226293132537074
+0.000058816486778813 -0.000062966694611373
-0.000033582050316037 -0.001619041527438994
-0.000028586492840548 -0.000024947594287631
+0.000051662416344445 -0.001571933609085278
-0.000136506719656840 -0.000341010813673013
+0.000075145001380215 -0.001094503863894684
-0.000199778910994168 -0.000888490387963635
+0.000049496430724578 -0.000513737698798286
-0.000167828642734484 -0.001456418221768521
-0.000008370302653000 -0.000098437336707579
-0.000070509610775956 -0.001701699652703806
-0.000087022658921141 -0.000016011269063882
+0.000032046612266213 -0.001429820461657747
-0.000172672977542794 -0.000378008651819070
+0.000080577672918263 -0.000801470957268725
-0.000199226764523773 -0.001047260163666031
+0.000065665948499897 -0.000203512988141020
-0.000145339940135027 -0.001590848829098384
-0.000009534516837198 +0.000064870024188149
-0.000041568761948820 -0.001614837423260881
-0.000110225513091436 -0.000178987580465976
+0.000072659115972363 -0.001149163875711488
-0.000171921755120202 -0.000808842563370885
+0.000128602352005408 -0.000558399085757525
-0.000161941083447887 -0.001401349538467947
+0.000086322760509325 -0.000219551708332061
-0.000100435198484605 -0.001587977029665491
-0.000039012853443228 -0.000309748706159524
-0.000002641134238244 -0.001354847501525429
-0.000165750239221971 -0.000701896030467735
+0.000082343340742778 -0.000990533052545822
-0.000208758620063764 -0.001092340929938742
+0.000097625719641531 -0.000748854218320188
-0.000151931685271971 -0.001311375981647904
+0.000024297157585461 -0.000663927416088857
-0.000052430544870802 -0.001362851769943449
-0.000096076647683127 -0.000645817709910101
+0.000030543383079665 -0.001362567562559597
-0.000176790658563814 -0.000688081012108842
+0.000057497008276774 -0.001298626433893032
-0.000181005079416039 -0.000901264821717052
+0.000027302166013390 -0.001009325610957823
-0.000127149013494192 -0.001298028287635126
-0.000038628112480084 -0.000584121433127071
-0.000056459450941801 -0.001613755743590309
-0.000100173807210181 -0.000407073935536729
+0.000006373451831348 -0.001555139609715483
-0.000138675166627663 -0.000701492571440527
+0.000043772950943000 -0.001145782377931330
-0.000150326337751530 -0.001202540301814520
+0.000039264377599867 -0.000739294138738910
-0.000112602183159277 -0.001493845268849351
-0.000011111756450079 -0.000642222910716446
-0.000038451316900980 -0.001499516820996423
-0.000076168455375012 -0.000791350370971772
+0.000032739816153435 -0.001407181255397478
-0.000131367194749962 -0.000958820771962098
+0.000055202389481566 -0.001308288097226485
-0.000158925335391862 -0.001113537833442828
+0.000018158997720433 -0.001129851118210675
-0.000131209192834692 -0.001388508544719434
-0.000051793547372807 -0.000849257713166685
-0.000058031597730850 -0.001732858485926421
-0.000119810861770207 -0.000654789845184082
+0.000019855018488754 -0.001826082814968354
-0.000154487900050501 -0.000797007148650119
+0.000049610240801041 -0.001480507601917348
-0.000140651751910262 -0.001297158083993829
+0.000016411500519106 -0.000916479394113441
-0.000090979319739710 -0.001841534249768115
-0.000050733474504072 -0.000558980985598400
-0.000038946643979468 -0.002018574998261798
-0.000121139264121595 -0.000672451258546234
-0.000005582586551235 -0.001703207321383157
-0.000165203370324711 -0.001159918498920365
+0.000007563966191278 -0.001167374508673068
-0.000163202354135038 -0.001704875814728470
-0.000002665662326427 -0.000780680562300063
-0.000115531037309994 -0.001971729706355077
-0.000047403548499473 -0.000740532530228788
-0.000040306541811433 -0.001849526039785447
-0.000119728721433567 -0.001014227752628623
+0.000023577024580426 -0.001504728399162447
-0.000175058772246293 -0.001418037470038679
+0.000042718401866963 -0.001163766780949980
-0.000171405830731134 -0.001768166264688120
-0.000003886275582064 -0.000963619023628954
-0.000105078468468575 -0.001925485304220974
-0.000091764795724895 -0.000958596642566659
-0.000014161740688733 -0.001859239250828366
-0.000164573711595424 -0.001176806191790750
+0.000041060285269438 -0.001604476930761201
-0.000184644075045891 -0.001560526340967600
+0.000032023557763692 -0.001264820142202188
-0.000147608536071684 -0.001922541939601449
-0.000039732625762153 -0.001034217741260444
-0.000079357894518271 -0.002058492654827718
-0.000125705166001405 -0.001078746881353681
-0.000012455597673095 -0.001904424180108912
-0.000175475808560152 -0.001396186395777586
+0.000017037764814029 -0.001575425134022220
-0.000173612464843746 -0.001787411579998203
-0.000006411557283016 -0.001279799810152294
-0.000127914043869025 -0.002026800907256328
-0.000071190358951657 -0.001185824629910067
-0.000065554826263817 -0.002031809725258110
-0.000140469482375499 -0.001328647977467903
-0.000011451793016653 -0.001857556715214377
-0.000180732102721312 -0.001608521688106258
+0.000007292468681266 -0.001618789011605648
-0.000176625611778332 -0.001877519847951795
-0.000020766540559149 -0.001434090382811472
-0.000128474451392817 -0.002038876929398756
-0.000081233343535689 -0.001379155220941166
-0.000059988518047742 -0.002073983324944825
-0.000143295901406967 -0.001465637807565449
-0.000007773700887326 -0.001992923694777134
-0.000175555593595210 -0.001658536946488477
-0.000002330901869020 -0.001819928274739299
-0.000162878565660374 -0.001910557335434947
-0.000042187214146939 -0.001620784937616672
-0.000115082326743745 -0.002148066702649826
-0.000099043979920715 -0.001502175277021224
-0.000060862189272961 -0.002250564892285175
-0.000145289217706657 -0.001574222680992614
-0.000029860746900114 -0.002124069997012037
-0.000162813562220058 -0.001869272479310367
-0.000037998142071475 -0.001761713235051878
-0.000142840984368694 -0.002500345472821943
-0.000091333000962514 -0.003657990134802916
+0.000027431569677672 -0.002671184839701398
-0.000257021354944767 -0.002056436834461664
+0.000131828867953685 -0.002510914837711633
-0.000141402713100590 -0.001083515058745715
-0.000051618110571881 -0.002281104918635771
-0.000081687136391541 -0.001513955525627426
-0.000088465227807200 -0.002174155393511967
