00000 -0.406
00010 -0.377
00020 -0.298
00030 -0.193
00040 -0.087
00050 -0.002
00060 +0.049
00070 +0.065
00080 +0.053
00090 +0.026
00100 +0.005
00110 +0.004
00120 +0.032
00130 +0.089
00140 +0.164
00150 +0.244
00160 +0.315
00170 +0.367
00180 +0.397
00190 +0.409
00200 +0.409
00210 +0.407
00220 +0.412
00230 +0.430
00240 +0.460
00250 +0.499
00260 +0.540
00270 +0.575
00280 +0.599
00290 +0.609
00300 +0.608
00310 +0.599
00320 +0.590
00330 +0.585
00340 +0.589
00350 +0.603
00360 +0.623
00370 +0.644
00380 +0.662
00390 +0.672
00400 +0.674
00410 +0.670
00420 +0.665
00430 +0.663
00440 +0.670
00450 +0.690
00460 +0.721
00470 +0.761
00480 +0.807
00490 +0.854
00500 +0.899
00510 +0.944
00520 +0.991
00530 +1.044
00540 +1.106
00550 +1.179
00560 +1.261
00570 +1.349
00580 +1.439
00590 +1.524
00600 +1.602
00610 +1.671
00620 +1.731
00630 +1.784
00640 +1.834
00650 +1.880
00660 +1.925
00670 +1.968
00680 +2.008
00690 +2.042
00700 +2.069
00710 +2.087
00720 +2.098
00730 +2.101
00740 +2.100
00750 +2.097
00760 +2.092
00770 +2.089
00780 +2.085
00790 +2.080
00800 +2.071
00810 +2.058
00820 +2.039
00830 +2.013
00840 +1.983
00850 +1.950
00860 +1.917
00870 +1.886
00880 +1.857
00890 +1.831
00900 +1.804
00910 +1.777
00920 +1.746
00930 +1.713
00940 +1.678
00950 +1.644
00960 +1.612
00970 +1.584
00980 +1.561
00990 +1.541
01000 +1.524
01010 +1.507
01020 +1.487
01030 +1.466
01040 +1.441
01050 +1.415
01060 +1.389
01070 +1.364
01080 +1.340
01090 +1.319
01100 +1.298
01110 +1.276
01120 +1.252
01130 +1.225
01140 +1.195
01150 +1.162
01160 +1.128
01170 +1.095
01180 +1.064
01190 +1.036
01200 +1.011
01210 +0.988
01220 +0.967
01230 +0.946
01240 +0.926
01250 +0.907
01260 +0.891
01270 +0.880
01280 +0.874
01290 +0.875
01300 +0.882
01310 +0.894
01320 +0.911
01330 +0.930
01340 +0.952
01350 +0.975
01360 +1.000
01370 +1.028
01380 +1.058
01390 +1.090
01400 +1.126
01410 +1.163
01420 +1.200
01430 +1.238
01440 +1.274
01450 +1.309
01460 +1.343
01470 +1.377
01480 +1.409
01490 +1.442
01500 +1.476
01510 +1.510
01520 +1.545
01530 +1.580
01540 +1.614
01550 +1.649
01560 +1.682
01570 +1.715
01580 +1.749
01590 +1.782
01600 +1.817
01610 +1.852
01620 +1.887
01630 +1.923
01640 +1.957
01650 +1.990
01660 +2.022
01670 +2.051
01680 +2.078
01690 +2.103
01700 +2.127
01710 +2.150
01720 +2.172
01730 +2.194
01740 +2.214
01750 +2.234
01760 +2.252
01770 +2.269
01780 +2.286
01790 +2.301
01800 +2.316
01810 +2.330
01820 +2.345
01830 +2.360
01840 +2.375
01850 +2.390
01860 +2.405
01870 +2.419
01880 +2.433
01890 +2.447
01900 +2.460
01910 +2.472
01920 +2.484
01930 +2.496
01940 +2.508
01950 +2.519
01960 +2.529
01970 +2.538
01980 +2.545
01990 +2.550
02000 +2.551
02010 +2.548
02020 +2.542
02030 +2.531
02040 +2.516
02050 +2.496
02060 +2.471
02070 +2.441
02080 +2.404
02090 +2.361
02100 +2.312
02110 +2.258
02120 +2.200
02130 +2.139
02140 +2.077
02150 +2.014
02160 +1.951
02170 +1.888
02180 +1.827
02190 +1.766
02200 +1.706
02210 +1.646
02220 +1.587
02230 +1.528
02240 +1.470
02250 +1.412
02260 +1.354
02270 +1.297
02280 +1.239
02290 +1.181
02300 +1.121
02310 +1.060
02320 +0.998
02330 +0.935
02340 +0.872
02350 +0.809
02360 +0.748
02370 +0.690
02380 +0.634
02390 +0.582
02400 +0.535
02410 +0.493
02420 +0.456
02430 +0.427
02440 +0.406
02450 +0.394
02460 +0.392
02470 +0.399
02480 +0.415
02490 +0.439
02500 +0.471
02510 +0.510
02520 +0.553
02530 +0.601
02540 +0.652
02550 +0.706
02560 +0.761
02570 +0.817
02580 +0.874
02590 +0.929
02600 +0.984
02610 +1.036
02620 +1.087
02630 +1.134
02640 +1.179
02650 +1.221
02660 +1.260
02670 +1.296
02680 +1.330
02690 +1.362
02700 +1.392
02710 +1.419
02720 +1.445
02730 +1.470
02740 +1.493
02750 +1.516
02760 +1.539
02770 +1.563
02780 +1.589
02790 +1.617
02800 +1.649
02810 +1.683
02820 +1.721
02830 +1.762
02840 +1.805
02850 +1.850
02860 +1.894
02870 +1.938
02880 +1.981
02890 +2.021
02900 +2.059
02910 +2.094
02920 +2.125
02930 +2.152
02940 +2.175
02950 +2.194
02960 +2.209
02970 +2.220
02980 +2.227
02990 +2.230
03000 +2.231
03010 +2.229
03020 +2.224
03030 +2.215
03040 +2.204
03050 +2.190
03060 +2.172
03070 +2.151
03080 +2.126
03090 +2.098
03100 +2.066
03110 +2.032
03120 +1.994
03130 +1.952
03140 +1.908
03150 +1.859
03160 +1.806
03170 +1.750
03180 +1.689
03190 +1.625
03200 +1.558
03210 +1.489
03220 +1.418
03230 +1.347
03240 +1.276
03250 +1.206
03260 +1.138
03270 +1.073
03280 +1.012
03290 +0.957
03300 +0.908
03310 +0.866
03320 +0.833
03330 +0.807
03340 +0.790
03350 +0.780
03360 +0.776
03370 +0.778
03380 +0.785
03390 +0.794
03400 +0.806
03410 +0.819
03420 +0.833
03430 +0.846
03440 +0.859
03450 +0.871
03460 +0.879
03470 +0.885
03480 +0.887
03490 +0.885
03500 +0.879
03510 +0.869
03520 +0.854
03530 +0.836
03540 +0.813
03550 +0.786
03560 +0.754
03570 +0.718
03580 +0.677
03590 +0.631
03600 +0.580
03610 +0.525
03620 +0.465
03630 +0.401
03640 +0.333
03650 +0.263
03660 +0.189
03670 +0.113
03680 +0.035
03690 -0.044
03700 -0.123
03710 -0.201
03720 -0.276
03730 -0.346
03740 -0.409
03750 -0.463
03760 -0.507
03770 -0.537
03780 -0.554
03790 -0.554
03800 -0.539
03810 -0.506
03820 -0.456
03830 -0.391
03840 -0.311
03850 -0.219
03860 -0.119
03870 -0.012
03880 +0.098
03890 +0.208
03900 +0.314
03910 +0.416
03920 +0.510
03930 +0.595
03940 +0.671
03950 +0.736
03960 +0.791
03970 +0.835
03980 +0.868
03990 +0.891
04000 +0.905
04010 +0.909
04020 +0.904
04030 +0.892
04040 +0.873
04050 +0.848
04060 +0.819
04070 +0.787
04080 +0.752
04090 +0.716
04100 +0.679
04110 +0.642
04120 +0.606
04130 +0.572
04140 +0.541
04150 +0.514
04160 +0.492
04170 +0.474
04180 +0.463
04190 +0.457
04200 +0.457
04210 +0.462
04220 +0.473
04230 +0.489
04240 +0.510
04250 +0.534
04260 +0.562
04270 +0.594
04280 +0.627
04290 +0.661
04300 +0.696
04310 +0.730
04320 +0.763
04330 +0.794
04340 +0.822
04350 +0.847
04360 +0.868
04370 +0.885
04380 +0.898
04390 +0.906
04400 +0.911
04410 +0.910
04420 +0.905
04430 +0.896
04440 +0.881
04450 +0.863
04460 +0.841
04470 +0.815
04480 +0.787
04490 +0.756
04500 +0.724
04510 +0.690
04520 +0.654
04530 +0.618
04540 +0.581
04550 +0.543
04560 +0.507
04570 +0.471
04580 +0.436
04590 +0.403
04600 +0.371
04610 +0.342
04620 +0.315
04630 +0.290
04640 +0.267
04650 +0.245
04660 +0.226
04670 +0.208
04680 +0.193
04690 +0.179
04700 +0.167
04710 +0.156
04720 +0.147
04730 +0.138
04740 +0.129
04750 +0.121
04760 +0.113
04770 +0.104
04780 +0.095
04790 +0.087
04800 +0.078
04810 +0.069
04820 +0.060
04830 +0.051
04840 +0.041
04850 +0.032
04860 +0.022
04870 +0.012
04880 +0.004
04890 -0.004
04900 -0.010
04910 -0.014
04920 -0.016
04930 -0.016
04940 -0.014
04950 -0.009
04960 -0.002
04970 +0.007
04980 +0.019
04990 +0.034
05000 +0.052
05010 +0.073
05020 +0.097
05030 +0.122
05040 +0.149
05050 +0.178
05060 +0.207
05070 +0.237
05080 +0.267
05090 +0.298
05100 +0.328
05110 +0.358
05120 +0.386
05130 +0.414
05140 +0.440
05150 +0.464
05160 +0.486
05170 +0.505
05180 +0.523
05190 +0.538
05200 +0.551
05210 +0.562
05220 +0.572
05230 +0.580
05240 +0.586
05250 +0.592
05260 +0.596
05270 +0.600
05280 +0.603
05290 +0.606
05300 +0.611
05310 +0.616
05320 +0.622
05330 +0.630
05340 +0.640
05350 +0.651
05360 +0.663
05370 +0.677
05380 +0.692
05390 +0.708
05400 +0.725
05410 +0.743
05420 +0.762
05430 +0.781
05440 +0.800
05450 +0.819
05460 +0.837
05470 +0.853
05480 +0.868
05490 +0.881
05500 +0.892
05510 +0.901
05520 +0.908
05530 +0.913
05540 +0.917
05550 +0.918
05560 +0.917
05570 +0.914
05580 +0.908
05590 +0.901
05600 +0.893
05610 +0.883
05620 +0.874
05630 +0.864
05640 +0.854
05650 +0.845
05660 +0.836
05670 +0.828
05680 +0.821
05690 +0.815
05700 +0.810
05710 +0.807
05720 +0.807
05730 +0.809
05740 +0.813
05750 +0.819
05760 +0.828
05770 +0.838
05780 +0.849
05790 +0.862
05800 +0.875
05810 +0.888
05820 +0.902
05830 +0.917
05840 +0.932
05850 +0.946
05860 +0.959
05870 +0.971
05880 +0.981
05890 +0.989
05900 +0.994
05910 +0.996
05920 +0.996
05930 +0.994
05940 +0.990
05950 +0.983
05960 +0.975
05970 +0.964
05980 +0.950
05990 +0.935
06000 +0.917
06010 +0.897
06020 +0.876
06030 +0.854
06040 +0.832
06050 +0.810
06060 +0.789
06070 +0.768
06080 +0.747
06090 +0.727
06100 +0.708
06110 +0.689
06120 +0.672
06130 +0.656
06140 +0.642
06150 +0.630
06160 +0.621
06170 +0.614
06180 +0.608
06190 +0.604
06200 +0.601
06210 +0.599
06220 +0.598
06230 +0.597
06240 +0.597
06250 +0.598
06260 +0.601
06270 +0.603
06280 +0.606
06290 +0.609
06300 +0.610
06310 +0.610
06320 +0.608
06330 +0.605
06340 +0.601
06350 +0.595
06360 +0.590
06370 +0.583
06380 +0.576
06390 +0.568
06400 +0.558
06410 +0.546
06420 +0.533
06430 +0.519
06440 +0.504
06450 +0.489
06460 +0.475
06470 +0.461
06480 +0.448
06490 +0.435
06500 +0.423
06510 +0.410
06520 +0.397
06530 +0.385
06540 +0.372
06550 +0.360
06560 +0.348
06570 +0.339
06580 +0.330
06590 +0.322
06600 +0.315
06610 +0.307
06620 +0.299
06630 +0.290
06640 +0.280
06650 +0.269
06660 +0.259
06670 +0.249
06680 +0.240
06690 +0.232
06700 +0.223
06710 +0.214
06720 +0.204
06730 +0.192
06740 +0.179
06750 +0.166
06760 +0.152
06770 +0.138
06780 +0.125
06790 +0.113
06800 +0.102
06810 +0.091
06820 +0.080
06830 +0.068
06840 +0.055
06850 +0.041
06860 +0.028
06870 +0.015
06880 +0.004
06890 -0.005
06900 -0.012
06910 -0.019
06920 -0.024
06930 -0.030
06940 -0.035
06950 -0.041
06960 -0.047
06970 -0.051
06980 -0.054
06990 -0.054
07000 -0.052
07010 -0.048
07020 -0.043
07030 -0.037
07040 -0.030
07050 -0.024
07060 -0.018
07070 -0.011
07080 -0.003
07090 +0.008
07100 +0.022
07110 +0.037
07120 +0.054
07130 +0.071
07140 +0.088
07150 +0.104
07160 +0.118
07170 +0.132
07180 +0.146
07190 +0.160
07200 +0.175
07210 +0.191
07220 +0.206
07230 +0.220
07240 +0.232
07250 +0.241
07260 +0.246
07270 +0.248
07280 +0.248
07290 +0.246
07300 +0.244
07310 +0.242
07320 +0.238
07330 +0.234
07340 +0.228
07350 +0.219
07360 +0.208
07370 +0.194
07380 +0.179
07390 +0.164
07400 +0.151
07410 +0.140
07420 +0.131
07430 +0.125
07440 +0.121
07450 +0.117
07460 +0.114
07470 +0.112
07480 +0.111
07490 +0.112
07500 +0.118
07510 +0.128
07520 +0.144
07530 +0.164
07540 +0.189
07550 +0.216
07560 +0.244
07570 +0.274
07580 +0.304
07590 +0.336
07600 +0.371
07610 +0.409
07620 +0.451
07630 +0.496
07640 +0.542
07650 +0.588
07660 +0.633
07670 +0.675
07680 +0.713
07690 +0.749
07700 +0.783
07710 +0.816
07720 +0.849
07730 +0.881
07740 +0.912
07750 +0.940
07760 +0.965
07770 +0.985
07780 +1.002
07790 +1.014
07800 +1.024
07810 +1.033
07820 +1.042
07830 +1.053
07840 +1.065
07850 +1.078
07860 +1.091
07870 +1.104
07880 +1.114
07890 +1.124
07900 +1.134
07910 +1.146
07920 +1.160
07930 +1.179
07940 +1.200
07950 +1.225
07960 +1.251
07970 +1.278
07980 +1.303
07990 +1.327
08000 +1.349
08010 +1.371
08020 +1.393
08030 +1.417
08040 +1.441
08050 +1.465
08060 +1.488
08070 +1.508
08080 +1.524
08090 +1.536
08100 +1.542
08110 +1.544
08120 +1.543
08130 +1.540
08140 +1.536
08150 +1.532
08160 +1.526
08170 +1.518
08180 +1.507
08190 +1.493
08200 +1.476
08210 +1.456
08220 +1.436
08230 +1.416
08240 +1.398
08250 +1.383
08260 +1.372
08270 +1.363
08280 +1.355
08290 +1.347
08300 +1.339
08310 +1.331
08320 +1.324
08330 +1.320
08340 +1.318
08350 +1.321
08360 +1.329
08370 +1.339
08380 +1.352
08390 +1.364
08400 +1.376
08410 +1.386
08420 +1.395
08430 +1.403
08440 +1.412
08450 +1.422
08460 +1.433
08470 +1.445
08480 +1.456
08490 +1.465
08500 +1.470
08510 +1.470
08520 +1.466
08530 +1.457
08540 +1.447
08550 +1.435
08560 +1.423
08570 +1.412
08580 +1.400
08590 +1.387
08600 +1.372
08610 +1.354
08620 +1.334
08630 +1.311
08640 +1.289
08650 +1.269
08660 +1.252
08670 +1.239
08680 +1.231
08690 +1.227
08700 +1.224
08710 +1.223
08720 +1.223
08730 +1.224
08740 +1.227
08750 +1.233
08760 +1.244
08770 +1.262
08780 +1.284
08790 +1.312
08800 +1.342
08810 +1.374
08820 +1.406
08830 +1.436
08840 +1.467
08850 +1.499
08860 +1.532
08870 +1.568
08880 +1.607
08890 +1.648
08900 +1.689
08910 +1.728
08920 +1.764
08930 +1.796
08940 +1.824
08950 +1.849
08960 +1.873
08970 +1.897
08980 +1.922
08990 +1.947
09000 +1.971
09010 +1.994
09020 +2.014
09030 +2.031
09040 +2.044
09050 +2.055
09060 +2.066
09070 +2.077
09080 +2.090
09090 +2.105
09100 +2.123
09110 +2.141
09120 +2.159
09130 +2.176
09140 +2.191
09150 +2.205
09160 +2.219
09170 +2.234
09180 +2.251
09190 +2.271
09200 +2.294
09210 +2.318
09220 +2.343
09230 +2.367
09240 +2.389
09250 +2.409
09260 +2.428
09270 +2.446
09280 +2.466
09290 +2.486
09300 +2.509
09310 +2.532
09320 +2.556
09330 +2.578
09340 +2.598
09350 +2.615
09360 +2.630
09370 +2.643
09380 +2.655
09390 +2.668
09400 +2.683
09410 +2.698
09420 +2.714
09430 +2.730
09440 +2.744
09450 +2.756
09460 +2.766
09470 +2.774
09480 +2.782
09490 +2.790
09500 +2.800
09510 +2.812
09520 +2.826
09530 +2.840
09540 +2.854
09550 +2.867
09560 +2.879
09570 +2.888
09580 +2.897
09590 +2.906
09600 +2.916
09610 +2.927
09620 +2.939
09630 +2.953
09640 +2.965
09650 +2.977
09660 +2.985
09670 +2.991
09680 +2.993
09690 +2.994
09700 +2.993
09710 +2.991
09720 +2.988
09730 +2.985
09740 +2.980
09750 +2.973
09760 +2.961
09770 +2.945
09780 +2.925
09790 +2.900
09800 +2.873
09810 +2.843
09820 +2.813
09830 +2.782
09840 +2.750
09850 +2.717
09860 +2.681
09870 +2.642
09880 +2.601
09890 +2.556
09900 +2.510
09910 +2.464
09920 +2.418
09930 +2.374
09940 +2.332
09950 +2.290
09960 +2.249
09970 +2.208
09980 +2.166
09990 +2.122
10000 +2.078
10010 +2.035
10020 +1.992
10030 +1.952
10040 +1.914
10050 +1.878
10060 +1.844
10070 +1.810
10080 +1.775
10090 +1.739
10100 +1.701
10110 +1.663
10120 +1.625
10130 +1.588
10140 +1.552
10150 +1.518
10160 +1.485
10170 +1.452
10180 +1.419
10190 +1.384
10200 +1.347
10210 +1.308
10220 +1.269
10230 +1.230
10240 +1.193
10250 +1.157
10260 +1.123
10270 +1.091
10280 +1.060
10290 +1.028
10300 +0.996
10310 +0.964
10320 +0.931
10330 +0.900
10340 +0.871
10350 +0.845
10360 +0.823
10370 +0.805
10380 +0.789
10390 +0.776
10400 +0.765
10410 +0.754
10420 +0.744
10430 +0.735
10440 +0.729
10450 +0.726
10460 +0.728
10470 +0.734
10480 +0.744
10490 +0.756
10500 +0.769
10510 +0.783
10520 +0.796
10530 +0.808
10540 +0.820
10550 +0.832
10560 +0.846
10570 +0.861
10580 +0.876
10590 +0.891
10600 +0.904
10610 +0.913
10620 +0.917
10630 +0.915
10640 +0.908
10650 +0.896
10660 +0.881
10670 +0.863
10680 +0.843
10690 +0.821
10700 +0.795
10710 +0.765
10720 +0.729
10730 +0.689
10740 +0.644
10750 +0.597
10760 +0.549
10770 +0.503
10780 +0.460
10790 +0.421
10800 +0.385
10810 +0.354
10820 +0.325
10830 +0.298
10840 +0.275
10850 +0.256
10860 +0.243
10870 +0.238
10880 +0.243
10890 +0.259
10900 +0.285
10910 +0.321
10920 +0.364
10930 +0.415
10940 +0.471
10950 +0.533
10960 +0.602
10970 +0.679
10980 +0.764
10990 +0.858
11000 +0.960
11010 +1.067
11020 +1.177
11030 +1.287
11040 +1.395
11050 +1.499
11060 +1.598
11070 +1.690
11080 +1.778
11090 +1.859
11100 +1.933
11110 +1.998
11120 +2.052
11130 +2.093
11140 +2.118
11150 +2.128
11160 +2.122
11170 +2.102
11180 +2.071
11190 +2.030
11200 +1.982
11210 +1.929
11220 +1.871
11230 +1.808
11240 +1.741
11250 +1.669
11260 +1.594
11270 +1.517
11280 +1.440
11290 +1.368
11300 +1.301
11310 +1.242
11320 +1.192
11330 +1.149
11340 +1.114
11350 +1.083
11360 +1.058
11370 +1.038
11380 +1.025
11390 +1.020
11400 +1.025
11410 +1.042
11420 +1.071
11430 +1.110
11440 +1.157
11450 +1.210
11460 +1.266
11470 +1.325
11480 +1.385
11490 +1.447
11500 +1.513
11510 +1.581
11520 +1.652
11530 +1.723
11540 +1.791
11550 +1.854
11560 +1.907
11570 +1.949
11580 +1.977
11590 +1.994
11600 +1.999
11610 +1.994
11620 +1.981
11630 +1.960
11640 +1.930
11650 +1.890
11660 +1.840
11670 +1.778
11680 +1.707
11690 +1.627
11700 +1.542
11710 +1.455
11720 +1.369
11730 +1.287
11740 +1.210
11750 +1.137
11760 +1.069
11770 +1.003
11780 +0.940
11790 +0.880
11800 +0.824
11810 +0.777
11820 +0.740
11830 +0.716
11840 +0.704
11850 +0.706
11860 +0.716
11870 +0.734
11880 +0.756
11890 +0.782
11900 +0.810
11910 +0.843
11920 +0.882
11930 +0.927
11940 +0.979
11950 +1.036
11960 +1.093
11970 +1.148
11980 +1.196
11990 +1.235
12000 +1.265
12010 +1.286
12020 +1.299
12030 +1.308
12040 +1.313
12050 +1.313
12060 +1.309
12070 +1.296
12080 +1.274
12090 +1.242
12100 +1.200
12110 +1.149
12120 +1.094
12130 +1.038
12140 +0.984
12150 +0.935
12160 +0.890
12170 +0.848
12180 +0.809
12190 +0.771
12200 +0.733
12210 +0.697
12220 +0.667
12230 +0.645
12240 +0.634
12250 +0.638
12260 +0.655
12270 +0.684
12280 +0.721
12290 +0.763
12300 +0.808
12310 +0.855
12320 +0.905
12330 +0.959
12340 +1.020
12350 +1.086
12360 +1.158
12370 +1.231
12380 +1.302
12390 +1.366
12400 +1.421
12410 +1.465
12420 +1.500
12430 +1.526
12440 +1.546
12450 +1.563
12460 +1.575
12470 +1.583
12480 +1.585
12490 +1.578
12500 +1.561
12510 +1.534
12520 +1.498
12530 +1.455
12540 +1.408
12550 +1.361
12560 +1.315
12570 +1.271
12580 +1.227
12590 +1.182
12600 +1.133
12610 +1.081
12620 +1.025
12630 +0.967
12640 +0.909
12650 +0.855
12660 +0.805
12670 +0.759
12680 +0.717
12690 +0.676
12700 +0.633
12710 +0.588
12720 +0.538
12730 +0.485
12740 +0.430
12750 +0.376
12760 +0.323
12770 +0.271
12780 +0.221
12790 +0.168
12800 +0.113
12810 +0.052
12820 -0.015
12830 -0.089
12840 -0.168
12850 -0.251
12860 -0.336
12870 -0.424
12880 -0.514
12890 -0.608
12900 -0.707
12910 -0.813
12920 -0.927
12930 -1.050
12940 -1.182
12950 -1.320
12960 -1.463
12970 -1.609
12980 -1.756
12990 -1.902
13000 -2.049
13010 -2.193
13020 -2.336
13030 -2.475
13040 -2.608
13050 -2.729
13060 -2.836
13070 -2.924
13080 -2.991
13090 -3.037
13100 -3.064
13110 -3.076
13120 -3.075
13130 -3.065
13140 -3.050
13150 -3.029
13160 -3.004
13170 -2.976
13180 -2.944
13190 -2.911
13200 -2.878
13210 -2.849
13220 -2.823
13230 -2.804
13240 -2.790
13250 -2.781
13260 -2.776
13270 -2.772
13280 -2.769
13290 -2.766
13300 -2.763
13310 -2.760
13320 -2.757
13330 -2.754
13340 -2.751
13350 -2.746
13360 -2.737
13370 -2.722
13380 -2.699
13390 -2.667
13400 -2.624
13410 -2.570
13420 -2.507
13430 -2.434
13440 -2.353
13450 -2.262
13460 -2.161
13470 -2.052
13480 -1.934
13490 -1.809
13500 -1.679
13510 -1.547
13520 -1.414
13530 -1.285
13540 -1.160
13550 -1.040
13560 -0.926
13570 -0.818
13580 -0.716
13590 -0.619
13600 -0.529
13610 -0.444
13620 -0.365
13630 -0.292
13640 -0.224
13650 -0.160
13660 -0.100
13670 -0.041
13680 +0.017
13690 +0.075
13700 +0.135
13710 +0.196
13720 +0.258
13730 +0.322
13740 +0.388
13750 +0.456
13760 +0.528
13770 +0.602
13780 +0.679
13790 +0.759
13800 +0.841
13810 +0.923
13820 +1.006
13830 +1.085
13840 +1.161
13850 +1.233
13860 +1.298
13870 +1.357
13880 +1.409
13890 +1.453
13900 +1.489
13910 +1.515
13920 +1.532
13930 +1.538
13940 +1.535
13950 +1.524
13960 +1.504
13970 +1.479
13980 +1.448
13990 +1.413
14000 +1.375
14010 +1.334
14020 +1.291
14030 +1.246
14040 +1.200
14050 +1.153
14060 +1.107
14070 +1.063
14080 +1.022
14090 +0.986
14100 +0.953
14110 +0.926
14120 +0.902
14130 +0.884
14140 +0.870
14150 +0.860
14160 +0.855
14170 +0.855
14180 +0.862
14190 +0.875
14200 +0.893
14210 +0.917
14220 +0.943
14230 +0.971
14240 +0.998
14250 +1.023
14260 +1.044
14270 +1.063
14280 +1.078
14290 +1.090
14300 +1.097
14310 +1.099
14320 +1.094
14330 +1.081
14340 +1.061
14350 +1.031
14360 +0.994
14370 +0.950
14380 +0.900
14390 +0.847
14400 +0.792
14410 +0.734
14420 +0.676
14430 +0.617
14440 +0.556
14450 +0.496
14460 +0.436
14470 +0.379
14480 +0.327
14490 +0.283
14500 +0.249
14510 +0.226
14520 +0.215
14530 +0.217
14540 +0.230
14550 +0.255
14560 +0.290
14570 +0.335
14580 +0.392
14590 +0.458
14600 +0.535
14610 +0.620
14620 +0.712
14630 +0.807
14640 +0.901
14650 +0.992
14660 +1.077
14670 +1.154
14680 +1.223
14690 +1.285
14700 +1.338
14710 +1.385
14720 +1.425
14730 +1.456
14740 +1.479
14750 +1.492
14760 +1.494
14770 +1.488
14780 +1.472
14790 +1.450
14800 +1.422
14810 +1.392
14820 +1.360
14830 +1.328
14840 +1.296
14850 +1.265
14860 +1.233
14870 +1.203
14880 +1.175
14890 +1.151
14900 +1.134
14910 +1.125
14920 +1.128
14930 +1.142
14940 +1.168
14950 +1.205
14960 +1.251
14970 +1.305
14980 +1.364
14990 +1.428
15000 +1.497
15010 +1.570
15020 +1.648
15030 +1.731
15040 +1.816
15050 +1.904
15060 +1.990
15070 +2.074
15080 +2.154
15090 +2.230
15100 +2.301
15110 +2.369
15120 +2.436
15130 +2.502
15140 +2.569
15150 +2.636
15160 +2.703
15170 +2.769
15180 +2.833
15190 +2.894
15200 +2.952
15210 +3.009
15220 +3.065
15230 +3.121
15240 +3.181
15250 +3.242
15260 +3.306
15270 +3.371
15280 +3.434
15290 +3.492
15300 +3.545
15310 +3.591
15320 +3.631
15330 +3.665
15340 +3.695
15350 +3.721
15360 +3.742
15370 +3.758
15380 +3.764
15390 +3.760
15400 +3.742
15410 +3.712
15420 +3.672
15430 +3.623
15440 +3.569
15450 +3.513
15460 +3.457
15470 +3.401
15480 +3.344
15490 +3.286
15500 +3.226
15510 +3.164
15520 +3.102
15530 +3.044
15540 +2.993
15550 +2.952
15560 +2.924
15570 +2.910
15580 +2.912
15590 +2.929
15600 +2.961
15610 +3.008
15620 +3.073
15630 +3.156
15640 +3.262
15650 +3.393
15660 +3.551
15670 +3.739
15680 +3.956
15690 +4.200
15700 +4.467
15710 +4.754
15720 +5.054
15730 +5.365
15740 +5.681
15750 +6.001
15760 +6.321
15770 +6.640
15780 +6.952
15790 +7.254
15800 +7.538
15810 +7.795
15820 +8.020
15830 +8.208
15840 +8.358
15850 +8.472
15860 +8.556
15870 +8.614
15880 +8.650
15890 +8.667
15900 +8.666
15910 +8.646
15920 +8.607
15930 +8.551
15940 +8.480
15950 +8.401
15960 +8.319
15970 +8.240
15980 +8.170
15990 +8.112
16000 +8.066
16010 +8.033
16020 +8.011
16030 +7.999
16040 +7.995
16050 +8.002
16060 +8.021
16070 +8.056
16080 +8.111
16090 +8.187
16100 +8.281
16110 +8.390
16120 +8.507
16130 +8.624
16140 +8.736
16150 +8.838
16160 +8.931
16170 +9.016
16180 +9.096
16190 +9.175
16200 +9.251
16210 +9.323
16220 +9.384
16230 +9.430
16240 +9.457
16250 +9.464
16260 +9.453
16270 +9.428
16280 +9.396
16290 +9.361
16300 +9.326
16310 +9.291
16320 +9.253
16330 +9.208
16340 +9.154
16350 +9.088
16360 +9.013
16370 +8.933
16380 +8.853
16390 +8.780
16400 +8.717
16410 +8.667
16420 +8.628
16430 +8.597
16440 +8.570
16450 +8.542
16460 +8.513
16470 +8.485
16480 +8.460
16490 +8.443
16500 +8.438
16510 +8.444
16520 +8.460
16530 +8.480
16540 +8.497
16550 +8.508
16560 +8.509
16570 +8.500
16580 +8.484
16590 +8.465
16600 +8.446
16610 +8.429
16620 +8.414
16630 +8.399
16640 +8.379
16650 +8.353
16660 +8.316
16670 +8.269
16680 +8.213
16690 +8.151
16700 +8.088
16710 +8.027
16720 +7.971
16730 +7.921
16740 +7.875
16750 +7.831
16760 +7.786
16770 +7.739
16780 +7.687
16790 +7.634
16800 +7.584
16810 +7.541
16820 +7.509
16830 +7.491
16840 +7.488
16850 +7.495
16860 +7.508
16870 +7.522
16880 +7.534
16890 +7.542
16900 +7.548
16910 +7.557
16920 +7.574
16930 +7.601
16940 +7.639
16950 +7.682
16960 +7.727
16970 +7.764
16980 +7.789
16990 +7.798
17000 +7.793
17010 +7.776
17020 +7.753
17030 +7.727
17040 +7.698
17050 +7.665
17060 +7.620
17070 +7.557
17080 +7.471
17090 +7.357
17100 +7.218
17110 +7.060
17120 +6.890
17130 +6.718
17140 +6.551
17150 +6.397
17160 +6.257
17170 +6.134
17180 +6.028
17190 +5.939
17200 +5.870
17210 +5.824
17220 +5.805
17230 +5.817
17240 +5.860
17250 +5.929
17260 +6.019
17270 +6.119
17280 +6.218
17290 +6.307
17300 +6.379
17310 +6.431
17320 +6.464
17330 +6.482
17340 +6.489
17350 +6.487
17360 +6.474
17370 +6.446
17380 +6.397
17390 +6.320
17400 +6.212
17410 +6.074
17420 +5.911
17430 +5.730
17440 +5.539
17450 +5.347
17460 +5.158
17470 +4.977
17480 +4.806
17490 +4.647
17500 +4.503
17510 +4.377
17520 +4.275
17530 +4.201
17540 +4.162
17550 +4.161
17560 +4.198
17570 +4.271
17580 +4.373
17590 +4.496
17600 +4.632
17610 +4.770
17620 +4.906
17630 +5.035
17640 +5.157
17650 +5.273
17660 +5.385
17670 +5.492
17680 +5.595
17690 +5.690
17700 +5.769
17710 +5.827
17720 +5.859
17730 +5.862
17740 +5.836
17750 +5.784
17760 +5.711
17770 +5.621
17780 +5.517
17790 +5.399
17800 +5.263
17810 +5.107
17820 +4.930
17830 +4.732
17840 +4.519
17850 +4.300
17860 +4.088
17870 +3.897
17880 +3.740
17890 +3.624
17900 +3.555
17910 +3.533
17920 +3.556
17930 +3.618
17940 +3.714
17950 +3.839
17960 +3.988
17970 +4.158
17980 +4.347
17990 +4.552
18000 +4.767
18010 +4.989
18020 +5.208
18030 +5.416
18040 +5.607
18050 +5.774
18060 +5.917
18070 +6.039
18080 +6.145
18090 +6.242
18100 +6.332
18110 +6.418
18120 +6.495
18130 +6.558
18140 +6.602
18150 +6.623
18160 +6.622
18170 +6.604
18180 +6.579
18190 +6.559
18200 +6.553
18210 +6.568
18220 +6.608
18230 +6.671
18240 +6.754
18250 +6.853
18260 +6.963
18270 +7.083
18280 +7.215
18290 +7.362
18300 +7.527
18310 +7.713
18320 +7.915
18330 +8.130
18340 +8.345
18350 +8.550
18360 +8.733
18370 +8.888
18380 +9.016
18390 +9.124
18400 +9.221
18410 +9.316
18420 +9.415
18430 +9.516
18440 +9.613
18450 +9.697
18460 +9.758
18470 +9.791
18480 +9.797
18490 +9.784
18500 +9.764
18510 +9.749
18520 +9.749
18530 +9.767
18540 +9.803
18550 +9.851
18560 +9.904
18570 +9.957
18580 +10.010
18590 +10.066
18600 +10.137
18610 +10.233
18620 +10.366
18630 +10.544
18640 +10.768
18650 +11.034
18660 +11.332
18670 +11.645
18680 +11.958
18690 +12.260
18700 +12.549
18710 +12.832
18720 +13.122
18730 +13.433
18740 +13.773
18750 +14.140
18760 +14.519
18770 +14.885
18780 +15.211
18790 +15.476
18800 +15.677
18810 +15.831
18820 +15.967
18830 +16.112
18840 +16.282
18850 +16.475
18860 +16.670
18870 +16.832
18880 +16.928
18890 +16.938
18900 +16.873
18910 +16.762
18920 +16.644
18930 +16.551
18940 +16.495
18950 +16.469
18960 +16.447
18970 +16.395
18980 +16.284
18990 +16.105
19000 +15.870
19010 +15.610
19020 +15.357
19030 +15.138
19040 +14.960
19050 +14.816
19060 +14.682
19070 +14.531
19080 +14.340
19090 +14.098
19100 +13.814
19110 +13.509
19120 +13.210
19130 +12.938
19140 +12.703
19150 +12.498
19160 +12.309
19170 +12.114
19180 +11.892
19190 +11.632
19200 +11.336
19210 +11.018
19220 +10.698
19230 +10.397
19240 +10.124
19250 +9.883
19260 +9.663
19270 +9.451
19280 +9.230
19290 +8.988
19300 +8.725
19310 +8.448
19320 +8.175
19330 +7.923
19340 +7.708
19350 +7.538
19360 +7.413
19370 +7.323
19380 +7.255
19390 +7.196
19400 +7.135
19410 +7.070
19420 +7.007
19430 +6.954
19440 +6.922
19450 +6.919
19460 +6.943
19470 +6.985
19480 +7.031
19490 +7.063
19500 +7.064
19510 +7.025
19520 +6.948
19530 +6.844
19540 +6.726
19550 +6.611
19560 +6.504
19570 +6.405
19580 +6.304
19590 +6.186
19600 +6.038
19610 +5.849
19620 +5.620
19630 +5.361
19640 +5.087
19650 +4.814
19660 +4.556
19670 +4.316
19680 +4.089
19690 +3.867
19700 +3.638
19710 +3.396
19720 +3.141
19730 +2.883
19740 +2.640
19750 +2.431
19760 +2.272
19770 +2.170
19780 +2.124
19790 +2.124
19800 +2.157
19810 +2.207
19820 +2.262
19830 +2.316
19840 +2.370
19850 +2.427
19860 +2.494
19870 +2.574
19880 +2.668
19890 +2.768
19900 +2.862
19910 +2.937
19920 +2.980
19930 +2.982
19940 +2.945
19950 +2.875
19960 +2.786
19970 +2.690
19980 +2.593
19990 +2.498
20000 +2.396
20010 +2.274
20020 +2.119
20030 +1.921
20040 +1.677
20050 +1.394
20060 +1.089
20070 +0.779
20080 +0.480
20090 +0.200
20100 -0.061
20110 -0.306
20120 -0.541
20130 -0.768
20140 -0.978
20150 -1.157
20160 -1.287
20170 -1.351
20180 -1.345
20190 -1.272
20200 -1.149
20210 -0.994
20220 -0.829
20230 -0.672
20240 -0.535
20250 -0.424
20260 -0.338
20270 -0.272
20280 -0.219
20290 -0.173
20300 -0.132
20310 -0.102
20320 -0.089
20330 -0.104
20340 -0.155
20350 -0.249
20360 -0.382
20370 -0.549
20380 -0.737
20390 -0.936
20400 -1.138
20410 -1.345
20420 -1.563
20430 -1.800
20440 -2.068
20450 -2.372
20460 -2.710
20470 -3.070
20480 -3.433
20490 -3.778
20500 -4.087
20510 -4.350
20520 -4.563
20530 -4.731
20540 -4.859
20550 -4.950
20560 -5.005
20570 -5.018
20580 -4.987
20590 -4.910
20600 -4.792
20610 -4.641
20620 -4.470
20630 -4.292
20640 -4.121
20650 -3.966
20660 -3.835
20670 -3.731
20680 -3.651
20690 -3.590
20700 -3.543
20710 -3.506
20720 -3.476
20730 -3.458
20740 -3.460
20750 -3.490
20760 -3.559
20770 -3.674
20780 -3.839
20790 -4.051
20800 -4.303
20810 -4.586
20820 -4.897
20830 -5.235
20840 -5.607
20850 -6.019
20860 -6.469
20870 -6.935
20880 -7.367
20890 -7.688
20900 -7.828
20910 -7.753
20920 -7.488
20930 -7.095
20940 -6.642
20950 -6.178
20960 -5.736
20970 -5.335
20980 -4.981
20990 -4.677
21000 -4.419
21010 -4.202
21020 -4.021
21030 -3.872
21040 -3.750
21050 -3.652
21060 -3.579
21070 -3.529
21080 -3.503
21090 -3.500
21100 -3.517
21110 -3.549
21120 -3.592
21130 -3.643
21140 -3.697
21150 -3.755
21160 -3.819
21170 -3.890
21180 -3.973
21190 -4.069
21200 -4.176
21210 -4.290
21220 -4.405
21230 -4.514
21240 -4.610
21250 -4.692
21260 -4.759
21270 -4.812
21280 -4.851
21290 -4.876
21300 -4.882
21310 -4.865
21320 -4.820
21330 -4.743
21340 -4.636
21350 -4.503
21360 -4.351
21370 -4.187
21380 -4.019
21390 -3.855
21400 -3.698
21410 -3.555
21420 -3.426
21430 -3.314
21440 -3.217
21450 -3.134
21460 -3.067
21470 -3.015
21480 -2.979
21490 -2.963
21500 -2.967
21510 -2.992
21520 -3.037
21530 -3.099
21540 -3.174
21550 -3.260
21560 -3.353
21570 -3.452
21580 -3.560
21590 -3.676
21600 -3.803
21610 -3.941
21620 -4.088
21630 -4.241
21640 -4.394
21650 -4.542
21660 -4.681
21670 -4.807
21680 -4.922
21690 -5.025
21700 -5.116
21710 -5.194
21720 -5.257
21730 -5.301
21740 -5.324
21750 -5.325
21760 -5.307
21770 -5.273
21780 -5.229
21790 -5.180
21800 -5.130
21810 -5.083
21820 -5.042
21830 -5.007
21840 -4.980
21850 -4.963
21860 -4.957
21870 -4.966
21880 -4.991
21890 -5.035
21900 -5.099
21910 -5.185
21920 -5.293
21930 -5.422
21940 -5.570
21950 -5.734
21960 -5.914
21970 -6.107
21980 -6.315
21990 -6.537
22000 -6.774
22010 -7.026
22020 -7.287
22030 -7.548
22040 -7.799
22050 -8.025
22060 -8.212
22070 -8.353
22080 -8.444
22090 -8.485
22100 -8.479
22110 -8.426
22120 -8.323
22130 -8.166
22140 -7.955
22150 -7.693
22160 -7.394
22170 -7.073
22180 -6.748
22190 -6.434
22200 -6.140
22210 -5.867
22220 -5.614
22230 -5.377
22240 -5.151
22250 -4.935
22260 -4.730
22270 -4.541
22280 -4.375
22290 -4.237
22300 -4.130
22310 -4.053
22320 -4.003
22330 -3.972
22340 -3.951
22350 -3.932
22360 -3.909
22370 -3.882
22380 -3.851
22390 -3.820
22400 -3.793
22410 -3.769
22420 -3.744
22430 -3.707
22440 -3.648
22450 -3.554
22460 -3.420
22470 -3.247
22480 -3.044
22490 -2.823
22500 -2.596
22510 -2.373
22520 -2.156
22530 -1.944
22540 -1.731
22550 -1.512
22560 -1.285
22570 -1.051
22580 -0.817
22590 -0.593
22600 -0.388
22610 -0.209
22620 -0.058
22630 +0.067
22640 +0.172
22650 +0.265
22660 +0.353
22670 +0.442
22680 +0.531
22690 +0.617
22700 +0.694
22710 +0.755
22720 +0.795
22730 +0.815
22740 +0.821
22750 +0.821
22760 +0.828
22770 +0.852
22780 +0.900
22790 +0.972
22800 +1.065
22810 +1.169
22820 +1.278
22830 +1.386
22840 +1.495
22850 +1.611
22860 +1.744
22870 +1.902
22880 +2.090
22890 +2.306
22900 +2.541
22910 +2.783
22920 +3.019
22930 +3.239
22940 +3.439
22950 +3.618
22960 +3.783
22970 +3.942
22980 +4.101
22990 +4.263
23000 +4.425
23010 +4.579
23020 +4.717
23030 +4.826
23040 +4.900
23050 +4.939
23060 +4.945
23070 +4.929
23080 +4.903
23090 +4.878
23100 +4.858
23110 +4.846
23120 +4.835
23130 +4.818
23140 +4.788
23150 +4.741
23160 +4.682
23170 +4.621
23180 +4.572
23190 +4.553
23200 +4.575
23210 +4.643
23220 +4.754
23230 +4.900
23240 +5.067
23250 +5.247
23260 +5.434
23270 +5.630
23280 +5.841
23290 +6.076
23300 +6.345
23310 +6.652
23320 +6.995
23330 +7.367
23340 +7.753
23350 +8.139
23360 +8.508
23370 +8.849
23380 +9.157
23390 +9.433
23400 +9.682
23410 +9.912
23420 +10.125
23430 +10.316
23440 +10.468
23450 +10.559
23460 +10.564
23470 +10.468
23480 +10.271
23490 +9.990
23500 +9.654
23510 +9.294
23520 +8.933
23530 +8.584
23540 +8.245
23550 +7.906
23560 +7.553
23570 +7.177
23580 +6.777
23590 +6.362
23600 +5.948
23610 +5.555
23620 +5.199
23630 +4.889
23640 +4.625
23650 +4.395
23660 +4.183
23670 +3.974
23680 +3.756
23690 +3.527
23700 +3.292
23710 +3.064
23720 +2.859
23730 +2.690
23740 +2.559
23750 +2.465
23760 +2.393
23770 +2.326
23780 +2.250
23790 +2.152
23800 +2.030
23810 +1.892
23820 +1.752
23830 +1.624
23840 +1.523
23850 +1.452
23860 +1.407
23870 +1.375
23880 +1.339
23890 +1.283
23900 +1.199
23910 +1.089
23920 +0.964
23930 +0.842
23940 +0.744
23950 +0.683
23960 +0.663
23970 +0.676
23980 +0.706
23990 +0.734
