00000 -0.631
00010 -0.481
00020 -0.103
00030 +0.355
00040 +0.765
00050 +1.056
00060 +1.212
00070 +1.253
00080 +1.226
00090 +1.199
00100 +1.247
00110 +1.416
00120 +1.704
00130 +2.061
00140 +2.420
00150 +2.726
00160 +2.953
00170 +3.101
00180 +3.187
00190 +3.243
00200 +3.302
00210 +3.390
00220 +3.519
00230 +3.678
00240 +3.846
00250 +3.995
00260 +4.106
00270 +4.169
00280 +4.187
00290 +4.175
00300 +4.151
00310 +4.133
00320 +4.134
00330 +4.156
00340 +4.192
00350 +4.227
00360 +4.247
00370 +4.242
00380 +4.210
00390 +4.158
00400 +4.099
00410 +4.048
00420 +4.019
00430 +4.019
00440 +4.046
00450 +4.093
00460 +4.147
00470 +4.201
00480 +4.250
00490 +4.297
00500 +4.351
00510 +4.423
00520 +4.522
00530 +4.653
00540 +4.812
00550 +4.991
00560 +5.177
00570 +5.359
00580 +5.532
00590 +5.693
00600 +5.845
00610 +5.995
00620 +6.145
00630 +6.299
00640 +6.454
00650 +6.603
00660 +6.739
00670 +6.854
00680 +6.943
00690 +7.005
00700 +7.042
00710 +7.060
00720 +7.064
00730 +7.057
00740 +7.042
00750 +7.017
00760 +6.978
00770 +6.923
00780 +6.849
00790 +6.758
00800 +6.654
00810 +6.544
00820 +6.436
00830 +6.337
00840 +6.250
00850 +6.177
00860 +6.115
00870 +6.063
00880 +6.020
00890 +5.986
00900 +5.965
00910 +5.961
00920 +5.978
00930 +6.018
00940 +6.079
00950 +6.155
00960 +6.241
00970 +6.330
00980 +6.418
00990 +6.503
01000 +6.587
01010 +6.671
01020 +6.756
01030 +6.843
01040 +6.929
01050 +7.010
01060 +7.080
01070 +7.136
01080 +7.174
01090 +7.195
01100 +7.201
01110 +7.197
01120 +7.187
01130 +7.172
01140 +7.153
01150 +7.127
01160 +7.089
01170 +7.036
01180 +6.965
01190 +6.879
01200 +6.783
01210 +6.684
01220 +6.591
01230 +6.511
01240 +6.446
01250 +6.393
01260 +6.350
01270 +6.310
01280 +6.273
01290 +6.240
01300 +6.219
01310 +6.220
01320 +6.250
01330 +6.314
01340 +6.409
01350 +6.526
01360 +6.652
01370 +6.777
01380 +6.895
01390 +7.002
01400 +7.102
01410 +7.199
01420 +7.297
01430 +7.396
01440 +7.495
01450 +7.585
01460 +7.659
01470 +7.706
01480 +7.721
01490 +7.701
01500 +7.649
01510 +7.569
01520 +7.469
01530 +7.359
01540 +7.244
01550 +7.127
01560 +7.006
01570 +6.877
01580 +6.736
01590 +6.583
01600 +6.421
01610 +6.264
01620 +6.130
01630 +6.041
01640 +6.011
01650 +6.045
01660 +6.136
01670 +6.266
01680 +6.415
01690 +6.568
01700 +6.721
01710 +6.876
01720 +7.044
01730 +7.230
01740 +7.439
01750 +7.665
01760 +7.894
01770 +8.112
01780 +8.305
01790 +8.465
01800 +8.590
01810 +8.686
01820 +8.764
01830 +8.835
01840 +8.905
01850 +8.978
01860 +9.050
01870 +9.111
01880 +9.152
01890 +9.165
01900 +9.147
01910 +9.101
01920 +9.033
01930 +8.956
01940 +8.878
01950 +8.808
01960 +8.746
01970 +8.690
01980 +8.632
01990 +8.564
02000 +8.481
02010 +8.384
02020 +8.278
02030 +8.176
02040 +8.093
02050 +8.041
02060 +8.029
02070 +8.059
02080 +8.122
02090 +8.211
02100 +8.314
02110 +8.427
02120 +8.550
02130 +8.688
02140 +8.851
02150 +9.045
02160 +9.272
02170 +9.526
02180 +9.793
02190 +10.058
02200 +10.308
02210 +10.531
02220 +10.725
02230 +10.891
02240 +11.036
02250 +11.168
02260 +11.293
02270 +11.410
02280 +11.516
02290 +11.603
02300 +11.662
02310 +11.688
02320 +11.678
02330 +11.636
02340 +11.571
02350 +11.495
02360 +11.418
02370 +11.346
02380 +11.284
02390 +11.227
02400 +11.173
02410 +11.115
02420 +11.052
02430 +10.985
02440 +10.922
02450 +10.871
02460 +10.842
02470 +10.842
02480 +10.873
02490 +10.934
02500 +11.017
02510 +11.114
02520 +11.219
02530 +11.326
02540 +11.434
02550 +11.548
02560 +11.670
02570 +11.804
02580 +11.953
02590 +12.115
02600 +12.284
02610 +12.451
02620 +12.608
02630 +12.748
02640 +12.867
02650 +12.964
02660 +13.043
02670 +13.106
02680 +13.157
02690 +13.196
02700 +13.220
02710 +13.222
02720 +13.194
02730 +13.126
02740 +13.012
02750 +12.851
02760 +12.643
02770 +12.397
02780 +12.123
02790 +11.831
02800 +11.533
02810 +11.236
02820 +10.947
02830 +10.676
02840 +10.435
02850 +10.238
02860 +10.105
02870 +10.050
02880 +10.083
02890 +10.201
02900 +10.392
02910 +10.635
02920 +10.910
02930 +11.198
02940 +11.486
02950 +11.762
02960 +12.024
02970 +12.269
02980 +12.499
02990 +12.714
03000 +12.916
03010 +13.103
03020 +13.274
03030 +13.425
03040 +13.552
03050 +13.652
03060 +13.723
03070 +13.767
03080 +13.785
03090 +13.783
03100 +13.763
03110 +13.730
03120 +13.684
03130 +13.624
03140 +13.546
03150 +13.446
03160 +13.323
03170 +13.175
03180 +13.009
03190 +12.834
03200 +12.664
03210 +12.514
03220 +12.398
03230 +12.328
03240 +12.309
03250 +12.345
03260 +12.439
03270 +12.595
03280 +12.820
03290 +13.119
03300 +13.494
03310 +13.937
03320 +14.435
03330 +14.968
03340 +15.515
03350 +16.059
03360 +16.589
03370 +17.096
03380 +17.582
03390 +18.045
03400 +18.491
03410 +18.919
03420 +19.331
03430 +19.725
03440 +20.096
03450 +20.440
03460 +20.753
03470 +21.031
03480 +21.276
03490 +21.488
03500 +21.673
03510 +21.836
03520 +21.980
03530 +22.108
03540 +22.219
03550 +22.309
03560 +22.374
03570 +22.407
03580 +22.404
03590 +22.364
03600 +22.291
03610 +22.188
03620 +22.066
03630 +21.929
03640 +21.784
03650 +21.631
03660 +21.467
03670 +21.286
03680 +21.085
03690 +20.864
03700 +20.629
03710 +20.395
03720 +20.180
03730 +20.004
03740 +19.881
03750 +19.812
03760 +19.789
03770 +19.797
03780 +19.821
03790 +19.852
03800 +19.884
03810 +19.921
03820 +19.968
03830 +20.027
03840 +20.098
03850 +20.175
03860 +20.248
03870 +20.306
03880 +20.340
03890 +20.344
03900 +20.317
03910 +20.262
03920 +20.186
03930 +20.097
03940 +20.002
03950 +19.906
03960 +19.810
03970 +19.711
03980 +19.605
03990 +19.486
04000 +19.353
04010 +19.205
04020 +19.048
04030 +18.891
04040 +18.746
04050 +18.623
04060 +18.526
04070 +18.457
04080 +18.411
04090 +18.382
04100 +18.365
04110 +18.355
04120 +18.355
04130 +18.371
04140 +18.409
04150 +18.477
04160 +18.576
04170 +18.704
04180 +18.853
04190 +19.012
04200 +19.172
04210 +19.325
04220 +19.468
04230 +19.601
04240 +19.730
04250 +19.858
04260 +19.989
04270 +20.124
04280 +20.258
04290 +20.385
04300 +20.496
04310 +20.584
04320 +20.646
04330 +20.683
04340 +20.699
04350 +20.703
04360 +20.701
04370 +20.699
04380 +20.697
04390 +20.693
04400 +20.679
04410 +20.652
04420 +20.606
04430 +20.544
04440 +20.469
04450 +20.391
04460 +20.318
04470 +20.256
04480 +20.209
04490 +20.174
04500 +20.146
04510 +20.119
04520 +20.088
04530 +20.050
04540 +20.009
04550 +19.969
04560 +19.936
04570 +19.917
04580 +19.915
04590 +19.928
04600 +19.952
04610 +19.981
04620 +20.007
04630 +20.027
04640 +20.039
04650 +20.046
04660 +20.051
04670 +20.060
04680 +20.079
04690 +20.110
04700 +20.150
04710 +20.195
04720 +20.237
04730 +20.269
04740 +20.288
04750 +20.293
04760 +20.290
04770 +20.283
04780 +20.282
04790 +20.291
04800 +20.311
04810 +20.339
04820 +20.368
04830 +20.388
04840 +20.396
04850 +20.389
04860 +20.372
04870 +20.352
04880 +20.338
04890 +20.337
04900 +20.352
04910 +20.379
04920 +20.412
04930 +20.442
04940 +20.462
04950 +20.471
04960 +20.469
04970 +20.464
04980 +20.461
04990 +20.468
05000 +20.488
05010 +20.520
05020 +20.557
05030 +20.593
05040 +20.621
05050 +20.636
05060 +20.637
05070 +20.628
05080 +20.615
05090 +20.603
05100 +20.599
05110 +20.603
05120 +20.615
05130 +20.629
05140 +20.638
05150 +20.635
05160 +20.618
05170 +20.588
05180 +20.548
05190 +20.507
05200 +20.472
05210 +20.449
05220 +20.439
05230 +20.439
05240 +20.441
05250 +20.439
05260 +20.427
05270 +20.404
05280 +20.374
05290 +20.344
05300 +20.324
05310 +20.319
05320 +20.334
05330 +20.365
05340 +20.405
05350 +20.446
05360 +20.481
05370 +20.507
05380 +20.524
05390 +20.538
05400 +20.557
05410 +20.587
05420 +20.631
05430 +20.690
05440 +20.757
05450 +20.825
05460 +20.886
05470 +20.933
05480 +20.967
05490 +20.990
05500 +21.008
05510 +21.029
05520 +21.059
05530 +21.100
05540 +21.149
05550 +21.200
05560 +21.245
05570 +21.279
05580 +21.297
05590 +21.301
05600 +21.296
05610 +21.290
05620 +21.291
05630 +21.302
05640 +21.325
05650 +21.357
05660 +21.389
05670 +21.415
05680 +21.430
05690 +21.433
05700 +21.428
05710 +21.420
05720 +21.417
05730 +21.427
05740 +21.452
05750 +21.491
05760 +21.539
05770 +21.587
05780 +21.630
05790 +21.661
05800 +21.683
05810 +21.698
05820 +21.714
05830 +21.738
05840 +21.777
05850 +21.831
05860 +21.896
05870 +21.965
05880 +22.029
05890 +22.081
05900 +22.117
05910 +22.142
05920 +22.160
05930 +22.181
05940 +22.213
05950 +22.258
05960 +22.315
05970 +22.378
05980 +22.437
05990 +22.485
06000 +22.517
06010 +22.534
06020 +22.541
06030 +22.546
06040 +22.559
06050 +22.584
06060 +22.623
06070 +22.670
06080 +22.719
06090 +22.761
06100 +22.790
06110 +22.806
06120 +22.811
06130 +22.812
06140 +22.816
06150 +22.831
06160 +22.860
06170 +22.902
06180 +22.952
06190 +23.002
06200 +23.046
06210 +23.079
06220 +23.101
06230 +23.115
06240 +23.128
06250 +23.148
06260 +23.182
06270 +23.233
06280 +23.298
06290 +23.370
06300 +23.441
06310 +23.503
06320 +23.553
06330 +23.591
06340 +23.623
06350 +23.658
06360 +23.706
06370 +23.771
06380 +23.853
06390 +23.946
06400 +24.041
06410 +24.127
06420 +24.199
06430 +24.255
06440 +24.301
06450 +24.344
06460 +24.394
06470 +24.458
06480 +24.536
06490 +24.625
06500 +24.715
06510 +24.798
06520 +24.867
06530 +24.917
06540 +24.953
06550 +24.980
06560 +25.008
06570 +25.043
06580 +25.091
06590 +25.149
06600 +25.212
06610 +25.273
06620 +25.325
06630 +25.361
06640 +25.382
06650 +25.392
06660 +25.399
06670 +25.411
06680 +25.435
06690 +25.474
06700 +25.526
06710 +25.584
06720 +25.639
06730 +25.684
06740 +25.717
06750 +25.739
06760 +25.757
06770 +25.780
06780 +25.815
06790 +25.869
06800 +25.940
06810 +26.023
06820 +26.110
06830 +26.191
06840 +26.262
06850 +26.322
06860 +26.375
06870 +26.429
06880 +26.494
06890 +26.574
06900 +26.671
06910 +26.779
06920 +26.892
06930 +27.000
06940 +27.096
06950 +27.178
06960 +27.248
06970 +27.312
06980 +27.379
06990 +27.454
07000 +27.541
07010 +27.638
07020 +27.737
07030 +27.832
07040 +27.914
07050 +27.982
07060 +28.034
07070 +28.077
07080 +28.117
07090 +28.164
07100 +28.221
07110 +28.289
07120 +28.363
07130 +28.438
07140 +28.506
07150 +28.562
07160 +28.606
07170 +28.642
07180 +28.678
07190 +28.720
07200 +28.776
07210 +28.846
07220 +28.928
07230 +29.016
07240 +29.101
07250 +29.180
07260 +29.249
07270 +29.311
07280 +29.373
07290 +29.440
07300 +29.520
07310 +29.614
07320 +29.720
07330 +29.833
07340 +29.945
07350 +30.049
07360 +30.143
07370 +30.227
07380 +30.306
07390 +30.386
07400 +30.475
07410 +30.576
07420 +30.689
07430 +30.808
07440 +30.927
07450 +31.037
07460 +31.135
07470 +31.220
07480 +31.299
07490 +31.377
07500 +31.463
07510 +31.561
07520 +31.674
07530 +31.795
07540 +31.918
07550 +32.034
07560 +32.139
07570 +32.232
07580 +32.317
07590 +32.402
07600 +32.495
07610 +32.602
07620 +32.724
07630 +32.858
07640 +32.994
07650 +33.125
07660 +33.243
07670 +33.348
07680 +33.442
07690 +33.532
07700 +33.626
07710 +33.729
07720 +33.844
07730 +33.967
07740 +34.092
07750 +34.209
07760 +34.312
07770 +34.395
07780 +34.461
07790 +34.515
07800 +34.565
07810 +34.617
07820 +34.677
07830 +34.745
07840 +34.817
07850 +34.884
07860 +34.939
07870 +34.975
07880 +34.993
07890 +34.996
07900 +34.993
07910 +34.994
07920 +35.006
07930 +35.034
07940 +35.075
07950 +35.124
07960 +35.170
07970 +35.206
07980 +35.229
07990 +35.241
08000 +35.248
08010 +35.263
08020 +35.294
08030 +35.348
08040 +35.426
08050 +35.522
08060 +35.627
08070 +35.731
08080 +35.827
08090 +35.914
08100 +35.997
08110 +36.085
08120 +36.190
08130 +36.319
08140 +36.477
08150 +36.661
08160 +36.864
08170 +37.074
08180 +37.280
08190 +37.477
08200 +37.664
08210 +37.847
08220 +38.037
08230 +38.244
08240 +38.474
08250 +38.730
08260 +39.002
08270 +39.276
08280 +39.534
08290 +39.759
08300 +39.942
08310 +40.083
08320 +40.192
08330 +40.281
08340 +40.360
08350 +40.431
08360 +40.488
08370 +40.514
08380 +40.495
08390 +40.418
08400 +40.284
08410 +40.104
08420 +39.898
08430 +39.685
08440 +39.480
08450 +39.292
08460 +39.120
08470 +38.958
08480 +38.796
08490 +38.627
08500 +38.446
08510 +38.257
08520 +38.067
08530 +37.888
08540 +37.730
08550 +37.599
08560 +37.498
08570 +37.425
08580 +37.370
08590 +37.325
08600 +37.279
08610 +37.227
08620 +37.170
08630 +37.113
08640 +37.063
08650 +37.029
08660 +37.017
08670 +37.028
08680 +37.056
08690 +37.091
08700 +37.120
08710 +37.132
08720 +37.120
08730 +37.084
08740 +37.032
08750 +36.972
08760 +36.913
08770 +36.859
08780 +36.809
08790 +36.757
08800 +36.691
08810 +36.601
08820 +36.482
08830 +36.334
08840 +36.164
08850 +35.982
08860 +35.798
08870 +35.622
08880 +35.457
08890 +35.303
08900 +35.156
08910 +35.007
08920 +34.851
08930 +34.682
08940 +34.503
08950 +34.318
08960 +34.135
08970 +33.964
08980 +33.811
08990 +33.682
09000 +33.574
09010 +33.484
09020 +33.401
09030 +33.319
09040 +33.232
09050 +33.138
09060 +33.043
09070 +32.955
09080 +32.885
09090 +32.839
09100 +32.822
09110 +32.830
09120 +32.855
09130 +32.885
09140 +32.910
09150 +32.923
09160 +32.925
09170 +32.922
09180 +32.923
09190 +32.939
09200 +32.976
09210 +33.033
09220 +33.102
09230 +33.170
09240 +33.225
09250 +33.256
09260 +33.258
09270 +33.235
09280 +33.196
09290 +33.150
09300 +33.106
09310 +33.066
09320 +33.028
09330 +32.982
09340 +32.917
09350 +32.821
09360 +32.691
09370 +32.527
09380 +32.338
09390 +32.135
09400 +31.930
09410 +31.731
09420 +31.542
09430 +31.360
09440 +31.178
09450 +30.985
09460 +30.776
09470 +30.549
09480 +30.308
09490 +30.061
09500 +29.820
09510 +29.594
09520 +29.389
09530 +29.205
09540 +29.037
09550 +28.876
09560 +28.711
09570 +28.536
09580 +28.351
09590 +28.159
09600 +27.968
09610 +27.787
09620 +27.625
09630 +27.483
09640 +27.360
09650 +27.249
09660 +27.139
09670 +27.023
09680 +26.896
09690 +26.756
09700 +26.610
09710 +26.466
09720 +26.331
09730 +26.213
09740 +26.112
09750 +26.027
09760 +25.948
09770 +25.869
09780 +25.780
09790 +25.678
09800 +25.566
09810 +25.448
09820 +25.333
09830 +25.231
09840 +25.145
09850 +25.078
09860 +25.025
09870 +24.976
09880 +24.924
09890 +24.862
09900 +24.788
09910 +24.704
09920 +24.619
09930 +24.540
09940 +24.477
09950 +24.431
09960 +24.401
09970 +24.381
09980 +24.362
09990 +24.335
10000 +24.296
10010 +24.244
10020 +24.183
10030 +24.122
10040 +24.067
10050 +24.026
10060 +23.999
10070 +23.983
10080 +23.970
10090 +23.952
10100 +23.923
10110 +23.878
10120 +23.818
10130 +23.750
10140 +23.682
10150 +23.622
10160 +23.574
10170 +23.540
10180 +23.513
10190 +23.487
10200 +23.453
10210 +23.405
10220 +23.341
10230 +23.265
10240 +23.185
10250 +23.110
10260 +23.049
10270 +23.004
10280 +22.972
10290 +22.947
10300 +22.919
10310 +22.879
10320 +22.825
10330 +22.758
10340 +22.685
10350 +22.614
10360 +22.556
10370 +22.512
10380 +22.484
10390 +22.463
10400 +22.441
10410 +22.409
10420 +22.362
10430 +22.300
10440 +22.227
10450 +22.151
10460 +22.079
10470 +22.017
10480 +21.966
10490 +21.922
10500 +21.878
10510 +21.826
10520 +21.759
10530 +21.674
10540 +21.575
10550 +21.465
10560 +21.355
10570 +21.252
10580 +21.160
10590 +21.078
10600 +21.003
10610 +20.925
10620 +20.836
10630 +20.732
10640 +20.613
10650 +20.484
10660 +20.356
10670 +20.238
10680 +20.140
10690 +20.062
10700 +20.000
10710 +19.944
10720 +19.885
10730 +19.815
10740 +19.733
10750 +19.647
10760 +19.567
10770 +19.505
10780 +19.469
10790 +19.461
10800 +19.473
10810 +19.494
10820 +19.513
10830 +19.520
10840 +19.517
10850 +19.507
10860 +19.502
10870 +19.511
10880 +19.540
10890 +19.589
10900 +19.652
10910 +19.717
10920 +19.775
10930 +19.817
10940 +19.843
10950 +19.855
10960 +19.861
10970 +19.871
10980 +19.890
10990 +19.921
11000 +19.961
11010 +20.004
11020 +20.040
11030 +20.060
11040 +20.062
11050 +20.045
11060 +20.016
11070 +19.984
11080 +19.958
11090 +19.945
11100 +19.946
11110 +19.957
11120 +19.969
11130 +19.972
11140 +19.958
11150 +19.925
11160 +19.879
11170 +19.828
11180 +19.786
11190 +19.762
11200 +19.761
11210 +19.779
11220 +19.807
11230 +19.830
11240 +19.840
11250 +19.831
11260 +19.808
11270 +19.780
11280 +19.760
11290 +19.762
11300 +19.789
11310 +19.838
11320 +19.898
11330 +19.956
11340 +19.999
11350 +20.021
11360 +20.026
11370 +20.022
11380 +20.023
11390 +20.039
11400 +20.076
11410 +20.132
11420 +20.197
11430 +20.259
11440 +20.306
11450 +20.332
11460 +20.339
11470 +20.333
11480 +20.327
11490 +20.331
11500 +20.351
11510 +20.387
11520 +20.433
11530 +20.479
11540 +20.515
11550 +20.536
11560 +20.541
11570 +20.535
11580 +20.528
11590 +20.529
11600 +20.544
11610 +20.575
11620 +20.619
11630 +20.669
11640 +20.716
11650 +20.757
11660 +20.788
11670 +20.814
11680 +20.840
11690 +20.873
11700 +20.919
11710 +20.978
11720 +21.050
11730 +21.131
11740 +21.215
11750 +21.299
11760 +21.381
11770 +21.462
11780 +21.545
11790 +21.633
11800 +21.727
11810 +21.829
11820 +21.939
11830 +22.055
11840 +22.176
11850 +22.300
11860 +22.428
11870 +22.557
11880 +22.689
11890 +22.822
11900 +22.955
11910 +23.088
11920 +23.221
11930 +23.354
11940 +23.491
11950 +23.633
11960 +23.781
11970 +23.936
11980 +24.095
11990 +24.255
12000 +24.412
12010 +24.563
12020 +24.708
12030 +24.850
12040 +24.993
12050 +25.142
12060 +25.302
12070 +25.473
12080 +25.654
12090 +25.840
12100 +26.024
12110 +26.202
12120 +26.370
12130 +26.530
12140 +26.688
12150 +26.849
12160 +27.022
12170 +27.210
12180 +27.413
12190 +27.624
12200 +27.836
12210 +28.039
12220 +28.227
12230 +28.398
12240 +28.556
12250 +28.708
12260 +28.864
12270 +29.031
12280 +29.210
12290 +29.399
12300 +29.586
12310 +29.762
12320 +29.914
12330 +30.040
12340 +30.141
12350 +30.227
12360 +30.309
12370 +30.400
12380 +30.506
12390 +30.627
12400 +30.755
12410 +30.880
12420 +30.989
12430 +31.076
12440 +31.140
12450 +31.190
12460 +31.238
12470 +31.298
12480 +31.381
12490 +31.490
12500 +31.620
12510 +31.762
12520 +31.902
12530 +32.029
12540 +32.138
12550 +32.232
12560 +32.323
12570 +32.423
12580 +32.545
12590 +32.699
12600 +32.882
12610 +33.089
12620 +33.304
12630 +33.515
12640 +33.711
12650 +33.889
12660 +34.055
12670 +34.221
12680 +34.402
12690 +34.610
12700 +34.851
12710 +35.120
12720 +35.406
12730 +35.693
12740 +35.964
12750 +36.212
12760 +36.434
12770 +36.640
12780 +36.843
12790 +37.061
12800 +37.303
12810 +37.572
12820 +37.857
12830 +38.144
12840 +38.413
12850 +38.650
12860 +38.848
12870 +39.011
12880 +39.156
12890 +39.302
12900 +39.465
12910 +39.656
12920 +39.873
12930 +40.103
12940 +40.331
12950 +40.539
12960 +40.718
12970 +40.866
12980 +40.996
12990 +41.127
13000 +41.281
13010 +41.473
13020 +41.708
13030 +41.981
13040 +42.277
13050 +42.575
13060 +42.855
13070 +43.107
13080 +43.331
13090 +43.539
13100 +43.751
13110 +43.990
13120 +44.267
13130 +44.580
13140 +44.914
13150 +45.237
13160 +45.517
13170 +45.723
13180 +45.841
13190 +45.881
13200 +45.873
13210 +45.849
13220 +45.836
13230 +45.840
13240 +45.846
13250 +45.828
13260 +45.757
13270 +45.615
13280 +45.404
13290 +45.148
13300 +44.881
13310 +44.638
13320 +44.444
13330 +44.303
13340 +44.207
13350 +44.134
13360 +44.060
13370 +43.965
13380 +43.842
13390 +43.696
13400 +43.548
13410 +43.419
13420 +43.332
13430 +43.296
13440 +43.310
13450 +43.359
13460 +43.423
13470 +43.478
13480 +43.507
13490 +43.504
13500 +43.475
13510 +43.439
13520 +43.417
13530 +43.427
13540 +43.476
13550 +43.558
13560 +43.652
13570 +43.737
13580 +43.787
13590 +43.789
13600 +43.743
13610 +43.665
13620 +43.578
13630 +43.507
13640 +43.466
13650 +43.454
13660 +43.457
13670 +43.455
13680 +43.424
13690 +43.350
13700 +43.230
13710 +43.078
13720 +42.914
13730 +42.764
13740 +42.643
13750 +42.555
13760 +42.491
13770 +42.435
13780 +42.367
13790 +42.272
13800 +42.143
13810 +41.983
13820 +41.808
13830 +41.635
13840 +41.480
13850 +41.352
13860 +41.249
13870 +41.160
13880 +41.070
13890 +40.963
13900 +40.828
13910 +40.662
13920 +40.474
13930 +40.277
13940 +40.088
13950 +39.919
13960 +39.775
13970 +39.652
13980 +39.537
13990 +39.416
14000 +39.278
14010 +39.117
14020 +38.936
14030 +38.745
14040 +38.557
14050 +38.386
14060 +38.239
14070 +38.116
14080 +38.009
14090 +37.907
14100 +37.800
14110 +37.681
14120 +37.549
14130 +37.409
14140 +37.269
14150 +37.141
14160 +37.032
14170 +36.943
14180 +36.873
14190 +36.813
14200 +36.756
14210 +36.693
14220 +36.621
14230 +36.540
14240 +36.453
14250 +36.368
14260 +36.290
14270 +36.223
14280 +36.168
14290 +36.119
14300 +36.072
14310 +36.020
14320 +35.957
14330 +35.881
14340 +35.793
14350 +35.698
14360 +35.601
14370 +35.506
14380 +35.416
14390 +35.329
14400 +35.243
14410 +35.154
14420 +35.057
14430 +34.952
14440 +34.839
14450 +34.721
14460 +34.603
14470 +34.490
14480 +34.383
14490 +34.284
14500 +34.192
14510 +34.105
14520 +34.020
14530 +33.939
14540 +33.861
14550 +33.789
14560 +33.725
14570 +33.670
14580 +33.626
14590 +33.590
14600 +33.562
14610 +33.540
14620 +33.522
14630 +33.507
14640 +33.497
14650 +33.490
14660 +33.488
14670 +33.487
14680 +33.488
14690 +33.486
14700 +33.481
14710 +33.471
14720 +33.456
14730 +33.437
14740 +33.415
14750 +33.391
14760 +33.365
14770 +33.337
14780 +33.306
14790 +33.268
14800 +33.223
14810 +33.171
14820 +33.112
14830 +33.049
14840 +32.985
14850 +32.921
14860 +32.859
14870 +32.801
14880 +32.744
14890 +32.688
14900 +32.631
14910 +32.572
14920 +32.511
14930 +32.451
14940 +32.393
14950 +32.341
14960 +32.296
14970 +32.260
14980 +32.231
14990 +32.209
15000 +32.189
15010 +32.170
15020 +32.151
15030 +32.130
15040 +32.108
15050 +32.089
15060 +32.073
15070 +32.061
15080 +32.053
15090 +32.047
15100 +32.041
15110 +32.030
15120 +32.014
15130 +31.991
15140 +31.961
15150 +31.927
15160 +31.889
15170 +31.851
15180 +31.811
15190 +31.771
15200 +31.728
15210 +31.682
15220 +31.631
15230 +31.574
15240 +31.514
15250 +31.450
15260 +31.385
15270 +31.320
15280 +31.255
15290 +31.191
15300 +31.127
15310 +31.065
15320 +31.005
15330 +30.948
15340 +30.893
15350 +30.843
15360 +30.795
15370 +30.750
15380 +30.706
15390 +30.662
15400 +30.618
15410 +30.576
15420 +30.538
15430 +30.505
15440 +30.478
15450 +30.458
15460 +30.441
15470 +30.426
15480 +30.408
15490 +30.384
15500 +30.353
15510 +30.315
15520 +30.275
15530 +30.236
15540 +30.202
15550 +30.177
15560 +30.158
15570 +30.142
15580 +30.120
15590 +30.089
15600 +30.043
15610 +29.984
15620 +29.916
15630 +29.847
15640 +29.787
15650 +29.742
15660 +29.713
15670 +29.696
15680 +29.682
15690 +29.663
15700 +29.630
15710 +29.581
15720 +29.522
15730 +29.462
15740 +29.413
15750 +29.385
15760 +29.385
15770 +29.410
15780 +29.449
15790 +29.488
15800 +29.516
15810 +29.523
15820 +29.509
15830 +29.482
15840 +29.456
15850 +29.446
15860 +29.463
15870 +29.510
15880 +29.578
15890 +29.650
15900 +29.707
15910 +29.732
15920 +29.721
15930 +29.676
15940 +29.613
15950 +29.554
15960 +29.518
15970 +29.518
15980 +29.549
15990 +29.596
16000 +29.632
16010 +29.635
16020 +29.593
16030 +29.506
16040 +29.391
16050 +29.274
16060 +29.184
16070 +29.141
16080 +29.151
16090 +29.197
16100 +29.252
16110 +29.288
16120 +29.284
16130 +29.238
16140 +29.161
16150 +29.079
16160 +29.023
16170 +29.018
16180 +29.073
16190 +29.179
16200 +29.309
16210 +29.430
16220 +29.517
16230 +29.554
16240 +29.544
16250 +29.503
16260 +29.462
16270 +29.449
16280 +29.487
16290 +29.577
16300 +29.702
16310 +29.827
16320 +29.920
16330 +29.954
16340 +29.921
16350 +29.831
16360 +29.712
16370 +29.604
16380 +29.543
16390 +29.545
16400 +29.601
16410 +29.677
16420 +29.733
16430 +29.734
16440 +29.665
16450 +29.532
16460 +29.366
16470 +29.212
16480 +29.117
16490 +29.107
16500 +29.175
16510 +29.288
16520 +29.403
16530 +29.481
16540 +29.504
16550 +29.474
16560 +29.414
16570 +29.363
16580 +29.359
16590 +29.427
16600 +29.567
16610 +29.752
16620 +29.945
16630 +30.109
16640 +30.217
16650 +30.261
16660 +30.250
16670 +30.210
16680 +30.176
16690 +30.184
16700 +30.251
16710 +30.369
16720 +30.508
16730 +30.629
16740 +30.697
16750 +30.690
16760 +30.609
16770 +30.472
16780 +30.320
16790 +30.200
16800 +30.147
16810 +30.169
16820 +30.239
16830 +30.312
16840 +30.342
16850 +30.301
16860 +30.185
16870 +30.015
16880 +29.834
16890 +29.697
16900 +29.647
16910 +29.696
16920 +29.814
16930 +29.951
16940 +30.058
16950 +30.103
16960 +30.079
16970 +30.002
16980 +29.904
16990 +29.830
17000 +29.819
17010 +29.887
17020 +30.017
17030 +30.171
17040 +30.302
17050 +30.372
17060 +30.363
17070 +30.277
17080 +30.134
17090 +29.973
17100 +29.839
17110 +29.771
17120 +29.781
17130 +29.844
17140 +29.909
17150 +29.924
17160 +29.852
17170 +29.680
17180 +29.420
17190 +29.112
17200 +28.817
17210 +28.605
17220 +28.522
17230 +28.557
17240 +28.648
17250 +28.715
17260 +28.701
17270 +28.587
17280 +28.394
17290 +28.182
17300 +28.038
17310 +28.053
17320 +28.270
17330 +28.649
17340 +29.097
17350 +29.514
17360 +29.841
17370 +30.064
17380 +30.203
17390 +30.305
17400 +30.428
17410 +30.626
17420 +30.930
17430 +31.327
17440 +31.764
17450 +32.168
17460 +32.474
17470 +32.652
17480 +32.701
17490 +32.652
17500 +32.551
17510 +32.455
17520 +32.414
17530 +32.455
17540 +32.561
17550 +32.667
17560 +32.695
17570 +32.588
17580 +32.330
17590 +31.938
17600 +31.448
17610 +30.904
17620 +30.357
17630 +29.864
17640 +29.460
17650 +29.133
17660 +28.820
17670 +28.445
17680 +27.961
17690 +27.355
17700 +26.646
17710 +25.884
17720 +25.158
17730 +24.587
17740 +24.268
17750 +24.196
17760 +24.259
17770 +24.320
17780 +24.291
17790 +24.144
17800 +23.890
17810 +23.564
17820 +23.214
17830 +22.897
17840 +22.662
17850 +22.536
17860 +22.500
17870 +22.502
17880 +22.480
17890 +22.388
17900 +22.204
17910 +21.929
17920 +21.580
17930 +21.183
17940 +20.771
17950 +20.388
17960 +20.075
17970 +19.857
17980 +19.728
17990 +19.653
18000 +19.587
18010 +19.493
18020 +19.345
18030 +19.134
18040 +18.856
18050 +18.520
18060 +18.143
18070 +17.752
18080 +17.385
18090 +17.070
18100 +16.815
18110 +16.601
18120 +16.389
18130 +16.138
18140 +15.815
18150 +15.413
18160 +14.964
18170 +14.582
18180 +14.491
18190 +14.949
18200 +16.001
18210 +17.411
18220 +18.886
18230 +20.261
18240 +21.501
18250 +22.642
18260 +23.743
18270 +24.847
18280 +25.947
18290 +26.975
18300 +27.814
18310 +28.370
18320 +28.634
18330 +28.687
18340 +28.637
18350 +28.568
18360 +28.519
18370 +28.490
18380 +28.452
18390 +28.355
18400 +28.158
18410 +27.849
18420 +27.450
18430 +27.003
18440 +26.551
18450 +26.126
18460 +25.741
18470 +25.396
18480 +25.080
18490 +24.770
18500 +24.446
18510 +24.091
18520 +23.703
18530 +23.297
18540 +22.902
18550 +22.560
18560 +22.314
18570 +22.204
18580 +22.256
18590 +22.476
18600 +22.844
18610 +23.320
18620 +23.849
18630 +24.374
18640 +24.856
18650 +25.281
18660 +25.669
18670 +26.056
18680 +26.476
18690 +26.953
18700 +27.480
18710 +28.025
18720 +28.528
18730 +28.913
18740 +29.122
18750 +29.144
18760 +29.027
18770 +28.855
18780 +28.698
18790 +28.595
18800 +28.540
18810 +28.490
18820 +28.381
18830 +28.144
18840 +27.743
18850 +27.186
18860 +26.528
18870 +25.842
18880 +25.194
18890 +24.631
18900 +24.179
18910 +23.843
18920 +23.623
18930 +23.513
18940 +23.513
18950 +23.625
18960 +23.851
18970 +24.186
18980 +24.611
18990 +25.097
19000 +25.615
19010 +26.148
19020 +26.685
19030 +27.220
19040 +27.735
19050 +28.201
19060 +28.574
19070 +28.815
19080 +28.919
19090 +28.924
19100 +28.887
19110 +28.853
19120 +28.844
19130 +28.851
19140 +28.847
19150 +28.787
19160 +28.626
19170 +28.342
19180 +27.953
19190 +27.511
19200 +27.073
19210 +26.675
19220 +26.331
19230 +26.040
19240 +25.801
19250 +25.617
19260 +25.497
19270 +25.455
19280 +25.501
19290 +25.631
19300 +25.835
19310 +26.092
19320 +26.386
19330 +26.708
19340 +27.057
19350 +27.438
19360 +27.855
19370 +28.307
19380 +28.776
19390 +29.223
19400 +29.602
19410 +29.882
19420 +30.067
19430 +30.187
19440 +30.286
19450 +30.403
19460 +30.565
19470 +30.782
19480 +31.036
19490 +31.279
19500 +31.446
19510 +31.490
19520 +31.412
19530 +31.251
19540 +31.066
19550 +30.902
19560 +30.795
19570 +30.762
19580 +30.803
19590 +30.897
19600 +31.004
19610 +31.078
19620 +31.096
19630 +31.062
19640 +31.005
19650 +30.963
19660 +30.971
19670 +31.064
19680 +31.263
19690 +31.577
19700 +31.983
19710 +32.418
19720 +32.793
19730 +33.027
19740 +33.093
19750 +33.028
19760 +32.910
19770 +32.822
19780 +32.832
19790 +32.987
19800 +33.296
19810 +33.714
19820 +34.130
19830 +34.398
19840 +34.419
19850 +34.210
19860 +33.877
19870 +33.544
19880 +33.310
19890 +33.245
19900 +33.386
19910 +33.723
19920 +34.173
19930 +34.567
19940 +34.716
19950 +34.541
19960 +34.125
19970 +33.628
19980 +33.190
19990 +32.907
20000 +32.846
20010 +33.040
20020 +33.468
20030 +34.010
20040 +34.430
20050 +34.490
20060 +34.146
20070 +33.565
20080 +32.951
20090 +32.449
20100 +32.149
20110 +32.121
20120 +32.427
20130 +33.074
20140 +33.917
20150 +34.549
20160 +34.536
20170 +33.921
20180 +33.083
20190 +32.294
20200 +31.661
20210 +31.249
20220 +31.277
20230 +33.045
20240 +46.322
20250 +37.547
20260 +33.803
20270 +32.628
20280 +32.148
20290 +31.953
20300 +31.905
20310 +31.947
20320 +32.046
20330 +32.182
20340 +32.333
20350 +32.474
20360 +32.572
20370 +32.578
20380 +32.441
20390 +32.143
20400 +31.756
20410 +31.454
20420 +31.397
20430 +31.611
20440 +32.010
20450 +32.481
20460 +32.924
20470 +33.241
20480 +33.331
20490 +33.112
20500 +32.620
20510 +32.066
20520 +31.731
20530 +31.767
20540 +32.140
20550 +32.726
20560 +33.411
20570 +34.086
20580 +34.605
20590 +34.751
20600 +34.341
20610 +33.514
20620 +32.746
20630 +32.423
20640 +32.596
20650 +33.133
20660 +33.917
20670 +34.890
20680 +35.999
20690 +37.004
20700 +37.120
20710 +35.688
20720 +33.796
20730 +32.689
20740 +32.493
20750 +32.896
20760 +33.703
20770 +34.935
20780 +36.884
20790 +40.187
20800 +40.139
20810 +31.869
20820 +27.278
20830 +26.776
20840 +27.422
20850 +28.088
20860 +28.620
20870 +29.033
20880 +29.358
20890 +29.619
20900 +29.838
20910 +30.037
20920 +30.240
20930 +30.494
20940 +30.887
20950 +31.597
20960 +32.955
20970 +35.186
20980 +37.044
20990 +36.637
21000 +35.440
21010 +34.570
21020 +34.092
21030 +33.942
21040 +34.108
21050 +34.640
21060 +35.591
21070 +36.799
21080 +37.608
21090 +37.431
21100 +36.671
21110 +35.924
21120 +35.410
21130 +35.166
21140 +35.197
21150 +35.515
21160 +36.103
21170 +36.820
21180 +37.318
21190 +37.285
21200 +36.817
21210 +36.238
21220 +35.764
21230 +35.478
21240 +35.403
21250 +35.546
21260 +35.889
21270 +36.338
21280 +36.697
21290 +36.761
21300 +36.503
21310 +36.081
21320 +35.664
21330 +35.352
21340 +35.190
21350 +35.195
21360 +35.362
21370 +35.643
21380 +35.930
21390 +36.077
21400 +36.000
21410 +35.736
21420 +35.396
21430 +35.078
21440 +34.847
21450 +34.739
21460 +34.771
21470 +34.935
21480 +35.181
21490 +35.416
21500 +35.538
21510 +35.497
21520 +35.321
21530 +35.085
21540 +34.865
21550 +34.722
21560 +34.697
21570 +34.813
21580 +35.062
21590 +35.391
21600 +35.706
21610 +35.902
21620 +35.926
21630 +35.793
21640 +35.573
21650 +35.347
21660 +35.181
21670 +35.118
21680 +35.175
21690 +35.327
21700 +35.506
21710 +35.616
21720 +35.577
21730 +35.368
21740 +35.035
21750 +34.650
21760 +34.286
21770 +33.994
21780 +33.806
21790 +33.721
21800 +33.707
21810 +33.705
21820 +33.644
21830 +33.480
21840 +33.211
21850 +32.874
21860 +32.520
21870 +32.202
21880 +31.960
21890 +31.820
21900 +31.781
21910 +31.815
21920 +31.876
21930 +31.909
21940 +31.878
21950 +31.776
21960 +31.628
21970 +31.475
21980 +31.364
21990 +31.335
22000 +31.409
22010 +31.586
22020 +31.835
22030 +32.101
22040 +32.323
22050 +32.456
22060 +32.491
22070 +32.452
22080 +32.387
22090 +32.350
22100 +32.384
22110 +32.509
22120 +32.716
22130 +32.962
22140 +33.182
22150 +33.313
22160 +33.320
22170 +33.211
22180 +33.030
22190 +32.839
22200 +32.693
22210 +32.632
22220 +32.668
22230 +32.782
22240 +32.926
22250 +33.037
22260 +33.061
22270 +32.976
22280 +32.799
22290 +32.577
22300 +32.368
22310 +32.226
22320 +32.188
22330 +32.265
22340 +32.437
22350 +32.656
22360 +32.861
22370 +32.994
22380 +33.029
22390 +32.972
22400 +32.868
22410 +32.775
22420 +32.753
22430 +32.844
22440 +33.061
22450 +33.378
22460 +33.741
22470 +34.071
22480 +34.297
22490 +34.376
22500 +34.319
22510 +34.185
22520 +34.057
22530 +34.008
22540 +34.087
22550 +34.296
22560 +34.594
22570 +34.903
22580 +35.129
22590 +35.196
22600 +35.085
22610 +34.841
22620 +34.555
22630 +34.323
22640 +34.217
22650 +34.266
22660 +34.454
22670 +34.721
22680 +34.981
22690 +35.149
22700 +35.170
22710 +35.046
22720 +34.835
22730 +34.629
22740 +34.516
22750 +34.558
22760 +34.771
22770 +35.131
22780 +35.577
22790 +36.029
22800 +36.399
22810 +36.624
22820 +36.688
22830 +36.644
22840 +36.587
22850 +36.620
22860 +36.810
22870 +37.181
22880 +37.711
22890 +38.341
22900 +38.981
22910 +39.516
22920 +39.837
22930 +39.898
22940 +39.768
22950 +39.593
22960 +39.517
22970 +39.627
22980 +39.942
22990 +40.432
23000 +41.025
23010 +41.606
23020 +42.018
23030 +42.117
23040 +41.880
23050 +41.449
23060 +41.029
23070 +40.771
23080 +40.735
23090 +40.916
23100 +41.271
23110 +41.731
23120 +42.193
23130 +42.523
23140 +42.596
23150 +42.392
23160 +42.034
23170 +41.699
23180 +41.517
23190 +41.543
23200 +41.785
23210 +42.232
23220 +42.859
23230 +43.616
23240 +44.393
23250 +44.996
23260 +45.247
23270 +45.160
23280 +44.950
23290 +44.837
23300 +44.950
23310 +45.356
23320 +46.108
23330 +47.277
23340 +48.958
23350 +51.182
23360 +53.538
23370 +54.599
23380 +53.822
23390 +52.694
23400 +52.065
23410 +52.077
23420 +52.749
23430 +54.176
23440 +56.622
23450 +60.624
23460 +65.825
23470 +63.964
23480 +60.154
23490 +58.169
23500 +57.373
23510 +57.229
23520 +57.271
23530 +57.061
23540 +56.428
23550 +55.656
23560 +55.241
23570 +55.648
23580 +57.392
23590 +61.564
23600 +70.686
23610 +61.384
23620 +54.961
23630 +51.073
23640 +48.377
23650 +46.474
23660 +45.271
23670 +44.803
23680 +45.123
23690 +46.207
23700 +47.813
23710 +49.122
23720 +48.736
23730 +46.719
23740 +44.356
23750 +42.282
23760 +40.703
23770 +39.767
23780 +39.623
23790 +40.329
23800 +41.800
23810 +43.816
23820 +45.812
23830 +46.401
23840 +44.822
23850 +42.378
23860 +40.094
23870 +38.344
23880 +37.396
23890 +37.480
23900 +38.627
23910 +40.702
23920 +43.685
23930 +47.865
23940 +52.554
23950 +50.000
23960 +45.083
23970 +41.452
23980 +38.782
23990 +37.009
