-0.000780159592857323 -0.001289173934897926
-0.000919655334115095 -0.000267667896973535
-0.000818934150171855 -0.000257680440384194
-0.000648696291880631 -0.000126643521498158
-0.000207001229719300 -0.000569893041650237
-0.000387356925317994 -0.000110150355845545
-0.000248265218344290 -0.000501276808005055
-0.000359816858576785 -0.000299771454795886
-0.000134571839029860 -0.000470074308860573
-0.000291422333796394 -0.000754644054102507
-0.000199445366964534 -0.000739293703138424
-0.000500130259943358 -0.000554739888005643
-0.000542148691479419 -0.000792388267925790
-0.000594562918873942 -0.000188111587389250
-0.000623625851899863 -0.000759640737446471
-0.000491661708515592 +0.000010414283634441
-0.000378037620144557 -0.000666038683665059
-0.000369843904378169 -0.000368568035905020
-0.000112532311122119 -0.000639518966388213
-0.000440777691947052 -0.000391518347875115
-0.000228085258541351 -0.000557309128409966
-0.000437760791349358 -0.000626635280953369
-0.000307944283233094 -0.000479037253113412
-0.000495041261837609 -0.000676403260546182
-0.000459446317213839 -0.000370874696012670
-0.000520925907139900 -0.000421472671128302
-0.000472306865487965 -0.000456624239061288
-0.000355152356309408 -0.000329899778709395
-0.000419992257910605 -0.000429408280821698
-0.000252986476424280 -0.000200434602597471
-0.000316676679908276 -0.000367756850634159
-0.000219288444634324 -0.000546372813437571
-0.000254955775850461 -0.000322888635827254
-0.000367399614915149 -0.000926647134741635
-0.000396482999614830 +0.000010379392678575
-0.000471435772303413 -0.001222782994951248
-0.000543461256029277 +0.000143537766268390
-0.000415137934827567 -0.001573746549660353
-0.000701009301327771 +0.000539380532734924
-0.000317272146969381 -0.001495628065390178
-0.000501999604449913 +0.000804539871290633
+0.000196782810359661 -0.001977276856329596
-0.000573642332527793 +0.001518787276268044
+0.000490267309800608 -0.002382399993021921
-0.000525101654921610 +0.004057295856924882
+0.000831986624223914 -0.004648995701067079
-0.000301469354962246 +0.007653526900922912
+0.001070542566750083 -0.013136873437162369
+0.000187342808934158 +0.102291009073825184
-0.001019110097058846 +0.317591645068591111
+0.023649901427007985 +0.464885312795943251
+0.179201015940456537 +0.625551961732856876
+0.306057652849639206 +0.381105886561544427
+0.434674142513223893 -0.340553612730064625
+0.417156916773186004 -0.611265763694731179
+0.097989254520922747 -0.200073733614052868
-0.308869972500044554 -0.070719923527655076
-0.320489220944260800 -0.037578893104569987
-0.117809465395599083 -0.026690680231525286
-0.031708657277496673 +0.080027123127885555
-0.045871863150443039 +0.127054593557285989
-0.053211051512038580 +0.089407248608101064
+0.055579530989085815 +0.063154486393257714
+0.118412260083472193 +0.049876714502474134
+0.103372028412454103 -0.001538884119512599
+0.051365059352128282 -0.054616202455418900
+0.031120957190761914 -0.071986869078085242
+0.002499417768596646 -0.030495047921065600
-0.026964837656524476 -0.043173772979445635
-0.073447374054352116 -0.021356339224298814
-0.072279615668496944 +0.018914560346434354
-0.047687651129364891 +0.053372759583275822
-0.005081531480593862 +0.014214573277180807
+0.032695522854896422 -0.025311001592153930
+0.035549602224022439 -0.002868035487242556
+0.010255951804311532 +0.027236403997593951
+0.025685450898676424 -0.018648375073070579
+0.040128657786168989 -0.018833538175524384
+0.020880630507829925 -0.006104755834122006
-0.018294712164422335 +0.004450569608760084
-0.027002440200230758 +0.001954033351205953
-0.015265013789814876 +0.005579024087063112
-0.001312161270836481 +0.008682909515879919
-0.003921361527568491 +0.032542746097982189
+0.004578645191857637 +0.036909003047458921
+0.019816698859088967 +0.026868212511003787
+0.038692887916851541 -0.003109990745477397
+0.037467760429281939 -0.008265560771922989
+0.018556511407764112 -0.023901878922645642
-0.008711979561928960 -0.014323296086416939
-0.020216116335583359 +0.013288930811756462
-0.024841200312636529 +0.028140126779542071
-0.010136216783239052 +0.019116904918677180
+0.001331086274196236 +0.016621838915004197
+0.011189193741311073 +0.002331213447446500
+0.021664858620296368 +0.005146446346728704
+0.031353334600758918 -0.000291729132888503
+0.028306122883401848 -0.013777475786182354
+0.026454595499597493 -0.026936400313917700
+0.012423266400448820 -0.008886857367914783
-0.004498950065679269 -0.008995226727683240
-0.019623554711170513 +0.001578494201095143
-0.022445093593152825 +0.006075129591321864
-0.025629486577578291 +0.003422296142105271
-0.021887233554711137 -0.008666535956971611
-0.017900148174375199 -0.018339367560396939
-0.001667223158940265 -0.019411499486124088
+0.002974244815919535 -0.013633911350856405
-0.001766540863254273 -0.018595821294646701
-0.005412307535565838 -0.010424409666932796
-0.005740089983135686 -0.004028339586805896
+0.002977295372773085 +0.006865865361184695
+0.003683408506457388 +0.015087442351120113
-0.004322056246532939 +0.004937764266035291
-0.003353577935422513 -0.006743410971013694
-0.003188979130188880 -0.002402552791870008
+0.000587306798368131 -0.007781625314895841
+0.004340624305775592 -0.008006597547544996
-0.002947495520449985 -0.012072901089630215
-0.012915374600841054 -0.010736138220292280
-0.006119576070842256 -0.007323708919983185
-0.005225169057061951 -0.002123119200987163
-0.004970983183878850 +0.004813814888593251
-0.004772648761342928 +0.015481944675195633
-0.000750168718988523 +0.015629262601750606
+0.004261061425501129 +0.008935213143258914
+0.005669470678399786 +0.003446313337896410
+0.003118641324063892 +0.003992966307042209
+0.004041421240188884 -0.007667728049585027
+0.000900814080411774 -0.012839257336367288
-0.002688099785181254 -0.015375015406615778
-0.006631311011692371 -0.012488565547259354
-0.005985236331716930 -0.009494496523484518
-0.005692420598305437 -0.003699598280748955
-0.003973294560712050 +0.003463099445439338
-0.002594744054568300 +0.016237658701499125
+0.000237372625267059 +0.020331779432955607
+0.001299931185589925 +0.010977763078937185
+0.002496020605429600 +0.006468019549579695
+0.003315439948380926 +0.002241070715113675
+0.001852120288820432 -0.010644173803234052
+0.000260936455952624 -0.015214044594759255
-0.002104031727198413 -0.020616728517985440
-0.004765436282223323 -0.017311306149776787
-0.004976047188497135 -0.016167838640381155
-0.007513223104923575 -0.012743358222571163
-0.007841323151649360 -0.003845223841493606
-0.008828481389618514 +0.010269483095477615
-0.007463477776270016 +0.018148205432125190
-0.005172543705742286 +0.012131110528233983
-0.002227380581911013 +0.009395344619819749
-0.000226872907986259 +0.009230153274630556
+0.002124708862282266 +0.006723715150476370
+0.004822073729245012 +0.000200852274372159
+0.005421853695671479 -0.012211371383803637
+0.006869654130464193 -0.012589626151895655
+0.005502619556258987 -0.014127805136305705
+0.003031174766050071 -0.012954991029463424
+0.002695866758335740 -0.013770193234321266
-0.001452100119524071 -0.005319395737125127
-0.005207738116158673 +0.002547637243626905
-0.008544192582999814 +0.000015219175905103
-0.008071093162948344 +0.002929885312460842
-0.005446410282078911 +0.004267842025304070
-0.002258752595330445 +0.004558031923358248
-0.000060650801861012 +0.001189077808645011
+0.002933561889938759 -0.004410949893128375
+0.005865294331643903 -0.005322241155119081
+0.003613779408049021 -0.008014516811245076
+0.000359926038173817 -0.009901912309813750
-0.002806441511265924 -0.014756503311285125
-0.005077340891396848 -0.002160742432961304
-0.007909325820927892 -0.001757270337901322
-0.009265823652271094 +0.007810168179098850
-0.009161967183464143 +0.025428876633471896
-0.006198180089891453 +0.014868074889421448
+0.007678775688829988 +0.008526890037438083
+0.012761602149351752 +0.006778181564668567
+0.011093383176622350 -0.003493738357925269
+0.009258100573883711 -0.008271903842035022
+0.005227165018972524 -0.000640031689443835
+0.001457820641077495 -0.003940531485977630
+0.001700330055975172 -0.002607317939590827
-0.002491427244972508 +0.006616455138731603
-0.003312453832525208 +0.001632730793094124
-0.001627458329410192 +0.007212242700962833
-0.001167239797593282 +0.008262970831446033
+0.001996326943516197 +0.002371579359259813
+0.003998762430448999 +0.003458399225500664
+0.003392958476101720 -0.001573533885199339
+0.004822292225519952 -0.005090648908095899
+0.001943013607718494 -0.003923388046187184
-0.000752685048486442 -0.005453555943459615
-0.001329327376154059 -0.002286344429755955
-0.003904543597319927 +0.000272917948265484
-0.002372560424803021 +0.000156020750739901
-0.001309214336413193 +0.002364176597843489
-0.001721140699099462 +0.004019354309962997
+0.000780443597703928 +0.001264269424888990
+0.001803274541121667 +0.002066915365345385
+0.002410110957430204 +0.001036096631002445
+0.002671876961481746 -0.002426742684882046
+0.001376042155784558 -0.001492598317783975
+0.000029574372877438 -0.003994582400907399
-0.000901898810901462 -0.003872302043733850
-0.002790877916514103 -0.002825707968356549
-0.003744786556567053 -0.001963073741968411
-0.003681780803458516 +0.000777731364334144
-0.003410441311468061 +0.001381465179882256
-0.001145079815231991 +0.002524572896619693
-0.000051937313597107 +0.002433555416332393
+0.001194979888772998 +0.000975736979419766
+0.002381719814196341 +0.000992554705304761
+0.001697672233038760 +0.000116738651676904
+0.001729691901401664 -0.000929571128222353
+0.001082668567860609 -0.000883209119008690
-0.000175541383068194 -0.001228641427952351
-0.000596157137449952 -0.002062101732899988
-0.001073210042824622 +0.000029667890459095
-0.001519594337342758 -0.000690214837463775
-0.001032220763144768 -0.000166409165315327
-0.000315188896711965 +0.000908942322279557
-0.000134844536774689 -0.000138634583495892
+0.000882531223620305 +0.000370379316441120
+0.000542611138025742 +0.000524845090831780
+0.000658498192969381 -0.000301222567652205
+0.000582644111768910 +0.000074525218594361
-0.000260795538833191 -0.000730479454179948
-0.000146600807890464 -0.001396645906589944
-0.000399659336212664 -0.001374673151656735
-0.000884175918928564 -0.001674230544636809
-0.000725204544280152 -0.001956583934037256
-0.001233032625481822 -0.000479748670099887
-0.001026452226665378 -0.001062138089574829
-0.000675296945900766 +0.000845482654455542
-0.000798025420656585 +0.001321577765252389
-0.000335941319817364 +0.001221990288220421
+0.000099563609750512 +0.002167962291436895
-0.000226581779873150 +0.000999334198650464
+0.000714105378402711 +0.001249008962703844
+0.000552562693962729 +0.000845211175724935
+0.000343360048191317 -0.000366029450103098
+0.000909707796337750 -0.000443908942897271
+0.000253085558743568 -0.001330300030979220
+0.000152805695365672 -0.001132251902656146
+0.000246060512067480 -0.001290365428877491
-0.000377726146488325 -0.000285664040388809
-0.000078305244247252 -0.000310113389086913
-0.000223820469414061 +0.000753040297008921
-0.000233281518565478 +0.000944427069895958
+0.000086618490254294 +0.000830259362923820
+0.000280068111354797 +0.001066448224300061
+0.000135716134314020 +0.000372421362258341
+0.000404317962328963 +0.000199030035724825
+0.000105241499142550 -0.000690854053357843
+0.000135456692756212 -0.001178558917976368
+0.000070395465619268 -0.001400703747575409
-0.000288861527745474 -0.001737832647671001
-0.000270395563369977 -0.000638710153733182
-0.000453379808061830 -0.001154464808238937
-0.000502768749107202 +0.000204096541138229
-0.000290493570417129 +0.000418112366422810
-0.000472050873377189 +0.000529862418414094
-0.000094287123380775 +0.000873017994635357
-0.000067325661498762 +0.000550825531487836
+0.000050905635908710 +0.000467002742907275
+0.000112764201840979 -0.000071211204753041
+0.000134528309772126 -0.000309062520839553
+0.000086911232880385 -0.000782621314409493
+0.000135430964634426 -0.000674593403239935
-0.000064902536940125 -0.000330519536548769
-0.000143546082703197 -0.000496299465448224
-0.000147050233513630 +0.000547935990747341
-0.000275195740036515 +0.000095767938729704
-0.000161094599545833 +0.000724319296149495
-0.000061262844209139 +0.000794913247678017
-0.000197554891079075 +0.000547840226095027
+0.000174954862889848 +0.000491214851254795
+0.000105978401642129 +0.000155984171012078
+0.000187240670004678 +0.000018695662648839
+0.000361571152829776 -0.000453081941164091
+0.000341336253415298 -0.000335698956658654
+0.000318527548090456 -0.000343859221336505
+0.000315273949872718 -0.000428371843534297
+0.000030440342142519 +0.000049444245225565
-0.000065870834082368 -0.000189667934262239
-0.000138797420004500 +0.000313648559513069
-0.000314719950405374 +0.000145814544658800
-0.000235330467219275 +0.000255877306086341
-0.000110482010784380 +0.000080956753349208
-0.000183027150520283 +0.000085896955802692
+0.000063216560700184 -0.000109534096979300
+0.000012939910918894 -0.000701197581908082
+0.000089634969383355 -0.000333445684073123
+0.000019244430797972 -0.000894155486712275
-0.000105612875431174 -0.001017981710640557
-0.000229063080599074 +0.000162370216714031
-0.000612131490671354 -0.000302362010238863
-0.000439760914028632 +0.000336126410310656
-0.000313291420205807 +0.000875103847295000
-0.000286426460105432 +0.000264030627275568
+0.000219419782090816 +0.000139510457192142
+0.000135437362597421 +0.000445147387137892
+0.000136030411421048 -0.000550702889451171
+0.000295478547656669 -0.000475413992381678
+0.000045764654515428 -0.000107506266644075
-0.000137748161109849 -0.001022190947227081
-0.000025053905054279 -0.000192159710336759
-0.000482043458385872 -0.000004104166863250
-0.000326735875291112 -0.000394577063618173
-0.000230103503090384 +0.000653886313048579
-0.000386667517638856 +0.000181589817809719
+0.000113848764874330 +0.000134089400053460
+0.000099380846498437 +0.000389269233479622
+0.000088497382851681 -0.000250442825834378
+0.000405953341557914 -0.000350607924354596
+0.000002609653719642 -0.000154056370468392
+0.000066335294363902 -0.000771987771399758
+0.000003630923867692 -0.000390466726942228
-0.000340161799429257 -0.000231617552272082
-0.000246944887118065 -0.000540932194968979
-0.000306932413893714 +0.000108909489015280
-0.000438210747604414 +0.000023191866478228
-0.000142315288545018 -0.000042146740217307
-0.000185072039416524 +0.000383651323060171
-0.000095978167087028 -0.000056215236797913
+0.000139917018371287 +0.000025792646206193
+0.000005027497939278 -0.000070842873638195
+0.000078446921799941 -0.000352633315132647
+0.000067248057184895 -0.000297206536568669
-0.000177159583594145 -0.000305851284894723
-0.000076678372438176 -0.000391906614306622
-0.000245307553691359 -0.000100218717299367
-0.000269165613774203 -0.000152799520990980
-0.000150803189983176 -0.000058383940758506
-0.000214641623834388 +0.000196933413010095
-0.000116197495394018 -0.000045232569000498
+0.000010337059792706 +0.000180263567270986
-0.000054058623690022 +0.000099461381120978
+0.000056340109547143 -0.000179456179746353
+0.000059599073754553 +0.000073546312391646
-0.000056086922174292 -0.000278208656565125
-0.000002108963429191 -0.000231985133773242
-0.000083407551382999 -0.000155282788897005
-0.000171569559610672 -0.000314388318564178
-0.000068842516616902 -0.000194930162997578
-0.000181770128175969 -0.000115676043064885
-0.000120302707980633 -0.000204940278844956
-0.000061432265266288 -0.000067164751246513
-0.000133216618169403 +0.000001099641247579
-0.000049689794473211 -0.000181357693376142
-0.000046138618134310 +0.000035140148252336
-0.000109017205519933 -0.000130838152236762
-0.000038340494039303 -0.000238908436078922
-0.000103244399323256 -0.000045478983966243
-0.000150308967974266 -0.000374903275364094
-0.000088745557650381 -0.000181158945268581
-0.000189163784836100 -0.000207976683221100
-0.000167906666979757 -0.000303860674147511
-0.000111198275940918 -0.000081224177999498
-0.000223004766521165 -0.000203845840198951
-0.000098137286498538 -0.000118034009466133
-0.000127448509948815 -0.000055633163518233
-0.000169241194106359 -0.000107833227750967
-0.000047095689534080 -0.000088644252146159
-0.000133125930414100 -0.000068221701880399
-0.000108310539256544 -0.000158882436916695
-0.000052372549845703 -0.000166781222554260
-0.000145077030412923 -0.000133645891042330
-0.000094233044007499 -0.000267864381817809
-0.000093285368402440 -0.000128042191117461
-0.000163223529671944 -0.000196737717817274
-0.000099020670635232 -0.000186568360937145
-0.000120106063074824 -0.000079634045368319
-0.000156135633994350 -0.000190195900832359
-0.000076982818100744 -0.000065376090245905
-0.000142217340462111 -0.000145240809079405
-0.000121644286105022 -0.000132158855890677
-0.000084953213331740 -0.000147895879376517
-0.000155459177077380 -0.000228392895464026
-0.000097086104747650 -0.000178063899825665
-0.000133063263541382 -0.000274267891178138
-0.000153626328942057 -0.000219912500346160
-0.000118885574010557 -0.000223734972968630
-0.000167082341277976 -0.000218111222295705
-0.000148324292033215 -0.000170743987512054
-0.000140274231257295 -0.000171690202680131
-0.000162294857173320 -0.000135966070947509
-0.000140902807870045 -0.000169946661027321
-0.000141626016849066 -0.000121966062485933
-0.000160962947195165 -0.000217060948121906
-0.000136777270970302 -0.000183422536078492
-0.000153780378286998 -0.000220833498358577
-0.000169719844290156 -0.000284286021822168
-0.000139755564593634 -0.000191868182433732
-0.000189107788349512 -0.000276308461578238
-0.000160391269558508 -0.000212095070903151
-0.000158368907340338 -0.000177661711576236
-0.000186562949261081 -0.000205234349748831
-0.000139931492326031 -0.000146428386494701
-0.000160877809929025 -0.000168022174782379
-0.000160286122196435 -0.000160471063838457
-0.000134239116021230 -0.000201730153170777
-0.000158179879266499 -0.000179615044293836
-0.000152770041023257 -0.000251774897091315
-0.000140996993102866 -0.000238702989788680
-0.000166070545782355 -0.000242001363035669
-0.000168313939486098 -0.000286500479808186
-0.000155873745848814 -0.000223234072389972
-0.000201233661463726 -0.000256408770122803
-0.000172790709661829 -0.000223088366786565
-0.000183681103700392 -0.000210491281116849
-0.000202203610379898 -0.000216084217750259
-0.000164959788716055 -0.000187398220160849
-0.000189276022880023 -0.000237272248757850
-0.000173680143219297 -0.000196724386134347
-0.000159566671969139 -0.000257801756705064
-0.000178351351227831 -0.000280288674073463
-0.000158131501679832 -0.000260977376218499
-0.000185569433618882 -0.000305101904602790
-0.000194546896512530 -0.000303451329382680
-0.000198167377089793 -0.000236637957200717
-0.000226804742450345 -0.000276495109841594
-0.000214597298322898 -0.000251226959641020
-0.000208796476583702 -0.000176102243464830
-0.000226987747787605 -0.000268439349741779
-0.000185150876591064 -0.000220229741741343
-0.000195678451210270 -0.000197141293784952
-0.000201134136493379 -0.000324082904113372
-0.000159811732649939 -0.000234805689821441
-0.000206044090633339 -0.000287340454040333
-0.000195438013462545 -0.000348535157881434
-0.000184087897878039 -0.000252715077290584
-0.000247189728273279 -0.000305302359279402
-0.000202111527526143 -0.000314304602191728
-0.000227293924245463 -0.000213697870764973
-0.000247050423528683 -0.000295724099925107
-0.000194761999326470 -0.000269905856587219
-0.000231949356321762 -0.000210760347527726
-0.000218766190300982 -0.000331788371899455
-0.000185349348353125 -0.000262531843764922
-0.000235129914098686 -0.000278684191543495
-0.000205059237811287 -0.000371865486346780
-0.000209440438980043 -0.000272952039536587
-0.000255070439641649 -0.000347108394453653
-0.000218128232329423 -0.000347972900419442
-0.000248804677258577 -0.000283687136622213
-0.000266708823569890 -0.000342688246058835
-0.000225313656534365 -0.000310215468576586
-0.000268390925174668 -0.000279966559888254
-0.000244398790458336 -0.000335174560025331
-0.000228644765249778 -0.000299305339344878
-0.000261229181167681 -0.000306226024961644
-0.000227677211492812 -0.000357752576040189
-0.000243607052655909 -0.000318057217682526
-0.000262315865887994 -0.000349597163732489
-0.000241912340464543 -0.000376620505154458
-0.000272869964781190 -0.000310524564830605
-0.000273441962568443 -0.000389380496303087
-0.000260713089414802 -0.000325521786577221
-0.000283942775564528 -0.000339656051638125
-0.000271384110303046 -0.000366749833376967
-0.000260073606115794 -0.000320004958450621
-0.000287192926260642 -0.000358798078831586
-0.000255177489003950 -0.000363447274531912
-0.000273513714287255 -0.000340822361148522
-0.000280175427493349 -0.000389117994006758
-0.000264209438989732 -0.000371618418779136
-0.000290694752894622 -0.000372771721336757
-0.000288540112741485 -0.000394221987506960
-0.000281741029570002 -0.000388020567915178
-0.000305958818507368 -0.000363637315427916
-0.000290100380972229 -0.000421282861733153
-0.000295969041989834 -0.000356180190178102
-0.000305579286605771 -0.000399981177874279
-0.000295485327138691 -0.000405586457127827
-0.000298533990517196 -0.000367819895168282
-0.000315177238287827 -0.000431601546323258
-0.000292824536047701 -0.000397764322610928
-0.000320436224145697 -0.000409787982554507
-0.000315866083212560 -0.000439457090621799
-0.000309640037077897 -0.000410297936237321
-0.000336277651360243 -0.000430957722082071
-0.000318417467663014 -0.000439578542641853
-0.000327532471920516 -0.000416345332706717
-0.000340077989950825 -0.000440978248148061
-0.000322063934660623 -0.000433193557205111
-0.000339056468039214 -0.000430910126024709
-0.000339750867523833 -0.000437154564006118
-0.000329561055577124 -0.000461377704636743
-0.000348647254067372 -0.000414193559360307
-0.000343462726265622 -0.000503417178166443
-0.000342268865351275 -0.000412418526668805
-0.000359868541706766 -0.000509939072964303
-0.000353082290506727 -0.000437125527411111
-0.000353255018131533 -0.000505276444057893
-0.000376694694698989 -0.000441981964511595
-0.000348009414041631 -0.000526315912109734
-0.000379877825756868 -0.000419812829343914
-0.000364907318402159 -0.000559211550214425
-0.000368023482829353 -0.000396954582292135
-0.000381273524118043 -0.000591355369808865
-0.000367108556135558 -0.000377495111528304
-0.000391110347897572 -0.000644902368650872
-0.000353475218844867 -0.000361068881236208
-0.000476536334385123 +0.000086451778643621
-0.000550011602430768 +0.000300689207189801
-0.000100456597308204 +0.000408680388101383
+0.000097531242495415 +0.000679393741028376
+0.000413335775862143 -0.000501828568455927
+0.000497349851449751 -0.001749404768485398
+0.000237952041559176 -0.000732303014108218
