00000 +3.078
00010 +2.797
00020 +2.117
00030 +1.340
00040 +0.682
00050 +0.235
00060 +0.018
00070 +0.005
00080 +0.140
00090 +0.329
00100 +0.448
00110 +0.385
00120 +0.097
00130 -0.357
00140 -0.861
00150 -1.314
00160 -1.656
00170 -1.867
00180 -1.961
00190 -1.973
00200 -1.955
00210 -1.964
00220 -2.042
00230 -2.200
00240 -2.416
00250 -2.644
00260 -2.837
00270 -2.963
00280 -3.011
00290 -2.987
00300 -2.915
00310 -2.829
00320 -2.764
00330 -2.743
00340 -2.772
00350 -2.831
00360 -2.893
00370 -2.925
00380 -2.908
00390 -2.837
00400 -2.722
00410 -2.587
00420 -2.464
00430 -2.381
00440 -2.353
00450 -2.378
00460 -2.436
00470 -2.500
00480 -2.548
00490 -2.570
00500 -2.573
00510 -2.577
00520 -2.607
00530 -2.688
00540 -2.834
00550 -3.040
00560 -3.287
00570 -3.548
00580 -3.800
00590 -4.029
00600 -4.233
00610 -4.421
00620 -4.607
00630 -4.805
00640 -5.023
00650 -5.260
00660 -5.502
00670 -5.732
00680 -5.932
00690 -6.088
00700 -6.194
00710 -6.254
00720 -6.277
00730 -6.279
00740 -6.273
00750 -6.266
00760 -6.259
00770 -6.244
00780 -6.207
00790 -6.138
00800 -6.030
00810 -5.888
00820 -5.726
00830 -5.564
00840 -5.425
00850 -5.326
00860 -5.274
00870 -5.264
00880 -5.281
00890 -5.311
00900 -5.344
00910 -5.382
00920 -5.433
00930 -5.510
00940 -5.626
00950 -5.783
00960 -5.975
00970 -6.187
00980 -6.400
00990 -6.596
01000 -6.767
01010 -6.910
01020 -7.030
01030 -7.138
01040 -7.241
01050 -7.345
01060 -7.450
01070 -7.550
01080 -7.636
01090 -7.700
01100 -7.736
01110 -7.745
01120 -7.732
01130 -7.706
01140 -7.678
01150 -7.656
01160 -7.643
01170 -7.640
01180 -7.641
01190 -7.640
01200 -7.633
01210 -7.619
01220 -7.601
01230 -7.585
01240 -7.580
01250 -7.593
01260 -7.626
01270 -7.680
01280 -7.750
01290 -7.829
01300 -7.912
01310 -7.995
01320 -8.079
01330 -8.166
01340 -8.261
01350 -8.368
01360 -8.489
01370 -8.622
01380 -8.763
01390 -8.908
01400 -9.049
01410 -9.182
01420 -9.306
01430 -9.419
01440 -9.524
01450 -9.622
01460 -9.714
01470 -9.800
01480 -9.875
01490 -9.936
01500 -9.978
01510 -9.997
01520 -9.989
01530 -9.957
01540 -9.902
01550 -9.832
01560 -9.753
01570 -9.672
01580 -9.594
01590 -9.521
01600 -9.456
01610 -9.398
01620 -9.347
01630 -9.306
01640 -9.276
01650 -9.263
01660 -9.269
01670 -9.294
01680 -9.338
01690 -9.396
01700 -9.463
01710 -9.533
01720 -9.601
01730 -9.665
01740 -9.724
01750 -9.780
01760 -9.834
01770 -9.886
01780 -9.937
01790 -9.983
01800 -10.021
01810 -10.046
01820 -10.055
01830 -10.046
01840 -10.020
01850 -9.977
01860 -9.922
01870 -9.856
01880 -9.780
01890 -9.694
01900 -9.594
01910 -9.479
01920 -9.347
01930 -9.197
01940 -9.033
01950 -8.861
01960 -8.688
01970 -8.521
01980 -8.366
01990 -8.226
02000 -8.103
02010 -7.995
02020 -7.905
02030 -7.835
02040 -7.790
02050 -7.776
02060 -7.798
02070 -7.856
02080 -7.949
02090 -8.069
02100 -8.209
02110 -8.361
02120 -8.519
02130 -8.678
02140 -8.837
02150 -8.997
02160 -9.156
02170 -9.312
02180 -9.464
02190 -9.606
02200 -9.735
02210 -9.845
02220 -9.933
02230 -9.999
02240 -10.043
02250 -10.068
02260 -10.077
02270 -10.072
02280 -10.056
02290 -10.028
02300 -9.990
02310 -9.939
02320 -9.876
02330 -9.804
02340 -9.727
02350 -9.649
02360 -9.578
02370 -9.519
02380 -9.476
02390 -9.451
02400 -9.443
02410 -9.449
02420 -9.467
02430 -9.495
02440 -9.533
02450 -9.581
02460 -9.642
02470 -9.717
02480 -9.806
02490 -9.907
02500 -10.016
02510 -10.129
02520 -10.241
02530 -10.348
02540 -10.448
02550 -10.541
02560 -10.629
02570 -10.713
02580 -10.794
02590 -10.871
02600 -10.942
02610 -11.003
02620 -11.051
02630 -11.080
02640 -11.088
02650 -11.074
02660 -11.038
02670 -10.983
02680 -10.909
02690 -10.818
02700 -10.711
02710 -10.585
02720 -10.438
02730 -10.269
02740 -10.076
02750 -9.863
02760 -9.633
02770 -9.396
02780 -9.162
02790 -8.941
02800 -8.741
02810 -8.569
02820 -8.426
02830 -8.314
02840 -8.231
02850 -8.176
02860 -8.151
02870 -8.156
02880 -8.191
02890 -8.256
02900 -8.349
02910 -8.463
02920 -8.593
02930 -8.728
02940 -8.863
02950 -8.990
02960 -9.108
02970 -9.215
02980 -9.315
02990 -9.409
03000 -9.500
03010 -9.589
03020 -9.672
03030 -9.747
03040 -9.808
03050 -9.850
03060 -9.873
03070 -9.876
03080 -9.866
03090 -9.848
03100 -9.829
03110 -9.813
03120 -9.803
03130 -9.796
03140 -9.790
03150 -9.783
03160 -9.775
03170 -9.770
03180 -9.777
03190 -9.803
03200 -9.858
03210 -9.945
03220 -10.063
03230 -10.205
03240 -10.366
03250 -10.539
03260 -10.718
03270 -10.903
03280 -11.094
03290 -11.293
03300 -11.503
03310 -11.723
03320 -11.950
03330 -12.182
03340 -12.413
03350 -12.638
03360 -12.855
03370 -13.061
03380 -13.259
03390 -13.449
03400 -13.635
03410 -13.821
03420 -14.008
03430 -14.196
03440 -14.381
03450 -14.561
03460 -14.731
03470 -14.888
03480 -15.031
03490 -15.161
03500 -15.280
03510 -15.392
03520 -15.500
03530 -15.603
03540 -15.700
03550 -15.786
03560 -15.854
03570 -15.900
03580 -15.919
03590 -15.913
03600 -15.884
03610 -15.837
03620 -15.778
03630 -15.709
03640 -15.632
03650 -15.544
03660 -15.442
03670 -15.325
03680 -15.192
03690 -15.047
03700 -14.898
03710 -14.750
03720 -14.612
03730 -14.488
03740 -14.378
03750 -14.281
03760 -14.193
03770 -14.110
03780 -14.031
03790 -13.954
03800 -13.882
03810 -13.816
03820 -13.758
03830 -13.711
03840 -13.672
03850 -13.640
03860 -13.611
03870 -13.581
03880 -13.546
03890 -13.503
03900 -13.450
03910 -13.388
03920 -13.319
03930 -13.245
03940 -13.166
03950 -13.085
03960 -13.000
03970 -12.909
03980 -12.807
03990 -12.693
04000 -12.566
04010 -12.425
04020 -12.276
04030 -12.124
04040 -11.974
04050 -11.833
04060 -11.702
04070 -11.581
04080 -11.468
04090 -11.361
04100 -11.258
04110 -11.161
04120 -11.074
04130 -11.000
04140 -10.947
04150 -10.915
04160 -10.906
04170 -10.915
04180 -10.939
04190 -10.972
04200 -11.009
04210 -11.049
04220 -11.090
04230 -11.136
04240 -11.188
04250 -11.248
04260 -11.316
04270 -11.390
04280 -11.466
04290 -11.540
04300 -11.607
04310 -11.663
04320 -11.709
04330 -11.745
04340 -11.774
04350 -11.800
04360 -11.825
04370 -11.850
04380 -11.872
04390 -11.889
04400 -11.898
04410 -11.896
04420 -11.883
04430 -11.861
04440 -11.835
04450 -11.810
04460 -11.791
04470 -11.779
04480 -11.775
04490 -11.778
04500 -11.783
04510 -11.788
04520 -11.793
04530 -11.799
04540 -11.807
04550 -11.823
04560 -11.849
04570 -11.887
04580 -11.937
04590 -11.997
04600 -12.064
04610 -12.134
04620 -12.205
04630 -12.277
04640 -12.351
04650 -12.430
04660 -12.515
04670 -12.611
04680 -12.717
04690 -12.832
04700 -12.956
04710 -13.083
04720 -13.212
04730 -13.340
04740 -13.468
04750 -13.596
04760 -13.727
04770 -13.863
04780 -14.005
04790 -14.152
04800 -14.301
04810 -14.449
04820 -14.590
04830 -14.721
04840 -14.838
04850 -14.940
04860 -15.029
04870 -15.105
04880 -15.170
04890 -15.224
04900 -15.266
04910 -15.295
04920 -15.308
04930 -15.302
04940 -15.279
04950 -15.240
04960 -15.190
04970 -15.132
04980 -15.073
04990 -15.015
05000 -14.962
05010 -14.912
05020 -14.867
05030 -14.822
05040 -14.778
05050 -14.734
05060 -14.692
05070 -14.654
05080 -14.623
05090 -14.602
05100 -14.592
05110 -14.592
05120 -14.601
05130 -14.615
05140 -14.630
05150 -14.644
05160 -14.655
05170 -14.664
05180 -14.673
05190 -14.684
05200 -14.697
05210 -14.711
05220 -14.724
05230 -14.730
05240 -14.726
05250 -14.706
05260 -14.670
05270 -14.617
05280 -14.550
05290 -14.471
05300 -14.386
05310 -14.296
05320 -14.201
05330 -14.102
05340 -13.996
05350 -13.882
05360 -13.762
05370 -13.636
05380 -13.510
05390 -13.388
05400 -13.275
05410 -13.175
05420 -13.088
05430 -13.014
05440 -12.949
05450 -12.891
05460 -12.837
05470 -12.788
05480 -12.744
05490 -12.708
05500 -12.685
05510 -12.675
05520 -12.681
05530 -12.699
05540 -12.727
05550 -12.759
05560 -12.791
05570 -12.822
05580 -12.851
05590 -12.879
05600 -12.909
05610 -12.943
05620 -12.980
05630 -13.020
05640 -13.057
05650 -13.087
05660 -13.105
05670 -13.109
05680 -13.098
05690 -13.076
05700 -13.046
05710 -13.012
05720 -12.978
05730 -12.943
05740 -12.908
05750 -12.870
05760 -12.828
05770 -12.781
05780 -12.730
05790 -12.678
05800 -12.630
05810 -12.589
05820 -12.559
05830 -12.540
05840 -12.534
05850 -12.537
05860 -12.546
05870 -12.560
05880 -12.576
05890 -12.597
05900 -12.623
05910 -12.657
05920 -12.703
05930 -12.760
05940 -12.829
05950 -12.906
05960 -12.988
05970 -13.070
05980 -13.151
05990 -13.229
06000 -13.304
06010 -13.378
06020 -13.452
06030 -13.527
06040 -13.602
06050 -13.674
06060 -13.740
06070 -13.796
06080 -13.838
06090 -13.865
06100 -13.876
06110 -13.873
06120 -13.860
06130 -13.838
06140 -13.809
06150 -13.775
06160 -13.733
06170 -13.683
06180 -13.623
06190 -13.554
06200 -13.477
06210 -13.395
06220 -13.312
06230 -13.231
06240 -13.157
06250 -13.091
06260 -13.034
06270 -12.985
06280 -12.940
06290 -12.900
06300 -12.863
06310 -12.831
06320 -12.805
06330 -12.789
06340 -12.784
06350 -12.792
06360 -12.812
06370 -12.842
06380 -12.878
06390 -12.917
06400 -12.956
06410 -12.994
06420 -13.032
06430 -13.071
06440 -13.111
06450 -13.154
06460 -13.198
06470 -13.243
06480 -13.283
06490 -13.317
06500 -13.340
06510 -13.352
06520 -13.353
06530 -13.344
06540 -13.328
06550 -13.307
06560 -13.283
06570 -13.256
06580 -13.227
06590 -13.193
06600 -13.153
06610 -13.107
06620 -13.056
06630 -13.000
06640 -12.944
06650 -12.892
06660 -12.845
06670 -12.806
06680 -12.774
06690 -12.748
06700 -12.726
06710 -12.706
06720 -12.686
06730 -12.667
06740 -12.650
06750 -12.638
06760 -12.632
06770 -12.634
06780 -12.643
06790 -12.657
06800 -12.673
06810 -12.686
06820 -12.695
06830 -12.699
06840 -12.697
06850 -12.690
06860 -12.682
06870 -12.672
06880 -12.661
06890 -12.647
06900 -12.628
06910 -12.602
06920 -12.566
06930 -12.519
06940 -12.462
06950 -12.396
06960 -12.325
06970 -12.253
06980 -12.180
06990 -12.110
07000 -12.041
07010 -11.972
07020 -11.903
07030 -11.833
07040 -11.763
07050 -11.694
07060 -11.629
07070 -11.572
07080 -11.526
07090 -11.491
07100 -11.467
07110 -11.453
07120 -11.446
07130 -11.443
07140 -11.443
07150 -11.447
07160 -11.454
07170 -11.468
07180 -11.488
07190 -11.517
07200 -11.554
07210 -11.596
07220 -11.641
07230 -11.687
07240 -11.731
07250 -11.772
07260 -11.810
07270 -11.847
07280 -11.885
07290 -11.926
07300 -11.969
07310 -12.016
07320 -12.064
07330 -12.111
07340 -12.155
07350 -12.196
07360 -12.235
07370 -12.271
07380 -12.309
07390 -12.350
07400 -12.396
07410 -12.447
07420 -12.505
07430 -12.565
07440 -12.628
07450 -12.690
07460 -12.752
07470 -12.814
07480 -12.878
07490 -12.945
07500 -13.016
07510 -13.093
07520 -13.175
07530 -13.259
07540 -13.345
07550 -13.429
07560 -13.511
07570 -13.589
07580 -13.664
07590 -13.738
07600 -13.811
07610 -13.886
07620 -13.960
07630 -14.035
07640 -14.109
07650 -14.179
07660 -14.244
07670 -14.304
07680 -14.357
07690 -14.406
07700 -14.450
07710 -14.493
07720 -14.535
07730 -14.577
07740 -14.619
07750 -14.659
07760 -14.697
07770 -14.731
07780 -14.760
07790 -14.786
07800 -14.810
07810 -14.834
07820 -14.859
07830 -14.888
07840 -14.921
07850 -14.957
07860 -14.995
07870 -15.032
07880 -15.068
07890 -15.102
07900 -15.133
07910 -15.165
07920 -15.197
07930 -15.232
07940 -15.270
07950 -15.309
07960 -15.350
07970 -15.388
07980 -15.422
07990 -15.450
08000 -15.472
08010 -15.488
08020 -15.498
08030 -15.505
08040 -15.510
08050 -15.513
08060 -15.511
08070 -15.505
08080 -15.491
08090 -15.467
08100 -15.433
08110 -15.387
08120 -15.332
08130 -15.269
08140 -15.201
08150 -15.129
08160 -15.054
08170 -14.976
08180 -14.892
08190 -14.802
08200 -14.704
08210 -14.598
08220 -14.485
08230 -14.370
08240 -14.254
08250 -14.141
08260 -14.034
08270 -13.933
08280 -13.836
08290 -13.742
08300 -13.649
08310 -13.555
08320 -13.462
08330 -13.372
08340 -13.287
08350 -13.210
08360 -13.144
08370 -13.088
08380 -13.042
08390 -13.002
08400 -12.965
08410 -12.929
08420 -12.893
08430 -12.858
08440 -12.826
08450 -12.801
08460 -12.783
08470 -12.775
08480 -12.776
08490 -12.782
08500 -12.791
08510 -12.800
08520 -12.807
08530 -12.812
08540 -12.817
08550 -12.826
08560 -12.840
08570 -12.864
08580 -12.896
08590 -12.935
08600 -12.978
08610 -13.020
08620 -13.060
08630 -13.096
08640 -13.131
08650 -13.166
08660 -13.207
08670 -13.256
08680 -13.313
08690 -13.377
08700 -13.444
08710 -13.512
08720 -13.576
08730 -13.635
08740 -13.690
08750 -13.744
08760 -13.801
08770 -13.864
08780 -13.935
08790 -14.012
08800 -14.092
08810 -14.173
08820 -14.251
08830 -14.324
08840 -14.392
08850 -14.458
08860 -14.525
08870 -14.595
08880 -14.672
08890 -14.755
08900 -14.843
08910 -14.932
08920 -15.018
08930 -15.100
08940 -15.176
08950 -15.247
08960 -15.316
08970 -15.385
08980 -15.458
08990 -15.536
09000 -15.616
09010 -15.698
09020 -15.776
09030 -15.847
09040 -15.911
09050 -15.966
09060 -16.015
09070 -16.061
09080 -16.107
09090 -16.154
09100 -16.203
09110 -16.252
09120 -16.297
09130 -16.336
09140 -16.366
09150 -16.387
09160 -16.401
09170 -16.409
09180 -16.416
09190 -16.424
09200 -16.435
09210 -16.447
09220 -16.458
09230 -16.466
09240 -16.468
09250 -16.463
09260 -16.452
09270 -16.436
09280 -16.418
09290 -16.403
09300 -16.391
09310 -16.383
09320 -16.379
09330 -16.374
09340 -16.367
09350 -16.356
09360 -16.339
09370 -16.318
09380 -16.296
09390 -16.275
09400 -16.259
09410 -16.249
09420 -16.245
09430 -16.244
09440 -16.244
09450 -16.242
09460 -16.236
09470 -16.227
09480 -16.216
09490 -16.208
09500 -16.205
09510 -16.211
09520 -16.224
09530 -16.245
09540 -16.269
09550 -16.293
09560 -16.315
09570 -16.335
09580 -16.354
09590 -16.375
09600 -16.401
09610 -16.435
09620 -16.477
09630 -16.527
09640 -16.580
09650 -16.633
09660 -16.683
09670 -16.729
09680 -16.771
09690 -16.810
09700 -16.851
09710 -16.895
09720 -16.943
09730 -16.994
09740 -17.047
09750 -17.097
09760 -17.142
09770 -17.179
09780 -17.208
09790 -17.231
09800 -17.250
09810 -17.269
09820 -17.288
09830 -17.310
09840 -17.332
09850 -17.352
09860 -17.367
09870 -17.376
09880 -17.378
09890 -17.373
09900 -17.366
09910 -17.359
09920 -17.354
09930 -17.354
09940 -17.358
09950 -17.364
09960 -17.371
09970 -17.375
09980 -17.377
09990 -17.376
10000 -17.374
10010 -17.375
10020 -17.381
10030 -17.393
10040 -17.412
10050 -17.436
10060 -17.463
10070 -17.490
10080 -17.517
10090 -17.541
10100 -17.564
10110 -17.589
10120 -17.616
10130 -17.647
10140 -17.684
10150 -17.725
10160 -17.769
10170 -17.812
10180 -17.854
10190 -17.891
10200 -17.926
10210 -17.958
10220 -17.989
10230 -18.022
10240 -18.057
10250 -18.095
10260 -18.135
10270 -18.174
10280 -18.210
10290 -18.241
10300 -18.267
10310 -18.288
10320 -18.305
10330 -18.322
10340 -18.340
10350 -18.360
10360 -18.381
10370 -18.402
10380 -18.420
10390 -18.434
10400 -18.442
10410 -18.444
10420 -18.443
10430 -18.439
10440 -18.437
10450 -18.436
10460 -18.438
10470 -18.441
10480 -18.444
10490 -18.443
10500 -18.438
10510 -18.429
10520 -18.415
10530 -18.399
10540 -18.384
10550 -18.371
10560 -18.361
10570 -18.354
10580 -18.347
10590 -18.339
10600 -18.327
10610 -18.309
10620 -18.287
10630 -18.261
10640 -18.234
10650 -18.208
10660 -18.184
10670 -18.163
10680 -18.143
10690 -18.122
10700 -18.097
10710 -18.067
10720 -18.030
10730 -17.989
10740 -17.945
10750 -17.902
10760 -17.861
10770 -17.823
10780 -17.788
10790 -17.755
10800 -17.720
10810 -17.682
10820 -17.639
10830 -17.593
10840 -17.545
10850 -17.499
10860 -17.457
10870 -17.422
10880 -17.394
10890 -17.370
10900 -17.350
10910 -17.329
10920 -17.306
10930 -17.281
10940 -17.255
10950 -17.230
10960 -17.209
10970 -17.193
10980 -17.185
10990 -17.182
11000 -17.181
11010 -17.179
11020 -17.173
11030 -17.161
11040 -17.144
11050 -17.123
11060 -17.100
11070 -17.079
11080 -17.061
11090 -17.045
11100 -17.031
11110 -17.013
11120 -16.990
11130 -16.958
11140 -16.916
11150 -16.866
11160 -16.811
11170 -16.754
11180 -16.699
11190 -16.646
11200 -16.595
11210 -16.544
11220 -16.488
11230 -16.425
11240 -16.352
11250 -16.270
11260 -16.183
11270 -16.096
11280 -16.013
11290 -15.938
11300 -15.871
11310 -15.810
11320 -15.751
11330 -15.691
11340 -15.625
11350 -15.555
11360 -15.483
11370 -15.415
11380 -15.356
11390 -15.309
11400 -15.276
11410 -15.254
11420 -15.237
11430 -15.220
11440 -15.200
11450 -15.174
11460 -15.144
11470 -15.115
11480 -15.092
11490 -15.077
11500 -15.071
11510 -15.073
11520 -15.079
11530 -15.081
11540 -15.077
11550 -15.065
11560 -15.044
11570 -15.018
11580 -14.991
11590 -14.967
11600 -14.949
11610 -14.936
11620 -14.925
11630 -14.912
11640 -14.892
11650 -14.862
11660 -14.823
11670 -14.774
11680 -14.721
11690 -14.668
11700 -14.618
11710 -14.573
11720 -14.533
11730 -14.492
11740 -14.448
11750 -14.396
11760 -14.334
11770 -14.263
11780 -14.186
11790 -14.108
11800 -14.035
11810 -13.970
11820 -13.912
11830 -13.860
11840 -13.808
11850 -13.753
11860 -13.690
11870 -13.621
11880 -13.549
11890 -13.477
11900 -13.411
11910 -13.356
11920 -13.312
11930 -13.277
11940 -13.247
11950 -13.216
11960 -13.183
11970 -13.145
11980 -13.104
11990 -13.065
12000 -13.033
12010 -13.010
12020 -12.999
12030 -12.999
12040 -13.005
12050 -13.014
12060 -13.021
12070 -13.025
12080 -13.025
12090 -13.025
12100 -13.029
12110 -13.040
12120 -13.060
12130 -13.088
12140 -13.122
12150 -13.156
12160 -13.186
12170 -13.209
12180 -13.223
12190 -13.230
12200 -13.232
12210 -13.233
12220 -13.234
12230 -13.235
12240 -13.233
12250 -13.224
12260 -13.202
12270 -13.165
12280 -13.111
12290 -13.041
12300 -12.959
12310 -12.869
12320 -12.775
12330 -12.679
12340 -12.580
12350 -12.475
12360 -12.362
12370 -12.238
12380 -12.104
12390 -11.961
12400 -11.816
12410 -11.673
12420 -11.537
12430 -11.411
12440 -11.294
12450 -11.185
12460 -11.078
12470 -10.972
12480 -10.867
12490 -10.765
12500 -10.669
12510 -10.584
12520 -10.514
12530 -10.461
12540 -10.425
12550 -10.400
12560 -10.384
12570 -10.371
12580 -10.360
12590 -10.352
12600 -10.349
12610 -10.357
12620 -10.379
12630 -10.416
12640 -10.466
12650 -10.524
12660 -10.585
12670 -10.641
12680 -10.690
12690 -10.732
12700 -10.769
12710 -10.806
12720 -10.846
12730 -10.890
12740 -10.936
12750 -10.979
12760 -11.010
12770 -11.025
12780 -11.018
12790 -10.990
12800 -10.944
12810 -10.886
12820 -10.822
12830 -10.756
12840 -10.688
12850 -10.616
12860 -10.534
12870 -10.438
12880 -10.324
12890 -10.193
12900 -10.050
12910 -9.902
12920 -9.758
12930 -9.624
12940 -9.504
12950 -9.398
12960 -9.301
12970 -9.205
12980 -9.106
12990 -9.000
13000 -8.887
13010 -8.775
13020 -8.672
13030 -8.587
13040 -8.526
13050 -8.489
13060 -8.470
13070 -8.460
13080 -8.446
13090 -8.420
13100 -8.380
13110 -8.330
13120 -8.279
13130 -8.240
13140 -8.222
13150 -8.227
13160 -8.249
13170 -8.274
13180 -8.285
13190 -8.270
13200 -8.224
13210 -8.149
13220 -8.058
13230 -7.966
13240 -7.888
13250 -7.829
13260 -7.786
13270 -7.745
13280 -7.688
13290 -7.600
13300 -7.474
13310 -7.314
13320 -7.134
13330 -6.955
13340 -6.796
13350 -6.670
13360 -6.578
13370 -6.507
13380 -6.438
13390 -6.350
13400 -6.232
13410 -6.082
13420 -5.914
13430 -5.749
13440 -5.614
13450 -5.526
13460 -5.491
13470 -5.494
13480 -5.510
13490 -5.512
13500 -5.479
13510 -5.407
13520 -5.308
13530 -5.208
13540 -5.140
13550 -5.129
13560 -5.182
13570 -5.282
13580 -5.395
13590 -5.487
13600 -5.535
13610 -5.533
13620 -5.496
13630 -5.456
13640 -5.448
13650 -5.497
13660 -5.605
13670 -5.751
13680 -5.901
13690 -6.021
13700 -6.090
13710 -6.107
13720 -6.086
13730 -6.056
13740 -6.049
13750 -6.089
13760 -6.181
13770 -6.311
13780 -6.450
13790 -6.572
13800 -6.657
13810 -6.698
13820 -6.705
13830 -6.703
13840 -6.720
13850 -6.785
13860 -6.908
13870 -7.081
13880 -7.281
13890 -7.477
13900 -7.647
13910 -7.778
13920 -7.876
13930 -7.960
13940 -8.060
13950 -8.202
13960 -8.398
13970 -8.639
13980 -8.900
13990 -9.151
14000 -9.365
14010 -9.531
14020 -9.648
14030 -9.734
14040 -9.809
14050 -9.897
14060 -10.010
14070 -10.145
14080 -10.286
14090 -10.409
14100 -10.496
14110 -10.534
14120 -10.524
14130 -10.476
14140 -10.410
14150 -10.349
14160 -10.310
14170 -10.302
14180 -10.319
14190 -10.344
14200 -10.359
14210 -10.347
14220 -10.300
14230 -10.222
14240 -10.126
14250 -10.035
14260 -9.971
14270 -9.951
14280 -9.974
14290 -10.026
14300 -10.084
14310 -10.123
14320 -10.127
14330 -10.093
14340 -10.034
14350 -9.972
14360 -9.933
14370 -9.936
14380 -9.982
14390 -10.054
14400 -10.124
14410 -10.163
14420 -10.154
14430 -10.094
14440 -9.993
14450 -9.875
14460 -9.765
14470 -9.682
14480 -9.633
14490 -9.605
14500 -9.580
14510 -9.534
14520 -9.452
14530 -9.330
14540 -9.174
14550 -9.002
14560 -8.835
14570 -8.695
14580 -8.595
14590 -8.533
14600 -8.497
14610 -8.465
14620 -8.417
14630 -8.340
14640 -8.232
14650 -8.103
14660 -7.973
14670 -7.869
14680 -7.810
14690 -7.806
14700 -7.846
14710 -7.908
14720 -7.964
14730 -7.993
14740 -7.989
14750 -7.959
14760 -7.923
14770 -7.908
14780 -7.936
14790 -8.016
14800 -8.137
14810 -8.275
14820 -8.403
14830 -8.500
14840 -8.556
14850 -8.578
14860 -8.580
14870 -8.584
14880 -8.610
14890 -8.668
14900 -8.756
14910 -8.863
14920 -8.968
14930 -9.054
14940 -9.109
14950 -9.132
14960 -9.129
14970 -9.118
14980 -9.117
14990 -9.143
15000 -9.204
15010 -9.299
15020 -9.413
15030 -9.527
15040 -9.624
15050 -9.694
15060 -9.735
15070 -9.760
15080 -9.785
15090 -9.831
15100 -9.915
15110 -10.038
15120 -10.193
15130 -10.358
15140 -10.513
15150 -10.641
15160 -10.736
15170 -10.802
15180 -10.854
15190 -10.911
15200 -10.990
15210 -11.099
15220 -11.234
15230 -11.380
15240 -11.517
15250 -11.625
15260 -11.695
15270 -11.724
15280 -11.721
15290 -11.702
15300 -11.684
15310 -11.684
15320 -11.707
15330 -11.750
15340 -11.801
15350 -11.842
15360 -11.860
15370 -11.844
15380 -11.796
15390 -11.726
15400 -11.653
15410 -11.598
15420 -11.579
15430 -11.604
15440 -11.667
15450 -11.749
15460 -11.830
15470 -11.890
15480 -11.921
15490 -11.926
15500 -11.923
15510 -11.935
15520 -11.985
15530 -12.088
15540 -12.239
15550 -12.420
15560 -12.606
15570 -12.771
15580 -12.897
15590 -12.984
15600 -13.041
15610 -13.087
15620 -13.146
15630 -13.232
15640 -13.347
15650 -13.480
15660 -13.608
15670 -13.707
15680 -13.760
15690 -13.758
15700 -13.707
15710 -13.620
15720 -13.521
15730 -13.430
15740 -13.365
15750 -13.330
15760 -13.315
15770 -13.302
15780 -13.271
15790 -13.205
15800 -13.098
15810 -12.957
15820 -12.802
15830 -12.662
15840 -12.564
15850 -12.528
15860 -12.553
15870 -12.622
15880 -12.704
15890 -12.773
15900 -12.810
15910 -12.819
15920 -12.818
15930 -12.843
15940 -12.930
15950 -13.104
15960 -13.364
15970 -13.685
15980 -14.026
15990 -14.350
16000 -14.634
16010 -14.870
16020 -15.072
16030 -15.262
16040 -15.467
16050 -15.700
16060 -15.956
16070 -16.212
16080 -16.433
16090 -16.590
16100 -16.661
16110 -16.644
16120 -16.552
16130 -16.412
16140 -16.257
16150 -16.118
16160 -16.013
16170 -15.941
16180 -15.887
16190 -15.829
16200 -15.745
16210 -15.621
16220 -15.460
16230 -15.278
16240 -15.101
16250 -14.962
16260 -14.884
16270 -14.873
16280 -14.916
16290 -14.986
16300 -15.054
16310 -15.098
16320 -15.112
16330 -15.104
16340 -15.099
16350 -15.129
16360 -15.216
16370 -15.368
16380 -15.573
16390 -15.803
16400 -16.027
16410 -16.221
16420 -16.372
16430 -16.481
16440 -16.564
16450 -16.640
16460 -16.728
16470 -16.838
16480 -16.964
16490 -17.092
16500 -17.199
16510 -17.265
16520 -17.276
16530 -17.231
16540 -17.138
16550 -17.015
16560 -16.885
16570 -16.770
16580 -16.682
16590 -16.620
16600 -16.570
16610 -16.512
16620 -16.429
16630 -16.307
16640 -16.148
16650 -15.964
16660 -15.778
16670 -15.619
16680 -15.504
16690 -15.440
16700 -15.412
16710 -15.396
16720 -15.366
16730 -15.305
16740 -15.208
16750 -15.086
16760 -14.963
16770 -14.866
16780 -14.817
16790 -14.820
16800 -14.863
16810 -14.920
16820 -14.965
16830 -14.979
16840 -14.955
16850 -14.901
16860 -14.833
16870 -14.776
16880 -14.748
16890 -14.759
16900 -14.803
16910 -14.863
16920 -14.916
16930 -14.942
16940 -14.927
16950 -14.869
16960 -14.781
16970 -14.682
16980 -14.599
16990 -14.552
17000 -14.549
17010 -14.579
17020 -14.615
17030 -14.629
17040 -14.597
17050 -14.511
17060 -14.377
17070 -14.222
17080 -14.081
17090 -13.987
17100 -13.957
17110 -13.975
17120 -14.006
17130 -14.009
17140 -13.955
17150 -13.834
17160 -13.661
17170 -13.468
17180 -13.299
17190 -13.190
17200 -13.149
17210 -13.156
17220 -13.170
17230 -13.156
17240 -13.089
17250 -12.966
17260 -12.801
17270 -12.621
17280 -12.460
17290 -12.345
17300 -12.288
17310 -12.279
17320 -12.294
17330 -12.303
17340 -12.279
17350 -12.209
17360 -12.091
17370 -11.941
17380 -11.787
17390 -11.665
17400 -11.606
17410 -11.619
17420 -11.689
17430 -11.779
17440 -11.846
17450 -11.860
17460 -11.810
17470 -11.711
17480 -11.601
17490 -11.530
17500 -11.542
17510 -11.648
17520 -11.821
17530 -12.007
17540 -12.151
17550 -12.221
17560 -12.211
17570 -12.145
17580 -12.061
17590 -12.002
17600 -11.997
17610 -12.047
17620 -12.127
17630 -12.200
17640 -12.234
17650 -12.207
17660 -12.116
17670 -11.972
17680 -11.796
17690 -11.613
17700 -11.450
17710 -11.327
17720 -11.250
17730 -11.209
17740 -11.180
17750 -11.134
17760 -11.044
17770 -10.894
17780 -10.689
17790 -10.450
17800 -10.222
17810 -10.053
17820 -9.980
17830 -10.005
17840 -10.094
17850 -10.188
17860 -10.237
17870 -10.212
17880 -10.118
17890 -9.994
17900 -9.900
17910 -9.895
17920 -10.005
17930 -10.208
17940 -10.446
17950 -10.658
17960 -10.798
17970 -10.848
17980 -10.817
17990 -10.735
18000 -10.643
18010 -10.578
18020 -10.562
18030 -10.595
18040 -10.654
18050 -10.706
18060 -10.716
18070 -10.660
18080 -10.521
18090 -10.301
18100 -10.021
18110 -9.717
18120 -9.439
18130 -9.233
18140 -9.118
18150 -9.075
18160 -9.051
18170 -8.980
18180 -8.807
18190 -8.509
18200 -8.107
18210 -7.678
18220 -7.351
18230 -7.251
18240 -7.416
18250 -7.760
18260 -8.142
18270 -8.448
18280 -8.627
18290 -8.703
18300 -8.761
18310 -8.916
18320 -9.244
18330 -9.726
18340 -10.271
18350 -10.771
18360 -11.154
18370 -11.388
18380 -11.480
18390 -11.464
18400 -11.387
18410 -11.302
18420 -11.244
18430 -11.229
18440 -11.249
18450 -11.282
18460 -11.299
18470 -11.274
18480 -11.190
18490 -11.041
18500 -10.836
18510 -10.603
18520 -10.385
18530 -10.235
18540 -10.187
18550 -10.245
18560 -10.372
18570 -10.513
18580 -10.617
18590 -10.656
18600 -10.636
18610 -10.596
18620 -10.602
18630 -10.718
18640 -10.968
18650 -11.323
18660 -11.713
18670 -12.071
18680 -12.352
18690 -12.544
18700 -12.659
18710 -12.731
18720 -12.801
18730 -12.900
18740 -13.038
18750 -13.201
18760 -13.357
18770 -13.476
18780 -13.535
18790 -13.523
18800 -13.443
18810 -13.307
18820 -13.140
18830 -12.969
18840 -12.822
18850 -12.714
18860 -12.645
18870 -12.597
18880 -12.540
18890 -12.445
18900 -12.288
18910 -12.065
18920 -11.786
18930 -11.485
18940 -11.209
18950 -11.003
18960 -10.888
18970 -10.847
18980 -10.831
18990 -10.785
19000 -10.667
19010 -10.464
19020 -10.197
19030 -9.920
19040 -9.709
19050 -9.631
19060 -9.705
19070 -9.889
19080 -10.106
19090 -10.283
19100 -10.382
19110 -10.398
19120 -10.360
19130 -10.320
19140 -10.337
19150 -10.452
19160 -10.669
19170 -10.951
19180 -11.240
19190 -11.476
19200 -11.621
19210 -11.659
19220 -11.602
19230 -11.487
19240 -11.370
19250 -11.313
19260 -11.358
19270 -11.505
19280 -11.706
19290 -11.889
19300 -11.992
19310 -11.975
19320 -11.836
19330 -11.608
19340 -11.355
19350 -11.162
19360 -11.102
19370 -11.194
19380 -11.388
19390 -11.592
19400 -11.718
19410 -11.709
19420 -11.555
19430 -11.287
19440 -10.980
19450 -10.738
19460 -10.655
19470 -10.766
19480 -11.022
19490 -11.321
19500 -11.562
19510 -11.682
19520 -11.661
19530 -11.526
19540 -11.346
19550 -11.222
19560 -11.252
19570 -11.483
19580 -11.879
19590 -12.345
19600 -12.770
19610 -13.072
19620 -13.211
19630 -13.195
19640 -13.080
19650 -12.965
19660 -12.965
19670 -13.159
19680 -13.536
19690 -14.011
19700 -14.467
19710 -14.808
19720 -14.978
19730 -14.971
19740 -14.833
19750 -14.662
19760 -14.584
19770 -14.698
19780 -15.018
19790 -15.465
19800 -15.924
19810 -16.287
19820 -16.487
19830 -16.502
19840 -16.365
19850 -16.167
19860 -16.035
19870 -16.085
19880 -16.351
19890 -16.771
19900 -17.230
19910 -17.618
19920 -17.857
19930 -17.913
19940 -17.802
19950 -17.602
19960 -17.439
19970 -17.442
19980 -17.669
19990 -18.073
20000 -18.544
20010 -18.969
20020 -19.264
20030 -19.381
20040 -19.323
20050 -19.149
20060 -18.984
20070 -18.973
20080 -19.203
20090 -19.643
20100 -20.182
20110 -20.695
20120 -21.083
20130 -21.279
20140 -21.258
20150 -21.053
20160 -20.776
20170 -20.577
20180 -20.529
20190 -20.523
20200 -20.339
20210 -19.828
20220 -19.006
20230 -18.026
20240 -17.097
20250 -16.407
20260 -16.056
20270 -16.025
20280 -16.214
20290 -16.512
20300 -16.833
20310 -17.117
20320 -17.327
20330 -17.439
20340 -17.442
20350 -17.351
20360 -17.214
20370 -17.120
20380 -17.149
20390 -17.314
20400 -17.556
20410 -17.789
20420 -17.945
20430 -17.980
20440 -17.874
20450 -17.629
20460 -17.289
20470 -16.957
20480 -16.765
20490 -16.780
20500 -16.942
20510 -17.128
20520 -17.234
20530 -17.196
20540 -16.982
20550 -16.585
20560 -16.040
20570 -15.460
20580 -15.041
20590 -14.940
20600 -15.114
20610 -15.371
20620 -15.535
20630 -15.510
20640 -15.257
20650 -14.769
20660 -14.082
20670 -13.335
20680 -12.820
20690 -12.837
20700 -13.337
20710 -13.970
20720 -14.442
20730 -14.630
20740 -14.516
20750 -14.127
20760 -13.543
20770 -12.969
20780 -12.808
20790 -13.407
20800 -14.581
20810 -15.798
20820 -16.703
20830 -17.200
20840 -17.327
20850 -17.171
20860 -16.854
20870 -16.567
20880 -16.591
20890 -17.046
20900 -17.491
20910 -17.346
20920 -16.529
20930 -15.225
20940 -13.560
20950 -11.568
20960 -9.288
20970 -6.995
20980 -5.591
20990 -5.932
21000 -7.267
21010 -8.569
21020 -9.468
21030 -9.901
21040 -9.889
21050 -9.496
21060 -8.866
21070 -8.320
21080 -8.321
21090 -9.079
21100 -10.263
21110 -11.407
21120 -12.232
21130 -12.619
21140 -12.532
21150 -11.999
21160 -11.146
21170 -10.278
21180 -9.905
21190 -10.353
21200 -11.345
21210 -12.383
21220 -13.146
21230 -13.486
21240 -13.340
21250 -12.710
21260 -11.713
21270 -10.713
21280 -10.338
21290 -10.896
21300 -11.958
21310 -12.976
21320 -13.676
21330 -13.957
21340 -13.787
21350 -13.200
21360 -12.388
21370 -11.831
21380 -12.068
21390 -13.033
21400 -14.187
21410 -15.153
21420 -15.803
21430 -16.120
21440 -16.147
21450 -15.987
21460 -15.852
21470 -16.037
21480 -16.707
21490 -17.715
21500 -18.769
21510 -19.669
21520 -20.341
21530 -20.785
21540 -21.041
21550 -21.180
21560 -21.316
21570 -21.602
21580 -22.172
21590 -23.018
21600 -23.963
21610 -24.786
21620 -25.346
21630 -25.611
21640 -25.614
21650 -25.427
21660 -25.152
21670 -24.943
21680 -24.985
21690 -25.363
21700 -25.930
21710 -26.408
21720 -26.611
21730 -26.503
21740 -26.136
21750 -25.593
21760 -24.987
21770 -24.482
21780 -24.287
21790 -24.530
21800 -25.104
21810 -25.728
21820 -26.162
21830 -26.308
21840 -26.179
21850 -25.853
21860 -25.442
21870 -25.097
21880 -24.992
21890 -25.262
21900 -25.897
21910 -26.733
21920 -27.550
21930 -28.177
21940 -28.532
21950 -28.622
21960 -28.518
21970 -28.342
21980 -28.254
21990 -28.433
22000 -29.006
22010 -29.967
22020 -31.158
22030 -32.335
22040 -33.246
22050 -33.719
22060 -33.733
22070 -33.430
22080 -33.052
22090 -32.871
22100 -33.126
22110 -33.908
22120 -35.075
22130 -36.294
22140 -37.154
22150 -37.355
22160 -36.908
22170 -36.086
22180 -35.213
22190 -34.574
22200 -34.384
22210 -34.728
22220 -35.500
22230 -36.454
22240 -37.305
22250 -37.803
22260 -37.819
22270 -37.406
22280 -36.761
22290 -36.133
22300 -35.751
22310 -35.756
22320 -36.165
22330 -36.880
22340 -37.759
22350 -38.659
22360 -39.441
22370 -39.967
22380 -40.133
22390 -39.938
22400 -39.535
22410 -39.172
22420 -39.051
22430 -39.237
22440 -39.677
22450 -40.277
22460 -40.963
22470 -41.687
22480 -42.425
22490 -43.150
22500 -43.798
22510 -44.227
22520 -44.290
22530 -43.998
22540 -43.501
22550 -42.922
22560 -42.313
22570 -41.697
22580 -41.108
22590 -40.616
22600 -40.328
22610 -40.370
22620 -40.780
22630 -41.383
22640 -41.806
22650 -41.733
22660 -41.143
22670 -40.227
22680 -39.194
22690 -38.196
22700 -37.364
22710 -36.826
22720 -36.689
22730 -36.955
22740 -37.464
22750 -37.928
22760 -38.066
22770 -37.746
22780 -37.026
22790 -36.065
22800 -35.037
22810 -34.111
22820 -33.465
22830 -33.241
22840 -33.459
22850 -33.954
22860 -34.444
22870 -34.661
22880 -34.454
22890 -33.833
22900 -32.925
22910 -31.925
22920 -31.065
22930 -30.598
22940 -30.678
22950 -31.229
22960 -31.989
22970 -32.658
22980 -33.007
22990 -32.918
23000 -32.416
23010 -31.653
23020 -30.873
23030 -30.364
23040 -30.349
23050 -30.839
23060 -31.647
23070 -32.521
23080 -33.249
23090 -33.668
23100 -33.691
23110 -33.336
23120 -32.752
23130 -32.189
23140 -31.912
23150 -32.068
23160 -32.613
23170 -33.377
23180 -34.176
23190 -34.842
23200 -35.219
23210 -35.182
23220 -34.707
23230 -33.945
23240 -33.203
23250 -32.799
23260 -32.862
23270 -33.286
23280 -33.868
23290 -34.412
23300 -34.744
23310 -34.698
23320 -34.166
23330 -33.207
23340 -32.126
23350 -31.351
23360 -31.126
23370 -31.351
23380 -31.771
23390 -32.167
23400 -32.389
23410 -32.316
23420 -31.864
23430 -31.047
23440 -30.087
23450 -29.379
23460 -29.200
23470 -29.460
23480 -29.890
23490 -30.287
23500 -30.534
23510 -30.560
23520 -30.309
23530 -29.764
23540 -29.027
23550 -28.407
23560 -28.256
23570 -28.591
23580 -29.132
23590 -29.632
23600 -29.971
23610 -30.094
23620 -29.952
23630 -29.485
23640 -28.673
23650 -27.739
23660 -27.350
23670 -27.870
23680 -28.733
23690 -29.415
23700 -29.777
23710 -29.806
23720 -29.474
23730 -28.672
23740 -27.183
23750 -24.918
23760 -23.591
23770 -25.389
23780 -27.393
23790 -28.416
23800 -28.675
23810 -28.373
23820 -27.546
23830 -26.030
23840 -23.281
23850 -17.437
23860 -12.229
23870 -22.362
23880 -26.450
23890 -27.935
23900 -27.999
23910 -27.169
23920 -25.597
23930 -23.111
23940 -18.993
23950 -11.320
23960 -15.264
23970 -22.093
23980 -25.973
23990 -28.178
