00000 +1.004
00010 +0.384
00020 -0.841
00030 -1.900
00040 -2.567
00050 -2.860
00060 -2.845
00070 -2.590
00080 -2.185
00090 -1.784
00100 -1.604
00110 -1.803
00120 -2.311
00130 -2.894
00140 -3.359
00150 -3.625
00160 -3.696
00170 -3.614
00180 -3.442
00190 -3.257
00200 -3.139
00210 -3.150
00220 -3.297
00230 -3.528
00240 -3.762
00250 -3.930
00260 -3.996
00270 -3.958
00280 -3.841
00290 -3.687
00300 -3.548
00310 -3.471
00320 -3.482
00330 -3.576
00340 -3.717
00350 -3.852
00360 -3.937
00370 -3.946
00380 -3.880
00390 -3.763
00400 -3.636
00410 -3.546
00420 -3.533
00430 -3.613
00440 -3.769
00450 -3.958
00460 -4.130
00470 -4.247
00480 -4.297
00490 -4.295
00500 -4.279
00510 -4.298
00520 -4.392
00530 -4.573
00540 -4.823
00550 -5.099
00560 -5.350
00570 -5.541
00580 -5.658
00590 -5.715
00600 -5.741
00610 -5.773
00620 -5.839
00630 -5.950
00640 -6.097
00650 -6.255
00660 -6.395
00670 -6.492
00680 -6.536
00690 -6.530
00700 -6.490
00710 -6.440
00720 -6.403
00730 -6.393
00740 -6.414
00750 -6.456
00760 -6.503
00770 -6.533
00780 -6.532
00790 -6.493
00800 -6.419
00810 -6.324
00820 -6.229
00830 -6.157
00840 -6.120
00850 -6.122
00860 -6.150
00870 -6.186
00880 -6.211
00890 -6.211
00900 -6.186
00910 -6.149
00920 -6.122
00930 -6.125
00940 -6.171
00950 -6.256
00960 -6.364
00970 -6.474
00980 -6.566
00990 -6.630
01000 -6.666
01010 -6.684
01020 -6.699
01030 -6.724
01040 -6.766
01050 -6.822
01060 -6.881
01070 -6.931
01080 -6.962
01090 -6.969
01100 -6.954
01110 -6.923
01120 -6.886
01130 -6.853
01140 -6.827
01150 -6.806
01160 -6.785
01170 -6.755
01180 -6.709
01190 -6.646
01200 -6.569
01210 -6.485
01220 -6.402
01230 -6.331
01240 -6.274
01250 -6.231
01260 -6.196
01270 -6.164
01280 -6.131
01290 -6.099
01300 -6.077
01310 -6.074
01320 -6.103
01330 -6.169
01340 -6.269
01350 -6.391
01360 -6.522
01370 -6.649
01380 -6.764
01390 -6.871
01400 -6.976
01410 -7.090
01420 -7.220
01430 -7.369
01440 -7.528
01450 -7.684
01460 -7.823
01470 -7.934
01480 -8.013
01490 -8.065
01500 -8.102
01510 -8.138
01520 -8.185
01530 -8.249
01540 -8.325
01550 -8.402
01560 -8.462
01570 -8.496
01580 -8.500
01590 -8.479
01600 -8.450
01610 -8.434
01620 -8.447
01630 -8.500
01640 -8.591
01650 -8.707
01660 -8.831
01670 -8.947
01680 -9.047
01690 -9.134
01700 -9.216
01710 -9.309
01720 -9.425
01730 -9.570
01740 -9.742
01750 -9.929
01760 -10.115
01770 -10.283
01780 -10.423
01790 -10.533
01800 -10.618
01810 -10.694
01820 -10.775
01830 -10.875
01840 -10.999
01850 -11.142
01860 -11.292
01870 -11.432
01880 -11.548
01890 -11.630
01900 -11.682
01910 -11.714
01920 -11.744
01930 -11.789
01940 -11.860
01950 -11.955
01960 -12.065
01970 -12.171
01980 -12.256
01990 -12.307
02000 -12.322
02010 -12.313
02020 -12.295
02030 -12.290
02040 -12.312
02050 -12.363
02060 -12.435
02070 -12.512
02080 -12.577
02090 -12.619
02100 -12.636
02110 -12.637
02120 -12.638
02130 -12.655
02140 -12.700
02150 -12.775
02160 -12.874
02170 -12.984
02180 -13.092
02190 -13.188
02200 -13.264
02210 -13.322
02220 -13.368
02230 -13.412
02240 -13.462
02250 -13.527
02260 -13.605
02270 -13.693
02280 -13.780
02290 -13.856
02300 -13.910
02310 -13.939
02320 -13.943
02330 -13.933
02340 -13.918
02350 -13.912
02360 -13.920
02370 -13.942
02380 -13.970
02390 -13.993
02400 -13.999
02410 -13.985
02420 -13.951
02430 -13.908
02440 -13.869
02450 -13.850
02460 -13.857
02470 -13.889
02480 -13.939
02490 -13.995
02500 -14.048
02510 -14.093
02520 -14.134
02530 -14.177
02540 -14.232
02550 -14.308
02560 -14.404
02570 -14.517
02580 -14.638
02590 -14.756
02600 -14.863
02610 -14.955
02620 -15.033
02630 -15.099
02640 -15.157
02650 -15.211
02660 -15.262
02670 -15.307
02680 -15.338
02690 -15.349
02700 -15.331
02710 -15.280
02720 -15.194
02730 -15.075
02740 -14.928
02750 -14.760
02760 -14.578
02770 -14.384
02780 -14.178
02790 -13.954
02800 -13.707
02810 -13.435
02820 -13.147
02830 -12.860
02840 -12.608
02850 -12.430
02860 -12.360
02870 -12.416
02880 -12.586
02890 -12.845
02900 -13.166
02910 -13.532
02920 -13.945
02930 -14.414
02940 -14.947
02950 -15.543
02960 -16.187
02970 -16.850
02980 -17.501
02990 -18.113
03000 -18.672
03010 -19.176
03020 -19.635
03030 -20.067
03040 -20.487
03050 -20.904
03060 -21.313
03070 -21.697
03080 -22.030
03090 -22.284
03100 -22.445
03110 -22.510
03120 -22.495
03130 -22.427
03140 -22.332
03150 -22.238
03160 -22.156
03170 -22.087
03180 -22.022
03190 -21.944
03200 -21.846
03210 -21.729
03220 -21.614
03230 -21.530
03240 -21.516
03250 -21.603
03260 -21.809
03270 -22.129
03280 -22.536
03290 -22.996
03300 -23.478
03310 -23.964
03320 -24.457
03330 -24.974
03340 -25.542
03350 -26.180
03360 -26.895
03370 -27.674
03380 -28.478
03390 -29.254
03400 -29.938
03410 -30.477
03420 -30.844
03430 -31.047
03440 -31.115
03450 -31.082
03460 -30.969
03470 -30.775
03480 -30.494
03490 -30.116
03500 -29.649
03510 -29.111
03520 -28.532
03530 -27.941
03540 -27.365
03550 -26.822
03560 -26.319
03570 -25.855
03580 -25.419
03590 -24.991
03600 -24.555
03610 -24.098
03620 -23.617
03630 -23.116
03640 -22.611
03650 -22.118
03660 -21.655
03670 -21.234
03680 -20.854
03690 -20.505
03700 -20.171
03710 -19.832
03720 -19.481
03730 -19.121
03740 -18.768
03750 -18.449
03760 -18.191
03770 -18.012
03780 -17.916
03790 -17.887
03800 -17.900
03810 -17.931
03820 -17.964
03830 -17.993
03840 -18.028
03850 -18.082
03860 -18.169
03870 -18.296
03880 -18.462
03890 -18.655
03900 -18.858
03910 -19.054
03920 -19.229
03930 -19.376
03940 -19.496
03950 -19.596
03960 -19.689
03970 -19.784
03980 -19.887
03990 -19.996
04000 -20.099
04010 -20.178
04020 -20.214
04030 -20.189
04040 -20.096
04050 -19.938
04060 -19.728
04070 -19.485
04080 -19.226
04090 -18.963
04100 -18.697
04110 -18.420
04120 -18.123
04130 -17.801
04140 -17.457
04150 -17.105
04160 -16.763
04170 -16.454
04180 -16.192
04190 -15.982
04200 -15.818
04210 -15.684
04220 -15.567
04230 -15.452
04240 -15.336
04250 -15.221
04260 -15.116
04270 -15.032
04280 -14.976
04290 -14.952
04300 -14.953
04310 -14.971
04320 -14.993
04330 -15.011
04340 -15.018
04350 -15.016
04360 -15.011
04370 -15.012
04380 -15.027
04390 -15.062
04400 -15.115
04410 -15.178
04420 -15.245
04430 -15.305
04440 -15.353
04450 -15.389
04460 -15.417
04470 -15.445
04480 -15.480
04490 -15.526
04500 -15.584
04510 -15.648
04520 -15.712
04530 -15.766
04540 -15.805
04550 -15.829
04560 -15.840
04570 -15.845
04580 -15.851
04590 -15.864
04600 -15.885
04610 -15.911
04620 -15.937
04630 -15.955
04640 -15.961
04650 -15.953
04660 -15.935
04670 -15.913
04680 -15.893
04690 -15.884
04700 -15.886
04710 -15.898
04720 -15.914
04730 -15.928
04740 -15.934
04750 -15.930
04760 -15.918
04770 -15.905
04780 -15.898
04790 -15.902
04800 -15.922
04810 -15.954
04820 -15.993
04830 -16.032
04840 -16.064
04850 -16.088
04860 -16.104
04870 -16.118
04880 -16.137
04890 -16.165
04900 -16.207
04910 -16.259
04920 -16.317
04930 -16.373
04940 -16.422
04950 -16.459
04960 -16.486
04970 -16.506
04980 -16.524
04990 -16.546
05000 -16.577
05010 -16.615
05020 -16.658
05030 -16.702
05040 -16.739
05050 -16.765
05060 -16.779
05070 -16.783
05080 -16.783
05090 -16.784
05100 -16.794
05110 -16.815
05120 -16.846
05130 -16.883
05140 -16.919
05150 -16.948
05160 -16.965
05170 -16.974
05180 -16.977
05190 -16.984
05200 -17.001
05210 -17.033
05220 -17.080
05230 -17.138
05240 -17.197
05250 -17.253
05260 -17.299
05270 -17.337
05280 -17.370
05290 -17.406
05300 -17.450
05310 -17.508
05320 -17.579
05330 -17.659
05340 -17.742
05350 -17.820
05360 -17.890
05370 -17.950
05380 -18.002
05390 -18.051
05400 -18.101
05410 -18.156
05420 -18.220
05430 -18.290
05440 -18.362
05450 -18.433
05460 -18.496
05470 -18.548
05480 -18.589
05490 -18.622
05500 -18.650
05510 -18.680
05520 -18.717
05530 -18.761
05540 -18.813
05550 -18.866
05560 -18.916
05570 -18.958
05580 -18.989
05590 -19.010
05600 -19.026
05610 -19.043
05620 -19.068
05630 -19.104
05640 -19.150
05650 -19.203
05660 -19.256
05670 -19.303
05680 -19.341
05690 -19.371
05700 -19.396
05710 -19.423
05720 -19.456
05730 -19.499
05740 -19.551
05750 -19.610
05760 -19.669
05770 -19.724
05780 -19.772
05790 -19.811
05800 -19.844
05810 -19.874
05820 -19.905
05830 -19.940
05840 -19.981
05850 -20.027
05860 -20.073
05870 -20.117
05880 -20.155
05890 -20.186
05900 -20.208
05910 -20.226
05920 -20.242
05930 -20.260
05940 -20.283
05950 -20.313
05960 -20.348
05970 -20.385
05980 -20.419
05990 -20.450
06000 -20.475
06010 -20.497
06020 -20.518
06030 -20.543
06040 -20.574
06050 -20.614
06060 -20.662
06070 -20.714
06080 -20.767
06090 -20.818
06100 -20.865
06110 -20.910
06120 -20.954
06130 -21.001
06140 -21.052
06150 -21.110
06160 -21.172
06170 -21.236
06180 -21.299
06190 -21.358
06200 -21.412
06210 -21.461
06220 -21.507
06230 -21.551
06240 -21.594
06250 -21.638
06260 -21.683
06270 -21.726
06280 -21.767
06290 -21.803
06300 -21.834
06310 -21.862
06320 -21.887
06330 -21.911
06340 -21.937
06350 -21.965
06360 -21.998
06370 -22.033
06380 -22.070
06390 -22.108
06400 -22.148
06410 -22.190
06420 -22.236
06430 -22.289
06440 -22.350
06450 -22.419
06460 -22.497
06470 -22.582
06480 -22.671
06490 -22.765
06500 -22.861
06510 -22.962
06520 -23.068
06530 -23.183
06540 -23.306
06550 -23.437
06560 -23.573
06570 -23.712
06580 -23.851
06590 -23.986
06600 -24.117
06610 -24.245
06620 -24.373
06630 -24.502
06640 -24.633
06650 -24.766
06660 -24.898
06670 -25.025
06680 -25.143
06690 -25.250
06700 -25.347
06710 -25.435
06720 -25.519
06730 -25.603
06740 -25.689
06750 -25.779
06760 -25.871
06770 -25.963
06780 -26.050
06790 -26.130
06800 -26.203
06810 -26.272
06820 -26.341
06830 -26.416
06840 -26.500
06850 -26.595
06860 -26.702
06870 -26.816
06880 -26.932
06890 -27.046
06900 -27.156
06910 -27.261
06920 -27.366
06930 -27.474
06940 -27.591
06950 -27.719
06960 -27.860
06970 -28.008
06980 -28.159
06990 -28.304
07000 -28.440
07010 -28.562
07020 -28.675
07030 -28.781
07040 -28.887
07050 -29.000
07060 -29.122
07070 -29.250
07080 -29.380
07090 -29.505
07100 -29.618
07110 -29.717
07120 -29.803
07130 -29.882
07140 -29.961
07150 -30.051
07160 -30.156
07170 -30.277
07180 -30.412
07190 -30.554
07200 -30.695
07210 -30.831
07220 -30.961
07230 -31.088
07240 -31.217
07250 -31.357
07260 -31.514
07270 -31.691
07280 -31.885
07290 -32.092
07300 -32.303
07310 -32.509
07320 -32.706
07330 -32.890
07340 -33.064
07350 -33.234
07360 -33.409
07370 -33.593
07380 -33.789
07390 -33.997
07400 -34.209
07410 -34.418
07420 -34.617
07430 -34.800
07440 -34.967
07450 -35.125
07460 -35.284
07470 -35.455
07480 -35.647
07490 -35.865
07500 -36.110
07510 -36.377
07520 -36.658
07530 -36.947
07540 -37.240
07550 -37.536
07560 -37.844
07570 -38.174
07580 -38.541
07590 -38.957
07600 -39.433
07610 -39.973
07620 -40.576
07630 -41.236
07640 -41.939
07650 -42.672
07660 -43.426
07670 -44.203
07680 -45.022
07690 -45.914
07700 -46.916
07710 -48.061
07720 -49.356
07730 -50.748
07740 -52.070
07750 -53.025
07760 -53.368
07770 -53.165
07780 -52.714
07790 -52.249
07800 -51.847
07810 -51.471
07820 -51.035
07830 -50.465
07840 -49.755
07850 -48.963
07860 -48.173
07870 -47.451
07880 -46.819
07890 -46.262
07900 -45.735
07910 -45.178
07920 -44.542
07930 -43.812
07940 -43.009
07950 -42.181
07960 -41.377
07970 -40.632
07980 -39.961
07990 -39.357
08000 -38.800
08010 -38.265
08020 -37.731
08030 -37.190
08040 -36.644
08050 -36.108
08060 -35.600
08070 -35.136
08080 -34.724
08090 -34.363
08100 -34.042
08110 -33.748
08120 -33.469
08130 -33.196
08140 -32.925
08150 -32.661
08160 -32.411
08170 -32.183
08180 -31.983
08190 -31.813
08200 -31.668
08210 -31.543
08220 -31.429
08230 -31.319
08240 -31.209
08250 -31.098
08260 -30.988
08270 -30.884
08280 -30.788
08290 -30.704
08300 -30.629
08310 -30.560
08320 -30.495
08330 -30.427
08340 -30.356
08350 -30.280
08360 -30.201
08370 -30.121
08380 -30.044
08390 -29.971
08400 -29.901
08410 -29.832
08420 -29.763
08430 -29.692
08440 -29.620
08450 -29.548
08460 -29.480
08470 -29.416
08480 -29.358
08490 -29.303
08500 -29.249
08510 -29.193
08520 -29.131
08530 -29.063
08540 -28.991
08550 -28.918
08560 -28.848
08570 -28.780
08580 -28.715
08590 -28.648
08600 -28.574
08610 -28.488
08620 -28.385
08630 -28.267
08640 -28.135
08650 -27.995
08660 -27.854
08670 -27.716
08680 -27.583
08690 -27.455
08700 -27.326
08710 -27.190
08720 -27.043
08730 -26.882
08740 -26.712
08750 -26.538
08760 -26.371
08770 -26.218
08780 -26.087
08790 -25.976
08800 -25.880
08810 -25.790
08820 -25.696
08830 -25.593
08840 -25.479
08850 -25.362
08860 -25.252
08870 -25.160
08880 -25.095
08890 -25.058
08900 -25.044
08910 -25.040
08920 -25.034
08930 -25.015
08940 -24.979
08950 -24.931
08960 -24.881
08970 -24.842
08980 -24.825
08990 -24.834
09000 -24.865
09010 -24.907
09020 -24.943
09030 -24.962
09040 -24.954
09050 -24.921
09060 -24.873
09070 -24.823
09080 -24.784
09090 -24.767
09100 -24.771
09110 -24.787
09120 -24.801
09130 -24.799
09140 -24.770
09150 -24.713
09160 -24.635
09170 -24.550
09180 -24.475
09190 -24.422
09200 -24.396
09210 -24.394
09220 -24.402
09230 -24.406
09240 -24.392
09250 -24.356
09260 -24.300
09270 -24.236
09280 -24.179
09290 -24.146
09300 -24.143
09310 -24.170
09320 -24.217
09330 -24.269
09340 -24.311
09350 -24.333
09360 -24.335
09370 -24.324
09380 -24.312
09390 -24.316
09400 -24.345
09410 -24.402
09420 -24.481
09430 -24.568
09440 -24.647
09450 -24.707
09460 -24.743
09470 -24.759
09480 -24.764
09490 -24.775
09500 -24.803
09510 -24.854
09520 -24.925
09530 -25.006
09540 -25.083
09550 -25.144
09560 -25.183
09570 -25.202
09580 -25.209
09590 -25.217
09600 -25.238
09610 -25.280
09620 -25.342
09630 -25.419
09640 -25.499
09650 -25.573
09660 -25.633
09670 -25.679
09680 -25.717
09690 -25.755
09700 -25.805
09710 -25.873
09720 -25.961
09730 -26.065
09740 -26.177
09750 -26.289
09760 -26.394
09770 -26.490
09780 -26.579
09790 -26.667
09800 -26.760
09810 -26.865
09820 -26.984
09830 -27.114
09840 -27.249
09850 -27.383
09860 -27.510
09870 -27.626
09880 -27.733
09890 -27.832
09900 -27.929
09910 -28.028
09920 -28.131
09930 -28.236
09940 -28.339
09950 -28.437
09960 -28.523
09970 -28.596
09980 -28.656
09990 -28.707
10000 -28.752
10010 -28.795
10020 -28.838
10030 -28.882
10040 -28.924
10050 -28.959
10060 -28.986
10070 -29.004
10080 -29.013
10090 -29.017
10100 -29.021
10110 -29.029
10120 -29.043
10130 -29.064
10140 -29.086
10150 -29.108
10160 -29.125
10170 -29.135
10180 -29.140
10190 -29.143
10200 -29.150
10210 -29.164
10220 -29.188
10230 -29.222
10240 -29.261
10250 -29.299
10260 -29.330
10270 -29.351
10280 -29.361
10290 -29.365
10300 -29.368
10310 -29.376
10320 -29.393
10330 -29.421
10340 -29.453
10350 -29.482
10360 -29.501
10370 -29.502
10380 -29.484
10390 -29.450
10400 -29.406
10410 -29.363
10420 -29.326
10430 -29.301
10440 -29.284
10450 -29.268
10460 -29.242
10470 -29.198
10480 -29.129
10490 -29.038
10500 -28.931
10510 -28.819
10520 -28.716
10530 -28.632
10540 -28.568
10550 -28.521
10560 -28.479
10570 -28.426
10580 -28.354
10590 -28.258
10600 -28.143
10610 -28.022
10620 -27.914
10630 -27.834
10640 -27.792
10650 -27.787
10660 -27.806
10670 -27.827
10680 -27.833
10690 -27.810
10700 -27.760
10710 -27.693
10720 -27.631
10730 -27.595
10740 -27.602
10750 -27.652
10760 -27.733
10770 -27.819
10780 -27.884
10790 -27.907
10800 -27.884
10810 -27.824
10820 -27.748
10830 -27.683
10840 -27.651
10850 -27.662
10860 -27.709
10870 -27.767
10880 -27.810
10890 -27.812
10900 -27.760
10910 -27.660
10920 -27.530
10930 -27.401
10940 -27.304
10950 -27.260
10960 -27.273
10970 -27.327
10980 -27.395
10990 -27.445
11000 -27.455
11010 -27.420
11020 -27.353
11030 -27.286
11040 -27.259
11050 -27.306
11060 -27.440
11070 -27.652
11080 -27.908
11090 -28.171
11100 -28.405
11110 -28.593
11120 -28.740
11130 -28.872
11140 -29.032
11150 -29.257
11160 -29.567
11170 -29.951
11180 -30.380
11190 -30.813
11200 -31.212
11210 -31.552
11220 -31.827
11230 -32.055
11240 -32.273
11250 -32.525
11260 -32.839
11270 -33.220
11280 -33.652
11290 -34.104
11300 -34.542
11310 -34.935
11320 -35.266
11330 -35.537
11340 -35.778
11350 -36.036
11360 -36.354
11370 -36.757
11380 -37.247
11390 -37.807
11400 -38.402
11410 -38.984
11420 -39.496
11430 -39.887
11440 -40.148
11450 -40.323
11460 -40.483
11470 -40.679
11480 -40.914
11490 -41.131
11500 -41.234
11510 -41.114
11520 -40.722
11530 -40.111
11540 -39.410
11550 -38.753
11560 -38.215
11570 -37.811
11580 -37.507
11590 -37.243
11600 -36.961
11610 -36.616
11620 -36.196
11630 -35.727
11640 -35.258
11650 -34.847
11660 -34.531
11670 -34.314
11680 -34.173
11690 -34.069
11700 -33.954
11710 -33.792
11720 -33.563
11730 -33.272
11740 -32.953
11750 -32.647
11760 -32.391
11770 -32.197
11780 -32.050
11790 -31.918
11800 -31.761
11810 -31.547
11820 -31.261
11830 -30.910
11840 -30.526
11850 -30.150
11860 -29.816
11870 -29.535
11880 -29.295
11890 -29.069
11900 -28.827
11910 -28.547
11920 -28.222
11930 -27.865
11940 -27.503
11950 -27.166
11960 -26.878
11970 -26.641
11980 -26.442
11990 -26.255
12000 -26.058
12010 -25.836
12020 -25.588
12030 -25.325
12040 -25.070
12050 -24.846
12060 -24.668
12070 -24.532
12080 -24.425
12090 -24.323
12100 -24.208
12110 -24.069
12120 -23.909
12130 -23.743
12140 -23.590
12150 -23.473
12160 -23.401
12170 -23.369
12180 -23.359
12190 -23.347
12200 -23.315
12210 -23.256
12220 -23.174
12230 -23.088
12240 -23.019
12250 -22.988
12260 -23.004
12270 -23.059
12280 -23.129
12290 -23.189
12300 -23.220
12310 -23.214
12320 -23.179
12330 -23.136
12340 -23.108
12350 -23.116
12360 -23.168
12370 -23.256
12380 -23.354
12390 -23.436
12400 -23.480
12410 -23.481
12420 -23.446
12430 -23.395
12440 -23.355
12450 -23.346
12460 -23.381
12470 -23.450
12480 -23.532
12490 -23.601
12500 -23.634
12510 -23.621
12520 -23.570
12530 -23.497
12540 -23.430
12550 -23.392
12560 -23.396
12570 -23.440
12580 -23.506
12590 -23.567
12600 -23.600
12610 -23.591
12620 -23.541
12630 -23.465
12640 -23.387
12650 -23.331
12660 -23.316
12670 -23.344
12680 -23.402
12690 -23.466
12700 -23.512
12710 -23.520
12720 -23.487
12730 -23.420
12740 -23.342
12750 -23.277
12760 -23.248
12770 -23.263
12780 -23.316
12790 -23.385
12800 -23.445
12810 -23.476
12820 -23.465
12830 -23.417
12840 -23.348
12850 -23.285
12860 -23.250
12870 -23.258
12880 -23.309
12890 -23.385
12900 -23.463
12910 -23.518
12920 -23.535
12930 -23.511
12940 -23.460
12950 -23.404
12960 -23.368
12970 -23.369
12980 -23.412
12990 -23.484
13000 -23.562
13010 -23.622
13020 -23.645
13030 -23.625
13040 -23.569
13050 -23.497
13060 -23.433
13070 -23.399
13080 -23.402
13090 -23.434
13100 -23.476
13110 -23.504
13120 -23.501
13130 -23.456
13140 -23.376
13150 -23.278
13160 -23.184
13170 -23.118
13180 -23.089
13190 -23.094
13200 -23.116
13210 -23.135
13220 -23.132
13230 -23.098
13240 -23.036
13250 -22.959
13260 -22.888
13270 -22.844
13280 -22.838
13290 -22.869
13300 -22.923
13310 -22.979
13320 -23.021
13330 -23.037
13340 -23.029
13350 -23.007
13360 -22.991
13370 -22.997
13380 -23.039
13390 -23.114
13400 -23.208
13410 -23.303
13420 -23.380
13430 -23.428
13440 -23.447
13450 -23.447
13460 -23.444
13470 -23.458
13480 -23.499
13490 -23.565
13500 -23.644
13510 -23.716
13520 -23.763
13530 -23.775
13540 -23.753
13550 -23.708
13560 -23.660
13570 -23.628
13580 -23.627
13590 -23.655
13600 -23.700
13610 -23.741
13620 -23.760
13630 -23.747
13640 -23.703
13650 -23.642
13660 -23.584
13670 -23.554
13680 -23.565
13690 -23.619
13700 -23.700
13710 -23.785
13720 -23.851
13730 -23.884
13740 -23.886
13750 -23.868
13760 -23.853
13770 -23.866
13780 -23.923
13790 -24.026
13800 -24.159
13810 -24.295
13820 -24.407
13830 -24.475
13840 -24.497
13850 -24.483
13860 -24.457
13870 -24.446
13880 -24.473
13890 -24.546
13900 -24.654
13910 -24.769
13920 -24.859
13930 -24.902
13940 -24.888
13950 -24.826
13960 -24.742
13970 -24.668
13980 -24.635
13990 -24.660
14000 -24.738
14010 -24.845
14020 -24.943
14030 -25.003
14040 -25.008
14050 -24.962
14060 -24.886
14070 -24.816
14080 -24.789
14090 -24.831
14100 -24.945
14110 -25.109
14120 -25.285
14130 -25.432
14140 -25.525
14150 -25.556
14160 -25.541
14170 -25.513
14180 -25.514
14190 -25.578
14200 -25.716
14210 -25.914
14220 -26.131
14230 -26.323
14240 -26.453
14250 -26.502
14260 -26.479
14270 -26.415
14280 -26.353
14290 -26.339
14300 -26.398
14310 -26.525
14320 -26.688
14330 -26.840
14340 -26.940
14350 -26.962
14360 -26.905
14370 -26.796
14380 -26.679
14390 -26.605
14400 -26.610
14410 -26.702
14420 -26.854
14430 -27.022
14440 -27.159
14450 -27.229
14460 -27.221
14470 -27.150
14480 -27.055
14490 -26.985
14500 -26.983
14510 -27.066
14520 -27.217
14530 -27.394
14540 -27.548
14550 -27.636
14560 -27.637
14570 -27.554
14580 -27.418
14590 -27.275
14600 -27.177
14610 -27.150
14620 -27.194
14630 -27.275
14640 -27.349
14650 -27.373
14660 -27.322
14670 -27.196
14680 -27.018
14690 -26.833
14700 -26.694
14710 -26.639
14720 -26.674
14730 -26.774
14740 -26.899
14750 -27.005
14760 -27.063
14770 -27.066
14780 -27.028
14790 -26.985
14800 -26.983
14810 -27.060
14820 -27.228
14830 -27.469
14840 -27.746
14850 -28.019
14860 -28.259
14870 -28.453
14880 -28.605
14890 -28.740
14900 -28.893
14910 -29.096
14920 -29.365
14930 -29.686
14940 -30.030
14950 -30.356
14960 -30.632
14970 -30.834
14980 -30.954
14990 -30.999
15000 -30.991
15010 -30.961
15020 -30.939
15030 -30.935
15040 -30.934
15050 -30.911
15060 -30.836
15070 -30.686
15080 -30.456
15090 -30.159
15100 -29.830
15110 -29.520
15120 -29.275
15130 -29.117
15140 -29.031
15150 -28.977
15160 -28.912
15170 -28.803
15180 -28.639
15190 -28.430
15200 -28.210
15210 -28.032
15220 -27.942
15230 -27.959
15240 -28.059
15250 -28.193
15260 -28.308
15270 -28.368
15280 -28.360
15290 -28.295
15300 -28.205
15310 -28.139
15320 -28.144
15330 -28.241
15340 -28.409
15350 -28.596
15360 -28.747
15370 -28.821
15380 -28.803
15390 -28.699
15400 -28.540
15410 -28.372
15420 -28.252
15430 -28.216
15440 -28.266
15450 -28.360
15460 -28.439
15470 -28.450
15480 -28.367
15490 -28.188
15500 -27.939
15510 -27.668
15520 -27.444
15530 -27.329
15540 -27.348
15550 -27.469
15560 -27.617
15570 -27.715
15580 -27.714
15590 -27.599
15600 -27.387
15610 -27.132
15620 -26.914
15630 -26.820
15640 -26.899
15650 -27.127
15660 -27.414
15670 -27.656
15680 -27.778
15690 -27.749
15700 -27.584
15710 -27.337
15720 -27.096
15730 -26.965
15740 -27.019
15750 -27.252
15760 -27.572
15770 -27.856
15780 -28.009
15790 -27.982
15800 -27.779
15810 -27.448
15820 -27.078
15830 -26.791
15840 -26.697
15850 -26.834
15860 -27.130
15870 -27.447
15880 -27.653
15890 -27.666
15900 -27.464
15910 -27.077
15920 -26.592
15930 -26.153
15940 -25.928
15950 -26.021
15960 -26.382
15970 -26.837
15980 -27.196
15990 -27.330
16000 -27.180
16010 -26.760
16020 -26.164
16030 -25.579
16040 -25.260
16050 -25.386
16060 -25.891
16070 -26.519
16080 -27.015
16090 -27.217
16100 -27.056
16110 -26.551
16120 -25.819
16130 -25.105
16140 -24.734
16150 -24.900
16160 -25.470
16170 -26.133
16180 -26.631
16190 -26.816
16200 -26.628
16210 -26.080
16220 -25.282
16230 -24.484
16240 -24.047
16250 -24.208
16260 -24.834
16270 -25.586
16280 -26.188
16290 -26.483
16300 -26.393
16310 -25.901
16320 -25.093
16330 -24.249
16340 -23.855
16350 -24.232
16360 -25.149
16370 -26.146
16380 -26.921
16390 -27.329
16400 -27.303
16410 -26.837
16420 -26.058
16430 -25.332
16440 -25.180
16450 -25.751
16460 -26.666
16470 -27.516
16480 -28.093
16490 -28.312
16500 -28.149
16510 -27.633
16520 -26.894
16530 -26.223
16540 -25.974
16550 -26.272
16560 -26.897
16570 -27.550
16580 -28.042
16590 -28.281
16600 -28.231
16610 -27.890
16620 -27.324
16630 -26.710
16640 -26.350
16650 -26.484
16660 -27.045
16670 -27.756
16680 -28.378
16690 -28.777
16700 -28.894
16710 -28.708
16720 -28.253
16730 -27.671
16740 -27.262
16750 -27.339
16760 -27.897
16770 -28.634
16780 -29.271
16790 -29.667
16800 -29.772
16810 -29.583
16820 -29.148
16830 -28.604
16840 -28.207
16850 -28.209
16860 -28.619
16870 -29.204
16880 -29.731
16890 -30.068
16900 -30.171
16910 -30.039
16920 -29.709
16930 -29.273
16940 -28.901
16950 -28.795
16960 -29.038
16970 -29.518
16980 -30.029
16990 -30.416
17000 -30.600
17010 -30.559
17020 -30.302
17030 -29.889
17040 -29.448
17050 -29.188
17060 -29.288
17070 -29.720
17080 -30.268
17090 -30.715
17100 -30.935
17110 -30.886
17120 -30.574
17130 -30.059
17140 -29.490
17150 -29.129
17160 -29.223
17170 -29.742
17180 -30.396
17190 -30.913
17200 -31.161
17210 -31.114
17220 -30.806
17230 -30.325
17240 -29.847
17250 -29.627
17260 -29.865
17270 -30.492
17280 -31.234
17290 -31.841
17300 -32.187
17310 -32.245
17320 -32.043
17330 -31.660
17340 -31.237
17350 -30.992
17360 -31.144
17370 -31.724
17380 -32.521
17390 -33.259
17400 -33.745
17410 -33.898
17420 -33.713
17430 -33.245
17440 -32.628
17450 -32.121
17460 -32.084
17470 -32.696
17480 -33.704
17490 -34.677
17500 -35.311
17510 -35.479
17520 -35.184
17530 -34.519
17540 -33.695
17550 -33.109
17560 -33.248
17570 -34.198
17580 -35.503
17590 -36.670
17600 -37.430
17610 -37.695
17620 -37.505
17630 -36.992
17640 -36.403
17650 -36.117
17660 -36.536
17670 -37.738
17680 -39.409
17690 -41.171
17700 -42.759
17710 -44.007
17720 -44.839
17730 -45.311
17740 -45.636
17750 -46.105
17760 -46.678
17770 -46.329
17780 -44.593
17790 -42.471
17800 -40.447
17810 -38.502
17820 -36.526
17830 -34.435
17840 -32.225
17850 -30.102
17860 -28.608
17870 -28.193
17880 -28.488
17890 -28.824
17900 -28.853
17910 -28.487
17920 -27.738
17930 -26.677
17940 -25.461
17950 -24.423
17960 -24.010
17970 -24.354
17980 -25.090
17990 -25.785
18000 -26.211
18010 -26.292
18020 -26.038
18030 -25.506
18040 -24.812
18050 -24.156
18060 -23.800
18070 -23.915
18080 -24.423
18090 -25.074
18100 -25.639
18110 -25.984
18120 -26.052
18130 -25.845
18140 -25.414
18150 -24.885
18160 -24.473
18170 -24.432
18180 -24.878
18190 -25.668
18200 -26.542
18210 -27.287
18220 -27.782
18230 -27.980
18240 -27.909
18250 -27.692
18260 -27.583
18270 -27.893
18280 -28.747
18290 -29.951
18300 -31.201
18310 -32.266
18320 -33.012
18330 -33.376
18340 -33.376
18350 -33.142
18360 -32.912
18370 -32.924
18380 -33.252
18390 -33.767
18400 -34.270
18410 -34.602
18420 -34.670
18430 -34.453
18440 -34.000
18450 -33.431
18460 -32.926
18470 -32.657
18480 -32.706
18490 -33.016
18500 -33.453
18510 -33.878
18520 -34.195
18530 -34.348
18540 -34.332
18550 -34.204
18560 -34.096
18570 -34.175
18580 -34.555
18590 -35.209
18600 -35.992
18610 -36.713
18620 -37.181
18630 -37.230
18640 -36.792
18650 -35.976
18660 -35.044
18670 -34.272
18680 -33.788
18690 -33.540
18700 -33.382
18710 -33.174
18720 -32.825
18730 -32.305
18740 -31.649
18750 -30.950
18760 -30.338
18770 -29.921
18780 -29.730
18790 -29.706
18800 -29.748
18810 -29.766
18820 -29.699
18830 -29.524
18840 -29.259
18850 -28.960
18860 -28.708
18870 -28.584
18880 -28.624
18890 -28.802
18900 -29.053
18910 -29.307
18920 -29.512
18930 -29.644
18940 -29.704
18950 -29.721
18960 -29.750
18970 -29.847
18980 -30.031
18990 -30.270
19000 -30.498
19010 -30.653
19020 -30.697
19030 -30.616
19040 -30.426
19050 -30.166
19060 -29.900
19070 -29.689
19080 -29.562
19090 -29.496
19100 -29.440
19110 -29.348
19120 -29.191
19130 -28.965
19140 -28.692
19150 -28.412
19160 -28.182
19170 -28.045
19180 -28.010
19190 -28.042
19200 -28.088
19210 -28.099
19220 -28.053
19230 -27.951
19240 -27.820
19250 -27.702
19260 -27.649
19270 -27.701
19280 -27.859
19290 -28.084
19300 -28.310
19310 -28.478
19320 -28.552
19330 -28.527
19340 -28.428
19350 -28.303
19360 -28.210
19370 -28.198
19380 -28.277
19390 -28.408
19400 -28.521
19410 -28.555
19420 -28.479
19430 -28.299
19440 -28.054
19450 -27.806
19460 -27.628
19470 -27.575
19480 -27.657
19490 -27.826
19500 -27.999
19510 -28.101
19520 -28.088
19530 -27.961
19540 -27.757
19550 -27.547
19560 -27.411
19570 -27.416
19580 -27.578
19590 -27.852
19600 -28.159
19610 -28.418
19620 -28.579
19630 -28.632
19640 -28.604
19650 -28.555
19660 -28.562
19670 -28.692
19680 -28.972
19690 -29.371
19700 -29.812
19710 -30.203
19720 -30.467
19730 -30.561
19740 -30.493
19750 -30.320
19760 -30.139
19770 -30.054
19780 -30.133
19790 -30.367
19800 -30.686
19810 -30.990
19820 -31.191
19830 -31.236
19840 -31.116
19850 -30.880
19860 -30.629
19870 -30.482
19880 -30.521
19890 -30.750
19900 -31.099
19910 -31.472
19920 -31.785
19930 -31.987
19940 -32.068
19950 -32.064
19960 -32.055
19970 -32.133
19980 -32.354
19990 -32.709
20000 -33.132
20010 -33.542
20020 -33.868
20030 -34.057
20040 -34.079
20050 -33.936
20060 -33.679
20070 -33.400
20080 -33.205
20090 -33.156
20100 -33.248
20110 -33.417
20120 -33.587
20130 -33.691
20140 -33.681
20150 -33.541
20160 -33.298
20170 -33.027
20180 -32.838
20190 -32.812
20200 -32.949
20210 -33.185
20220 -33.434
20230 -33.625
20240 -33.714
20250 -33.680
20260 -33.537
20270 -33.345
20280 -33.208
20290 -33.224
20300 -33.413
20310 -33.712
20320 -34.032
20330 -34.302
20340 -34.481
20350 -34.552
20360 -34.519
20370 -34.420
20380 -34.340
20390 -34.381
20400 -34.587
20410 -34.907
20420 -35.249
20430 -35.544
20440 -35.754
20450 -35.855
20460 -35.823
20470 -35.625
20480 -35.252
20490 -34.781
20500 -34.360
20510 -34.076
20520 -33.892
20530 -33.747
20540 -33.614
20550 -33.511
20560 -33.488
20570 -33.611
20580 -33.944
20590 -34.511
20600 -35.272
20610 -36.142
20620 -37.013
20630 -37.789
20640 -38.403
20650 -38.820
20660 -39.048
20670 -39.146
20680 -39.225
20690 -39.415
20700 -39.792
20710 -40.302
20720 -40.797
20730 -41.125
20740 -41.202
20750 -41.006
20760 -40.573
20770 -39.982
20780 -39.370
20790 -38.907
20800 -38.725
20810 -38.820
20820 -39.062
20830 -39.303
20840 -39.445
20850 -39.451
20860 -39.333
20870 -39.144
20880 -38.981
20890 -38.976
20900 -39.247
20910 -39.819
20920 -40.582
20930 -41.360
20940 -41.991
20950 -42.378
20960 -42.501
20970 -42.408
20980 -42.214
20990 -42.090
21000 -42.224
21010 -42.725
21020 -43.537
21030 -44.476
21040 -45.329
21050 -45.933
21060 -46.207
21070 -46.170
21080 -45.939
21090 -45.715
21100 -45.750
21110 -46.248
21120 -47.234
21130 -48.546
21140 -49.937
21150 -51.160
21160 -51.993
21170 -52.306
21180 -52.124
21190 -51.630
21200 -51.090
21210 -50.747
21220 -50.679
21230 -50.762
21240 -50.817
21250 -50.723
21260 -50.370
21270 -49.568
21280 -48.032
21290 -45.602
21300 -42.533
21310 -39.466
21320 -37.147
21330 -35.921
21340 -35.495
21350 -35.443
21360 -35.552
21370 -35.777
21380 -36.144
21390 -36.701
21400 -37.486
21410 -38.522
21420 -39.814
21430 -41.356
21440 -43.116
21450 -44.957
21460 -46.410
21470 -46.593
21480 -45.288
21490 -43.432
21500 -41.888
21510 -41.086
21520 -41.117
21530 -41.790
21540 -42.779
21550 -43.743
21560 -44.338
21570 -44.287
21580 -43.548
21590 -42.372
21600 -41.159
21610 -40.331
21620 -40.207
21630 -40.829
21640 -41.966
21650 -43.334
21660 -44.692
21670 -45.796
21680 -46.357
21690 -46.176
21700 -45.401
21710 -44.540
21720 -44.176
21730 -44.620
21740 -45.777
21750 -47.374
21760 -49.161
21770 -50.831
21780 -51.779
21790 -51.314
21800 -49.675
21810 -47.830
21820 -46.553
21830 -46.206
21840 -46.701
21850 -47.708
21860 -48.905
21870 -50.000
21880 -50.611
21890 -50.314
21900 -49.058
21910 -47.361
21920 -45.918
21930 -45.209
21940 -45.286
21950 -45.874
21960 -46.667
21970 -47.437
21980 -47.975
21990 -48.036
22000 -47.424
22010 -46.229
22020 -44.933
22030 -44.100
22040 -43.945
22050 -44.282
22060 -44.827
22070 -45.376
22080 -45.788
22090 -45.919
22100 -45.623
22110 -44.854
22120 -43.855
22130 -43.112
22140 -42.925
22150 -43.177
22160 -43.606
22170 -44.026
22180 -44.330
22190 -44.430
22200 -44.242
22210 -43.717
22220 -42.993
22230 -42.453
22240 -42.392
22250 -42.701
22260 -43.119
22270 -43.479
22280 -43.706
22290 -43.759
22300 -43.607
22310 -43.253
22320 -42.834
22330 -42.688
22340 -43.032
22350 -43.642
22360 -44.212
22370 -44.620
22380 -44.855
22390 -44.937
22400 -44.901
22410 -44.830
22420 -44.964
22430 -45.710
22440 -47.096
22450 -48.426
22460 -49.232
22470 -49.606
22480 -49.764
22490 -49.859
22500 -50.021
22510 -50.465
22520 -51.736
22530 -55.025
22540 -60.191
22550 -59.104
22560 -56.485
22570 -55.121
22580 -54.493
22590 -54.316
22600 -54.481
22610 -54.822
22620 -54.389
22630 -51.711
22640 -49.000
22650 -47.907
22660 -47.591
22670 -47.434
22680 -47.225
22690 -46.873
22700 -46.285
22710 -45.320
22720 -43.833
22730 -42.036
22740 -41.110
22750 -41.640
22760 -42.502
22770 -43.054
22780 -43.242
22790 -43.110
22800 -42.672
22810 -41.896
22820 -40.743
22830 -39.353
22840 -38.521
22850 -39.204
22860 -40.636
22870 -41.761
22880 -42.346
22890 -42.466
22900 -42.200
22910 -41.576
22920 -40.590
22930 -39.331
22940 -38.333
22950 -38.617
22960 -40.025
22970 -41.375
22980 -42.161
22990 -42.385
23000 -42.147
23010 -41.507
23020 -40.498
23030 -39.221
23040 -38.148
23050 -38.245
23060 -39.590
23070 -41.080
23080 -42.056
23090 -42.424
23100 -42.265
23110 -41.665
23120 -40.694
23130 -39.493
23140 -38.525
23150 -38.661
23160 -40.061
23170 -41.762
23180 -43.032
23190 -43.659
23200 -43.667
23210 -43.146
23220 -42.190
23230 -40.953
23240 -39.879
23250 -39.875
23260 -41.301
23270 -43.229
23280 -44.786
23290 -45.625
23300 -45.685
23310 -45.039
23320 -43.803
23330 -42.149
23340 -40.580
23350 -40.289
23360 -41.807
23370 -43.923
23380 -45.644
23390 -46.598
23400 -46.659
23410 -45.838
23420 -44.233
23430 -42.033
23440 -39.892
23450 -39.519
23460 -41.319
23470 -43.549
23480 -45.306
23490 -46.348
23500 -46.542
23510 -45.784
23520 -44.045
23530 -41.427
23540 -38.675
23550 -38.278
23560 -40.499
23570 -42.893
23580 -44.703
23590 -45.846
23600 -46.224
23610 -45.624
23620 -43.761
23630 -40.332
23640 -35.552
23650 -35.251
23660 -39.233
23670 -42.160
23680 -44.047
23690 -45.155
23700 -45.481
23710 -44.746
23720 -42.348
23730 -36.922
23740 -20.083
23750 -34.579
23760 -39.945
23770 -42.579
23780 -44.070
23790 -44.829
23800 -44.873
23810 -43.882
23820 -40.956
23830 -33.632
23840 -32.854
23850 -39.968
23860 -43.132
23870 -44.804
23880 -45.737
23890 -46.191
23900 -46.216
23910 -45.676
23920 -44.139
23930 -40.726
23940 -37.924
23950 -42.205
23960 -45.274
23970 -46.807
23980 -47.580
23990 -47.950
