00000 -0.606
00010 -0.575
00020 -0.498
00030 -0.403
00040 -0.318
00050 -0.258
00060 -0.229
00070 -0.231
00080 -0.258
00090 -0.298
00100 -0.338
00110 -0.360
00120 -0.353
00130 -0.318
00140 -0.267
00150 -0.212
00160 -0.167
00170 -0.138
00180 -0.127
00190 -0.130
00200 -0.143
00210 -0.157
00220 -0.164
00230 -0.160
00240 -0.143
00250 -0.118
00260 -0.091
00270 -0.069
00280 -0.056
00290 -0.054
00300 -0.061
00310 -0.076
00320 -0.092
00330 -0.105
00340 -0.112
00350 -0.111
00360 -0.104
00370 -0.097
00380 -0.094
00390 -0.099
00400 -0.113
00410 -0.137
00420 -0.168
00430 -0.202
00440 -0.235
00450 -0.262
00460 -0.283
00470 -0.300
00480 -0.316
00490 -0.337
00500 -0.367
00510 -0.406
00520 -0.452
00530 -0.499
00540 -0.539
00550 -0.566
00560 -0.577
00570 -0.573
00580 -0.563
00590 -0.552
00600 -0.545
00610 -0.545
00620 -0.549
00630 -0.555
00640 -0.557
00650 -0.554
00660 -0.543
00670 -0.529
00680 -0.514
00690 -0.502
00700 -0.498
00710 -0.502
00720 -0.513
00730 -0.529
00740 -0.545
00750 -0.557
00760 -0.563
00770 -0.562
00780 -0.557
00790 -0.550
00800 -0.545
00810 -0.543
00820 -0.544
00830 -0.546
00840 -0.544
00850 -0.533
00860 -0.513
00870 -0.481
00880 -0.443
00890 -0.402
00900 -0.364
00910 -0.331
00920 -0.306
00930 -0.286
00940 -0.271
00950 -0.258
00960 -0.246
00970 -0.236
00980 -0.227
00990 -0.223
01000 -0.225
01010 -0.234
01020 -0.250
01030 -0.273
01040 -0.301
01050 -0.332
01060 -0.363
01070 -0.393
01080 -0.422
01090 -0.450
01100 -0.479
01110 -0.510
01120 -0.545
01130 -0.584
01140 -0.625
01150 -0.668
01160 -0.709
01170 -0.747
01180 -0.780
01190 -0.809
01200 -0.833
01210 -0.855
01220 -0.876
01230 -0.896
01240 -0.914
01250 -0.930
01260 -0.940
01270 -0.943
01280 -0.936
01290 -0.920
01300 -0.896
01310 -0.866
01320 -0.832
01330 -0.796
01340 -0.758
01350 -0.719
01360 -0.677
01370 -0.633
01380 -0.585
01390 -0.535
01400 -0.484
01410 -0.433
01420 -0.386
01430 -0.344
01440 -0.308
01450 -0.278
01460 -0.254
01470 -0.236
01480 -0.222
01490 -0.213
01500 -0.208
01510 -0.207
01520 -0.212
01530 -0.225
01540 -0.246
01550 -0.275
01560 -0.314
01570 -0.358
01580 -0.408
01590 -0.458
01600 -0.507
01610 -0.552
01620 -0.592
01630 -0.628
01640 -0.659
01650 -0.687
01660 -0.709
01670 -0.726
01680 -0.735
01690 -0.734
01700 -0.725
01710 -0.708
01720 -0.687
01730 -0.663
01740 -0.641
01750 -0.621
01760 -0.603
01770 -0.588
01780 -0.575
01790 -0.561
01800 -0.548
01810 -0.533
01820 -0.519
01830 -0.506
01840 -0.495
01850 -0.489
01860 -0.485
01870 -0.486
01880 -0.489
01890 -0.493
01900 -0.497
01910 -0.501
01920 -0.503
01930 -0.506
01940 -0.510
01950 -0.517
01960 -0.527
01970 -0.541
01980 -0.557
01990 -0.575
02000 -0.594
02010 -0.612
02020 -0.630
02030 -0.647
02040 -0.665
02050 -0.685
02060 -0.709
02070 -0.736
02080 -0.766
02090 -0.797
02100 -0.829
02110 -0.859
02120 -0.888
02130 -0.914
02140 -0.939
02150 -0.963
02160 -0.988
02170 -1.013
02180 -1.038
02190 -1.062
02200 -1.083
02210 -1.100
02220 -1.113
02230 -1.121
02240 -1.124
02250 -1.123
02260 -1.119
02270 -1.112
02280 -1.102
02290 -1.089
02300 -1.072
02310 -1.050
02320 -1.021
02330 -0.986
02340 -0.945
02350 -0.900
02360 -0.851
02370 -0.801
02380 -0.750
02390 -0.698
02400 -0.646
02410 -0.594
02420 -0.542
02430 -0.491
02440 -0.442
02450 -0.395
02460 -0.354
02470 -0.319
02480 -0.292
02490 -0.273
02500 -0.263
02510 -0.261
02520 -0.268
02530 -0.281
02540 -0.302
02550 -0.330
02560 -0.366
02570 -0.409
02580 -0.460
02590 -0.518
02600 -0.584
02610 -0.656
02620 -0.732
02630 -0.811
02640 -0.891
02650 -0.969
02660 -1.046
02670 -1.121
02680 -1.192
02690 -1.258
02700 -1.319
02710 -1.373
02720 -1.415
02730 -1.445
02740 -1.459
02750 -1.458
02760 -1.440
02770 -1.407
02780 -1.361
02790 -1.302
02800 -1.234
02810 -1.156
02820 -1.071
02830 -0.981
02840 -0.886
02850 -0.791
02860 -0.696
02870 -0.605
02880 -0.520
02890 -0.443
02900 -0.375
02910 -0.316
02920 -0.267
02930 -0.229
02940 -0.200
02950 -0.181
02960 -0.171
02970 -0.171
02980 -0.180
02990 -0.198
03000 -0.225
03010 -0.260
03020 -0.302
03030 -0.352
03040 -0.407
03050 -0.465
03060 -0.526
03070 -0.589
03080 -0.651
03090 -0.712
03100 -0.772
03110 -0.829
03120 -0.881
03130 -0.928
03140 -0.967
03150 -0.997
03160 -1.017
03170 -1.025
03180 -1.021
03190 -1.006
03200 -0.980
03210 -0.944
03220 -0.899
03230 -0.846
03240 -0.785
03250 -0.719
03260 -0.647
03270 -0.571
03280 -0.494
03290 -0.415
03300 -0.337
03310 -0.262
03320 -0.190
03330 -0.122
03340 -0.059
03350 -0.002
03360 +0.048
03370 +0.092
03380 +0.129
03390 +0.159
03400 +0.180
03410 +0.193
03420 +0.197
03430 +0.191
03440 +0.175
03450 +0.149
03460 +0.112
03470 +0.065
03480 +0.007
03490 -0.061
03500 -0.139
03510 -0.228
03520 -0.327
03530 -0.437
03540 -0.557
03550 -0.688
03560 -0.827
03570 -0.975
03580 -1.128
03590 -1.285
03600 -1.443
03610 -1.602
03620 -1.760
03630 -1.914
03640 -2.062
03650 -2.203
03660 -2.334
03670 -2.452
03680 -2.554
03690 -2.640
03700 -2.707
03710 -2.756
03720 -2.788
03730 -2.802
03740 -2.799
03750 -2.782
03760 -2.749
03770 -2.704
03780 -2.645
03790 -2.576
03800 -2.497
03810 -2.410
03820 -2.316
03830 -2.217
03840 -2.114
03850 -2.008
03860 -1.900
03870 -1.789
03880 -1.678
03890 -1.565
03900 -1.453
03910 -1.341
03920 -1.231
03930 -1.123
03940 -1.018
03950 -0.916
03960 -0.820
03970 -0.729
03980 -0.644
03990 -0.567
04000 -0.498
04010 -0.437
04020 -0.386
04030 -0.345
04040 -0.314
04050 -0.293
04060 -0.282
04070 -0.282
04080 -0.290
04090 -0.305
04100 -0.328
04110 -0.356
04120 -0.388
04130 -0.422
04140 -0.459
04150 -0.496
04160 -0.533
04170 -0.570
04180 -0.605
04190 -0.638
04200 -0.668
04210 -0.696
04220 -0.720
04230 -0.741
04240 -0.758
04250 -0.772
04260 -0.782
04270 -0.789
04280 -0.792
04290 -0.793
04300 -0.790
04310 -0.785
04320 -0.776
04330 -0.765
04340 -0.751
04350 -0.735
04360 -0.717
04370 -0.697
04380 -0.676
04390 -0.654
04400 -0.632
04410 -0.610
04420 -0.587
04430 -0.566
04440 -0.544
04450 -0.524
04460 -0.506
04470 -0.488
04480 -0.473
04490 -0.459
04500 -0.448
04510 -0.439
04520 -0.431
04530 -0.426
04540 -0.423
04550 -0.422
04560 -0.422
04570 -0.423
04580 -0.426
04590 -0.429
04600 -0.433
04610 -0.438
04620 -0.443
04630 -0.448
04640 -0.452
04650 -0.456
04660 -0.459
04670 -0.460
04680 -0.459
04690 -0.457
04700 -0.452
04710 -0.445
04720 -0.435
04730 -0.422
04740 -0.406
04750 -0.386
04760 -0.363
04770 -0.336
04780 -0.306
04790 -0.272
04800 -0.234
04810 -0.194
04820 -0.151
04830 -0.106
04840 -0.061
04850 -0.014
04860 +0.031
04870 +0.076
04880 +0.119
04890 +0.159
04900 +0.195
04910 +0.227
04920 +0.254
04930 +0.276
04940 +0.292
04950 +0.303
04960 +0.307
04970 +0.307
04980 +0.302
04990 +0.292
05000 +0.279
05010 +0.262
05020 +0.242
05030 +0.220
05040 +0.196
05050 +0.170
05060 +0.143
05070 +0.115
05080 +0.087
05090 +0.060
05100 +0.034
05110 +0.009
05120 -0.015
05130 -0.037
05140 -0.057
05150 -0.075
05160 -0.091
05170 -0.105
05180 -0.117
05190 -0.127
05200 -0.134
05210 -0.139
05220 -0.142
05230 -0.142
05240 -0.141
05250 -0.139
05260 -0.135
05270 -0.131
05280 -0.125
05290 -0.120
05300 -0.113
05310 -0.107
05320 -0.099
05330 -0.092
05340 -0.084
05350 -0.076
05360 -0.068
05370 -0.060
05380 -0.051
05390 -0.043
05400 -0.034
05410 -0.024
05420 -0.014
05430 -0.003
05440 +0.010
05450 +0.023
05460 +0.038
05470 +0.053
05480 +0.070
05490 +0.087
05500 +0.106
05510 +0.126
05520 +0.148
05530 +0.171
05540 +0.195
05550 +0.221
05560 +0.248
05570 +0.276
05580 +0.304
05590 +0.332
05600 +0.361
05610 +0.389
05620 +0.417
05630 +0.446
05640 +0.474
05650 +0.501
05660 +0.528
05670 +0.553
05680 +0.578
05690 +0.600
05700 +0.621
05710 +0.640
05720 +0.658
05730 +0.674
05740 +0.689
05750 +0.702
05760 +0.715
05770 +0.727
05780 +0.737
05790 +0.746
05800 +0.754
05810 +0.762
05820 +0.768
05830 +0.774
05840 +0.780
05850 +0.786
05860 +0.792
05870 +0.798
05880 +0.804
05890 +0.810
05900 +0.815
05910 +0.821
05920 +0.825
05930 +0.830
05940 +0.833
05950 +0.837
05960 +0.840
05970 +0.843
05980 +0.845
05990 +0.846
06000 +0.846
06010 +0.844
06020 +0.840
06030 +0.835
06040 +0.828
06050 +0.820
06060 +0.811
06070 +0.800
06080 +0.789
06090 +0.776
06100 +0.762
06110 +0.748
06120 +0.732
06130 +0.715
06140 +0.698
06150 +0.680
06160 +0.663
06170 +0.647
06180 +0.631
06190 +0.617
06200 +0.603
06210 +0.590
06220 +0.578
06230 +0.567
06240 +0.557
06250 +0.548
06260 +0.539
06270 +0.533
06280 +0.527
06290 +0.524
06300 +0.521
06310 +0.519
06320 +0.518
06330 +0.516
06340 +0.515
06350 +0.513
06360 +0.511
06370 +0.509
06380 +0.507
06390 +0.505
06400 +0.503
06410 +0.500
06420 +0.497
06430 +0.492
06440 +0.486
06450 +0.479
06460 +0.471
06470 +0.462
06480 +0.453
06490 +0.443
06500 +0.434
06510 +0.425
06520 +0.416
06530 +0.406
06540 +0.396
06550 +0.385
06560 +0.374
06570 +0.364
06580 +0.353
06590 +0.344
06600 +0.335
06610 +0.327
06620 +0.319
06630 +0.312
06640 +0.304
06650 +0.296
06660 +0.287
06670 +0.277
06680 +0.267
06690 +0.257
06700 +0.247
06710 +0.237
06720 +0.226
06730 +0.215
06740 +0.203
06750 +0.190
06760 +0.176
06770 +0.160
06780 +0.143
06790 +0.126
06800 +0.109
06810 +0.093
06820 +0.077
06830 +0.062
06840 +0.048
06850 +0.034
06860 +0.020
06870 +0.007
06880 -0.005
06890 -0.015
06900 -0.023
06910 -0.028
06920 -0.030
06930 -0.029
06940 -0.025
06950 -0.019
06960 -0.012
06970 -0.002
06980 +0.009
06990 +0.021
07000 +0.036
07010 +0.053
07020 +0.071
07030 +0.091
07040 +0.112
07050 +0.132
07060 +0.152
07070 +0.171
07080 +0.188
07090 +0.203
07100 +0.216
07110 +0.228
07120 +0.238
07130 +0.246
07140 +0.252
07150 +0.256
07160 +0.258
07170 +0.256
07180 +0.252
07190 +0.245
07200 +0.235
07210 +0.224
07220 +0.212
07230 +0.199
07240 +0.186
07250 +0.174
07260 +0.161
07270 +0.148
07280 +0.136
07290 +0.123
07300 +0.111
07310 +0.100
07320 +0.091
07330 +0.084
07340 +0.080
07350 +0.079
07360 +0.080
07370 +0.084
07380 +0.088
07390 +0.094
07400 +0.100
07410 +0.107
07420 +0.114
07430 +0.123
07440 +0.132
07450 +0.141
07460 +0.150
07470 +0.159
07480 +0.165
07490 +0.169
07500 +0.169
07510 +0.166
07520 +0.160
07530 +0.150
07540 +0.138
07550 +0.123
07560 +0.105
07570 +0.085
07580 +0.063
07590 +0.036
07600 +0.007
07610 -0.026
07620 -0.061
07630 -0.097
07640 -0.135
07650 -0.172
07660 -0.208
07670 -0.242
07680 -0.275
07690 -0.306
07700 -0.336
07710 -0.364
07720 -0.389
07730 -0.411
07740 -0.429
07750 -0.442
07760 -0.449
07770 -0.449
07780 -0.443
07790 -0.432
07800 -0.416
07810 -0.395
07820 -0.370
07830 -0.341
07840 -0.307
07850 -0.269
07860 -0.227
07870 -0.180
07880 -0.131
07890 -0.080
07900 -0.029
07910 +0.021
07920 +0.069
07930 +0.115
07940 +0.159
07950 +0.199
07960 +0.238
07970 +0.273
07980 +0.307
07990 +0.337
08000 +0.363
08010 +0.386
08020 +0.404
08030 +0.418
08040 +0.429
08050 +0.437
08060 +0.443
08070 +0.448
08080 +0.452
08090 +0.456
08100 +0.459
08110 +0.462
08120 +0.463
08130 +0.463
08140 +0.463
08150 +0.461
08160 +0.459
08170 +0.458
08180 +0.458
08190 +0.458
08200 +0.459
08210 +0.459
08220 +0.459
08230 +0.457
08240 +0.453
08250 +0.448
08260 +0.441
08270 +0.432
08280 +0.423
08290 +0.413
08300 +0.403
08310 +0.391
08320 +0.378
08330 +0.363
08340 +0.346
08350 +0.326
08360 +0.304
08370 +0.280
08380 +0.256
08390 +0.233
08400 +0.210
08410 +0.188
08420 +0.167
08430 +0.147
08440 +0.126
08450 +0.106
08460 +0.086
08470 +0.067
08480 +0.050
08490 +0.036
08500 +0.025
08510 +0.018
08520 +0.014
08530 +0.013
08540 +0.015
08550 +0.018
08560 +0.022
08570 +0.029
08580 +0.037
08590 +0.048
08600 +0.062
08610 +0.079
08620 +0.099
08630 +0.121
08640 +0.144
08650 +0.167
08660 +0.190
08670 +0.212
08680 +0.233
08690 +0.254
08700 +0.276
08710 +0.299
08720 +0.322
08730 +0.345
08740 +0.367
08750 +0.389
08760 +0.408
08770 +0.425
08780 +0.440
08790 +0.453
08800 +0.465
08810 +0.477
08820 +0.490
08830 +0.502
08840 +0.514
08850 +0.524
08860 +0.533
08870 +0.540
08880 +0.545
08890 +0.548
08900 +0.549
08910 +0.550
08920 +0.550
08930 +0.551
08940 +0.551
08950 +0.551
08960 +0.548
08970 +0.544
08980 +0.536
08990 +0.526
09000 +0.514
09010 +0.500
09020 +0.485
09030 +0.471
09040 +0.456
09050 +0.440
09060 +0.424
09070 +0.406
09080 +0.387
09090 +0.365
09100 +0.342
09110 +0.318
09120 +0.295
09130 +0.274
09140 +0.254
09150 +0.237
09160 +0.221
09170 +0.206
09180 +0.192
09190 +0.179
09200 +0.165
09210 +0.153
09220 +0.143
09230 +0.136
09240 +0.132
09250 +0.131
09260 +0.133
09270 +0.136
09280 +0.140
09290 +0.144
09300 +0.147
09310 +0.150
09320 +0.152
09330 +0.155
09340 +0.158
09350 +0.162
09360 +0.166
09370 +0.169
09380 +0.170
09390 +0.169
09400 +0.165
09410 +0.157
09420 +0.145
09430 +0.131
09440 +0.115
09450 +0.097
09460 +0.078
09470 +0.057
09480 +0.033
09490 +0.007
09500 -0.023
09510 -0.057
09520 -0.095
09530 -0.135
09540 -0.177
09550 -0.220
09560 -0.262
09570 -0.304
09580 -0.346
09590 -0.388
09600 -0.431
09610 -0.475
09620 -0.520
09630 -0.566
09640 -0.611
09650 -0.654
09660 -0.695
09670 -0.733
09680 -0.768
09690 -0.802
09700 -0.835
09710 -0.867
09720 -0.901
09730 -0.935
09740 -0.969
09750 -1.003
09760 -1.036
09770 -1.068
09780 -1.098
09790 -1.128
09800 -1.159
09810 -1.192
09820 -1.227
09830 -1.265
09840 -1.305
09850 -1.348
09860 -1.391
09870 -1.435
09880 -1.478
09890 -1.522
09900 -1.566
09910 -1.612
09920 -1.660
09930 -1.710
09940 -1.762
09950 -1.816
09960 -1.871
09970 -1.924
09980 -1.976
09990 -2.025
10000 -2.073
10010 -2.119
10020 -2.165
10030 -2.211
10040 -2.257
10050 -2.302
10060 -2.345
10070 -2.386
10080 -2.423
10090 -2.455
10100 -2.484
10110 -2.509
10120 -2.532
10130 -2.554
10140 -2.574
10150 -2.594
10160 -2.612
10170 -2.628
10180 -2.641
10190 -2.651
10200 -2.657
10210 -2.660
10220 -2.662
10230 -2.662
10240 -2.664
10250 -2.666
10260 -2.668
10270 -2.671
10280 -2.672
10290 -2.671
10300 -2.667
10310 -2.662
10320 -2.654
10330 -2.646
10340 -2.638
10350 -2.632
10360 -2.626
10370 -2.620
10380 -2.613
10390 -2.604
10400 -2.591
10410 -2.574
10420 -2.555
10430 -2.534
10440 -2.513
10450 -2.491
10460 -2.471
10470 -2.451
10480 -2.430
10490 -2.407
10500 -2.383
10510 -2.356
10520 -2.328
10530 -2.300
10540 -2.274
10550 -2.249
10560 -2.229
10570 -2.211
10580 -2.196
10590 -2.183
10600 -2.170
10610 -2.158
10620 -2.147
10630 -2.137
10640 -2.128
10650 -2.123
10660 -2.121
10670 -2.123
10680 -2.128
10690 -2.134
10700 -2.141
10710 -2.147
10720 -2.152
10730 -2.157
10740 -2.161
10750 -2.165
10760 -2.171
10770 -2.178
10780 -2.187
10790 -2.195
10800 -2.203
10810 -2.208
10820 -2.210
10830 -2.209
10840 -2.206
10850 -2.201
10860 -2.196
10870 -2.191
10880 -2.186
10890 -2.181
10900 -2.175
10910 -2.167
10920 -2.156
10930 -2.143
10940 -2.126
10950 -2.108
10960 -2.090
10970 -2.072
10980 -2.056
10990 -2.040
11000 -2.025
11010 -2.009
11020 -1.991
11030 -1.970
11040 -1.947
11050 -1.920
11060 -1.893
11070 -1.864
11080 -1.835
11090 -1.806
11100 -1.776
11110 -1.743
11120 -1.705
11130 -1.661
11140 -1.610
11150 -1.552
11160 -1.488
11170 -1.419
11180 -1.345
11190 -1.267
11200 -1.184
11210 -1.095
11220 -0.998
11230 -0.892
11240 -0.776
11250 -0.651
11260 -0.518
11270 -0.379
11280 -0.236
11290 -0.091
11300 +0.056
11310 +0.204
11320 +0.355
11330 +0.507
11340 +0.662
11350 +0.816
11360 +0.968
11370 +1.114
11380 +1.251
11390 +1.376
11400 +1.489
11410 +1.589
11420 +1.676
11430 +1.752
11440 +1.815
11450 +1.867
11460 +1.907
11470 +1.932
11480 +1.944
11490 +1.942
11500 +1.927
11510 +1.901
11520 +1.867
11530 +1.827
11540 +1.784
11550 +1.739
11560 +1.693
11570 +1.648
11580 +1.603
11590 +1.559
11600 +1.516
11610 +1.475
11620 +1.438
11630 +1.406
11640 +1.381
11650 +1.365
11660 +1.356
11670 +1.356
11680 +1.364
11690 +1.377
11700 +1.397
11710 +1.421
11720 +1.451
11730 +1.486
11740 +1.527
11750 +1.575
11760 +1.629
11770 +1.690
11780 +1.756
11790 +1.825
11800 +1.896
11810 +1.968
11820 +2.038
11830 +2.108
11840 +2.178
11850 +2.249
11860 +2.320
11870 +2.391
11880 +2.462
11890 +2.531
11900 +2.596
11910 +2.657
11920 +2.711
11930 +2.761
11940 +2.805
11950 +2.845
11960 +2.882
11970 +2.918
11980 +2.951
11990 +2.982
12000 +3.009
12010 +3.032
12020 +3.050
12030 +3.063
12040 +3.073
12050 +3.081
12060 +3.089
12070 +3.097
12080 +3.107
12090 +3.118
12100 +3.129
12110 +3.141
12120 +3.151
12130 +3.160
12140 +3.168
12150 +3.176
12160 +3.185
12170 +3.195
12180 +3.208
12190 +3.223
12200 +3.240
12210 +3.257
12220 +3.272
12230 +3.286
12240 +3.297
12250 +3.305
12260 +3.311
12270 +3.317
12280 +3.322
12290 +3.327
12300 +3.331
12310 +3.334
12320 +3.334
12330 +3.330
12340 +3.322
12350 +3.309
12360 +3.293
12370 +3.273
12380 +3.252
12390 +3.231
12400 +3.209
12410 +3.187
12420 +3.164
12430 +3.139
12440 +3.111
12450 +3.081
12460 +3.049
12470 +3.016
12480 +2.983
12490 +2.953
12500 +2.925
12510 +2.901
12520 +2.879
12530 +2.859
12540 +2.840
12550 +2.822
12560 +2.804
12570 +2.787
12580 +2.773
12590 +2.761
12600 +2.754
12610 +2.751
12620 +2.752
12630 +2.757
12640 +2.763
12650 +2.770
12660 +2.778
12670 +2.784
12680 +2.791
12690 +2.799
12700 +2.808
12710 +2.820
12720 +2.835
12730 +2.852
12740 +2.869
12750 +2.886
12760 +2.901
12770 +2.913
12780 +2.922
12790 +2.930
12800 +2.937
12810 +2.946
12820 +2.956
12830 +2.968
12840 +2.981
12850 +2.993
12860 +3.004
12870 +3.013
12880 +3.019
12890 +3.024
12900 +3.029
12910 +3.035
12920 +3.043
12930 +3.055
12940 +3.069
12950 +3.085
12960 +3.102
12970 +3.118
12980 +3.132
12990 +3.145
13000 +3.157
13010 +3.171
13020 +3.186
13030 +3.205
13040 +3.226
13050 +3.250
13060 +3.276
13070 +3.300
13080 +3.323
13090 +3.343
13100 +3.362
13110 +3.378
13120 +3.395
13130 +3.414
13140 +3.435
13150 +3.458
13160 +3.482
13170 +3.506
13180 +3.527
13190 +3.545
13200 +3.559
13210 +3.570
13220 +3.579
13230 +3.589
13240 +3.600
13250 +3.613
13260 +3.629
13270 +3.644
13280 +3.659
13290 +3.670
13300 +3.676
13310 +3.679
13320 +3.680
13330 +3.680
13340 +3.681
13350 +3.686
13360 +3.693
13370 +3.703
13380 +3.713
13390 +3.722
13400 +3.727
13410 +3.729
13420 +3.728
13430 +3.725
13440 +3.724
13450 +3.726
13460 +3.733
13470 +3.744
13480 +3.757
13490 +3.771
13500 +3.783
13510 +3.790
13520 +3.794
13530 +3.796
13540 +3.797
13550 +3.801
13560 +3.811
13570 +3.825
13580 +3.844
13590 +3.863
13600 +3.881
13610 +3.894
13620 +3.902
13630 +3.904
13640 +3.904
13650 +3.905
13660 +3.910
13670 +3.919
13680 +3.931
13690 +3.945
13700 +3.956
13710 +3.961
13720 +3.958
13730 +3.948
13740 +3.934
13750 +3.918
13760 +3.905
13770 +3.895
13780 +3.891
13790 +3.888
13800 +3.886
13810 +3.880
13820 +3.868
13830 +3.850
13840 +3.828
13850 +3.805
13860 +3.784
13870 +3.769
13880 +3.762
13890 +3.760
13900 +3.762
13910 +3.763
13920 +3.760
13930 +3.752
13940 +3.740
13950 +3.724
13960 +3.710
13970 +3.701
13980 +3.698
13990 +3.702
14000 +3.709
14010 +3.717
14020 +3.720
14030 +3.716
14040 +3.703
14050 +3.684
14060 +3.662
14070 +3.640
14080 +3.622
14090 +3.608
14100 +3.596
14110 +3.583
14120 +3.565
14130 +3.538
14140 +3.501
14150 +3.455
14160 +3.403
14170 +3.349
14180 +3.298
14190 +3.251
14200 +3.210
14210 +3.171
14220 +3.132
14230 +3.089
14240 +3.039
14250 +2.984
14260 +2.926
14270 +2.869
14280 +2.818
14290 +2.776
14300 +2.746
14310 +2.726
14320 +2.713
14330 +2.702
14340 +2.690
14350 +2.676
14360 +2.661
14370 +2.648
14380 +2.641
14390 +2.645
14400 +2.660
14410 +2.686
14420 +2.719
14430 +2.754
14440 +2.787
14450 +2.814
14460 +2.835
14470 +2.851
14480 +2.865
14490 +2.882
14500 +2.903
14510 +2.928
14520 +2.955
14530 +2.980
14540 +2.998
14550 +3.005
14560 +3.001
14570 +2.985
14580 +2.963
14590 +2.937
14600 +2.913
14610 +2.893
14620 +2.876
14630 +2.861
14640 +2.844
14650 +2.822
14660 +2.793
14670 +2.758
14680 +2.718
14690 +2.680
14700 +2.646
14710 +2.622
14720 +2.608
14730 +2.602
14740 +2.600
14750 +2.600
14760 +2.596
14770 +2.587
14780 +2.575
14790 +2.562
14800 +2.551
14810 +2.547
14820 +2.551
14830 +2.562
14840 +2.576
14850 +2.590
14860 +2.600
14870 +2.603
14880 +2.599
14890 +2.589
14900 +2.576
14910 +2.565
14920 +2.557
14930 +2.555
14940 +2.557
14950 +2.560
14960 +2.562
14970 +2.558
14980 +2.549
14990 +2.532
15000 +2.512
15010 +2.493
15020 +2.477
15030 +2.469
15040 +2.469
15050 +2.476
15060 +2.488
15070 +2.500
15080 +2.509
15090 +2.514
15100 +2.515
15110 +2.516
15120 +2.521
15130 +2.534
15140 +2.557
15150 +2.590
15160 +2.629
15170 +2.670
15180 +2.707
15190 +2.739
15200 +2.763
15210 +2.782
15220 +2.800
15230 +2.820
15240 +2.845
15250 +2.877
15260 +2.913
15270 +2.949
15280 +2.982
15290 +3.007
15300 +3.022
15310 +3.028
15320 +3.029
15330 +3.028
15340 +3.030
15350 +3.037
15360 +3.051
15370 +3.070
15380 +3.090
15390 +3.107
15400 +3.118
15410 +3.122
15420 +3.119
15430 +3.113
15440 +3.110
15450 +3.113
15460 +3.127
15470 +3.151
15480 +3.181
15490 +3.212
15500 +3.239
15510 +3.256
15520 +3.263
15530 +3.261
15540 +3.257
15550 +3.255
15560 +3.260
15570 +3.274
15580 +3.293
15590 +3.311
15600 +3.321
15610 +3.318
15620 +3.299
15630 +3.266
15640 +3.225
15650 +3.184
15660 +3.148
15670 +3.120
15680 +3.100
15690 +3.082
15700 +3.063
15710 +3.037
15720 +3.002
15730 +2.958
15740 +2.910
15750 +2.865
15760 +2.830
15770 +2.810
15780 +2.807
15790 +2.819
15800 +2.843
15810 +2.872
15820 +2.902
15830 +2.930
15840 +2.956
15850 +2.985
15860 +3.023
15870 +3.074
15880 +3.143
15890 +3.228
15900 +3.323
15910 +3.420
15920 +3.510
15930 +3.585
15940 +3.641
15950 +3.680
15960 +3.708
15970 +3.733
15980 +3.760
15990 +3.790
16000 +3.820
16010 +3.842
16020 +3.847
16030 +3.830
16040 +3.788
16050 +3.726
16060 +3.650
16070 +3.572
16080 +3.499
16090 +3.435
16100 +3.380
16110 +3.330
16120 +3.279
16130 +3.222
16140 +3.157
16150 +3.084
16160 +3.009
16170 +2.939
16180 +2.883
16190 +2.845
16200 +2.828
16210 +2.831
16220 +2.848
16230 +2.873
16240 +2.899
16250 +2.922
16260 +2.939
16270 +2.956
16280 +2.978
16290 +3.012
16300 +3.062
16310 +3.127
16320 +3.202
16330 +3.278
16340 +3.342
16350 +3.385
16360 +3.403
16370 +3.396
16380 +3.373
16390 +3.342
16400 +3.311
16410 +3.284
16420 +3.256
16430 +3.220
16440 +3.165
16450 +3.082
16460 +2.969
16470 +2.827
16480 +2.667
16490 +2.502
16500 +2.342
16510 +2.196
16520 +2.064
16530 +1.943
16540 +1.827
16550 +1.709
16560 +1.585
16570 +1.457
16580 +1.331
16590 +1.218
16600 +1.131
16610 +1.079
16620 +1.062
16630 +1.075
16640 +1.107
16650 +1.143
16660 +1.170
16670 +1.180
16680 +1.172
16690 +1.153
16700 +1.131
16710 +1.115
16720 +1.106
16730 +1.100
16740 +1.088
16750 +1.059
16760 +1.003
16770 +0.917
16780 +0.806
16790 +0.678
16800 +0.547
16810 +0.424
16820 +0.314
16830 +0.217
16840 +0.130
16850 +0.047
16860 -0.036
16870 -0.122
16880 -0.206
16890 -0.284
16900 -0.346
16910 -0.385
16920 -0.395
16930 -0.374
16940 -0.324
16950 -0.249
16960 -0.153
16970 -0.043
16980 +0.078
16990 +0.208
17000 +0.347
17010 +0.498
17020 +0.661
17030 +0.838
17040 +1.029
17050 +1.231
17060 +1.438
17070 +1.644
17080 +1.841
17090 +2.023
17100 +2.185
17110 +2.326
17120 +2.447
17130 +2.554
17140 +2.652
17150 +2.743
17160 +2.827
17170 +2.897
17180 +2.947
17190 +2.967
17200 +2.955
17210 +2.910
17220 +2.840
17230 +2.753
17240 +2.662
17250 +2.573
17260 +2.490
17270 +2.413
17280 +2.338
17290 +2.264
17300 +2.187
17310 +2.112
17320 +2.042
17330 +1.987
17340 +1.956
17350 +1.958
17360 +1.998
17370 +2.077
17380 +2.192
17390 +2.337
17400 +2.502
17410 +2.676
17420 +2.853
17430 +3.028
17440 +3.200
17450 +3.374
17460 +3.555
17470 +3.745
17480 +3.940
17490 +4.131
17500 +4.301
17510 +4.432
17520 +4.508
17530 +4.524
17540 +4.486
17550 +4.409
17560 +4.311
17570 +4.202
17580 +4.082
17590 +3.944
17600 +3.778
17610 +3.575
17620 +3.338
17630 +3.079
17640 +2.820
17650 +2.582
17660 +2.384
17670 +2.238
17680 +2.147
17690 +2.112
17700 +2.127
17710 +2.188
17720 +2.290
17730 +2.426
17740 +2.592
17750 +2.782
17760 +2.991
17770 +3.213
17780 +3.444
17790 +3.682
17800 +3.922
17810 +4.160
17820 +4.388
17830 +4.596
17840 +4.770
17850 +4.900
17860 +4.983
17870 +5.025
17880 +5.040
17890 +5.039
17900 +5.030
17910 +5.012
17920 +4.976
17930 +4.910
17940 +4.801
17950 +4.645
17960 +4.449
17970 +4.230
17980 +4.009
17990 +3.802
18000 +3.622
18010 +3.473
18020 +3.354
18030 +3.263
18040 +3.200
18050 +3.164
18060 +3.159
18070 +3.191
18080 +3.268
18090 +3.395
18100 +3.580
18110 +3.821
18120 +4.114
18130 +4.448
18140 +4.807
18150 +5.172
18160 +5.525
18170 +5.849
18180 +6.139
18190 +6.396
18200 +6.635
18210 +6.868
18220 +7.103
18230 +7.335
18240 +7.549
18250 +7.713
18260 +7.796
18270 +7.777
18280 +7.655
18290 +7.456
18300 +7.216
18310 +6.965
18320 +6.718
18330 +6.472
18340 +6.216
18350 +5.938
18360 +5.638
18370 +5.332
18380 +5.051
18390 +4.829
18400 +4.693
18410 +4.657
18420 +4.720
18430 +4.874
18440 +5.101
18450 +5.382
18460 +5.695
18470 +6.016
18480 +6.324
18490 +6.600
18500 +6.836
18510 +7.035
18520 +7.212
18530 +7.381
18540 +7.555
18550 +7.732
18560 +7.901
18570 +8.037
18580 +8.116
18590 +8.118
18600 +8.043
18610 +7.911
18620 +7.754
18630 +7.602
18640 +7.474
18650 +7.371
18660 +7.280
18670 +7.181
18680 +7.055
18690 +6.892
18700 +6.697
18710 +6.489
18720 +6.297
18730 +6.146
18740 +6.054
18750 +6.026
18760 +6.060
18770 +6.149
18780 +6.282
18790 +6.449
18800 +6.641
18810 +6.851
18820 +7.076
18830 +7.316
18840 +7.576
18850 +7.861
18860 +8.176
18870 +8.526
18880 +8.911
18890 +9.325
18900 +9.755
18910 +10.181
18920 +10.580
18930 +10.934
18940 +11.237
18950 +11.500
18960 +11.750
18970 +12.014
18980 +12.316
18990 +12.666
19000 +13.061
19010 +13.478
19020 +13.879
19030 +14.220
19040 +14.469
19050 +14.620
19060 +14.703
19070 +14.764
19080 +14.849
19090 +14.990
19100 +15.201
19110 +15.478
19120 +15.799
19130 +16.126
19140 +16.411
19150 +16.608
19160 +16.696
19170 +16.688
19180 +16.625
19190 +16.557
19200 +16.527
19210 +16.567
19220 +16.698
19230 +16.923
19240 +17.222
19250 +17.549
19260 +17.826
19270 +17.969
19280 +17.924
19290 +17.707
19300 +17.389
19310 +17.060
19320 +16.795
19330 +16.644
19340 +16.629
19350 +16.743
19360 +16.935
19370 +17.117
19380 +17.180
19390 +17.054
19400 +16.744
19410 +16.332
19420 +15.918
19430 +15.585
19440 +15.383
19450 +15.330
19460 +15.407
19470 +15.555
19480 +15.679
19490 +15.680
19500 +15.506
19510 +15.184
19520 +14.795
19530 +14.430
19540 +14.158
19550 +14.015
19560 +14.005
19570 +14.095
19580 +14.217
19590 +14.280
19600 +14.209
19610 +13.987
19620 +13.663
19630 +13.314
19640 +13.016
19650 +12.816
19660 +12.731
19670 +12.749
19680 +12.823
19690 +12.878
19700 +12.842
19710 +12.672
19720 +12.389
19730 +12.050
19740 +11.724
19750 +11.460
19760 +11.284
19770 +11.191
19780 +11.153
19790 +11.113
19800 +11.010
19810 +10.801
19820 +10.485
19830 +10.100
19840 +9.696
19850 +9.319
19860 +8.993
19870 +8.723
19880 +8.492
19890 +8.272
19900 +8.026
19910 +7.724
19920 +7.361
19930 +6.952
19940 +6.532
19950 +6.135
19960 +5.787
19970 +5.503
19980 +5.290
19990 +5.141
20000 +5.038
20010 +4.958
20020 +4.874
20030 +4.772
20040 +4.652
20050 +4.529
20060 +4.421
20070 +4.347
20080 +4.316
20090 +4.328
20100 +4.368
20110 +4.409
20120 +4.422
20130 +4.386
20140 +4.297
20150 +4.171
20160 +4.030
20170 +3.896
20180 +3.781
20190 +3.692
20200 +3.623
20210 +3.565
20220 +3.504
20230 +3.429
20240 +3.338
20250 +3.233
20260 +3.122
20270 +3.018
20280 +2.931
20290 +2.867
20300 +2.833
20310 +2.827
20320 +2.846
20330 +2.877
20340 +2.906
20350 +2.921
20360 +2.915
20370 +2.890
20380 +2.855
20390 +2.827
20400 +2.817
20410 +2.834
20420 +2.881
20430 +2.949
20440 +3.023
20450 +3.081
20460 +3.108
20470 +3.101
20480 +3.070
20490 +3.034
20500 +3.014
20510 +3.027
20520 +3.080
20530 +3.170
20540 +3.279
20550 +3.381
20560 +3.446
20570 +3.461
20580 +3.437
20590 +3.403
20600 +3.392
20610 +3.430
20620 +3.524
20630 +3.648
20640 +3.725
20650 +3.640
20660 +3.337
20670 +2.891
20680 +2.440
20690 +2.065
20700 +1.783
20710 +1.579
20720 +1.435
20730 +1.332
20740 +1.256
20750 +1.199
20760 +1.154
20770 +1.115
20780 +1.080
20790 +1.048
20800 +1.019
20810 +0.994
20820 +0.973
20830 +0.956
20840 +0.940
20850 +0.921
20860 +0.894
20870 +0.856
20880 +0.807
20890 +0.749
20900 +0.686
20910 +0.623
20920 +0.565
20930 +0.515
20940 +0.470
20950 +0.426
20960 +0.377
20970 +0.319
20980 +0.247
20990 +0.164
21000 +0.073
21010 -0.020
21020 -0.107
21030 -0.185
21040 -0.253
21050 -0.314
21060 -0.373
21070 -0.436
21080 -0.507
21090 -0.585
21100 -0.667
21110 -0.744
21120 -0.811
21130 -0.859
21140 -0.887
21150 -0.894
21160 -0.886
21170 -0.867
21180 -0.842
21190 -0.814
21200 -0.785
21210 -0.751
21220 -0.710
21230 -0.656
21240 -0.589
21250 -0.510
21260 -0.424
21270 -0.337
21280 -0.257
21290 -0.192
21300 -0.144
21310 -0.115
21320 -0.099
21330 -0.090
21340 -0.082
21350 -0.071
21360 -0.056
21370 -0.041
21380 -0.032
21390 -0.035
21400 -0.055
21410 -0.093
21420 -0.144
21430 -0.200
21440 -0.252
21450 -0.293
21460 -0.321
21470 -0.338
21480 -0.347
21490 -0.357
21500 -0.372
21510 -0.397
21520 -0.429
21530 -0.462
21540 -0.488
21550 -0.501
21560 -0.496
21570 -0.474
21580 -0.442
21590 -0.407
21600 -0.381
21610 -0.370
21620 -0.378
21630 -0.402
21640 -0.436
21650 -0.470
21660 -0.501
21670 -0.525
21680 -0.546
21690 -0.572
21700 -0.611
21710 -0.672
21720 -0.756
21730 -0.863
21740 -0.984
21750 -1.109
21760 -1.229
21770 -1.341
21780 -1.444
21790 -1.545
21800 -1.649
21810 -1.765
21820 -1.895
21830 -2.040
21840 -2.191
21850 -2.340
21860 -2.478
21870 -2.598
21880 -2.698
21890 -2.781
21900 -2.852
21910 -2.919
21920 -2.984
21930 -3.051
21940 -3.117
21950 -3.177
21960 -3.224
21970 -3.254
21980 -3.265
21990 -3.259
22000 -3.242
22010 -3.219
22020 -3.199
22030 -3.187
22040 -3.186
22050 -3.195
22060 -3.210
22070 -3.225
22080 -3.236
22090 -3.241
22100 -3.241
22110 -3.240
22120 -3.245
22130 -3.262
22140 -3.294
22150 -3.343
22160 -3.405
22170 -3.471
22180 -3.535
22190 -3.590
22200 -3.636
22210 -3.672
22220 -3.704
22230 -3.738
22240 -3.776
22250 -3.820
22260 -3.868
22270 -3.913
22280 -3.948
22290 -3.966
22300 -3.965
22310 -3.944
22320 -3.906
22330 -3.858
22340 -3.805
22350 -3.753
22360 -3.704
22370 -3.657
22380 -3.612
22390 -3.562
22400 -3.506
22410 -3.442
22420 -3.371
22430 -3.299
22440 -3.231
22450 -3.174
22460 -3.133
22470 -3.110
22480 -3.103
22490 -3.106
22500 -3.114
22510 -3.120
22520 -3.122
22530 -3.121
22540 -3.121
22550 -3.127
22560 -3.145
22570 -3.176
22580 -3.220
22590 -3.269
22600 -3.318
22610 -3.359
22620 -3.386
22630 -3.401
22640 -3.404
22650 -3.400
22660 -3.393
22670 -3.388
22680 -3.385
22690 -3.382
22700 -3.375
22710 -3.360
22720 -3.333
22730 -3.293
22740 -3.241
22750 -3.180
22760 -3.116
22770 -3.053
22780 -2.996
22790 -2.948
22800 -2.909
22810 -2.875
22820 -2.843
22830 -2.809
22840 -2.770
22850 -2.727
22860 -2.682
22870 -2.640
22880 -2.606
22890 -2.585
22900 -2.579
22910 -2.585
22920 -2.600
22930 -2.616
22940 -2.628
22950 -2.634
22960 -2.633
22970 -2.628
22980 -2.625
22990 -2.629
23000 -2.643
23010 -2.668
23020 -2.700
23030 -2.733
23040 -2.762
23050 -2.780
23060 -2.786
23070 -2.780
23080 -2.767
23090 -2.751
23100 -2.739
23110 -2.732
23120 -2.733
23130 -2.739
23140 -2.745
23150 -2.745
23160 -2.736
23170 -2.715
23180 -2.684
23190 -2.647
23200 -2.609
23210 -2.578
23220 -2.558
23230 -2.550
23240 -2.551
23250 -2.558
23260 -2.562
23270 -2.559
23280 -2.545
23290 -2.523
23300 -2.497
23310 -2.472
23320 -2.455
23330 -2.450
23340 -2.457
23350 -2.472
23360 -2.488
23370 -2.498
23380 -2.496
23390 -2.481
23400 -2.454
23410 -2.419
23420 -2.384
23430 -2.352
23440 -2.327
23450 -2.309
23460 -2.294
23470 -2.278
23480 -2.256
23490 -2.224
23500 -2.180
23510 -2.129
23520 -2.073
23530 -2.019
23540 -1.972
23550 -1.937
23560 -1.915
23570 -1.903
23580 -1.897
23590 -1.893
23600 -1.887
23610 -1.878
23620 -1.866
23630 -1.856
23640 -1.854
23650 -1.862
23660 -1.886
23670 -1.924
23680 -1.974
23690 -2.031
23700 -2.089
23710 -2.146
23720 -2.200
23730 -2.252
23740 -2.304
23750 -2.360
23760 -2.423
23770 -2.492
23780 -2.568
23790 -2.647
23800 -2.726
23810 -2.800
23820 -2.867
23830 -2.926
23840 -2.978
23850 -3.023
23860 -3.063
23870 -3.101
23880 -3.136
23890 -3.171
23900 -3.203
23910 -3.234
23920 -3.260
23930 -3.281
23940 -3.296
23950 -3.305
23960 -3.308
23970 -3.308
23980 -3.306
23990 -3.303
