00000 -1.760
00010 -1.746
00020 -1.707
00030 -1.654
00040 -1.602
00050 -1.571
00060 -1.577
00070 -1.622
00080 -1.692
00090 -1.762
00100 -1.815
00110 -1.838
00120 -1.834
00130 -1.810
00140 -1.780
00150 -1.762
00160 -1.775
00170 -1.830
00180 -1.926
00190 -2.048
00200 -2.173
00210 -2.282
00220 -2.369
00230 -2.439
00240 -2.512
00250 -2.612
00260 -2.768
00270 -2.999
00280 -3.310
00290 -3.684
00300 -4.081
00310 -4.464
00320 -4.803
00330 -5.093
00340 -5.341
00350 -5.565
00360 -5.775
00370 -5.974
00380 -6.152
00390 -6.295
00400 -6.387
00410 -6.425
00420 -6.412
00430 -6.364
00440 -6.299
00450 -6.234
00460 -6.183
00470 -6.155
00480 -6.152
00490 -6.170
00500 -6.200
00510 -6.229
00520 -6.248
00530 -6.253
00540 -6.246
00550 -6.235
00560 -6.230
00570 -6.241
00580 -6.275
00590 -6.334
00600 -6.412
00610 -6.501
00620 -6.590
00630 -6.669
00640 -6.734
00650 -6.786
00660 -6.835
00670 -6.890
00680 -6.962
00690 -7.057
00700 -7.177
00710 -7.316
00720 -7.462
00730 -7.604
00740 -7.733
00750 -7.843
00760 -7.940
00770 -8.033
00780 -8.131
00790 -8.243
00800 -8.372
00810 -8.512
00820 -8.653
00830 -8.783
00840 -8.890
00850 -8.973
00860 -9.035
00870 -9.086
00880 -9.139
00890 -9.205
00900 -9.289
00910 -9.394
00920 -9.517
00930 -9.654
00940 -9.797
00950 -9.941
00960 -10.081
00970 -10.217
00980 -10.353
00990 -10.494
01000 -10.647
01010 -10.817
01020 -11.005
01030 -11.209
01040 -11.422
01050 -11.635
01060 -11.837
01070 -12.022
01080 -12.188
01090 -12.337
01100 -12.479
01110 -12.621
01120 -12.769
01130 -12.922
01140 -13.074
01150 -13.214
01160 -13.327
01170 -13.403
01180 -13.437
01190 -13.434
01200 -13.404
01210 -13.359
01220 -13.309
01230 -13.259
01240 -13.207
01250 -13.145
01260 -13.067
01270 -12.966
01280 -12.842
01290 -12.699
01300 -12.549
01310 -12.402
01320 -12.269
01330 -12.157
01340 -12.070
01350 -12.007
01360 -11.965
01370 -11.941
01380 -11.933
01390 -11.941
01400 -11.970
01410 -12.028
01420 -12.126
01430 -12.276
01440 -12.492
01450 -12.784
01460 -13.160
01470 -13.622
01480 -14.168
01490 -14.793
01500 -15.486
01510 -16.231
01520 -17.006
01530 -17.772
01540 -18.466
01550 -18.993
01560 -19.244
01570 -19.144
01580 -18.710
01590 -18.049
01600 -17.290
01610 -16.537
01620 -15.848
01630 -15.246
01640 -14.729
01650 -14.285
01660 -13.901
01670 -13.562
01680 -13.262
01690 -12.995
01700 -12.763
01710 -12.565
01720 -12.401
01730 -12.268
01740 -12.164
01750 -12.082
01760 -12.021
01770 -11.977
01780 -11.950
01790 -11.938
01800 -11.940
01810 -11.955
01820 -11.980
01830 -12.014
01840 -12.054
01850 -12.102
01860 -12.158
01870 -12.224
01880 -12.302
01890 -12.394
01900 -12.498
01910 -12.610
01920 -12.726
01930 -12.842
01940 -12.955
01950 -13.063
01960 -13.168
01970 -13.273
01980 -13.380
01990 -13.491
02000 -13.605
02010 -13.717
02020 -13.823
02030 -13.914
02040 -13.986
02050 -14.037
02060 -14.067
02070 -14.080
02080 -14.082
02090 -14.081
02100 -14.080
02110 -14.083
02120 -14.087
02130 -14.089
02140 -14.083
02150 -14.065
02160 -14.034
02170 -13.992
02180 -13.946
02190 -13.903
02200 -13.872
02210 -13.858
02220 -13.859
02230 -13.870
02240 -13.882
02250 -13.884
02260 -13.869
02270 -13.835
02280 -13.789
02290 -13.737
02300 -13.691
02310 -13.659
02320 -13.644
02330 -13.642
02340 -13.642
02350 -13.633
02360 -13.603
02370 -13.550
02380 -13.478
02390 -13.399
02400 -13.331
02410 -13.290
02420 -13.285
02430 -13.318
02440 -13.379
02450 -13.454
02460 -13.528
02470 -13.593
02480 -13.651
02490 -13.710
02500 -13.784
02510 -13.888
02520 -14.027
02530 -14.201
02540 -14.399
02550 -14.605
02560 -14.802
02570 -14.981
02580 -15.139
02590 -15.281
02600 -15.422
02610 -15.576
02620 -15.755
02630 -15.966
02640 -16.206
02650 -16.466
02660 -16.730
02670 -16.988
02680 -17.234
02690 -17.469
02700 -17.707
02710 -17.962
02720 -18.255
02730 -18.599
02740 -19.002
02750 -19.463
02760 -19.973
02770 -20.521
02780 -21.097
02790 -21.697
02800 -22.320
02810 -22.971
02820 -23.651
02830 -24.344
02840 -25.012
02850 -25.581
02860 -25.957
02870 -26.059
02880 -25.870
02890 -25.447
02900 -24.884
02910 -24.274
02920 -23.685
02930 -23.158
02940 -22.713
02950 -22.351
02960 -22.062
02970 -21.828
02980 -21.627
02990 -21.447
03000 -21.280
03010 -21.129
03020 -21.005
03030 -20.919
03040 -20.884
03050 -20.904
03060 -20.973
03070 -21.078
03080 -21.201
03090 -21.327
03100 -21.446
03110 -21.558
03120 -21.672
03130 -21.806
03140 -21.977
03150 -22.197
03160 -22.470
03170 -22.788
03180 -23.135
03190 -23.492
03200 -23.841
03210 -24.173
03220 -24.488
03230 -24.792
03240 -25.095
03250 -25.398
03260 -25.695
03270 -25.959
03280 -26.156
03290 -26.249
03300 -26.217
03310 -26.058
03320 -25.794
03330 -25.463
03340 -25.102
03350 -24.744
03360 -24.412
03370 -24.116
03380 -23.854
03390 -23.617
03400 -23.397
03410 -23.185
03420 -22.978
03430 -22.780
03440 -22.602
03450 -22.453
03460 -22.345
03470 -22.282
03480 -22.258
03490 -22.263
03500 -22.282
03510 -22.299
03520 -22.304
03530 -22.296
03540 -22.279
03550 -22.266
03560 -22.270
03570 -22.301
03580 -22.359
03590 -22.438
03600 -22.525
03610 -22.602
03620 -22.658
03630 -22.686
03640 -22.688
03650 -22.675
03660 -22.660
03670 -22.654
03680 -22.662
03690 -22.681
03700 -22.701
03710 -22.708
03720 -22.689
03730 -22.639
03740 -22.560
03750 -22.459
03760 -22.351
03770 -22.248
03780 -22.160
03790 -22.088
03800 -22.032
03810 -21.983
03820 -21.936
03830 -21.888
03840 -21.837
03850 -21.789
03860 -21.749
03870 -21.726
03880 -21.727
03890 -21.759
03900 -21.821
03910 -21.912
03920 -22.026
03930 -22.155
03940 -22.292
03950 -22.429
03960 -22.565
03970 -22.699
03980 -22.839
03990 -22.989
04000 -23.156
04010 -23.341
04020 -23.541
04030 -23.744
04040 -23.939
04050 -24.113
04060 -24.258
04070 -24.372
04080 -24.462
04090 -24.536
04100 -24.606
04110 -24.680
04120 -24.759
04130 -24.836
04140 -24.903
04150 -24.949
04160 -24.967
04170 -24.960
04180 -24.933
04190 -24.902
04200 -24.880
04210 -24.880
04220 -24.905
04230 -24.954
04240 -25.020
04250 -25.094
04260 -25.167
04270 -25.237
04280 -25.305
04290 -25.377
04300 -25.464
04310 -25.575
04320 -25.716
04330 -25.887
04340 -26.084
04350 -26.299
04360 -26.521
04370 -26.741
04380 -26.953
04390 -27.159
04400 -27.360
04410 -27.565
04420 -27.782
04430 -28.014
04440 -28.262
04450 -28.518
04460 -28.772
04470 -29.011
04480 -29.223
04490 -29.400
04500 -29.542
04510 -29.657
04520 -29.756
04530 -29.853
04540 -29.954
04550 -30.060
04560 -30.164
04570 -30.254
04580 -30.320
04590 -30.353
04600 -30.354
04610 -30.333
04620 -30.306
04630 -30.290
04640 -30.296
04650 -30.328
04660 -30.378
04670 -30.435
04680 -30.483
04690 -30.509
04700 -30.505
04710 -30.476
04720 -30.431
04730 -30.385
04740 -30.348
04750 -30.327
04760 -30.315
04770 -30.301
04780 -30.267
04790 -30.201
04800 -30.093
04810 -29.946
04820 -29.773
04830 -29.591
04840 -29.418
04850 -29.265
04860 -29.135
04870 -29.021
04880 -28.912
04890 -28.795
04900 -28.664
04910 -28.518
04920 -28.367
04930 -28.225
04940 -28.106
04950 -28.022
04960 -27.977
04970 -27.967
04980 -27.981
04990 -28.007
05000 -28.034
05010 -28.058
05020 -28.080
05030 -28.106
05040 -28.147
05050 -28.212
05060 -28.306
05070 -28.428
05080 -28.569
05090 -28.716
05100 -28.854
05110 -28.970
05120 -29.057
05130 -29.111
05140 -29.138
05150 -29.145
05160 -29.140
05170 -29.125
05180 -29.099
05190 -29.053
05200 -28.974
05210 -28.854
05220 -28.688
05230 -28.478
05240 -28.239
05250 -27.986
05260 -27.738
05270 -27.508
05280 -27.300
05290 -27.110
05300 -26.930
05310 -26.750
05320 -26.565
05330 -26.372
05340 -26.179
05350 -25.996
05360 -25.838
05370 -25.713
05380 -25.625
05390 -25.570
05400 -25.537
05410 -25.514
05420 -25.492
05430 -25.465
05440 -25.433
05450 -25.402
05460 -25.381
05470 -25.378
05480 -25.397
05490 -25.435
05500 -25.483
05510 -25.529
05520 -25.562
05530 -25.574
05540 -25.563
05550 -25.532
05560 -25.488
05570 -25.442
05580 -25.400
05590 -25.364
05600 -25.332
05610 -25.295
05620 -25.245
05630 -25.175
05640 -25.085
05650 -24.978
05660 -24.862
05670 -24.750
05680 -24.651
05690 -24.570
05700 -24.506
05710 -24.455
05720 -24.407
05730 -24.357
05740 -24.301
05750 -24.242
05760 -24.186
05770 -24.141
05780 -24.117
05790 -24.118
05800 -24.142
05810 -24.184
05820 -24.236
05830 -24.291
05840 -24.343
05850 -24.392
05860 -24.442
05870 -24.498
05880 -24.565
05890 -24.648
05900 -24.743
05910 -24.846
05920 -24.949
05930 -25.046
05940 -25.131
05950 -25.202
05960 -25.262
05970 -25.314
05980 -25.363
05990 -25.413
06000 -25.465
06010 -25.516
06020 -25.563
06030 -25.602
06040 -25.628
06050 -25.642
06060 -25.646
06070 -25.645
06080 -25.644
06090 -25.648
06100 -25.662
06110 -25.684
06120 -25.712
06130 -25.741
06140 -25.770
06150 -25.794
06160 -25.817
06170 -25.840
06180 -25.868
06190 -25.904
06200 -25.950
06210 -26.004
06220 -26.063
06230 -26.119
06240 -26.167
06250 -26.205
06260 -26.229
06270 -26.241
06280 -26.243
06290 -26.236
06300 -26.223
06310 -26.203
06320 -26.174
06330 -26.133
06340 -26.077
06350 -26.003
06360 -25.913
06370 -25.807
06380 -25.690
06390 -25.569
06400 -25.448
06410 -25.332
06420 -25.222
06430 -25.118
06440 -25.016
06450 -24.913
06460 -24.807
06470 -24.697
06480 -24.588
06490 -24.485
06500 -24.393
06510 -24.318
06520 -24.261
06530 -24.218
06540 -24.185
06550 -24.154
06560 -24.120
06570 -24.081
06580 -24.037
06590 -23.993
06600 -23.955
06610 -23.927
06620 -23.910
06630 -23.902
06640 -23.895
06650 -23.880
06660 -23.851
06670 -23.803
06680 -23.738
06690 -23.660
06700 -23.575
06710 -23.492
06720 -23.414
06730 -23.342
06740 -23.272
06750 -23.198
06760 -23.113
06770 -23.013
06780 -22.897
06790 -22.770
06800 -22.640
06810 -22.516
06820 -22.404
06830 -22.309
06840 -22.229
06850 -22.157
06860 -22.086
06870 -22.008
06880 -21.918
06890 -21.819
06900 -21.717
06910 -21.619
06920 -21.537
06930 -21.474
06940 -21.433
06950 -21.407
06960 -21.386
06970 -21.360
06980 -21.320
06990 -21.264
07000 -21.195
07010 -21.121
07020 -21.051
07030 -20.995
07040 -20.955
07050 -20.928
07060 -20.906
07070 -20.875
07080 -20.824
07090 -20.749
07100 -20.649
07110 -20.531
07120 -20.407
07130 -20.289
07140 -20.187
07150 -20.103
07160 -20.032
07170 -19.963
07180 -19.884
07190 -19.784
07200 -19.661
07210 -19.519
07220 -19.369
07230 -19.225
07240 -19.102
07250 -19.008
07260 -18.942
07270 -18.897
07280 -18.855
07290 -18.804
07300 -18.733
07310 -18.642
07320 -18.539
07330 -18.440
07340 -18.362
07350 -18.318
07360 -18.312
07370 -18.339
07380 -18.380
07390 -18.418
07400 -18.436
07410 -18.427
07420 -18.395
07430 -18.351
07440 -18.313
07450 -18.299
07460 -18.318
07470 -18.367
07480 -18.434
07490 -18.497
07500 -18.535
07510 -18.536
07520 -18.497
07530 -18.426
07540 -18.343
07550 -18.269
07560 -18.221
07570 -18.208
07580 -18.223
07590 -18.249
07600 -18.261
07610 -18.242
07620 -18.181
07630 -18.084
07640 -17.971
07650 -17.871
07660 -17.810
07670 -17.808
07680 -17.865
07690 -17.967
07700 -18.087
07710 -18.199
07720 -18.287
07730 -18.351
07740 -18.409
07750 -18.488
07760 -18.616
07770 -18.808
07780 -19.063
07790 -19.362
07800 -19.675
07810 -19.971
07820 -20.229
07830 -20.441
07840 -20.612
07850 -20.764
07860 -20.918
07870 -21.095
07880 -21.301
07890 -21.531
07900 -21.768
07910 -21.986
07920 -22.164
07930 -22.288
07940 -22.358
07950 -22.387
07960 -22.400
07970 -22.423
07980 -22.475
07990 -22.564
08000 -22.683
08010 -22.815
08020 -22.937
08030 -23.029
08040 -23.084
08050 -23.108
08060 -23.121
08070 -23.151
08080 -23.223
08090 -23.352
08100 -23.537
08110 -23.765
08120 -24.011
08130 -24.253
08140 -24.473
08150 -24.664
08160 -24.835
08170 -25.003
08180 -25.191
08190 -25.415
08200 -25.682
08210 -25.987
08220 -26.316
08230 -26.648
08240 -26.963
08250 -27.245
08260 -27.491
08270 -27.708
08280 -27.916
08290 -28.138
08300 -28.394
08310 -28.696
08320 -29.040
08330 -29.416
08340 -29.800
08350 -30.166
08360 -30.495
08370 -30.776
08380 -31.018
08390 -31.247
08400 -31.493
08410 -31.780
08420 -32.119
08430 -32.498
08440 -32.883
08450 -33.227
08460 -33.479
08470 -33.611
08480 -33.631
08490 -33.578
08500 -33.505
08510 -33.456
08520 -33.449
08530 -33.475
08540 -33.504
08550 -33.498
08560 -33.427
08570 -33.282
08580 -33.081
08590 -32.861
08600 -32.662
08610 -32.516
08620 -32.437
08630 -32.423
08640 -32.454
08650 -32.502
08660 -32.537
08670 -32.536
08680 -32.493
08690 -32.419
08700 -32.339
08710 -32.280
08720 -32.267
08730 -32.310
08740 -32.405
08750 -32.534
08760 -32.669
08770 -32.779
08780 -32.841
08790 -32.848
08800 -32.812
08810 -32.759
08820 -32.721
08830 -32.721
08840 -32.766
08850 -32.847
08860 -32.939
08870 -33.011
08880 -33.033
08890 -32.991
08900 -32.891
08910 -32.757
08920 -32.621
08930 -32.513
08940 -32.448
08950 -32.427
08960 -32.434
08970 -32.446
08980 -32.440
08990 -32.399
09000 -32.320
09010 -32.214
09020 -32.102
09030 -32.008
09040 -31.948
09050 -31.932
09060 -31.955
09070 -32.004
09080 -32.062
09090 -32.111
09100 -32.139
09110 -32.141
09120 -32.125
09130 -32.104
09140 -32.098
09150 -32.119
09160 -32.176
09170 -32.264
09180 -32.376
09190 -32.497
09200 -32.612
09210 -32.708
09220 -32.780
09230 -32.833
09240 -32.877
09250 -32.926
09260 -32.994
09270 -33.088
09280 -33.206
09290 -33.343
09300 -33.485
09310 -33.620
09320 -33.736
09330 -33.826
09340 -33.893
09350 -33.943
09360 -33.990
09370 -34.044
09380 -34.112
09390 -34.197
09400 -34.296
09410 -34.400
09420 -34.500
09430 -34.586
09440 -34.652
09450 -34.697
09460 -34.726
09470 -34.746
09480 -34.769
09490 -34.803
09500 -34.852
09510 -34.918
09520 -34.999
09530 -35.089
09540 -35.179
09550 -35.263
09560 -35.333
09570 -35.390
09580 -35.437
09590 -35.482
09600 -35.534
09610 -35.603
09620 -35.694
09630 -35.809
09640 -35.947
09650 -36.098
09660 -36.252
09670 -36.397
09680 -36.524
09690 -36.631
09700 -36.726
09710 -36.819
09720 -36.922
09730 -37.048
09740 -37.203
09750 -37.384
09760 -37.582
09770 -37.782
09780 -37.966
09790 -38.119
09800 -38.236
09810 -38.323
09820 -38.393
09830 -38.464
09840 -38.550
09850 -38.661
09860 -38.799
09870 -38.954
09880 -39.110
09890 -39.245
09900 -39.345
09910 -39.402
09920 -39.421
09930 -39.418
09940 -39.414
09950 -39.428
09960 -39.474
09970 -39.556
09980 -39.668
09990 -39.795
10000 -39.917
10010 -40.017
10020 -40.084
10030 -40.121
10040 -40.141
10050 -40.165
10060 -40.215
10070 -40.308
10080 -40.453
10090 -40.647
10100 -40.878
10110 -41.127
10120 -41.374
10130 -41.604
10140 -41.812
10150 -42.005
10160 -42.203
10170 -42.427
10180 -42.699
10190 -43.036
10200 -43.442
10210 -43.914
10220 -44.437
10230 -44.992
10240 -45.556
10250 -46.111
10260 -46.648
10270 -47.169
10280 -47.687
10290 -48.224
10300 -48.798
10310 -49.420
10320 -50.087
10330 -50.782
10340 -51.471
10350 -52.102
10360 -52.617
10370 -52.959
10380 -53.087
10390 -52.985
10400 -52.673
10410 -52.194
10420 -51.606
10430 -50.970
10440 -50.338
10450 -49.747
10460 -49.219
10470 -48.766
10480 -48.383
10490 -48.059
10500 -47.769
10510 -47.487
10520 -47.188
10530 -46.859
10540 -46.499
10550 -46.124
10560 -45.757
10570 -45.420
10580 -45.133
10590 -44.907
10600 -44.742
10610 -44.627
10620 -44.544
10630 -44.466
10640 -44.370
10650 -44.242
10660 -44.082
10670 -43.904
10680 -43.729
10690 -43.583
10700 -43.485
10710 -43.447
10720 -43.467
10730 -43.531
10740 -43.615
10750 -43.691
10760 -43.734
10770 -43.734
10780 -43.698
10790 -43.647
10800 -43.611
10810 -43.615
10820 -43.676
10830 -43.792
10840 -43.944
10850 -44.098
10860 -44.212
10870 -44.253
10880 -44.208
10890 -44.088
10900 -43.925
10910 -43.755
10920 -43.605
10930 -43.483
10940 -43.380
10950 -43.269
10960 -43.115
10970 -42.890
10980 -42.584
10990 -42.210
11000 -41.795
11010 -41.373
11020 -40.974
11030 -40.614
11040 -40.297
11050 -40.016
11060 -39.753
11070 -39.485
11080 -39.196
11090 -38.877
11100 -38.531
11110 -38.174
11120 -37.825
11130 -37.506
11140 -37.232
11150 -37.010
11160 -36.838
11170 -36.700
11180 -36.578
11190 -36.450
11200 -36.301
11210 -36.129
11220 -35.942
11230 -35.758
11240 -35.600
11250 -35.489
11260 -35.434
11270 -35.435
11280 -35.477
11290 -35.538
11300 -35.594
11310 -35.624
11320 -35.621
11330 -35.591
11340 -35.554
11350 -35.533
11360 -35.551
11370 -35.619
11380 -35.733
11390 -35.876
11400 -36.022
11410 -36.140
11420 -36.206
11430 -36.210
11440 -36.159
11450 -36.074
11460 -35.985
11470 -35.916
11480 -35.876
11490 -35.863
11500 -35.858
11510 -35.836
11520 -35.770
11530 -35.644
11540 -35.455
11550 -35.222
11560 -34.972
11570 -34.737
11580 -34.538
11590 -34.386
11600 -34.277
11610 -34.195
11620 -34.118
11630 -34.025
11640 -33.902
11650 -33.747
11660 -33.571
11670 -33.396
11680 -33.246
11690 -33.137
11700 -33.079
11710 -33.066
11720 -33.088
11730 -33.126
11740 -33.161
11750 -33.178
11760 -33.169
11770 -33.137
11780 -33.096
11790 -33.061
11800 -33.049
11810 -33.069
11820 -33.123
11830 -33.207
11840 -33.307
11850 -33.409
11860 -33.494
11870 -33.549
11880 -33.565
11890 -33.544
11900 -33.498
11910 -33.444
11920 -33.396
11930 -33.365
11940 -33.352
11950 -33.351
11960 -33.348
11970 -33.325
11980 -33.260
11990 -33.142
12000 -32.968
12010 -32.752
12020 -32.512
12030 -32.268
12040 -32.036
12050 -31.822
12060 -31.625
12070 -31.436
12080 -31.243
12090 -31.031
12100 -30.790
12110 -30.518
12120 -30.221
12130 -29.913
12140 -29.606
12150 -29.315
12160 -29.048
12170 -28.810
12180 -28.601
12190 -28.415
12200 -28.241
12210 -28.069
12220 -27.885
12230 -27.685
12240 -27.469
12250 -27.245
12260 -27.026
12270 -26.824
12280 -26.652
12290 -26.517
12300 -26.419
12310 -26.351
12320 -26.295
12330 -26.234
12340 -26.151
12350 -26.039
12360 -25.903
12370 -25.756
12380 -25.616
12390 -25.501
12400 -25.423
12410 -25.387
12420 -25.386
12430 -25.401
12440 -25.409
12450 -25.389
12460 -25.330
12470 -25.236
12480 -25.122
12490 -25.008
12500 -24.917
12510 -24.866
12520 -24.860
12530 -24.892
12540 -24.944
12550 -24.990
12560 -25.006
12570 -24.984
12580 -24.925
12590 -24.847
12600 -24.774
12610 -24.729
12620 -24.731
12630 -24.784
12640 -24.883
12650 -25.004
12660 -25.122
12670 -25.211
12680 -25.262
12690 -25.277
12700 -25.275
12710 -25.280
12720 -25.318
12730 -25.404
12740 -25.545
12750 -25.727
12760 -25.926
12770 -26.111
12780 -26.255
12790 -26.348
12800 -26.395
12810 -26.415
12820 -26.436
12830 -26.484
12840 -26.575
12850 -26.711
12860 -26.877
12870 -27.043
12880 -27.178
12890 -27.257
12900 -27.272
12910 -27.235
12920 -27.171
12930 -27.112
12940 -27.085
12950 -27.107
12960 -27.177
12970 -27.278
12980 -27.380
12990 -27.453
13000 -27.475
13010 -27.441
13020 -27.365
13030 -27.276
13040 -27.208
13050 -27.188
13060 -27.233
13070 -27.339
13080 -27.485
13090 -27.639
13100 -27.764
13110 -27.837
13120 -27.853
13130 -27.828
13140 -27.794
13150 -27.789
13160 -27.840
13170 -27.958
13180 -28.131
13190 -28.325
13200 -28.491
13210 -28.585
13220 -28.581
13230 -28.484
13240 -28.326
13250 -28.150
13260 -27.996
13270 -27.891
13280 -27.832
13290 -27.797
13300 -27.747
13310 -27.640
13320 -27.454
13330 -27.191
13340 -26.876
13350 -26.548
13360 -26.248
13370 -26.008
13380 -25.842
13390 -25.740
13400 -25.677
13410 -25.615
13420 -25.520
13430 -25.374
13440 -25.177
13450 -24.951
13460 -24.730
13470 -24.552
13480 -24.445
13490 -24.419
13500 -24.464
13510 -24.550
13520 -24.639
13530 -24.694
13540 -24.696
13550 -24.648
13560 -24.573
13570 -24.513
13580 -24.510
13590 -24.593
13600 -24.770
13610 -25.021
13620 -25.306
13630 -25.575
13640 -25.785
13650 -25.911
13660 -25.960
13670 -25.967
13680 -25.980
13690 -26.046
13700 -26.184
13710 -26.384
13720 -26.605
13730 -26.789
13740 -26.879
13750 -26.842
13760 -26.681
13770 -26.434
13780 -26.163
13790 -25.929
13800 -25.767
13810 -25.680
13820 -25.642
13830 -25.607
13840 -25.524
13850 -25.357
13860 -25.096
13870 -24.764
13880 -24.407
13890 -24.080
13900 -23.827
13910 -23.666
13920 -23.584
13930 -23.544
13940 -23.500
13950 -23.408
13960 -23.246
13970 -23.017
13980 -22.755
13990 -22.511
14000 -22.335
14010 -22.258
14020 -22.278
14030 -22.365
14040 -22.479
14050 -22.575
14060 -22.624
14070 -22.617
14080 -22.570
14090 -22.519
14100 -22.506
14110 -22.562
14120 -22.695
14130 -22.892
14140 -23.123
14150 -23.356
14160 -23.560
14170 -23.717
14180 -23.822
14190 -23.891
14200 -23.954
14210 -24.044
14220 -24.187
14230 -24.387
14240 -24.634
14250 -24.906
14260 -25.171
14270 -25.399
14280 -25.564
14290 -25.655
14300 -25.683
14310 -25.676
14320 -25.671
14330 -25.697
14340 -25.757
14350 -25.833
14360 -25.892
14370 -25.892
14380 -25.798
14390 -25.598
14400 -25.311
14410 -24.986
14420 -24.681
14430 -24.439
14440 -24.270
14450 -24.160
14460 -24.080
14470 -23.998
14480 -23.890
14490 -23.746
14500 -23.574
14510 -23.401
14520 -23.257
14530 -23.165
14540 -23.136
14550 -23.161
14560 -23.222
14570 -23.299
14580 -23.377
14590 -23.444
14600 -23.499
14610 -23.548
14620 -23.606
14630 -23.690
14640 -23.812
14650 -23.975
14660 -24.177
14670 -24.411
14680 -24.671
14690 -24.952
14700 -25.249
14710 -25.556
14720 -25.865
14730 -26.164
14740 -26.448
14750 -26.718
14760 -26.980
14770 -27.242
14780 -27.507
14790 -27.768
14800 -28.007
14810 -28.194
14820 -28.302
14830 -28.322
14840 -28.273
14850 -28.194
14860 -28.126
14870 -28.096
14880 -28.113
14890 -28.175
14900 -28.271
14910 -28.383
14920 -28.489
14930 -28.574
14940 -28.629
14950 -28.667
14960 -28.709
14970 -28.784
14980 -28.915
14990 -29.117
15000 -29.395
15010 -29.737
15020 -30.108
15030 -30.435
15040 -30.606
15050 -30.524
15060 -30.175
15070 -29.649
15080 -29.048
15090 -28.412
15100 -27.700
15110 -26.813
15120 -25.658
15130 -24.244
15140 -22.746
15150 -21.452
15160 -20.572
15170 -20.112
15180 -19.934
15190 -19.889
15200 -19.887
15210 -19.889
15220 -19.894
15230 -19.921
15240 -19.988
15250 -20.096
15260 -20.226
15270 -20.352
15280 -20.452
15290 -20.513
15300 -20.529
15310 -20.501
15320 -20.432
15330 -20.330
15340 -20.206
15350 -20.068
15360 -19.921
15370 -19.761
15380 -19.578
15390 -19.359
15400 -19.093
15410 -18.774
15420 -18.405
15430 -18.001
15440 -17.595
15450 -17.230
15460 -16.944
15470 -16.745
15480 -16.607
15490 -16.493
15500 -16.378
15510 -16.261
15520 -16.168
15530 -16.149
15540 -16.256
15550 -16.514
15560 -16.900
15570 -17.349
15580 -17.787
15590 -18.164
15600 -18.463
15610 -18.700
15620 -18.904
15630 -19.114
15640 -19.366
15650 -19.679
15660 -20.047
15670 -20.437
15680 -20.802
15690 -21.101
15700 -21.310
15710 -21.434
15720 -21.495
15730 -21.531
15740 -21.583
15750 -21.686
15760 -21.858
15770 -22.087
15780 -22.334
15790 -22.548
15800 -22.689
15810 -22.745
15820 -22.735
15830 -22.698
15840 -22.685
15850 -22.744
15860 -22.906
15870 -23.168
15880 -23.496
15890 -23.832
15900 -24.121
15910 -24.333
15920 -24.470
15930 -24.560
15940 -24.647
15950 -24.775
15960 -24.981
15970 -25.277
15980 -25.650
15990 -26.060
16000 -26.455
16010 -26.789
16020 -27.037
16030 -27.206
16040 -27.326
16050 -27.444
16060 -27.606
16070 -27.850
16080 -28.190
16090 -28.610
16100 -29.063
16110 -29.483
16120 -29.811
16130 -30.017
16140 -30.110
16150 -30.138
16160 -30.165
16170 -30.251
16180 -30.433
16190 -30.710
16200 -31.037
16210 -31.331
16220 -31.511
16230 -31.532
16240 -31.415
16250 -31.221
16260 -31.033
16270 -30.920
16280 -30.931
16290 -31.077
16300 -31.327
16310 -31.614
16320 -31.861
16330 -32.011
16340 -32.053
16350 -32.018
16360 -31.964
16370 -31.955
16380 -32.043
16390 -32.257
16400 -32.587
16410 -32.987
16420 -33.376
16430 -33.669
16440 -33.814
16450 -33.808
16460 -33.698
16470 -33.553
16480 -33.442
16490 -33.410
16500 -33.472
16510 -33.595
16520 -33.709
16530 -33.727
16540 -33.587
16550 -33.284
16560 -32.863
16570 -32.394
16580 -31.950
16590 -31.592
16600 -31.360
16610 -31.258
16620 -31.253
16630 -31.282
16640 -31.276
16650 -31.191
16660 -31.023
16670 -30.807
16680 -30.600
16690 -30.467
16700 -30.459
16710 -30.601
16720 -30.879
16730 -31.239
16740 -31.604
16750 -31.902
16760 -32.090
16770 -32.162
16780 -32.155
16790 -32.129
16800 -32.147
16810 -32.259
16820 -32.480
16830 -32.785
16840 -33.110
16850 -33.372
16860 -33.496
16870 -33.449
16880 -33.247
16890 -32.950
16900 -32.635
16910 -32.374
16920 -32.212
16930 -32.156
16940 -32.168
16950 -32.181
16960 -32.119
16970 -31.936
16980 -31.628
16990 -31.234
17000 -30.823
17010 -30.472
17020 -30.249
17030 -30.189
17040 -30.280
17050 -30.466
17060 -30.667
17070 -30.811
17080 -30.858
17090 -30.812
17100 -30.720
17110 -30.652
17120 -30.682
17130 -30.860
17140 -31.191
17150 -31.637
17160 -32.127
17170 -32.581
17180 -32.932
17190 -33.146
17200 -33.234
17210 -33.249
17220 -33.265
17230 -33.354
17240 -33.555
17250 -33.862
17260 -34.227
17270 -34.572
17280 -34.812
17290 -34.883
17300 -34.769
17310 -34.510
17320 -34.188
17330 -33.898
17340 -33.715
17350 -33.668
17360 -33.734
17370 -33.855
17380 -33.951
17390 -33.956
17400 -33.834
17410 -33.599
17420 -33.311
17430 -33.057
17440 -32.919
17450 -32.942
17460 -33.123
17470 -33.415
17480 -33.752
17490 -34.069
17500 -34.314
17510 -34.465
17520 -34.537
17530 -34.580
17540 -34.661
17550 -34.834
17560 -35.123
17570 -35.516
17580 -35.971
17590 -36.434
17600 -36.843
17610 -37.141
17620 -37.295
17630 -37.312
17640 -37.247
17650 -37.175
17660 -37.159
17670 -37.223
17680 -37.350
17690 -37.490
17700 -37.576
17710 -37.543
17720 -37.355
17730 -37.023
17740 -36.610
17750 -36.207
17760 -35.895
17770 -35.716
17780 -35.665
17790 -35.704
17800 -35.778
17810 -35.834
17820 -35.837
17830 -35.780
17840 -35.690
17850 -35.619
17860 -35.623
17870 -35.739
17880 -35.972
17890 -36.301
17900 -36.690
17910 -37.106
17920 -37.517
17930 -37.901
17940 -38.246
17950 -38.557
17960 -38.852
17970 -39.159
17980 -39.503
17990 -39.899
18000 -40.351
18010 -40.855
18020 -41.402
18030 -41.977
18040 -42.556
18050 -43.103
18060 -43.584
18070 -43.975
18080 -44.290
18090 -44.575
18100 -44.887
18110 -45.276
18120 -45.773
18130 -46.389
18140 -47.100
18150 -47.827
18160 -48.414
18170 -48.681
18180 -48.587
18190 -48.290
18200 -48.002
18210 -47.857
18220 -47.886
18230 -48.049
18240 -48.236
18250 -48.281
18260 -48.030
18270 -47.470
18280 -46.754
18290 -46.079
18300 -45.562
18310 -45.234
18320 -45.066
18330 -44.999
18340 -44.961
18350 -44.871
18360 -44.665
18370 -44.322
18380 -43.886
18390 -43.438
18400 -43.053
18410 -42.769
18420 -42.589
18430 -42.489
18440 -42.429
18450 -42.365
18460 -42.252
18470 -42.057
18480 -41.780
18490 -41.455
18500 -41.138
18510 -40.877
18520 -40.691
18530 -40.579
18540 -40.518
18550 -40.483
18560 -40.448
18570 -40.393
18580 -40.314
18590 -40.225
18600 -40.154
18610 -40.130
18620 -40.166
18630 -40.259
18640 -40.402
18650 -40.587
18660 -40.810
18670 -41.065
18680 -41.338
18690 -41.605
18700 -41.835
18710 -42.008
18720 -42.122
18730 -42.192
18740 -42.238
18750 -42.281
18760 -42.336
18770 -42.412
18780 -42.510
18790 -42.622
18800 -42.725
18810 -42.793
18820 -42.805
18830 -42.757
18840 -42.663
18850 -42.546
18860 -42.433
18870 -42.352
18880 -42.327
18890 -42.380
18900 -42.522
18910 -42.742
18920 -43.003
18930 -43.252
18940 -43.446
18950 -43.578
18960 -43.679
18970 -43.811
18980 -44.052
18990 -44.471
19000 -45.100
19010 -45.852
19020 -46.461
19030 -46.601
19040 -46.207
19050 -45.510
19060 -44.753
19070 -44.069
19080 -43.505
19090 -43.071
19100 -42.759
19110 -42.541
19120 -42.375
19130 -42.211
19140 -42.010
19150 -41.754
19160 -41.447
19170 -41.110
19180 -40.772
19190 -40.464
19200 -40.220
19210 -40.067
19220 -40.015
19230 -40.046
19240 -40.109
19250 -40.141
19260 -40.085
19270 -39.911
19280 -39.629
19290 -39.279
19300 -38.931
19310 -38.667
19320 -38.570
19330 -38.693
19340 -39.032
19350 -39.529
19360 -40.096
19370 -40.651
19380 -41.145
19390 -41.583
19400 -42.025
19410 -42.563
19420 -43.285
19430 -44.238
19440 -45.408
19450 -46.707
19460 -47.948
19470 -48.823
19480 -49.020
19490 -48.512
19500 -47.593
19510 -46.595
19520 -45.726
19530 -45.069
19540 -44.627
19550 -44.347
19560 -44.136
19570 -43.898
19580 -43.558
19590 -43.089
19600 -42.519
19610 -41.918
19620 -41.376
19630 -40.979
19640 -40.784
19650 -40.803
19660 -40.992
19670 -41.267
19680 -41.534
19690 -41.709
19700 -41.756
19710 -41.705
19720 -41.651
19730 -41.722
19740 -42.039
19750 -42.658
19760 -43.562
19770 -44.661
19780 -45.800
19790 -46.759
19800 -47.299
19810 -47.324
19820 -46.975
19830 -46.515
19840 -46.150
19850 -45.968
19860 -45.961
19870 -46.059
19880 -46.159
19890 -46.158
19900 -45.985
19910 -45.626
19920 -45.138
19930 -44.620
19940 -44.181
19950 -43.907
19960 -43.839
19970 -43.965
19980 -44.229
19990 -44.544
20000 -44.809
20010 -44.926
20020 -44.832
20030 -44.535
20040 -44.126
20050 -43.740
20060 -43.495
20070 -43.450
20080 -43.596
20090 -43.884
20100 -44.244
20110 -44.591
20120 -44.832
20130 -44.879
20140 -44.707
20150 -44.394
20160 -44.089
20170 -43.925
20180 -43.960
20190 -44.187
20200 -44.574
20210 -45.080
20220 -45.660
20230 -46.230
20240 -46.659
20250 -46.815
20260 -46.720
20270 -46.570
20280 -46.562
20290 -46.794
20300 -47.303
20310 -48.138
20320 -49.411
20330 -51.346
20340 -54.276
20350 -57.758
20360 -57.762
20370 -55.482
20380 -54.457
20390 -55.002
20400 -57.562
20410 -66.178
20420 -61.271
20430 -50.335
20440 -43.906
20450 -40.091
20460 -39.239
20470 -39.960
20480 -40.974
20490 -41.919
20500 -42.752
20510 -43.497
20520 -44.184
20530 -44.843
20540 -45.505
20550 -46.208
20560 -47.007
20570 -47.993
20580 -49.329
20590 -51.308
20600 -54.449
20610 -59.608
20620 -66.048
20630 -63.755
20640 -61.102
20650 -60.489
20660 -61.400
20670 -63.988
20680 -68.598
20690 -66.751
20700 -60.794
20710 -57.110
20720 -55.054
20730 -54.126
20740 -53.998
20750 -54.439
20760 -55.239
20770 -56.007
20780 -55.950
20790 -54.523
20800 -52.390
20810 -50.448
20820 -49.088
20830 -48.360
20840 -48.159
20850 -48.344
20860 -48.778
20870 -49.306
20880 -49.674
20890 -49.516
20900 -48.636
20910 -47.345
20920 -46.175
20930 -45.436
20940 -45.173
20950 -45.299
20960 -45.717
20970 -46.347
20980 -47.082
20990 -47.654
21000 -47.542
21010 -46.478
21020 -45.078
21030 -44.088
21040 -43.730
21050 -43.909
21060 -44.520
21070 -45.558
21080 -47.058
21090 -48.266
21100 -45.747
21110 -41.010
21120 -38.408
21130 -37.961
21140 -38.288
21150 -38.743
21160 -39.165
21170 -39.529
21180 -39.840
21190 -40.111
21200 -40.356
21210 -40.592
21220 -40.837
21230 -41.121
21240 -41.488
21250 -41.998
21260 -42.726
21270 -43.699
21280 -44.803
21290 -45.732
21300 -46.219
21310 -46.312
21320 -46.247
21330 -46.220
21340 -46.349
21350 -46.712
21360 -47.381
21370 -48.408
21380 -49.784
21390 -51.351
21400 -52.719
21410 -53.441
21420 -53.483
21430 -53.234
21440 -53.067
21450 -53.193
21460 -53.737
21470 -54.811
21480 -56.556
21490 -59.188
21500 -63.073
21510 -68.387
21520 -69.934
21530 -66.457
21540 -64.279
21550 -63.597
21560 -64.258
21570 -66.595
21580 -72.386
21590 -85.868
21600 -68.617
21610 -63.194
21620 -60.138
21630 -58.258
21640 -57.151
21650 -56.628
21660 -56.570
21670 -56.833
21680 -57.139
21690 -57.031
21700 -56.176
21710 -54.766
21720 -53.243
21730 -51.897
21740 -50.837
21750 -50.081
21760 -49.607
21770 -49.369
21780 -49.285
21790 -49.234
21800 -49.065
21810 -48.659
21820 -48.005
21830 -47.203
21840 -46.389
21850 -45.672
21860 -45.112
21870 -44.731
21880 -44.516
21890 -44.429
21900 -44.406
21910 -44.364
21920 -44.226
21930 -43.955
21940 -43.573
21950 -43.147
21960 -42.758
21970 -42.474
21980 -42.334
21990 -42.351
22000 -42.512
22010 -42.775
22020 -43.077
22030 -43.337
22040 -43.484
22050 -43.491
22060 -43.394
22070 -43.272
22080 -43.209
22090 -43.266
22100 -43.470
22110 -43.812
22120 -44.246
22130 -44.683
22140 -45.001
22150 -45.094
22160 -44.942
22170 -44.624
22180 -44.270
22190 -43.987
22200 -43.835
22210 -43.822
22220 -43.919
22230 -44.059
22240 -44.149
22250 -44.092
22260 -43.837
22270 -43.412
22280 -42.905
22290 -42.415
22300 -42.014
22310 -41.734
22320 -41.579
22330 -41.524
22340 -41.530
22350 -41.544
22360 -41.508
22370 -41.382
22380 -41.163
22390 -40.885
22400 -40.605
22410 -40.379
22420 -40.246
22430 -40.224
22440 -40.319
22450 -40.521
22460 -40.806
22470 -41.131
22480 -41.441
22490 -41.681
22500 -41.822
22510 -41.883
22520 -41.912
22530 -41.974
22540 -42.123
22550 -42.400
22560 -42.832
22570 -43.426
22580 -44.162
22590 -44.976
22600 -45.755
22610 -46.374
22620 -46.762
22630 -46.955
22640 -47.059
22650 -47.190
22660 -47.434
22670 -47.840
22680 -48.428
22690 -49.188
22700 -50.069
22710 -50.976
22720 -51.758
22730 -52.209
22740 -52.117
22750 -51.398
22760 -50.191
22770 -48.759
22780 -47.342
22790 -46.099
22800 -45.117
22810 -44.428
22820 -44.023
22830 -43.850
22840 -43.825
22850 -43.828
22860 -43.722
22870 -43.398
22880 -42.841
22890 -42.143
22900 -41.445
22910 -40.871
22920 -40.487
22930 -40.307
22940 -40.304
22950 -40.420
22960 -40.576
22970 -40.678
22980 -40.634
22990 -40.398
23000 -40.003
23010 -39.543
23020 -39.125
23030 -38.818
23040 -38.647
23050 -38.600
23060 -38.642
23070 -38.719
23080 -38.767
23090 -38.718
23100 -38.532
23110 -38.217
23120 -37.832
23130 -37.457
23140 -37.150
23150 -36.939
23160 -36.824
23170 -36.790
23180 -36.813
23190 -36.861
23200 -36.897
23210 -36.884
23220 -36.804
23230 -36.667
23240 -36.509
23250 -36.370
23260 -36.283
23270 -36.267
23280 -36.334
23290 -36.487
23300 -36.714
23310 -36.983
23320 -37.237
23330 -37.411
23340 -37.471
23350 -37.433
23360 -37.347
23370 -37.271
23380 -37.253
23390 -37.328
23400 -37.511
23410 -37.795
23420 -38.133
23430 -38.439
23440 -38.619
23450 -38.629
23460 -38.503
23470 -38.319
23480 -38.158
23490 -38.084
23500 -38.138
23510 -38.340
23520 -38.675
23530 -39.075
23540 -39.421
23550 -39.597
23560 -39.568
23570 -39.398
23580 -39.192
23590 -39.051
23600 -39.046
23610 -39.229
23620 -39.622
23630 -40.193
23640 -40.839
23650 -41.385
23660 -41.678
23670 -41.687
23680 -41.518
23690 -41.316
23700 -41.201
23710 -41.260
23720 -41.547
23730 -42.083
23740 -42.824
23750 -43.637
23760 -44.297
23770 -44.591
23780 -44.475
23790 -44.094
23800 -43.646
23810 -43.286
23820 -43.114
23830 -43.193
23840 -43.552
23850 -44.163
23860 -44.917
23870 -45.598
23880 -45.936
23890 -45.779
23900 -45.212
23910 -44.466
23920 -43.755
23930 -43.224
23940 -42.964
23950 -43.021
23960 -43.393
23970 -44.011
23980 -44.733
23990 -45.336
