00000 +0.864
00010 +0.766
00020 +0.542
00030 +0.310
00040 +0.136
00050 +0.036
00060 +0.003
00070 +0.030
00080 +0.102
00090 +0.202
00100 +0.293
00110 +0.328
00120 +0.277
00130 +0.152
00140 +0.005
00150 -0.121
00160 -0.206
00170 -0.249
00180 -0.259
00190 -0.250
00200 -0.239
00210 -0.247
00220 -0.289
00230 -0.364
00240 -0.458
00250 -0.549
00260 -0.620
00270 -0.667
00280 -0.691
00290 -0.698
00300 -0.699
00310 -0.704
00320 -0.722
00330 -0.757
00340 -0.804
00350 -0.854
00360 -0.896
00370 -0.922
00380 -0.932
00390 -0.928
00400 -0.916
00410 -0.903
00420 -0.897
00430 -0.901
00440 -0.916
00450 -0.937
00460 -0.957
00470 -0.968
00480 -0.967
00490 -0.955
00500 -0.936
00510 -0.914
00520 -0.896
00530 -0.888
00540 -0.890
00550 -0.901
00560 -0.914
00570 -0.923
00580 -0.924
00590 -0.917
00600 -0.904
00610 -0.890
00620 -0.880
00630 -0.880
00640 -0.891
00650 -0.911
00660 -0.936
00670 -0.962
00680 -0.984
00690 -1.001
00700 -1.015
00710 -1.027
00720 -1.041
00730 -1.061
00740 -1.088
00750 -1.121
00760 -1.159
00770 -1.195
00780 -1.227
00790 -1.252
00800 -1.268
00810 -1.277
00820 -1.282
00830 -1.286
00840 -1.295
00850 -1.308
00860 -1.324
00870 -1.342
00880 -1.355
00890 -1.362
00900 -1.361
00910 -1.353
00920 -1.342
00930 -1.331
00940 -1.325
00950 -1.326
00960 -1.332
00970 -1.341
00980 -1.349
00990 -1.352
01000 -1.350
01010 -1.342
01020 -1.332
01030 -1.322
01040 -1.317
01050 -1.317
01060 -1.323
01070 -1.332
01080 -1.341
01090 -1.347
01100 -1.348
01110 -1.344
01120 -1.337
01130 -1.329
01140 -1.323
01150 -1.319
01160 -1.319
01170 -1.321
01180 -1.324
01190 -1.326
01200 -1.324
01210 -1.317
01220 -1.306
01230 -1.292
01240 -1.277
01250 -1.263
01260 -1.252
01270 -1.244
01280 -1.240
01290 -1.237
01300 -1.233
01310 -1.226
01320 -1.215
01330 -1.200
01340 -1.183
01350 -1.167
01360 -1.156
01370 -1.152
01380 -1.154
01390 -1.161
01400 -1.170
01410 -1.180
01420 -1.187
01430 -1.192
01440 -1.199
01450 -1.210
01460 -1.230
01470 -1.261
01480 -1.304
01490 -1.356
01500 -1.412
01510 -1.466
01520 -1.515
01530 -1.556
01540 -1.587
01550 -1.610
01560 -1.624
01570 -1.629
01580 -1.626
01590 -1.612
01600 -1.589
01610 -1.556
01620 -1.514
01630 -1.465
01640 -1.411
01650 -1.354
01660 -1.299
01670 -1.246
01680 -1.200
01690 -1.159
01700 -1.123
01710 -1.090
01720 -1.056
01730 -1.021
01740 -0.984
01750 -0.945
01760 -0.907
01770 -0.873
01780 -0.847
01790 -0.828
01800 -0.816
01810 -0.808
01820 -0.802
01830 -0.794
01840 -0.785
01850 -0.775
01860 -0.767
01870 -0.766
01880 -0.776
01890 -0.798
01900 -0.831
01910 -0.873
01920 -0.921
01930 -0.970
01940 -1.019
01950 -1.070
01960 -1.126
01970 -1.189
01980 -1.261
01990 -1.340
02000 -1.421
02010 -1.499
02020 -1.567
02030 -1.621
02040 -1.659
02050 -1.681
02060 -1.690
02070 -1.688
02080 -1.675
02090 -1.653
02100 -1.623
02110 -1.584
02120 -1.536
02130 -1.480
02140 -1.416
02150 -1.346
02160 -1.272
02170 -1.196
02180 -1.120
02190 -1.047
02200 -0.978
02210 -0.913
02220 -0.852
02230 -0.794
02240 -0.739
02250 -0.686
02260 -0.636
02270 -0.592
02280 -0.556
02290 -0.531
02300 -0.521
02310 -0.527
02320 -0.550
02330 -0.588
02340 -0.641
02350 -0.706
02360 -0.784
02370 -0.875
02380 -0.981
02390 -1.102
02400 -1.237
02410 -1.385
02420 -1.538
02430 -1.691
02440 -1.838
02450 -1.973
02460 -2.095
02470 -2.202
02480 -2.295
02490 -2.376
02500 -2.444
02510 -2.500
02520 -2.544
02530 -2.573
02540 -2.588
02550 -2.590
02560 -2.579
02570 -2.557
02580 -2.528
02590 -2.492
02600 -2.452
02610 -2.409
02620 -2.364
02630 -2.315
02640 -2.262
02650 -2.206
02660 -2.147
02670 -2.084
02680 -2.019
02690 -1.953
02700 -1.888
02710 -1.824
02720 -1.764
02730 -1.707
02740 -1.655
02750 -1.608
02760 -1.567
02770 -1.532
02780 -1.506
02790 -1.491
02800 -1.491
02810 -1.509
02820 -1.548
02830 -1.608
02840 -1.690
02850 -1.789
02860 -1.902
02870 -2.021
02880 -2.144
02890 -2.265
02900 -2.380
02910 -2.487
02920 -2.583
02930 -2.666
02940 -2.736
02950 -2.790
02960 -2.829
02970 -2.853
02980 -2.863
02990 -2.861
03000 -2.850
03010 -2.831
03020 -2.808
03030 -2.781
03040 -2.751
03050 -2.719
03060 -2.685
03070 -2.647
03080 -2.605
03090 -2.562
03100 -2.516
03110 -2.470
03120 -2.424
03130 -2.381
03140 -2.340
03150 -2.301
03160 -2.263
03170 -2.227
03180 -2.192
03190 -2.158
03200 -2.125
03210 -2.095
03220 -2.069
03230 -2.050
03240 -2.036
03250 -2.030
03260 -2.030
03270 -2.037
03280 -2.050
03290 -2.067
03300 -2.090
03310 -2.119
03320 -2.153
03330 -2.194
03340 -2.240
03350 -2.293
03360 -2.349
03370 -2.408
03380 -2.467
03390 -2.525
03400 -2.580
03410 -2.633
03420 -2.682
03430 -2.729
03440 -2.773
03450 -2.816
03460 -2.856
03470 -2.893
03480 -2.926
03490 -2.954
03500 -2.977
03510 -2.996
03520 -3.010
03530 -3.023
03540 -3.033
03550 -3.043
03560 -3.051
03570 -3.059
03580 -3.065
03590 -3.069
03600 -3.071
03610 -3.070
03620 -3.068
03630 -3.065
03640 -3.062
03650 -3.059
03660 -3.058
03670 -3.057
03680 -3.057
03690 -3.056
03700 -3.056
03710 -3.054
03720 -3.053
03730 -3.051
03740 -3.051
03750 -3.052
03760 -3.055
03770 -3.060
03780 -3.067
03790 -3.076
03800 -3.085
03810 -3.095
03820 -3.106
03830 -3.116
03840 -3.127
03850 -3.139
03860 -3.152
03870 -3.165
03880 -3.179
03890 -3.192
03900 -3.204
03910 -3.213
03920 -3.219
03930 -3.221
03940 -3.219
03950 -3.215
03960 -3.208
03970 -3.200
03980 -3.191
03990 -3.181
04000 -3.169
04010 -3.157
04020 -3.143
04030 -3.128
04040 -3.111
04050 -3.094
04060 -3.078
04070 -3.063
04080 -3.050
04090 -3.038
04100 -3.029
04110 -3.020
04120 -3.012
04130 -3.005
04140 -2.998
04150 -2.991
04160 -2.985
04170 -2.981
04180 -2.978
04190 -2.978
04200 -2.980
04210 -2.983
04220 -2.987
04230 -2.992
04240 -2.996
04250 -2.999
04260 -3.003
04270 -3.006
04280 -3.010
04290 -3.015
04300 -3.021
04310 -3.027
04320 -3.033
04330 -3.038
04340 -3.042
04350 -3.042
04360 -3.041
04370 -3.038
04380 -3.034
04390 -3.029
04400 -3.025
04410 -3.020
04420 -3.015
04430 -3.008
04440 -3.000
04450 -2.990
04460 -2.977
04470 -2.963
04480 -2.948
04490 -2.933
04500 -2.919
04510 -2.906
04520 -2.893
04530 -2.881
04540 -2.868
04550 -2.855
04560 -2.840
04570 -2.825
04580 -2.810
04590 -2.796
04600 -2.783
04610 -2.773
04620 -2.764
04630 -2.758
04640 -2.752
04650 -2.748
04660 -2.743
04670 -2.738
04680 -2.734
04690 -2.731
04700 -2.730
04710 -2.732
04720 -2.736
04730 -2.743
04740 -2.752
04750 -2.762
04760 -2.772
04770 -2.782
04780 -2.791
04790 -2.800
04800 -2.809
04810 -2.820
04820 -2.832
04830 -2.845
04840 -2.860
04850 -2.874
04860 -2.887
04870 -2.897
04880 -2.905
04890 -2.909
04900 -2.913
04910 -2.915
04920 -2.917
04930 -2.919
04940 -2.922
04950 -2.923
04960 -2.922
04970 -2.918
04980 -2.911
04990 -2.900
05000 -2.887
05010 -2.872
05020 -2.857
05030 -2.842
05040 -2.828
05050 -2.814
05060 -2.798
05070 -2.781
05080 -2.760
05090 -2.736
05100 -2.710
05110 -2.683
05120 -2.656
05130 -2.630
05140 -2.606
05150 -2.582
05160 -2.559
05170 -2.535
05180 -2.509
05190 -2.480
05200 -2.450
05210 -2.419
05220 -2.388
05230 -2.359
05240 -2.332
05250 -2.307
05260 -2.284
05270 -2.260
05280 -2.236
05290 -2.210
05300 -2.183
05310 -2.154
05320 -2.126
05330 -2.100
05340 -2.075
05350 -2.054
05360 -2.034
05370 -2.016
05380 -1.998
05390 -1.978
05400 -1.957
05410 -1.935
05420 -1.912
05430 -1.891
05440 -1.872
05450 -1.855
05460 -1.840
05470 -1.827
05480 -1.815
05490 -1.801
05500 -1.785
05510 -1.768
05520 -1.749
05530 -1.730
05540 -1.712
05550 -1.696
05560 -1.681
05570 -1.667
05580 -1.654
05590 -1.639
05600 -1.622
05610 -1.603
05620 -1.580
05630 -1.556
05640 -1.532
05650 -1.508
05660 -1.486
05670 -1.465
05680 -1.445
05690 -1.424
05700 -1.401
05710 -1.376
05720 -1.348
05730 -1.318
05740 -1.288
05750 -1.259
05760 -1.232
05770 -1.207
05780 -1.185
05790 -1.165
05800 -1.146
05810 -1.126
05820 -1.105
05830 -1.084
05840 -1.064
05850 -1.046
05860 -1.031
05870 -1.022
05880 -1.017
05890 -1.016
05900 -1.018
05910 -1.021
05920 -1.023
05930 -1.025
05940 -1.026
05950 -1.028
05960 -1.032
05970 -1.038
05980 -1.048
05990 -1.059
06000 -1.072
06010 -1.082
06020 -1.090
06030 -1.094
06040 -1.094
06050 -1.091
06060 -1.086
06070 -1.081
06080 -1.076
06090 -1.072
06100 -1.068
06110 -1.061
06120 -1.051
06130 -1.036
06140 -1.016
06150 -0.992
06160 -0.966
06170 -0.939
06180 -0.914
06190 -0.890
06200 -0.867
06210 -0.844
06220 -0.821
06230 -0.795
06240 -0.767
06250 -0.737
06260 -0.706
06270 -0.677
06280 -0.652
06290 -0.630
06300 -0.614
06310 -0.601
06320 -0.591
06330 -0.581
06340 -0.571
06350 -0.561
06360 -0.550
06370 -0.540
06380 -0.533
06390 -0.529
06400 -0.528
06410 -0.531
06420 -0.536
06430 -0.539
06440 -0.541
06450 -0.539
06460 -0.534
06470 -0.525
06480 -0.516
06490 -0.507
06500 -0.499
06510 -0.492
06520 -0.487
06530 -0.481
06540 -0.473
06550 -0.461
06560 -0.446
06570 -0.426
06580 -0.405
06590 -0.385
06600 -0.366
06610 -0.352
06620 -0.340
06630 -0.332
06640 -0.325
06650 -0.318
06660 -0.309
06670 -0.298
06680 -0.286
06690 -0.276
06700 -0.270
06710 -0.268
06720 -0.272
06730 -0.280
06740 -0.291
06750 -0.303
06760 -0.312
06770 -0.318
06780 -0.321
06790 -0.321
06800 -0.320
06810 -0.322
06820 -0.325
06830 -0.331
06840 -0.338
06850 -0.342
06860 -0.341
06870 -0.334
06880 -0.319
06890 -0.298
06900 -0.272
06910 -0.245
06920 -0.218
06930 -0.192
06940 -0.166
06950 -0.139
06960 -0.109
06970 -0.072
06980 -0.029
06990 +0.021
07000 +0.075
07010 +0.131
07020 +0.184
07030 +0.233
07040 +0.276
07050 +0.315
07060 +0.352
07070 +0.389
07080 +0.428
07090 +0.470
07100 +0.513
07110 +0.555
07120 +0.593
07130 +0.624
07140 +0.646
07150 +0.661
07160 +0.671
07170 +0.680
07180 +0.693
07190 +0.712
07200 +0.738
07210 +0.769
07220 +0.803
07230 +0.835
07240 +0.865
07250 +0.892
07260 +0.918
07270 +0.948
07280 +0.986
07290 +1.035
07300 +1.097
07310 +1.169
07320 +1.250
07330 +1.332
07340 +1.414
07350 +1.491
07360 +1.566
07370 +1.640
07380 +1.717
07390 +1.801
07400 +1.894
07410 +1.994
07420 +2.097
07430 +2.196
07440 +2.286
07450 +2.362
07460 +2.424
07470 +2.473
07480 +2.513
07490 +2.551
07500 +2.590
07510 +2.629
07520 +2.668
07530 +2.700
07540 +2.721
07550 +2.727
07560 +2.717
07570 +2.695
07580 +2.667
07590 +2.639
07600 +2.619
07610 +2.608
07620 +2.607
07630 +2.610
07640 +2.613
07650 +2.610
07660 +2.601
07670 +2.585
07680 +2.568
07690 +2.557
07700 +2.557
07710 +2.571
07720 +2.600
07730 +2.638
07740 +2.679
07750 +2.716
07760 +2.745
07770 +2.762
07780 +2.772
07790 +2.778
07800 +2.787
07810 +2.802
07820 +2.824
07830 +2.847
07840 +2.866
07850 +2.871
07860 +2.858
07870 +2.824
07880 +2.771
07890 +2.705
07900 +2.636
07910 +2.568
07920 +2.505
07930 +2.448
07940 +2.392
07950 +2.331
07960 +2.260
07970 +2.177
07980 +2.085
07990 +1.989
08000 +1.896
08010 +1.813
08020 +1.744
08030 +1.691
08040 +1.649
08050 +1.613
08060 +1.575
08070 +1.532
08080 +1.480
08090 +1.424
08100 +1.368
08110 +1.319
08120 +1.282
08130 +1.258
08140 +1.245
08150 +1.236
08160 +1.224
08170 +1.201
08180 +1.166
08190 +1.118
08200 +1.061
08210 +1.004
08220 +0.951
08230 +0.906
08240 +0.869
08250 +0.836
08260 +0.800
08270 +0.755
08280 +0.696
08290 +0.626
08300 +0.547
08310 +0.466
08320 +0.392
08330 +0.328
08340 +0.278
08350 +0.239
08360 +0.205
08370 +0.171
08380 +0.132
08390 +0.085
08400 +0.033
08410 -0.019
08420 -0.066
08430 -0.101
08440 -0.121
08450 -0.127
08460 -0.125
08470 -0.120
08480 -0.119
08490 -0.126
08500 -0.144
08510 -0.167
08520 -0.192
08530 -0.212
08540 -0.224
08550 -0.226
08560 -0.224
08570 -0.222
08580 -0.228
08590 -0.247
08600 -0.281
08610 -0.327
08620 -0.381
08630 -0.436
08640 -0.486
08650 -0.530
08660 -0.568
08670 -0.603
08680 -0.641
08690 -0.687
08700 -0.741
08710 -0.802
08720 -0.868
08730 -0.931
08740 -0.987
08750 -1.033
08760 -1.067
08770 -1.092
08780 -1.111
08790 -1.130
08800 -1.151
08810 -1.176
08820 -1.203
08830 -1.229
08840 -1.250
08850 -1.261
08860 -1.262
08870 -1.253
08880 -1.237
08890 -1.217
08900 -1.199
08910 -1.186
08920 -1.177
08930 -1.173
08940 -1.168
08950 -1.161
08960 -1.147
08970 -1.127
08980 -1.102
08990 -1.076
09000 -1.052
09010 -1.036
09020 -1.028
09030 -1.029
09040 -1.035
09050 -1.044
09060 -1.052
09070 -1.056
09080 -1.057
09090 -1.055
09100 -1.055
09110 -1.059
09120 -1.069
09130 -1.085
09140 -1.106
09150 -1.129
09160 -1.150
09170 -1.165
09180 -1.175
09190 -1.178
09200 -1.177
09210 -1.175
09220 -1.174
09230 -1.175
09240 -1.180
09250 -1.186
09260 -1.191
09270 -1.193
09280 -1.188
09290 -1.177
09300 -1.161
09310 -1.141
09320 -1.121
09330 -1.104
09340 -1.091
09350 -1.081
09360 -1.073
09370 -1.065
09380 -1.055
09390 -1.040
09400 -1.022
09410 -1.001
09420 -0.980
09430 -0.962
09440 -0.949
09450 -0.941
09460 -0.938
09470 -0.939
09480 -0.940
09490 -0.939
09500 -0.937
09510 -0.933
09520 -0.928
09530 -0.925
09540 -0.926
09550 -0.931
09560 -0.942
09570 -0.956
09580 -0.972
09590 -0.987
09600 -0.999
09610 -1.009
09620 -1.016
09630 -1.022
09640 -1.029
09650 -1.038
09660 -1.051
09670 -1.066
09680 -1.083
09690 -1.100
09700 -1.115
09710 -1.127
09720 -1.137
09730 -1.144
09740 -1.151
09750 -1.159
09760 -1.171
09770 -1.186
09780 -1.204
09790 -1.224
09800 -1.244
09810 -1.264
09820 -1.283
09830 -1.300
09840 -1.317
09850 -1.336
09860 -1.358
09870 -1.383
09880 -1.412
09890 -1.444
09900 -1.479
09910 -1.514
09920 -1.548
09930 -1.581
09940 -1.613
09950 -1.646
09960 -1.678
09970 -1.713
09980 -1.750
09990 -1.789
10000 -1.829
10010 -1.869
10020 -1.907
10030 -1.944
10040 -1.978
10050 -2.009
10060 -2.039
10070 -2.068
10080 -2.097
10090 -2.127
10100 -2.157
10110 -2.186
10120 -2.215
10130 -2.241
10140 -2.265
10150 -2.286
10160 -2.305
10170 -2.322
10180 -2.338
10190 -2.355
10200 -2.372
10210 -2.389
10220 -2.407
10230 -2.424
10240 -2.440
10250 -2.454
10260 -2.466
10270 -2.476
10280 -2.486
10290 -2.496
10300 -2.507
10310 -2.519
10320 -2.532
10330 -2.546
10340 -2.560
10350 -2.574
10360 -2.586
10370 -2.596
10380 -2.606
10390 -2.615
10400 -2.625
10410 -2.636
10420 -2.648
10430 -2.661
10440 -2.675
10450 -2.688
10460 -2.700
10470 -2.710
10480 -2.719
10490 -2.725
10500 -2.731
10510 -2.736
10520 -2.742
10530 -2.749
10540 -2.756
10550 -2.762
10560 -2.768
10570 -2.771
10580 -2.772
10590 -2.771
10600 -2.769
10610 -2.766
10620 -2.763
10630 -2.760
10640 -2.759
10650 -2.759
10660 -2.758
10670 -2.757
10680 -2.755
10690 -2.750
10700 -2.744
10710 -2.738
10720 -2.731
10730 -2.726
10740 -2.722
10750 -2.720
10760 -2.718
10770 -2.717
10780 -2.715
10790 -2.711
10800 -2.706
10810 -2.700
10820 -2.692
10830 -2.686
10840 -2.680
10850 -2.676
10860 -2.673
10870 -2.670
10880 -2.667
10890 -2.662
10900 -2.654
10910 -2.645
10920 -2.633
10930 -2.621
10940 -2.609
10950 -2.598
10960 -2.587
10970 -2.577
10980 -2.566
10990 -2.553
11000 -2.539
11010 -2.521
11020 -2.502
11030 -2.481
11040 -2.460
11050 -2.439
11060 -2.420
11070 -2.402
11080 -2.384
11090 -2.367
11100 -2.348
11110 -2.328
11120 -2.306
11130 -2.283
11140 -2.260
11150 -2.237
11160 -2.217
11170 -2.199
11180 -2.183
11190 -2.168
11200 -2.153
11210 -2.138
11220 -2.121
11230 -2.102
11240 -2.083
11250 -2.065
11260 -2.048
11270 -2.033
11280 -2.021
11290 -2.011
11300 -2.000
11310 -1.990
11320 -1.977
11330 -1.963
11340 -1.946
11350 -1.930
11360 -1.913
11370 -1.898
11380 -1.885
11390 -1.874
11400 -1.862
11410 -1.850
11420 -1.836
11430 -1.819
11440 -1.799
11450 -1.777
11460 -1.755
11470 -1.732
11480 -1.711
11490 -1.691
11500 -1.672
11510 -1.653
11520 -1.632
11530 -1.608
11540 -1.582
11550 -1.554
11560 -1.524
11570 -1.494
11580 -1.467
11590 -1.441
11600 -1.418
11610 -1.396
11620 -1.374
11630 -1.351
11640 -1.327
11650 -1.301
11660 -1.274
11670 -1.248
11680 -1.224
11690 -1.203
11700 -1.186
11710 -1.172
11720 -1.159
11730 -1.147
11740 -1.134
11750 -1.119
11760 -1.104
11770 -1.089
11780 -1.075
11790 -1.064
11800 -1.056
11810 -1.053
11820 -1.051
11830 -1.050
11840 -1.048
11850 -1.044
11860 -1.038
11870 -1.031
11880 -1.023
11890 -1.017
11900 -1.014
11910 -1.013
11920 -1.014
11930 -1.016
11940 -1.016
11950 -1.013
11960 -1.006
11970 -0.996
11980 -0.985
11990 -0.972
12000 -0.961
12010 -0.952
12020 -0.945
12030 -0.938
12040 -0.930
12050 -0.919
12060 -0.904
12070 -0.885
12080 -0.864
12090 -0.841
12100 -0.820
12110 -0.801
12120 -0.785
12130 -0.771
12140 -0.757
12150 -0.743
12160 -0.726
12170 -0.706
12180 -0.684
12190 -0.663
12200 -0.643
12210 -0.626
12220 -0.614
12230 -0.606
12240 -0.601
12250 -0.596
12260 -0.591
12270 -0.583
12280 -0.574
12290 -0.564
12300 -0.555
12310 -0.550
12320 -0.548
12330 -0.551
12340 -0.558
12350 -0.565
12360 -0.571
12370 -0.576
12380 -0.577
12390 -0.577
12400 -0.576
12410 -0.577
12420 -0.581
12430 -0.589
12440 -0.599
12450 -0.611
12460 -0.623
12470 -0.632
12480 -0.638
12490 -0.641
12500 -0.642
12510 -0.644
12520 -0.648
12530 -0.656
12540 -0.667
12550 -0.680
12560 -0.694
12570 -0.706
12580 -0.716
12590 -0.723
12600 -0.728
12610 -0.733
12620 -0.740
12630 -0.750
12640 -0.765
12650 -0.783
12660 -0.803
12670 -0.824
12680 -0.842
12690 -0.858
12700 -0.871
12710 -0.884
12720 -0.898
12730 -0.914
12740 -0.935
12750 -0.960
12760 -0.987
12770 -1.014
12780 -1.040
12790 -1.063
12800 -1.082
12810 -1.098
12820 -1.113
12830 -1.130
12840 -1.150
12850 -1.173
12860 -1.198
12870 -1.224
12880 -1.247
12890 -1.267
12900 -1.283
12910 -1.294
12920 -1.303
12930 -1.312
12940 -1.323
12950 -1.337
12960 -1.354
12970 -1.372
12980 -1.389
12990 -1.402
13000 -1.411
13010 -1.416
13020 -1.418
13030 -1.420
13040 -1.423
13050 -1.429
13060 -1.439
13070 -1.451
13080 -1.463
13090 -1.474
13100 -1.481
13110 -1.485
13120 -1.485
13130 -1.485
13140 -1.485
13150 -1.489
13160 -1.497
13170 -1.509
13180 -1.522
13190 -1.535
13200 -1.546
13210 -1.553
13220 -1.557
13230 -1.559
13240 -1.561
13250 -1.567
13260 -1.577
13270 -1.590
13280 -1.607
13290 -1.624
13300 -1.640
13310 -1.652
13320 -1.661
13330 -1.667
13340 -1.673
13350 -1.681
13360 -1.692
13370 -1.708
13380 -1.726
13390 -1.746
13400 -1.765
13410 -1.781
13420 -1.793
13430 -1.802
13440 -1.809
13450 -1.817
13460 -1.827
13470 -1.841
13480 -1.858
13490 -1.877
13500 -1.895
13510 -1.911
13520 -1.923
13530 -1.931
13540 -1.937
13550 -1.943
13560 -1.950
13570 -1.960
13580 -1.974
13590 -1.991
13600 -2.008
13610 -2.025
13620 -2.039
13630 -2.051
13640 -2.060
13650 -2.069
13660 -2.079
13670 -2.094
13680 -2.114
13690 -2.139
13700 -2.167
13710 -2.196
13720 -2.225
13730 -2.252
13740 -2.278
13750 -2.304
13760 -2.332
13770 -2.364
13780 -2.401
13790 -2.443
13800 -2.488
13810 -2.536
13820 -2.583
13830 -2.627
13840 -2.669
13850 -2.708
13860 -2.746
13870 -2.784
13880 -2.824
13890 -2.865
13900 -2.907
13910 -2.949
13920 -2.988
13930 -3.022
13940 -3.051
13950 -3.073
13960 -3.090
13970 -3.104
13980 -3.116
13990 -3.129
14000 -3.141
14010 -3.154
14020 -3.165
14030 -3.171
14040 -3.173
14050 -3.170
14060 -3.163
14070 -3.153
14080 -3.145
14090 -3.138
14100 -3.136
14110 -3.138
14120 -3.142
14130 -3.147
14140 -3.151
14150 -3.154
14160 -3.156
14170 -3.159
14180 -3.166
14190 -3.177
14200 -3.196
14210 -3.221
14220 -3.251
14230 -3.285
14240 -3.319
14250 -3.353
14260 -3.385
14270 -3.417
14280 -3.449
14290 -3.482
14300 -3.519
14310 -3.558
14320 -3.599
14330 -3.639
14340 -3.675
14350 -3.705
14360 -3.727
14370 -3.742
14380 -3.751
14390 -3.755
14400 -3.757
14410 -3.756
14420 -3.753
14430 -3.747
14440 -3.735
14450 -3.717
14460 -3.690
14470 -3.657
14480 -3.617
14490 -3.573
14500 -3.530
14510 -3.487
14520 -3.447
14530 -3.409
14540 -3.372
14550 -3.336
14560 -3.299
14570 -3.262
14580 -3.226
14590 -3.194
14600 -3.168
14610 -3.152
14620 -3.147
14630 -3.154
14640 -3.171
14650 -3.197
14660 -3.231
14670 -3.272
14680 -3.321
14690 -3.378
14700 -3.444
14710 -3.521
14720 -3.609
14730 -3.708
14740 -3.815
14750 -3.927
14760 -4.042
14770 -4.156
14780 -4.267
14790 -4.373
14800 -4.476
14810 -4.575
14820 -4.671
14830 -4.764
14840 -4.853
14850 -4.937
14860 -5.012
14870 -5.077
14880 -5.131
14890 -5.173
14900 -5.204
14910 -5.228
14920 -5.247
14930 -5.262
14940 -5.276
14950 -5.286
14960 -5.293
14970 -5.296
14980 -5.293
14990 -5.284
15000 -5.270
15010 -5.255
15020 -5.240
15030 -5.228
15040 -5.220
15050 -5.217
15060 -5.218
15070 -5.221
15080 -5.225
15090 -5.228
15100 -5.230
15110 -5.232
15120 -5.235
15130 -5.243
15140 -5.255
15150 -5.274
15160 -5.298
15170 -5.324
15180 -5.349
15190 -5.370
15200 -5.386
15210 -5.397
15220 -5.404
15230 -5.409
15240 -5.415
15250 -5.422
15260 -5.430
15270 -5.436
15280 -5.438
15290 -5.432
15300 -5.418
15310 -5.395
15320 -5.367
15330 -5.335
15340 -5.303
15350 -5.272
15360 -5.243
15370 -5.216
15380 -5.188
15390 -5.157
15400 -5.121
15410 -5.082
15420 -5.039
15430 -4.997
15440 -4.957
15450 -4.923
15460 -4.895
15470 -4.874
15480 -4.858
15490 -4.845
15500 -4.833
15510 -4.820
15520 -4.805
15530 -4.791
15540 -4.779
15550 -4.773
15560 -4.774
15570 -4.784
15580 -4.799
15590 -4.819
15600 -4.837
15610 -4.852
15620 -4.861
15630 -4.864
15640 -4.866
15650 -4.867
15660 -4.873
15670 -4.883
15680 -4.897
15690 -4.912
15700 -4.922
15710 -4.926
15720 -4.922
15730 -4.909
15740 -4.891
15750 -4.871
15760 -4.854
15770 -4.841
15780 -4.832
15790 -4.827
15800 -4.821
15810 -4.812
15820 -4.797
15830 -4.778
15840 -4.754
15850 -4.731
15860 -4.711
15870 -4.699
15880 -4.695
15890 -4.700
15900 -4.712
15910 -4.726
15920 -4.739
15930 -4.749
15940 -4.755
15950 -4.761
15960 -4.771
15970 -4.788
15980 -4.816
15990 -4.854
16000 -4.901
16010 -4.951
16020 -4.999
16030 -5.041
16040 -5.075
16050 -5.105
16060 -5.134
16070 -5.169
16080 -5.211
16090 -5.264
16100 -5.324
16110 -5.388
16120 -5.450
16130 -5.507
16140 -5.557
16150 -5.603
16160 -5.648
16170 -5.698
16180 -5.757
16190 -5.828
16200 -5.910
16210 -6.002
16220 -6.099
16230 -6.197
16240 -6.294
16250 -6.386
16260 -6.477
16270 -6.570
16280 -6.669
16290 -6.779
16300 -6.903
16310 -7.039
16320 -7.183
16330 -7.327
16340 -7.463
16350 -7.585
16360 -7.692
16370 -7.787
16380 -7.879
16390 -7.974
16400 -8.077
16410 -8.190
16420 -8.304
16430 -8.411
16440 -8.501
16450 -8.568
16460 -8.614
16470 -8.644
16480 -8.671
16490 -8.704
16500 -8.749
16510 -8.807
16520 -8.873
16530 -8.937
16540 -8.992
16550 -9.033
16560 -9.060
16570 -9.077
16580 -9.094
16590 -9.116
16600 -9.152
16610 -9.201
16620 -9.261
16630 -9.325
16640 -9.383
16650 -9.426
16660 -9.447
16670 -9.447
16680 -9.431
16690 -9.408
16700 -9.389
16710 -9.380
16720 -9.381
16730 -9.385
16740 -9.382
16750 -9.358
16760 -9.306
16770 -9.227
16780 -9.131
16790 -9.030
16800 -8.940
16810 -8.868
16820 -8.815
16830 -8.774
16840 -8.732
16850 -8.679
16860 -8.607
16870 -8.515
16880 -8.413
16890 -8.312
16900 -8.226
16910 -8.161
16920 -8.119
16930 -8.094
16940 -8.074
16950 -8.050
16960 -8.012
16970 -7.958
16980 -7.892
16990 -7.820
17000 -7.753
17010 -7.697
17020 -7.656
17030 -7.625
17040 -7.595
17050 -7.556
17060 -7.493
17070 -7.395
17080 -7.259
17090 -7.088
17100 -6.892
17110 -6.686
17120 -6.481
17130 -6.284
17140 -6.090
17150 -5.891
17160 -5.676
17170 -5.437
17180 -5.177
17190 -4.905
17200 -4.640
17210 -4.399
17220 -4.190
17230 -4.016
17240 -3.870
17250 -3.738
17260 -3.607
17270 -3.469
17280 -3.319
17290 -3.164
17300 -3.012
17310 -2.872
17320 -2.751
17330 -2.651
17340 -2.572
17350 -2.506
17360 -2.449
17370 -2.394
17380 -2.336
17390 -2.275
17400 -2.212
17410 -2.154
17420 -2.110
17430 -2.091
17440 -2.109
17450 -2.167
17460 -2.262
17470 -2.378
17480 -2.492
17490 -2.582
17500 -2.637
17510 -2.662
17520 -2.674
17530 -2.693
17540 -2.732
17550 -2.790
17560 -2.856
17570 -2.912
17580 -2.938
17590 -2.923
17600 -2.870
17610 -2.792
17620 -2.707
17630 -2.632
17640 -2.579
17650 -2.548
17660 -2.534
17670 -2.523
17680 -2.504
17690 -2.464
17700 -2.399
17710 -2.310
17720 -2.208
17730 -2.103
17740 -2.010
17750 -1.940
17760 -1.898
17770 -1.881
17780 -1.880
17790 -1.876
17800 -1.851
17810 -1.791
17820 -1.699
17830 -1.592
17840 -1.501
17850 -1.454
17860 -1.465
17870 -1.529
17880 -1.622
17890 -1.707
17900 -1.753
17910 -1.744
17920 -1.691
17930 -1.626
17940 -1.582
17950 -1.586
17960 -1.647
17970 -1.753
17980 -1.882
17990 -2.002
18000 -2.089
18010 -2.131
18020 -2.137
18030 -2.131
18040 -2.142
18050 -2.198
18060 -2.314
18070 -2.491
18080 -2.716
18090 -2.967
18100 -3.212
18110 -3.423
18120 -3.582
18130 -3.692
18140 -3.774
18150 -3.860
18160 -3.978
18170 -4.132
18180 -4.297
18190 -4.414
18200 -4.412
18210 -4.245
18220 -3.927
18230 -3.527
18240 -3.133
18250 -2.815
18260 -2.603
18270 -2.488
18280 -2.435
18290 -2.395
18300 -2.323
18310 -2.198
18320 -2.026
18330 -1.841
18340 -1.685
18350 -1.596
18360 -1.591
18370 -1.667
18380 -1.800
18390 -1.955
18400 -2.094
18410 -2.188
18420 -2.228
18430 -2.228
18440 -2.218
18450 -2.234
18460 -2.299
18470 -2.413
18480 -2.553
18490 -2.671
18500 -2.705
18510 -2.605
18520 -2.352
18530 -1.972
18540 -1.527
18550 -1.084
18560 -0.691
18570 -0.367
18580 -0.100
18590 +0.141
18600 +0.391
18610 +0.677
18620 +1.004
18630 +1.354
18640 +1.695
18650 +1.990
18660 +2.217
18670 +2.372
18680 +2.469
18690 +2.537
18700 +2.610
18710 +2.717
18720 +2.869
18730 +3.060
18740 +3.267
18750 +3.458
18760 +3.608
18770 +3.705
18780 +3.755
18790 +3.779
18800 +3.805
18810 +3.860
18820 +3.958
18830 +4.100
18840 +4.268
18850 +4.433
18860 +4.571
18870 +4.665
18880 +4.714
18890 +4.735
18900 +4.752
18910 +4.788
18920 +4.862
18930 +4.977
18940 +5.121
18950 +5.270
18960 +5.399
18970 +5.489
18980 +5.536
18990 +5.552
19000 +5.557
19010 +5.573
19020 +5.617
19030 +5.695
19040 +5.799
19050 +5.909
19060 +6.003
19070 +6.061
19080 +6.079
19090 +6.062
19100 +6.027
19110 +5.992
19120 +5.974
19130 +5.977
19140 +5.998
19150 +6.023
19160 +6.034
19170 +6.017
19180 +5.963
19190 +5.878
19200 +5.771
19210 +5.657
19220 +5.550
19230 +5.458
19240 +5.382
19250 +5.318
19260 +5.254
19270 +5.181
19280 +5.091
19290 +4.981
19300 +4.858
19310 +4.731
19320 +4.611
19330 +4.510
19340 +4.433
19350 +4.380
19360 +4.346
19370 +4.318
19380 +4.285
19390 +4.240
19400 +4.180
19410 +4.111
19420 +4.043
19430 +3.986
19440 +3.947
19450 +3.928
19460 +3.924
19470 +3.924
19480 +3.915
19490 +3.888
19500 +3.839
19510 +3.772
19520 +3.695
19530 +3.618
19540 +3.548
19550 +3.489
19560 +3.439
19570 +3.392
19580 +3.338
19590 +3.271
19600 +3.187
19610 +3.089
19620 +2.981
19630 +2.870
19640 +2.766
19650 +2.674
19660 +2.596
19670 +2.531
19680 +2.474
19690 +2.420
19700 +2.363
19710 +2.300
19720 +2.231
19730 +2.161
19740 +2.097
19750 +2.045
19760 +2.011
19770 +1.996
19780 +1.995
19790 +2.000
19800 +2.002
19810 +1.995
19820 +1.975
19830 +1.944
19840 +1.909
19850 +1.878
19860 +1.855
19870 +1.843
19880 +1.839
19890 +1.836
19900 +1.824
19910 +1.798
19920 +1.753
19930 +1.693
19940 +1.623
19950 +1.551
19960 +1.483
19970 +1.423
19980 +1.371
19990 +1.324
20000 +1.276
20010 +1.221
20020 +1.159
20030 +1.088
20040 +1.013
20050 +0.941
20060 +0.878
20070 +0.830
20080 +0.800
20090 +0.786
20100 +0.786
20110 +0.792
20120 +0.798
20130 +0.801
20140 +0.799
20150 +0.796
20160 +0.798
20170 +0.808
20180 +0.831
20190 +0.863
20200 +0.899
20210 +0.932
20220 +0.952
20230 +0.954
20240 +0.938
20250 +0.908
20260 +0.869
20270 +0.827
20280 +0.786
20290 +0.746
20300 +0.705
20310 +0.658
20320 +0.600
20330 +0.528
20340 +0.444
20350 +0.348
20360 +0.247
20370 +0.144
20380 +0.043
20390 -0.052
20400 -0.142
20410 -0.228
20420 -0.313
20430 -0.401
20440 -0.493
20450 -0.590
20460 -0.688
20470 -0.786
20480 -0.878
20490 -0.961
20500 -1.032
20510 -1.092
20520 -1.140
20530 -1.182
20540 -1.220
20550 -1.257
20560 -1.294
20570 -1.328
20580 -1.356
20590 -1.373
20600 -1.375
20610 -1.363
20620 -1.341
20630 -1.316
20640 -1.295
20650 -1.286
20660 -1.291
20670 -1.308
20680 -1.335
20690 -1.369
20700 -1.405
20710 -1.444
20720 -1.487
20730 -1.534
20740 -1.589
20750 -1.652
20760 -1.721
20770 -1.796
20780 -1.872
20790 -1.947
20800 -2.016
20810 -2.079
20820 -2.133
20830 -2.181
20840 -2.223
20850 -2.262
20860 -2.302
20870 -2.344
20880 -2.387
20890 -2.430
20900 -2.470
20910 -2.504
20920 -2.530
20930 -2.548
20940 -2.560
20950 -2.568
20960 -2.578
20970 -2.593
20980 -2.613
20990 -2.637
21000 -2.662
21010 -2.684
21020 -2.701
21030 -2.712
21040 -2.718
21050 -2.723
21060 -2.732
21070 -2.748
21080 -2.773
21090 -2.806
21100 -2.845
21110 -2.884
21120 -2.922
21130 -2.957
21140 -2.988
21150 -3.019
21160 -3.053
21170 -3.093
21180 -3.141
21190 -3.194
21200 -3.250
21210 -3.305
21220 -3.356
21230 -3.398
21240 -3.431
21250 -3.456
21260 -3.475
21270 -3.491
21280 -3.506
21290 -3.523
21300 -3.540
21310 -3.556
21320 -3.568
21330 -3.574
21340 -3.572
21350 -3.563
21360 -3.551
21370 -3.540
21380 -3.534
21390 -3.537
21400 -3.548
21410 -3.567
21420 -3.590
21430 -3.615
21440 -3.640
21450 -3.665
21460 -3.694
21470 -3.728
21480 -3.773
21490 -3.831
21500 -3.901
21510 -3.982
21520 -4.071
21530 -4.165
21540 -4.261
21550 -4.360
21560 -4.459
21570 -4.561
21580 -4.665
21590 -4.773
21600 -4.884
21610 -4.997
21620 -5.108
21630 -5.214
21640 -5.313
21650 -5.400
21660 -5.473
21670 -5.532
21680 -5.576
21690 -5.609
21700 -5.632
21710 -5.649
21720 -5.660
21730 -5.665
21740 -5.662
21750 -5.649
21760 -5.624
21770 -5.588
21780 -5.544
21790 -5.496
21800 -5.450
21810 -5.411
21820 -5.380
21830 -5.357
21840 -5.340
21850 -5.324
21860 -5.308
21870 -5.292
21880 -5.278
21890 -5.270
21900 -5.272
21910 -5.288
21920 -5.318
21930 -5.360
21940 -5.412
21950 -5.470
21960 -5.531
21970 -5.592
21980 -5.655
21990 -5.720
22000 -5.789
22010 -5.862
22020 -5.941
22030 -6.025
22040 -6.110
22050 -6.193
22060 -6.270
22070 -6.339
22080 -6.398
22090 -6.445
22100 -6.481
22110 -6.510
22120 -6.534
22130 -6.556
22140 -6.575
22150 -6.592
22160 -6.604
22170 -6.608
22180 -6.602
22190 -6.585
22200 -6.561
22210 -6.534
22220 -6.509
22230 -6.490
22240 -6.480
22250 -6.477
22260 -6.480
22270 -6.484
22280 -6.488
22290 -6.489
22300 -6.491
22310 -6.496
22320 -6.508
22330 -6.532
22340 -6.568
22350 -6.616
22360 -6.673
22370 -6.735
22380 -6.798
22390 -6.860
22400 -6.921
22410 -6.980
22420 -7.040
22430 -7.104
22440 -7.171
22450 -7.243
22460 -7.318
22470 -7.391
22480 -7.460
22490 -7.520
22500 -7.569
22510 -7.606
22520 -7.632
22530 -7.650
22540 -7.664
22550 -7.679
22560 -7.695
22570 -7.711
22580 -7.726
22590 -7.735
22600 -7.735
22610 -7.726
22620 -7.709
22630 -7.690
22640 -7.675
22650 -7.669
22660 -7.675
22670 -7.693
22680 -7.720
22690 -7.752
22700 -7.785
22710 -7.817
22720 -7.850
22730 -7.887
22740 -7.932
22750 -7.990
22760 -8.063
22770 -8.151
22780 -8.250
22790 -8.357
22800 -8.466
22810 -8.575
22820 -8.681
22830 -8.783
22840 -8.884
22850 -8.986
22860 -9.089
22870 -9.195
22880 -9.302
22890 -9.408
22900 -9.508
22910 -9.598
22920 -9.674
22930 -9.734
22940 -9.778
22950 -9.809
22960 -9.832
22970 -9.853
22980 -9.875
22990 -9.900
23000 -9.927
23010 -9.951
23020 -9.970
23030 -9.981
23040 -9.985
23050 -9.985
23060 -9.990
23070 -10.005
23080 -10.038
23090 -10.089
23100 -10.158
23110 -10.241
23120 -10.334
23130 -10.434
23140 -10.540
23150 -10.655
23160 -10.782
23170 -10.926
23180 -11.090
23190 -11.275
23200 -11.481
23210 -11.704
23220 -11.941
23230 -12.187
23240 -12.439
23250 -12.693
23260 -12.946
23270 -13.194
23280 -13.437
23290 -13.672
23300 -13.899
23310 -14.117
23320 -14.325
23330 -14.519
23340 -14.694
23350 -14.840
23360 -14.950
23370 -15.018
23380 -15.045
23390 -15.036
23400 -15.005
23410 -14.964
23420 -14.922
23430 -14.881
23440 -14.837
23450 -14.782
23460 -14.706
23470 -14.605
23480 -14.480
23490 -14.340
23500 -14.200
23510 -14.072
23520 -13.964
23530 -13.878
23540 -13.806
23550 -13.735
23560 -13.653
23570 -13.547
23580 -13.412
23590 -13.251
23600 -13.074
23610 -12.895
23620 -12.726
23630 -12.574
23640 -12.433
23650 -12.292
23660 -12.132
23670 -11.936
23680 -11.692
23690 -11.397
23700 -11.064
23710 -10.717
23720 -10.381
23730 -10.078
23740 -9.813
23750 -9.574
23760 -9.339
23770 -9.081
23780 -8.780
23790 -8.429
23800 -8.038
23810 -7.637
23820 -7.261
23830 -6.942
23840 -6.695
23850 -6.509
23860 -6.353
23870 -6.191
23880 -5.985
23890 -5.712
23900 -5.368
23910 -4.969
23920 -4.553
23930 -4.170
23940 -3.867
23950 -3.670
23960 -3.578
23970 -3.567
23980 -3.600
23990 -3.637
