00000 +1.910
00010 +1.889
00020 +1.830
00030 +1.751
00040 +1.673
00050 +1.616
00060 +1.592
00070 +1.610
00080 +1.670
00090 +1.762
00100 +1.870
00110 +1.974
00120 +2.055
00130 +2.101
00140 +2.112
00150 +2.101
00160 +2.083
00170 +2.076
00180 +2.094
00190 +2.144
00200 +2.221
00210 +2.317
00220 +2.414
00230 +2.496
00240 +2.553
00250 +2.583
00260 +2.593
00270 +2.595
00280 +2.604
00290 +2.632
00300 +2.685
00310 +2.760
00320 +2.849
00330 +2.939
00340 +3.018
00350 +3.079
00360 +3.120
00370 +3.148
00380 +3.175
00390 +3.212
00400 +3.271
00410 +3.354
00420 +3.461
00430 +3.582
00440 +3.707
00450 +3.825
00460 +3.930
00470 +4.024
00480 +4.114
00490 +4.211
00500 +4.326
00510 +4.467
00520 +4.636
00530 +4.826
00540 +5.027
00550 +5.228
00560 +5.420
00570 +5.597
00580 +5.764
00590 +5.927
00600 +6.095
00610 +6.276
00620 +6.473
00630 +6.682
00640 +6.895
00650 +7.099
00660 +7.283
00670 +7.441
00680 +7.571
00690 +7.680
00700 +7.775
00710 +7.865
00720 +7.958
00730 +8.053
00740 +8.147
00750 +8.233
00760 +8.302
00770 +8.348
00780 +8.370
00790 +8.373
00800 +8.366
00810 +8.358
00820 +8.359
00830 +8.373
00840 +8.400
00850 +8.435
00860 +8.472
00870 +8.503
00880 +8.526
00890 +8.541
00900 +8.554
00910 +8.575
00920 +8.612
00930 +8.670
00940 +8.750
00950 +8.850
00960 +8.963
00970 +9.080
00980 +9.195
00990 +9.307
01000 +9.418
01010 +9.533
01020 +9.658
01030 +9.799
01040 +9.958
01050 +10.129
01060 +10.307
01070 +10.482
01080 +10.643
01090 +10.783
01100 +10.901
01110 +10.996
01120 +11.075
01130 +11.143
01140 +11.202
01150 +11.251
01160 +11.285
01170 +11.296
01180 +11.276
01190 +11.219
01200 +11.125
01210 +11.002
01220 +10.859
01230 +10.709
01240 +10.559
01250 +10.413
01260 +10.269
01270 +10.121
01280 +9.962
01290 +9.787
01300 +9.599
01310 +9.402
01320 +9.205
01330 +9.018
01340 +8.849
01350 +8.697
01360 +8.559
01370 +8.428
01380 +8.297
01390 +8.160
01400 +8.017
01410 +7.873
01420 +7.733
01430 +7.607
01440 +7.498
01450 +7.407
01460 +7.329
01470 +7.258
01480 +7.187
01490 +7.110
01500 +7.027
01510 +6.939
01520 +6.852
01530 +6.770
01540 +6.696
01550 +6.628
01560 +6.565
01570 +6.501
01580 +6.430
01590 +6.349
01600 +6.256
01610 +6.153
01620 +6.043
01630 +5.932
01640 +5.826
01650 +5.729
01660 +5.642
01670 +5.560
01680 +5.480
01690 +5.396
01700 +5.305
01710 +5.209
01720 +5.111
01730 +5.017
01740 +4.934
01750 +4.866
01760 +4.811
01770 +4.765
01780 +4.721
01790 +4.675
01800 +4.622
01810 +4.564
01820 +4.505
01830 +4.452
01840 +4.411
01850 +4.383
01860 +4.369
01870 +4.363
01880 +4.359
01890 +4.352
01900 +4.340
01910 +4.324
01920 +4.309
01930 +4.299
01940 +4.301
01950 +4.316
01960 +4.343
01970 +4.379
01980 +4.417
01990 +4.453
02000 +4.485
02010 +4.514
02020 +4.542
02030 +4.575
02040 +4.616
02050 +4.666
02060 +4.727
02070 +4.792
02080 +4.859
02090 +4.923
02100 +4.981
02110 +5.032
02120 +5.077
02130 +5.120
02140 +5.165
02150 +5.215
02160 +5.268
02170 +5.326
02180 +5.382
02190 +5.434
02200 +5.478
02210 +5.512
02220 +5.539
02230 +5.562
02240 +5.585
02250 +5.613
02260 +5.649
02270 +5.693
02280 +5.742
02290 +5.791
02300 +5.838
02310 +5.879
02320 +5.916
02330 +5.953
02340 +5.994
02350 +6.043
02360 +6.103
02370 +6.174
02380 +6.251
02390 +6.331
02400 +6.407
02410 +6.477
02420 +6.541
02430 +6.601
02440 +6.659
02450 +6.722
02460 +6.789
02470 +6.862
02480 +6.938
02490 +7.011
02500 +7.078
02510 +7.134
02520 +7.180
02530 +7.216
02540 +7.246
02550 +7.273
02560 +7.300
02570 +7.330
02580 +7.359
02590 +7.384
02600 +7.403
02610 +7.410
02620 +7.405
02630 +7.389
02640 +7.363
02650 +7.331
02660 +7.298
02670 +7.264
02680 +7.232
02690 +7.198
02700 +7.159
02710 +7.113
02720 +7.057
02730 +6.991
02740 +6.920
02750 +6.846
02760 +6.775
02770 +6.714
02780 +6.664
02790 +6.628
02800 +6.605
02810 +6.592
02820 +6.588
02830 +6.592
02840 +6.605
02850 +6.629
02860 +6.666
02870 +6.719
02880 +6.785
02890 +6.862
02900 +6.943
02910 +7.020
02920 +7.085
02930 +7.135
02940 +7.168
02950 +7.186
02960 +7.192
02970 +7.190
02980 +7.183
02990 +7.171
03000 +7.152
03010 +7.123
03020 +7.080
03030 +7.020
03040 +6.945
03050 +6.855
03060 +6.754
03070 +6.646
03080 +6.535
03090 +6.421
03100 +6.304
03110 +6.181
03120 +6.048
03130 +5.902
03140 +5.742
03150 +5.567
03160 +5.380
03170 +5.185
03180 +4.986
03190 +4.785
03200 +4.583
03210 +4.380
03220 +4.172
03230 +3.959
03240 +3.737
03250 +3.509
03260 +3.278
03270 +3.049
03280 +2.829
03290 +2.625
03300 +2.442
03310 +2.283
03320 +2.145
03330 +2.025
03340 +1.921
03350 +1.829
03360 +1.748
03370 +1.682
03380 +1.632
03390 +1.601
03400 +1.589
03410 +1.592
03420 +1.604
03430 +1.616
03440 +1.620
03450 +1.612
03460 +1.589
03470 +1.555
03480 +1.512
03490 +1.465
03500 +1.416
03510 +1.365
03520 +1.307
03530 +1.237
03540 +1.149
03550 +1.040
03560 +0.910
03570 +0.761
03580 +0.597
03590 +0.423
03600 +0.243
03610 +0.056
03620 -0.139
03630 -0.347
03640 -0.574
03650 -0.825
03660 -1.101
03670 -1.402
03680 -1.723
03690 -2.059
03700 -2.405
03710 -2.758
03720 -3.117
03730 -3.486
03740 -3.866
03750 -4.261
03760 -4.667
03770 -5.076
03780 -5.472
03790 -5.834
03800 -6.136
03810 -6.358
03820 -6.485
03830 -6.514
03840 -6.449
03850 -6.301
03860 -6.081
03870 -5.801
03880 -5.471
03890 -5.102
03900 -4.707
03910 -4.299
03920 -3.895
03930 -3.510
03940 -3.155
03950 -2.838
03960 -2.564
03970 -2.332
03980 -2.139
03990 -1.979
04000 -1.849
04010 -1.747
04020 -1.672
04030 -1.627
04040 -1.616
04050 -1.642
04060 -1.703
04070 -1.796
04080 -1.913
04090 -2.045
04100 -2.183
04110 -2.320
04120 -2.450
04130 -2.575
04140 -2.695
04150 -2.812
04160 -2.922
04170 -3.020
04180 -3.097
04190 -3.142
04200 -3.148
04210 -3.113
04220 -3.040
04230 -2.936
04240 -2.812
04250 -2.674
04260 -2.528
04270 -2.375
04280 -2.214
04290 -2.043
04300 -1.862
04310 -1.672
04320 -1.479
04330 -1.289
04340 -1.108
04350 -0.941
04360 -0.790
04370 -0.654
04380 -0.531
04390 -0.415
04400 -0.303
04410 -0.192
04420 -0.082
04430 +0.023
04440 +0.122
04450 +0.210
04460 +0.286
04470 +0.351
04480 +0.411
04490 +0.471
04500 +0.539
04510 +0.618
04520 +0.709
04530 +0.811
04540 +0.918
04550 +1.026
04560 +1.132
04570 +1.238
04580 +1.347
04590 +1.465
04600 +1.596
04610 +1.744
04620 +1.906
04630 +2.078
04640 +2.252
04650 +2.423
04660 +2.585
04670 +2.739
04680 +2.887
04690 +3.033
04700 +3.182
04710 +3.335
04720 +3.489
04730 +3.642
04740 +3.787
04750 +3.918
04760 +4.032
04770 +4.129
04780 +4.212
04790 +4.286
04800 +4.355
04810 +4.424
04820 +4.493
04830 +4.561
04840 +4.623
04850 +4.675
04860 +4.716
04870 +4.744
04880 +4.765
04890 +4.783
04900 +4.804
04910 +4.835
04920 +4.877
04930 +4.930
04940 +4.989
04950 +5.051
04960 +5.111
04970 +5.167
04980 +5.221
04990 +5.275
05000 +5.335
05010 +5.405
05020 +5.486
05030 +5.576
05040 +5.670
05050 +5.762
05060 +5.847
05070 +5.918
05080 +5.977
05090 +6.026
05100 +6.069
05110 +6.110
05120 +6.154
05130 +6.199
05140 +6.241
05150 +6.277
05160 +6.299
05170 +6.305
05180 +6.292
05190 +6.266
05200 +6.231
05210 +6.195
05220 +6.163
05230 +6.137
05240 +6.118
05250 +6.100
05260 +6.078
05270 +6.051
05280 +6.017
05290 +5.980
05300 +5.948
05310 +5.927
05320 +5.925
05330 +5.944
05340 +5.983
05350 +6.035
05360 +6.097
05370 +6.161
05380 +6.226
05390 +6.292
05400 +6.364
05410 +6.445
05420 +6.538
05430 +6.644
05440 +6.762
05450 +6.886
05460 +7.010
05470 +7.129
05480 +7.239
05490 +7.338
05500 +7.429
05510 +7.516
05520 +7.602
05530 +7.691
05540 +7.784
05550 +7.879
05560 +7.971
05570 +8.057
05580 +8.132
05590 +8.195
05600 +8.248
05610 +8.294
05620 +8.340
05630 +8.391
05640 +8.450
05650 +8.519
05660 +8.593
05670 +8.670
05680 +8.744
05690 +8.813
05700 +8.879
05710 +8.944
05720 +9.016
05730 +9.098
05740 +9.196
05750 +9.308
05760 +9.432
05770 +9.562
05780 +9.694
05790 +9.822
05800 +9.946
05810 +10.068
05820 +10.192
05830 +10.320
05840 +10.456
05850 +10.601
05860 +10.751
05870 +10.903
05880 +11.051
05890 +11.193
05900 +11.325
05910 +11.448
05920 +11.565
05930 +11.680
05940 +11.796
05950 +11.915
05960 +12.038
05970 +12.162
05980 +12.284
05990 +12.401
06000 +12.510
06010 +12.610
06020 +12.703
06030 +12.792
06040 +12.883
06050 +12.979
06060 +13.082
06070 +13.192
06080 +13.305
06090 +13.419
06100 +13.530
06110 +13.636
06120 +13.738
06130 +13.839
06140 +13.942
06150 +14.052
06160 +14.171
06170 +14.300
06180 +14.435
06190 +14.573
06200 +14.711
06210 +14.844
06220 +14.971
06230 +15.093
06240 +15.214
06250 +15.335
06260 +15.462
06270 +15.593
06280 +15.728
06290 +15.864
06300 +15.996
06310 +16.121
06320 +16.237
06330 +16.344
06340 +16.443
06350 +16.539
06360 +16.636
06370 +16.735
06380 +16.837
06390 +16.942
06400 +17.044
06410 +17.142
06420 +17.231
06430 +17.312
06440 +17.386
06450 +17.456
06460 +17.527
06470 +17.603
06480 +17.684
06490 +17.771
06500 +17.860
06510 +17.948
06520 +18.031
06530 +18.107
06540 +18.177
06550 +18.244
06560 +18.311
06570 +18.381
06580 +18.457
06590 +18.537
06600 +18.620
06610 +18.702
06620 +18.779
06630 +18.849
06640 +18.910
06650 +18.964
06660 +19.013
06670 +19.062
06680 +19.113
06690 +19.167
06700 +19.223
06710 +19.278
06720 +19.329
06730 +19.373
06740 +19.408
06750 +19.435
06760 +19.457
06770 +19.477
06780 +19.498
06790 +19.524
06800 +19.555
06810 +19.588
06820 +19.622
06830 +19.652
06840 +19.676
06850 +19.694
06860 +19.707
06870 +19.721
06880 +19.738
06890 +19.762
06900 +19.795
06910 +19.834
06920 +19.878
06930 +19.921
06940 +19.961
06950 +19.996
06960 +20.028
06970 +20.061
06980 +20.097
06990 +20.141
07000 +20.193
07010 +20.251
07020 +20.312
07030 +20.373
07040 +20.428
07050 +20.478
07060 +20.521
07070 +20.560
07080 +20.600
07090 +20.641
07100 +20.687
07110 +20.736
07120 +20.785
07130 +20.833
07140 +20.874
07150 +20.909
07160 +20.937
07170 +20.959
07180 +20.979
07190 +21.001
07200 +21.027
07210 +21.057
07220 +21.091
07230 +21.126
07240 +21.158
07250 +21.187
07260 +21.211
07270 +21.232
07280 +21.253
07290 +21.276
07300 +21.307
07310 +21.345
07320 +21.391
07330 +21.441
07340 +21.492
07350 +21.542
07360 +21.589
07370 +21.634
07380 +21.680
07390 +21.730
07400 +21.786
07410 +21.852
07420 +21.924
07430 +22.002
07440 +22.081
07450 +22.157
07460 +22.230
07470 +22.300
07480 +22.369
07490 +22.441
07500 +22.517
07510 +22.599
07520 +22.688
07530 +22.780
07540 +22.873
07550 +22.964
07560 +23.051
07570 +23.133
07580 +23.215
07590 +23.297
07600 +23.383
07610 +23.475
07620 +23.573
07630 +23.674
07640 +23.777
07650 +23.878
07660 +23.974
07670 +24.066
07680 +24.155
07690 +24.243
07700 +24.332
07710 +24.425
07720 +24.520
07730 +24.618
07740 +24.713
07750 +24.804
07760 +24.887
07770 +24.962
07780 +25.030
07790 +25.093
07800 +25.153
07810 +25.214
07820 +25.276
07830 +25.339
07840 +25.401
07850 +25.459
07860 +25.512
07870 +25.561
07880 +25.606
07890 +25.650
07900 +25.697
07910 +25.750
07920 +25.810
07930 +25.878
07940 +25.952
07950 +26.029
07960 +26.108
07970 +26.187
07980 +26.266
07990 +26.347
08000 +26.432
08010 +26.523
08020 +26.620
08030 +26.721
08040 +26.825
08050 +26.925
08060 +27.018
08070 +27.100
08080 +27.167
08090 +27.219
08100 +27.256
08110 +27.278
08120 +27.284
08130 +27.273
08140 +27.241
08150 +27.186
08160 +27.106
08170 +27.000
08180 +26.871
08190 +26.720
08200 +26.554
08210 +26.377
08220 +26.194
08230 +26.009
08240 +25.825
08250 +25.642
08260 +25.461
08270 +25.281
08280 +25.104
08290 +24.930
08300 +24.763
08310 +24.605
08320 +24.458
08330 +24.325
08340 +24.205
08350 +24.097
08360 +23.999
08370 +23.907
08380 +23.820
08390 +23.736
08400 +23.655
08410 +23.580
08420 +23.511
08430 +23.450
08440 +23.397
08450 +23.349
08460 +23.303
08470 +23.256
08480 +23.203
08490 +23.144
08500 +23.076
08510 +23.003
08520 +22.925
08530 +22.846
08540 +22.765
08550 +22.682
08560 +22.594
08570 +22.499
08580 +22.395
08590 +22.280
08600 +22.157
08610 +22.027
08620 +21.897
08630 +21.768
08640 +21.645
08650 +21.528
08660 +21.414
08670 +21.303
08680 +21.192
08690 +21.080
08700 +20.968
08710 +20.858
08720 +20.754
08730 +20.658
08740 +20.572
08750 +20.498
08760 +20.431
08770 +20.371
08780 +20.312
08790 +20.254
08800 +20.195
08810 +20.137
08820 +20.083
08830 +20.036
08840 +19.997
08850 +19.968
08860 +19.945
08870 +19.926
08880 +19.906
08890 +19.884
08900 +19.858
08910 +19.829
08920 +19.800
08930 +19.775
08940 +19.755
08950 +19.742
08960 +19.732
08970 +19.724
08980 +19.712
08990 +19.695
09000 +19.672
09010 +19.643
09020 +19.612
09030 +19.583
09040 +19.557
09050 +19.537
09060 +19.520
09070 +19.504
09080 +19.484
09090 +19.460
09100 +19.429
09110 +19.393
09120 +19.355
09130 +19.318
09140 +19.285
09150 +19.257
09160 +19.233
09170 +19.210
09180 +19.186
09190 +19.157
09200 +19.122
09210 +19.081
09220 +19.038
09230 +18.994
09240 +18.955
09250 +18.921
09260 +18.891
09270 +18.864
09280 +18.836
09290 +18.804
09300 +18.766
09310 +18.723
09320 +18.678
09330 +18.633
09340 +18.592
09350 +18.557
09360 +18.528
09370 +18.502
09380 +18.477
09390 +18.450
09400 +18.417
09410 +18.380
09420 +18.341
09430 +18.301
09440 +18.265
09450 +18.234
09460 +18.208
09470 +18.187
09480 +18.166
09490 +18.142
09500 +18.114
09510 +18.080
09520 +18.041
09530 +17.999
09540 +17.958
09550 +17.920
09560 +17.887
09570 +17.856
09580 +17.827
09590 +17.795
09600 +17.758
09610 +17.713
09620 +17.662
09630 +17.606
09640 +17.549
09650 +17.494
09660 +17.444
09670 +17.398
09680 +17.355
09690 +17.312
09700 +17.265
09710 +17.212
09720 +17.153
09730 +17.090
09740 +17.028
09750 +16.969
09760 +16.918
09770 +16.876
09780 +16.840
09790 +16.808
09800 +16.776
09810 +16.743
09820 +16.705
09830 +16.667
09840 +16.629
09850 +16.597
09860 +16.573
09870 +16.558
09880 +16.551
09890 +16.550
09900 +16.551
09910 +16.549
09920 +16.544
09930 +16.534
09940 +16.523
09950 +16.512
09960 +16.505
09970 +16.505
09980 +16.511
09990 +16.521
10000 +16.533
10010 +16.541
10020 +16.543
10030 +16.537
10040 +16.525
10050 +16.510
10060 +16.495
10070 +16.483
10080 +16.477
10090 +16.476
10100 +16.477
10110 +16.475
10120 +16.467
10130 +16.451
10140 +16.426
10150 +16.396
10160 +16.365
10170 +16.337
10180 +16.316
10190 +16.303
10200 +16.295
10210 +16.289
10220 +16.279
10230 +16.263
10240 +16.240
10250 +16.213
10260 +16.185
10270 +16.162
10280 +16.149
10290 +16.147
10300 +16.154
10310 +16.166
10320 +16.177
10330 +16.184
10340 +16.183
10350 +16.177
10360 +16.167
10370 +16.159
10380 +16.157
10390 +16.164
10400 +16.177
10410 +16.194
10420 +16.208
10430 +16.214
10440 +16.208
10450 +16.190
10460 +16.161
10470 +16.126
10480 +16.091
10490 +16.059
10500 +16.030
10510 +16.002
10520 +15.970
10530 +15.927
10540 +15.870
10550 +15.795
10560 +15.704
10570 +15.601
10580 +15.493
10590 +15.384
10600 +15.279
10610 +15.175
10620 +15.069
10630 +14.954
10640 +14.825
10650 +14.676
10660 +14.510
10670 +14.329
10680 +14.142
10690 +13.956
10700 +13.778
10710 +13.609
10720 +13.446
10730 +13.282
10740 +13.110
10750 +12.925
10760 +12.728
10770 +12.522
10780 +12.319
10790 +12.129
10800 +11.962
10810 +11.821
10820 +11.703
10830 +11.599
10840 +11.501
10850 +11.401
10860 +11.299
10870 +11.199
10880 +11.113
10890 +11.051
10900 +11.021
10910 +11.022
10920 +11.048
10930 +11.087
10940 +11.128
10950 +11.162
10960 +11.188
10970 +11.209
10980 +11.231
10990 +11.265
11000 +11.315
11010 +11.382
11020 +11.461
11030 +11.543
11040 +11.617
11050 +11.676
11060 +11.716
11070 +11.738
11080 +11.750
11090 +11.759
11100 +11.775
11110 +11.801
11120 +11.836
11130 +11.873
11140 +11.902
11150 +11.914
11160 +11.902
11170 +11.866
11180 +11.812
11190 +11.750
11200 +11.692
11210 +11.647
11220 +11.617
11230 +11.596
11240 +11.572
11250 +11.533
11260 +11.470
11270 +11.381
11280 +11.275
11290 +11.166
11300 +11.071
11310 +11.004
11320 +10.967
11330 +10.951
11340 +10.942
11350 +10.924
11360 +10.888
11370 +10.833
11380 +10.772
11390 +10.721
11400 +10.697
11410 +10.710
11420 +10.756
11430 +10.823
11440 +10.894
11450 +10.954
11460 +10.994
11470 +11.016
11480 +11.029
11490 +11.048
11500 +11.084
11510 +11.146
11520 +11.230
11530 +11.327
11540 +11.423
11550 +11.506
11560 +11.568
11570 +11.609
11580 +11.635
11590 +11.660
11600 +11.694
11610 +11.747
11620 +11.821
11630 +11.910
11640 +12.002
11650 +12.085
11660 +12.150
11670 +12.194
11680 +12.220
11690 +12.241
11700 +12.269
11710 +12.316
11720 +12.387
11730 +12.477
11740 +12.577
11750 +12.671
11760 +12.748
11770 +12.802
11780 +12.836
11790 +12.862
11800 +12.894
11810 +12.944
11820 +13.018
11830 +13.113
11840 +13.216
11850 +13.313
11860 +13.392
11870 +13.446
11880 +13.477
11890 +13.497
11900 +13.518
11910 +13.553
11920 +13.607
11930 +13.679
11940 +13.759
11950 +13.833
11960 +13.892
11970 +13.927
11980 +13.940
11990 +13.939
12000 +13.936
12010 +13.943
12020 +13.967
12030 +14.010
12040 +14.065
12050 +14.121
12060 +14.168
12070 +14.197
12080 +14.206
12090 +14.201
12100 +14.193
12110 +14.192
12120 +14.209
12130 +14.247
12140 +14.302
12150 +14.367
12160 +14.427
12170 +14.475
12180 +14.506
12190 +14.521
12200 +14.530
12210 +14.545
12220 +14.576
12230 +14.628
12240 +14.700
12250 +14.784
12260 +14.867
12270 +14.939
12280 +14.994
12290 +15.032
12300 +15.060
12310 +15.087
12320 +15.126
12330 +15.181
12340 +15.254
12350 +15.338
12360 +15.421
12370 +15.495
12380 +15.550
12390 +15.587
12400 +15.608
12410 +15.623
12420 +15.642
12430 +15.673
12440 +15.719
12450 +15.775
12460 +15.835
12470 +15.887
12480 +15.924
12490 +15.944
12500 +15.946
12510 +15.940
12520 +15.934
12530 +15.939
12540 +15.958
12550 +15.992
12560 +16.034
12570 +16.075
12580 +16.107
12590 +16.123
12600 +16.125
12610 +16.117
12620 +16.110
12630 +16.112
12640 +16.130
12650 +16.165
12660 +16.212
12670 +16.263
12680 +16.308
12690 +16.341
12700 +16.361
12710 +16.373
12720 +16.383
12730 +16.401
12740 +16.434
12750 +16.482
12760 +16.543
12770 +16.610
12780 +16.673
12790 +16.728
12800 +16.770
12810 +16.803
12820 +16.833
12830 +16.866
12840 +16.909
12850 +16.966
12860 +17.034
12870 +17.109
12880 +17.183
12890 +17.250
12900 +17.305
12910 +17.350
12920 +17.388
12930 +17.427
12940 +17.472
12950 +17.529
12960 +17.597
12970 +17.673
12980 +17.750
12990 +17.822
13000 +17.883
13010 +17.933
13020 +17.975
13030 +18.016
13040 +18.063
13050 +18.120
13060 +18.189
13070 +18.267
13080 +18.346
13090 +18.421
13100 +18.486
13110 +18.541
13120 +18.588
13130 +18.632
13140 +18.681
13150 +18.738
13160 +18.806
13170 +18.880
13180 +18.956
13190 +19.028
13200 +19.089
13210 +19.139
13220 +19.180
13230 +19.216
13240 +19.252
13250 +19.294
13260 +19.342
13270 +19.396
13280 +19.451
13290 +19.500
13300 +19.539
13310 +19.565
13320 +19.579
13330 +19.586
13340 +19.591
13350 +19.600
13360 +19.616
13370 +19.638
13380 +19.664
13390 +19.685
13400 +19.698
13410 +19.698
13420 +19.687
13430 +19.669
13440 +19.651
13450 +19.640
13460 +19.640
13470 +19.650
13480 +19.667
13490 +19.684
13500 +19.694
13510 +19.693
13520 +19.682
13530 +19.666
13540 +19.652
13550 +19.647
13560 +19.656
13570 +19.677
13580 +19.707
13590 +19.738
13600 +19.763
13610 +19.777
13620 +19.780
13630 +19.775
13640 +19.771
13650 +19.773
13660 +19.787
13670 +19.814
13680 +19.849
13690 +19.885
13700 +19.914
13710 +19.929
13720 +19.930
13730 +19.919
13740 +19.904
13750 +19.891
13760 +19.889
13770 +19.901
13780 +19.924
13790 +19.951
13800 +19.971
13810 +19.979
13820 +19.969
13830 +19.945
13840 +19.914
13850 +19.886
13860 +19.870
13870 +19.871
13880 +19.888
13890 +19.911
13900 +19.933
13910 +19.941
13920 +19.933
13930 +19.908
13940 +19.874
13950 +19.840
13960 +19.818
13970 +19.813
13980 +19.825
13990 +19.848
14000 +19.871
14010 +19.884
14020 +19.878
14030 +19.853
14040 +19.813
14050 +19.768
14060 +19.729
14070 +19.706
14080 +19.703
14090 +19.715
14100 +19.732
14110 +19.743
14120 +19.735
14130 +19.705
14140 +19.656
14150 +19.596
14160 +19.540
14170 +19.501
14180 +19.487
14190 +19.496
14200 +19.519
14210 +19.541
14220 +19.547
14230 +19.530
14240 +19.491
14250 +19.438
14260 +19.388
14270 +19.354
14280 +19.348
14290 +19.370
14300 +19.410
14310 +19.452
14320 +19.482
14330 +19.488
14340 +19.469
14350 +19.431
14360 +19.388
14370 +19.357
14380 +19.348
14390 +19.366
14400 +19.405
14410 +19.452
14420 +19.489
14430 +19.504
14440 +19.490
14450 +19.449
14460 +19.392
14470 +19.336
14480 +19.298
14490 +19.286
14500 +19.301
14510 +19.332
14520 +19.362
14530 +19.373
14540 +19.354
14550 +19.304
14560 +19.233
14570 +19.159
14580 +19.105
14590 +19.086
14600 +19.107
14610 +19.156
14620 +19.216
14630 +19.264
14640 +19.285
14650 +19.277
14660 +19.248
14670 +19.218
14680 +19.206
14690 +19.230
14700 +19.293
14710 +19.387
14720 +19.493
14730 +19.589
14740 +19.661
14750 +19.701
14760 +19.714
14770 +19.713
14780 +19.716
14790 +19.738
14800 +19.789
14810 +19.864
14820 +19.950
14830 +20.029
14840 +20.082
14850 +20.098
14860 +20.074
14870 +20.018
14880 +19.946
14890 +19.877
14900 +19.829
14910 +19.806
14920 +19.803
14930 +19.802
14940 +19.784
14950 +19.730
14960 +19.635
14970 +19.504
14980 +19.354
14990 +19.210
15000 +19.094
15010 +19.019
15020 +18.981
15030 +18.964
15040 +18.943
15050 +18.897
15060 +18.814
15070 +18.699
15080 +18.565
15090 +18.438
15100 +18.341
15110 +18.290
15120 +18.284
15130 +18.307
15140 +18.334
15150 +18.342
15160 +18.315
15170 +18.253
15180 +18.166
15190 +18.077
15200 +18.009
15210 +17.981
15220 +17.999
15230 +18.052
15240 +18.116
15250 +18.167
15260 +18.182
15270 +18.154
15280 +18.088
15290 +18.004
15300 +17.928
15310 +17.887
15320 +17.893
15330 +17.941
15340 +18.008
15350 +18.063
15360 +18.081
15370 +18.048
15380 +17.967
15390 +17.860
15400 +17.759
15410 +17.694
15420 +17.684
15430 +17.725
15440 +17.794
15450 +17.859
15460 +17.891
15470 +17.876
15480 +17.817
15490 +17.733
15500 +17.653
15510 +17.608
15520 +17.618
15530 +17.683
15540 +17.782
15550 +17.887
15560 +17.970
15570 +18.011
15580 +18.009
15590 +17.976
15600 +17.936
15610 +17.919
15620 +17.949
15630 +18.033
15640 +18.160
15650 +18.302
15660 +18.427
15670 +18.510
15680 +18.540
15690 +18.520
15700 +18.472
15710 +18.429
15720 +18.420
15730 +18.464
15740 +18.554
15750 +18.662
15760 +18.752
15770 +18.792
15780 +18.768
15790 +18.685
15800 +18.567
15810 +18.451
15820 +18.375
15830 +18.359
15840 +18.401
15850 +18.471
15860 +18.533
15870 +18.558
15880 +18.528
15890 +18.447
15900 +18.338
15910 +18.233
15920 +18.166
15930 +18.160
15940 +18.213
15950 +18.302
15960 +18.396
15970 +18.463
15980 +18.484
15990 +18.457
16000 +18.395
16010 +18.326
16020 +18.282
16030 +18.289
16040 +18.354
16050 +18.464
16060 +18.589
16070 +18.695
16080 +18.756
16090 +18.760
16100 +18.713
16110 +18.639
16120 +18.572
16130 +18.546
16140 +18.579
16150 +18.662
16160 +18.766
16170 +18.854
16180 +18.893
16190 +18.868
16200 +18.785
16210 +18.668
16220 +18.556
16230 +18.487
16240 +18.482
16250 +18.537
16260 +18.624
16270 +18.706
16280 +18.752
16290 +18.743
16300 +18.682
16310 +18.590
16320 +18.498
16330 +18.443
16340 +18.447
16350 +18.513
16360 +18.620
16370 +18.738
16380 +18.832
16390 +18.882
16400 +18.879
16410 +18.833
16420 +18.769
16430 +18.717
16440 +18.707
16450 +18.752
16460 +18.845
16470 +18.957
16480 +19.052
16490 +19.095
16500 +19.066
16510 +18.964
16520 +18.810
16530 +18.639
16540 +18.496
16550 +18.410
16560 +18.387
16570 +18.402
16580 +18.414
16590 +18.384
16600 +18.289
16610 +18.128
16620 +17.925
16630 +17.721
16640 +17.561
16650 +17.478
16660 +17.474
16670 +17.525
16680 +17.591
16690 +17.630
16700 +17.619
16710 +17.550
16720 +17.438
16730 +17.314
16740 +17.214
16750 +17.170
16760 +17.195
16770 +17.274
16780 +17.380
16790 +17.473
16800 +17.524
16810 +17.513
16820 +17.439
16830 +17.318
16840 +17.180
16850 +17.064
16860 +17.002
16870 +17.001
16880 +17.044
16890 +17.088
16900 +17.087
16910 +17.007
16920 +16.834
16930 +16.588
16940 +16.315
16950 +16.079
16960 +15.935
16970 +15.900
16980 +15.944
16990 +16.007
17000 +16.032
17010 +15.983
17020 +15.852
17030 +15.665
17040 +15.471
17050 +15.326
17060 +15.274
17070 +15.319
17080 +15.429
17090 +15.549
17100 +15.630
17110 +15.642
17120 +15.576
17130 +15.449
17140 +15.300
17150 +15.175
17160 +15.117
17170 +15.141
17180 +15.229
17190 +15.340
17200 +15.427
17210 +15.451
17220 +15.393
17230 +15.256
17240 +15.068
17250 +14.876
17260 +14.739
17270 +14.699
17280 +14.757
17290 +14.871
17300 +14.975
17310 +15.010
17320 +14.947
17330 +14.790
17340 +14.588
17350 +14.415
17360 +14.349
17370 +14.423
17380 +14.603
17390 +14.814
17400 +14.983
17410 +15.065
17420 +15.048
17430 +14.953
17440 +14.830
17450 +14.740
17460 +14.735
17470 +14.831
17480 +15.001
17490 +15.193
17500 +15.352
17510 +15.445
17520 +15.459
17530 +15.408
17540 +15.326
17550 +15.260
17560 +15.256
17570 +15.342
17580 +15.509
17590 +15.723
17600 +15.934
17610 +16.100
17620 +16.193
17630 +16.210
17640 +16.165
17650 +16.096
17660 +16.053
17670 +16.082
17680 +16.192
17690 +16.348
17700 +16.485
17710 +16.543
17720 +16.489
17730 +16.325
17740 +16.085
17750 +15.832
17760 +15.637
17770 +15.550
17780 +15.579
17790 +15.680
17800 +15.790
17810 +15.853
17820 +15.838
17830 +15.745
17840 +15.600
17850 +15.448
17860 +15.344
17870 +15.328
17880 +15.413
17890 +15.570
17900 +15.751
17910 +15.905
17920 +15.999
17930 +16.024
17940 +15.993
17950 +15.940
17960 +15.910
17970 +15.946
17980 +16.076
17990 +16.295
18000 +16.567
18010 +16.841
18020 +17.065
18030 +17.205
18040 +17.247
18050 +17.203
18060 +17.113
18070 +17.030
18080 +17.007
18090 +17.060
18100 +17.158
18110 +17.240
18120 +17.245
18130 +17.140
18140 +16.927
18150 +16.641
18160 +16.343
18170 +16.101
18180 +15.969
18190 +15.959
18200 +16.034
18210 +16.126
18220 +16.171
18230 +16.129
18240 +15.994
18250 +15.785
18260 +15.548
18270 +15.340
18280 +15.211
18290 +15.181
18300 +15.232
18310 +15.312
18320 +15.363
18330 +15.337
18340 +15.209
18350 +14.981
18360 +14.676
18370 +14.331
18380 +13.995
18390 +13.710
18400 +13.500
18410 +13.352
18420 +13.222
18430 +13.049
18440 +12.771
18450 +12.349
18460 +11.781
18470 +11.128
18480 +10.536
18490 +10.205
18500 +10.263
18510 +10.636
18520 +11.114
18530 +11.501
18540 +11.692
18550 +11.665
18560 +11.469
18570 +11.212
18580 +11.036
18590 +11.057
18600 +11.297
18610 +11.669
18620 +12.041
18630 +12.301
18640 +12.378
18650 +12.252
18660 +11.943
18670 +11.516
18680 +11.076
18690 +10.740
18700 +10.587
18710 +10.603
18720 +10.688
18730 +10.708
18740 +10.529
18750 +10.032
18760 +9.092
18770 +7.535
18780 +5.066
18790 +1.124
18800 -3.955
18810 -1.233
18820 +3.404
18830 +6.236
18840 +7.903
18850 +8.852
18860 +9.395
18870 +9.781
18880 +10.181
18890 +10.663
18900 +11.198
18910 +11.709
18920 +12.117
18930 +12.363
18940 +12.412
18950 +12.261
18960 +11.944
18970 +11.542
18980 +11.177
18990 +10.973
19000 +10.985
19010 +11.167
19020 +11.402
19030 +11.566
19040 +11.562
19050 +11.333
19060 +10.864
19070 +10.201
19080 +9.480
19090 +8.937
19100 +8.809
19110 +9.143
19120 +9.766
19130 +10.467
19140 +11.124
19150 +11.712
19160 +12.273
19170 +12.864
19180 +13.505
19190 +14.172
19200 +14.809
19210 +15.362
19220 +15.797
19230 +16.094
19240 +16.248
19250 +16.262
19260 +16.153
19270 +15.958
19280 +15.736
19290 +15.561
19300 +15.492
19310 +15.542
19320 +15.672
19330 +15.817
19340 +15.910
19350 +15.907
19360 +15.788
19370 +15.563
19380 +15.279
19390 +15.016
19400 +14.861
19410 +14.859
19420 +14.986
19430 +15.160
19440 +15.297
19450 +15.336
19460 +15.253
19470 +15.069
19480 +14.859
19490 +14.750
19500 +14.862
19510 +15.222
19520 +15.736
19530 +16.269
19540 +16.721
19550 +17.045
19560 +17.238
19570 +17.322
19580 +17.338
19590 +17.333
19600 +17.350
19610 +17.414
19620 +17.520
19630 +17.639
19640 +17.731
19650 +17.765
19660 +17.721
19670 +17.600
19680 +17.419
19690 +17.220
19700 +17.056
19710 +16.978
19720 +17.005
19730 +17.109
19740 +17.231
19750 +17.313
19760 +17.315
19770 +17.225
19780 +17.054
19790 +16.840
19800 +16.645
19810 +16.537
19820 +16.558
19830 +16.694
19840 +16.877
19850 +17.031
19860 +17.098
19870 +17.057
19880 +16.913
19890 +16.703
19900 +16.490
19910 +16.358
19920 +16.375
19930 +16.545
19940 +16.802
19950 +17.045
19960 +17.195
19970 +17.218
19980 +17.117
19990 +16.927
20000 +16.713
20010 +16.565
20020 +16.577
20030 +16.780
20040 +17.102
20050 +17.405
20060 +17.576
20070 +17.563
20080 +17.371
20090 +17.029
20100 +16.583
20110 +16.093
20120 +15.632
20130 +15.238
20140 +14.860
20150 +14.418
20160 +13.891
20170 +13.320
20180 +12.776
20190 +12.337
20200 +12.071
20210 +12.014
20220 +12.158
20230 +12.455
20240 +12.836
20250 +13.234
20260 +13.594
20270 +13.877
20280 +14.058
20290 +14.130
20300 +14.108
20310 +14.039
20320 +14.004
20330 +14.090
20340 +14.333
20350 +14.680
20360 +15.027
20370 +15.278
20380 +15.380
20390 +15.317
20400 +15.109
20410 +14.813
20420 +14.533
20430 +14.397
20440 +14.482
20450 +14.724
20460 +14.960
20470 +15.042
20480 +14.897
20490 +14.516
20500 +13.937
20510 +13.241
20520 +12.590
20530 +12.196
20540 +12.164
20550 +12.348
20560 +12.505
20570 +12.507
20580 +12.364
20590 +12.153
20600 +11.966
20610 +11.880
20620 +11.939
20630 +12.144
20640 +12.462
20650 +12.842
20660 +13.224
20670 +13.554
20680 +13.784
20690 +13.870
20700 +13.782
20710 +13.517
20720 +13.131
20730 +12.758
20740 +12.578
20750 +12.682
20760 +12.986
20770 +13.312
20780 +13.508
20790 +13.486
20800 +13.209
20810 +12.692
20820 +12.018
20830 +11.377
20840 +11.029
20850 +11.120
20860 +11.530
20870 +11.994
20880 +12.305
20890 +12.354
20900 +12.102
20910 +11.562
20920 +10.815
20930 +10.051
20940 +9.573
20950 +9.618
20960 +10.107
20970 +10.729
20980 +11.217
20990 +11.428
21000 +11.310
21010 +10.864
21020 +10.146
21030 +9.312
21040 +8.660
21050 +8.535
21060 +8.994
21070 +9.740
21080 +10.429
21090 +10.859
21100 +10.949
21110 +10.680
21120 +10.083
21130 +9.265
21140 +8.473
21150 +8.094
21160 +8.381
21170 +9.148
21180 +9.996
21190 +10.640
21200 +10.949
21210 +10.878
21220 +10.436
21230 +9.690
21240 +8.821
21250 +8.191
21260 +8.196
21270 +8.848
21280 +9.757
21290 +10.545
21300 +11.013
21310 +11.085
21320 +10.745
21330 +10.029
21340 +9.068
21350 +8.185
21360 +7.871
21370 +8.343
21380 +9.248
21390 +10.111
21400 +10.658
21410 +10.779
21420 +10.443
21430 +9.669
21440 +8.576
21450 +7.506
21460 +7.060
21470 +7.564
21480 +8.593
21490 +9.575
21500 +10.217
21510 +10.417
21520 +10.155
21530 +9.458
21540 +8.453
21550 +7.478
21560 +7.109
21570 +7.638
21580 +8.665
21590 +9.650
21600 +10.308
21610 +10.532
21620 +10.287
21630 +9.577
21640 +8.483
21650 +7.291
21660 +6.611
21670 +6.933
21680 +7.919
21690 +8.922
21700 +9.583
21710 +9.768
21720 +9.423
21730 +8.518
21740 +7.077
21750 +5.361
21760 +4.236
21770 +4.643
21780 +5.983
21790 +7.222
21800 +7.954
21810 +8.083
21820 +7.574
21830 +6.383
21840 +4.513
21850 +2.387
21860 +1.651
21870 +3.160
21880 +5.137
21890 +6.577
21900 +7.339
21910 +7.444
21920 +6.898
21930 +5.664
21940 +3.741
21950 +1.559
21960 +0.874
21970 +2.526
21980 +4.577
21990 +6.034
22000 +6.780
22010 +6.843
22020 +6.212
22030 +4.790
22040 +2.356
22050 -1.367
22060 -4.560
22070 -1.924
22080 +1.467
22090 +3.538
22100 +4.536
22110 +4.661
22120 +3.958
22130 +2.302
22140 -0.752
22150 -6.808
22160 -25.239
22170 -5.900
22180 -0.837
22190 +1.616
22200 +2.749
22210 +2.946
22220 +2.310
22230 +0.746
22240 -2.141
22250 -7.604
22260 -13.878
22270 -5.340
22280 -0.497
22290 +2.280
22300 +3.924
22310 +4.780
22320 +4.976
22330 +4.517
22340 +3.273
22350 +0.860
22360 -3.924
22370 -15.400
22380 -4.221
22390 +1.882
22400 +5.195
22410 +7.148
22420 +8.182
22430 +8.456
22440 +7.984
22450 +6.628
22460 +3.998
22470 -0.817
22480 -4.199
22490 +2.152
22500 +6.444
22510 +8.901
22520 +10.186
22530 +10.563
22540 +10.092
22550 +8.665
22560 +5.902
22570 +1.122
22580 -0.398
22590 +5.290
22600 +9.102
22610 +11.281
22620 +12.340
22630 +12.494
22640 +11.801
22650 +10.191
22660 +7.584
22670 +5.077
22680 +6.630
22690 +10.125
22700 +12.769
22710 +14.408
22720 +15.192
22730 +15.222
22740 +14.537
22750 +13.145
22760 +11.178
22770 +9.588
22780 +10.342
22790 +12.728
22800 +14.904
22810 +16.363
22820 +17.069
22830 +17.043
22840 +16.285
22850 +14.779
22860 +12.637
22870 +10.860
22880 +11.634
22890 +14.106
22900 +16.305
22910 +17.748
22920 +18.405
22930 +18.279
22940 +17.349
22950 +15.592
22960 +13.239
22970 +11.896
22980 +13.530
22990 +16.153
23000 +18.220
23010 +19.515
23020 +20.049
23030 +19.814
23040 +18.776
23050 +16.940
23060 +14.693
23070 +13.794
23080 +15.497
23090 +17.842
23100 +19.664
23110 +20.795
23120 +21.227
23130 +20.921
23140 +19.788
23150 +17.723
23160 +14.852
23170 +13.015
23180 +14.783
23190 +17.491
23200 +19.492
23210 +20.691
23220 +21.129
23230 +20.758
23240 +19.397
23250 +16.657
23260 +11.704
23270 +7.152
23280 +12.818
23290 +16.929
23300 +19.255
23310 +20.491
23320 +20.866
23330 +20.358
23340 +18.712
23350 +15.233
23360 +7.186
23370 +3.588
23380 +13.615
23390 +17.528
23400 +19.586
23410 +20.651
23420 +21.002
23430 +20.692
23440 +19.660
23450 +17.813
23460 +15.297
23470 +13.265
23480 +13.507
23490 +15.209
23500 +17.053
23510 +18.806
23520 +20.497
23530 +22.077
23540 +23.386
23550 +24.195
23560 +24.260
23570 +23.353
23580 +21.175
23590 +16.853
23600 +6.136
23610 +14.106
23620 +21.356
23630 +25.487
23640 +28.246
23650 +29.993
23660 +30.676
23670 +30.115
23680 +28.097
23690 +24.062
23700 +15.542
23710 +18.676
23720 +26.190
23730 +30.442
23740 +33.340
23750 +35.290
23760 +36.139
23770 +35.475
23780 +32.961
23790 +28.240
23800 +22.856
23810 +27.714
23820 +32.609
23830 +35.973
23840 +38.527
23850 +40.485
23860 +41.619
23870 +41.217
23880 +38.720
23890 +35.019
23900 +34.106
23910 +36.815
23920 +39.641
23930 +41.967
23940 +43.934
23950 +45.668
23960 +47.230
23970 +48.619
23980 +49.772
23990 +50.563
