00000 -0.675
00010 -0.563
00020 -0.283
00030 +0.050
00040 +0.341
00050 +0.545
00060 +0.653
00070 +0.678
00080 +0.648
00090 +0.605
00100 +0.598
00110 +0.668
00120 +0.826
00130 +1.047
00140 +1.282
00150 +1.488
00160 +1.640
00170 +1.736
00180 +1.784
00190 +1.803
00200 +1.815
00210 +1.841
00220 +1.896
00230 +1.983
00240 +2.088
00250 +2.193
00260 +2.279
00270 +2.336
00280 +2.361
00290 +2.360
00300 +2.345
00310 +2.331
00320 +2.330
00330 +2.350
00340 +2.392
00350 +2.446
00360 +2.501
00370 +2.544
00380 +2.569
00390 +2.576
00400 +2.574
00410 +2.574
00420 +2.590
00430 +2.634
00440 +2.710
00450 +2.816
00460 +2.941
00470 +3.073
00480 +3.202
00490 +3.326
00500 +3.450
00510 +3.584
00520 +3.739
00530 +3.920
00540 +4.129
00550 +4.356
00560 +4.587
00570 +4.807
00580 +5.006
00590 +5.179
00600 +5.331
00610 +5.467
00620 +5.597
00630 +5.724
00640 +5.851
00650 +5.976
00660 +6.092
00670 +6.194
00680 +6.276
00690 +6.338
00700 +6.383
00710 +6.417
00720 +6.448
00730 +6.481
00740 +6.522
00750 +6.572
00760 +6.630
00770 +6.689
00780 +6.747
00790 +6.799
00800 +6.844
00810 +6.887
00820 +6.933
00830 +6.990
00840 +7.063
00850 +7.154
00860 +7.261
00870 +7.377
00880 +7.491
00890 +7.594
00900 +7.681
00910 +7.751
00920 +7.810
00930 +7.863
00940 +7.914
00950 +7.963
00960 +8.006
00970 +8.036
00980 +8.046
00990 +8.033
01000 +8.000
01010 +7.952
01020 +7.899
01030 +7.847
01040 +7.802
01050 +7.764
01060 +7.731
01070 +7.700
01080 +7.667
01090 +7.629
01100 +7.587
01110 +7.542
01120 +7.499
01130 +7.464
01140 +7.439
01150 +7.427
01160 +7.425
01170 +7.431
01180 +7.440
01190 +7.450
01200 +7.457
01210 +7.464
01220 +7.473
01230 +7.488
01240 +7.513
01250 +7.546
01260 +7.587
01270 +7.628
01280 +7.662
01290 +7.685
01300 +7.692
01310 +7.685
01320 +7.668
01330 +7.645
01340 +7.620
01350 +7.594
01360 +7.566
01370 +7.531
01380 +7.488
01390 +7.436
01400 +7.376
01410 +7.313
01420 +7.250
01430 +7.191
01440 +7.139
01450 +7.093
01460 +7.054
01470 +7.018
01480 +6.984
01490 +6.950
01500 +6.918
01510 +6.890
01520 +6.868
01530 +6.856
01540 +6.856
01550 +6.869
01560 +6.895
01570 +6.932
01580 +6.977
01590 +7.028
01600 +7.083
01610 +7.142
01620 +7.203
01630 +7.269
01640 +7.338
01650 +7.410
01660 +7.480
01670 +7.546
01680 +7.603
01690 +7.647
01700 +7.678
01710 +7.696
01720 +7.703
01730 +7.703
01740 +7.699
01750 +7.694
01760 +7.688
01770 +7.680
01780 +7.668
01790 +7.650
01800 +7.625
01810 +7.595
01820 +7.560
01830 +7.524
01840 +7.490
01850 +7.460
01860 +7.435
01870 +7.414
01880 +7.393
01890 +7.371
01900 +7.345
01910 +7.315
01920 +7.281
01930 +7.246
01940 +7.214
01950 +7.186
01960 +7.164
01970 +7.149
01980 +7.136
01990 +7.124
02000 +7.110
02010 +7.090
02020 +7.065
02030 +7.038
02040 +7.010
02050 +6.987
02060 +6.970
02070 +6.959
02080 +6.952
02090 +6.945
02100 +6.933
02110 +6.913
02120 +6.883
02130 +6.846
02140 +6.804
02150 +6.764
02160 +6.729
02170 +6.698
02180 +6.672
02190 +6.645
02200 +6.614
02210 +6.575
02220 +6.527
02230 +6.472
02240 +6.413
02250 +6.356
02260 +6.303
02270 +6.257
02280 +6.219
02290 +6.185
02300 +6.150
02310 +6.112
02320 +6.067
02330 +6.015
02340 +5.959
02350 +5.904
02360 +5.855
02370 +5.818
02380 +5.795
02390 +5.784
02400 +5.781
02410 +5.782
02420 +5.783
02430 +5.781
02440 +5.779
02450 +5.781
02460 +5.794
02470 +5.825
02480 +5.875
02490 +5.942
02500 +6.018
02510 +6.096
02520 +6.166
02530 +6.223
02540 +6.268
02550 +6.303
02560 +6.336
02570 +6.372
02580 +6.413
02590 +6.458
02600 +6.503
02610 +6.539
02620 +6.561
02630 +6.566
02640 +6.554
02650 +6.530
02660 +6.500
02670 +6.472
02680 +6.450
02690 +6.437
02700 +6.431
02710 +6.428
02720 +6.421
02730 +6.408
02740 +6.388
02750 +6.365
02760 +6.347
02770 +6.346
02780 +6.371
02790 +6.431
02800 +6.529
02810 +6.662
02820 +6.824
02830 +7.007
02840 +7.202
02850 +7.405
02860 +7.613
02870 +7.822
02880 +8.030
02890 +8.230
02900 +8.413
02910 +8.571
02920 +8.696
02930 +8.785
02940 +8.837
02950 +8.857
02960 +8.854
02970 +8.834
02980 +8.808
02990 +8.782
03000 +8.759
03010 +8.738
03020 +8.718
03030 +8.694
03040 +8.662
03050 +8.622
03060 +8.573
03070 +8.520
03080 +8.468
03090 +8.421
03100 +8.384
03110 +8.358
03120 +8.339
03130 +8.323
03140 +8.305
03150 +8.281
03160 +8.249
03170 +8.210
03180 +8.168
03190 +8.128
03200 +8.094
03210 +8.069
03220 +8.053
03230 +8.040
03240 +8.026
03250 +8.005
03260 +7.972
03270 +7.926
03280 +7.869
03290 +7.805
03300 +7.739
03310 +7.677
03320 +7.620
03330 +7.566
03340 +7.513
03350 +7.454
03360 +7.385
03370 +7.303
03380 +7.209
03390 +7.107
03400 +7.003
03410 +6.902
03420 +6.810
03430 +6.726
03440 +6.649
03450 +6.573
03460 +6.491
03470 +6.399
03480 +6.294
03490 +6.178
03500 +6.055
03510 +5.930
03520 +5.810
03530 +5.697
03540 +5.592
03550 +5.489
03560 +5.382
03570 +5.265
03580 +5.132
03590 +4.982
03600 +4.817
03610 +4.642
03620 +4.466
03630 +4.293
03640 +4.127
03650 +3.965
03660 +3.803
03670 +3.633
03680 +3.448
03690 +3.244
03700 +3.024
03710 +2.792
03720 +2.558
03730 +2.335
03740 +2.131
03750 +1.951
03760 +1.793
03770 +1.653
03780 +1.523
03790 +1.399
03800 +1.282
03810 +1.178
03820 +1.099
03830 +1.054
03840 +1.053
03850 +1.095
03860 +1.172
03870 +1.270
03880 +1.373
03890 +1.468
03900 +1.548
03910 +1.612
03920 +1.663
03930 +1.710
03940 +1.757
03950 +1.809
03960 +1.862
03970 +1.909
03980 +1.940
03990 +1.944
04000 +1.915
04010 +1.855
04020 +1.767
04030 +1.662
04040 +1.553
04050 +1.450
04060 +1.359
04070 +1.278
04080 +1.203
04090 +1.123
04100 +1.032
04110 +0.928
04120 +0.816
04130 +0.707
04140 +0.618
04150 +0.561
04160 +0.545
04170 +0.569
04180 +0.622
04190 +0.691
04200 +0.763
04210 +0.829
04220 +0.889
04230 +0.947
04240 +1.015
04250 +1.102
04260 +1.213
04270 +1.346
04280 +1.492
04290 +1.639
04300 +1.773
04310 +1.888
04320 +1.978
04330 +2.050
04340 +2.111
04350 +2.171
04360 +2.239
04370 +2.319
04380 +2.408
04390 +2.499
04400 +2.580
04410 +2.643
04420 +2.682
04430 +2.699
04440 +2.700
04450 +2.695
04460 +2.694
04470 +2.706
04480 +2.734
04490 +2.773
04500 +2.815
04510 +2.849
04520 +2.869
04530 +2.870
04540 +2.856
04550 +2.833
04560 +2.815
04570 +2.810
04580 +2.825
04590 +2.860
04600 +2.907
04610 +2.955
04620 +2.991
04630 +3.009
04640 +3.007
04650 +2.989
04660 +2.967
04670 +2.951
04680 +2.952
04690 +2.970
04700 +3.003
04710 +3.038
04720 +3.063
04730 +3.069
04740 +3.049
04750 +3.008
04760 +2.952
04770 +2.896
04780 +2.851
04790 +2.823
04800 +2.812
04810 +2.810
04820 +2.806
04830 +2.786
04840 +2.745
04850 +2.682
04860 +2.604
04870 +2.523
04880 +2.452
04890 +2.403
04900 +2.378
04910 +2.374
04920 +2.381
04930 +2.384
04940 +2.374
04950 +2.345
04960 +2.299
04970 +2.245
04980 +2.195
04990 +2.163
05000 +2.154
05010 +2.167
05020 +2.193
05030 +2.218
05040 +2.226
05050 +2.208
05060 +2.162
05070 +2.094
05080 +2.017
05090 +1.945
05100 +1.890
05110 +1.857
05120 +1.837
05130 +1.819
05140 +1.787
05150 +1.728
05160 +1.638
05170 +1.520
05180 +1.389
05190 +1.262
05200 +1.155
05210 +1.076
05220 +1.024
05230 +0.988
05240 +0.953
05250 +0.907
05260 +0.842
05270 +0.762
05280 +0.680
05290 +0.613
05300 +0.578
05310 +0.584
05320 +0.633
05330 +0.713
05340 +0.809
05350 +0.902
05360 +0.983
05370 +1.047
05380 +1.101
05390 +1.156
05400 +1.228
05410 +1.326
05420 +1.455
05430 +1.606
05440 +1.764
05450 +1.914
05460 +2.042
05470 +2.143
05480 +2.221
05490 +2.288
05500 +2.362
05510 +2.456
05520 +2.577
05530 +2.722
05540 +2.879
05550 +3.033
05560 +3.171
05570 +3.287
05580 +3.383
05590 +3.471
05600 +3.564
05610 +3.676
05620 +3.813
05630 +3.973
05640 +4.147
05650 +4.323
05660 +4.488
05670 +4.637
05680 +4.767
05690 +4.886
05700 +5.001
05710 +5.121
05720 +5.254
05730 +5.401
05740 +5.558
05750 +5.718
05760 +5.872
05770 +6.012
05780 +6.133
05790 +6.235
05800 +6.324
05810 +6.407
05820 +6.493
05830 +6.589
05840 +6.698
05850 +6.817
05860 +6.936
05870 +7.049
05880 +7.146
05890 +7.225
05900 +7.287
05910 +7.341
05920 +7.397
05930 +7.462
05940 +7.544
05950 +7.640
05960 +7.745
05970 +7.848
05980 +7.940
05990 +8.017
06000 +8.079
06010 +8.130
06020 +8.179
06030 +8.234
06040 +8.302
06050 +8.384
06060 +8.475
06070 +8.567
06080 +8.653
06090 +8.727
06100 +8.784
06110 +8.829
06120 +8.864
06130 +8.899
06140 +8.938
06150 +8.987
06160 +9.046
06170 +9.111
06180 +9.176
06190 +9.233
06200 +9.278
06210 +9.307
06220 +9.323
06230 +9.331
06240 +9.341
06250 +9.359
06260 +9.391
06270 +9.437
06280 +9.491
06290 +9.545
06300 +9.590
06310 +9.621
06320 +9.637
06330 +9.644
06340 +9.650
06350 +9.666
06360 +9.699
06370 +9.749
06380 +9.811
06390 +9.877
06400 +9.936
06410 +9.982
06420 +10.012
06430 +10.032
06440 +10.046
06450 +10.065
06460 +10.095
06470 +10.138
06480 +10.190
06490 +10.247
06500 +10.300
06510 +10.342
06520 +10.369
06530 +10.382
06540 +10.383
06550 +10.380
06560 +10.380
06570 +10.389
06580 +10.408
06590 +10.436
06600 +10.468
06610 +10.496
06620 +10.512
06630 +10.512
06640 +10.498
06650 +10.474
06660 +10.451
06670 +10.436
06680 +10.437
06690 +10.455
06700 +10.485
06710 +10.519
06720 +10.545
06730 +10.557
06740 +10.554
06750 +10.541
06760 +10.526
06770 +10.522
06780 +10.536
06790 +10.571
06800 +10.622
06810 +10.679
06820 +10.731
06830 +10.771
06840 +10.796
06850 +10.808
06860 +10.816
06870 +10.829
06880 +10.853
06890 +10.894
06900 +10.948
06910 +11.009
06920 +11.068
06930 +11.117
06940 +11.151
06950 +11.169
06960 +11.175
06970 +11.176
06980 +11.181
06990 +11.197
07000 +11.226
07010 +11.267
07020 +11.313
07030 +11.356
07040 +11.385
07050 +11.398
07060 +11.393
07070 +11.379
07080 +11.365
07090 +11.364
07100 +11.382
07110 +11.421
07120 +11.475
07130 +11.532
07140 +11.582
07150 +11.615
07160 +11.632
07170 +11.639
07180 +11.648
07190 +11.671
07200 +11.717
07210 +11.787
07220 +11.875
07230 +11.969
07240 +12.057
07250 +12.130
07260 +12.187
07270 +12.230
07280 +12.270
07290 +12.317
07300 +12.378
07310 +12.458
07320 +12.551
07330 +12.651
07340 +12.747
07350 +12.829
07360 +12.893
07370 +12.938
07380 +12.970
07390 +12.999
07400 +13.035
07410 +13.084
07420 +13.150
07430 +13.228
07440 +13.308
07450 +13.380
07460 +13.434
07470 +13.468
07480 +13.485
07490 +13.494
07500 +13.509
07510 +13.541
07520 +13.594
07530 +13.666
07540 +13.748
07550 +13.826
07560 +13.891
07570 +13.936
07580 +13.965
07590 +13.985
07600 +14.009
07610 +14.050
07620 +14.112
07630 +14.194
07640 +14.288
07650 +14.381
07660 +14.463
07670 +14.527
07680 +14.573
07690 +14.606
07700 +14.637
07710 +14.675
07720 +14.726
07730 +14.794
07740 +14.872
07750 +14.952
07760 +15.023
07770 +15.078
07780 +15.112
07790 +15.128
07800 +15.131
07810 +15.132
07820 +15.142
07830 +15.166
07840 +15.205
07850 +15.254
07860 +15.301
07870 +15.338
07880 +15.355
07890 +15.353
07900 +15.337
07910 +15.318
07920 +15.307
07930 +15.314
07940 +15.344
07950 +15.389
07960 +15.442
07970 +15.488
07980 +15.518
07990 +15.530
08000 +15.527
08010 +15.518
08020 +15.514
08030 +15.525
08040 +15.556
08050 +15.603
08060 +15.658
08070 +15.709
08080 +15.746
08090 +15.765
08100 +15.764
08110 +15.752
08120 +15.736
08130 +15.726
08140 +15.730
08150 +15.749
08160 +15.777
08170 +15.807
08180 +15.828
08190 +15.832
08200 +15.818
08210 +15.787
08220 +15.747
08230 +15.710
08240 +15.686
08250 +15.680
08260 +15.693
08270 +15.718
08280 +15.744
08290 +15.761
08300 +15.762
08310 +15.747
08320 +15.722
08330 +15.699
08340 +15.690
08350 +15.703
08360 +15.740
08370 +15.794
08380 +15.854
08390 +15.907
08400 +15.944
08410 +15.963
08420 +15.968
08430 +15.969
08440 +15.975
08450 +15.998
08460 +16.038
08470 +16.093
08480 +16.152
08490 +16.203
08500 +16.237
08510 +16.248
08520 +16.238
08530 +16.214
08540 +16.186
08550 +16.163
08560 +16.151
08570 +16.153
08580 +16.160
08590 +16.166
08600 +16.158
08610 +16.131
08620 +16.083
08630 +16.017
08640 +15.943
08650 +15.874
08660 +15.819
08670 +15.783
08680 +15.765
08690 +15.757
08700 +15.747
08710 +15.726
08720 +15.686
08730 +15.631
08740 +15.568
08750 +15.508
08760 +15.464
08770 +15.443
08780 +15.444
08790 +15.460
08800 +15.479
08810 +15.487
08820 +15.477
08830 +15.449
08840 +15.408
08850 +15.365
08860 +15.331
08870 +15.316
08880 +15.320
08890 +15.338
08900 +15.361
08910 +15.376
08920 +15.375
08930 +15.354
08940 +15.319
08950 +15.276
08960 +15.238
08970 +15.215
08980 +15.212
08990 +15.228
09000 +15.255
09010 +15.283
09020 +15.302
09030 +15.307
09040 +15.298
09050 +15.282
09060 +15.270
09070 +15.271
09080 +15.293
09090 +15.339
09100 +15.401
09110 +15.472
09120 +15.539
09130 +15.594
09140 +15.636
09150 +15.668
09160 +15.698
09170 +15.737
09180 +15.793
09190 +15.869
09200 +15.962
09210 +16.064
09220 +16.164
09230 +16.253
09240 +16.327
09250 +16.388
09260 +16.441
09270 +16.496
09280 +16.561
09290 +16.641
09300 +16.736
09310 +16.841
09320 +16.946
09330 +17.043
09340 +17.126
09350 +17.195
09360 +17.252
09370 +17.305
09380 +17.362
09390 +17.430
09400 +17.511
09410 +17.603
09420 +17.699
09430 +17.791
09440 +17.871
09450 +17.937
09460 +17.989
09470 +18.031
09480 +18.072
09490 +18.118
09500 +18.173
09510 +18.237
09520 +18.306
09530 +18.373
09540 +18.429
09550 +18.469
09560 +18.492
09570 +18.499
09580 +18.497
09590 +18.493
09600 +18.491
09610 +18.495
09620 +18.501
09630 +18.506
09640 +18.501
09650 +18.481
09660 +18.444
09670 +18.389
09680 +18.320
09690 +18.245
09700 +18.170
09710 +18.098
09720 +18.032
09730 +17.970
09740 +17.905
09750 +17.834
09760 +17.752
09770 +17.658
09780 +17.553
09790 +17.444
09800 +17.335
09810 +17.234
09820 +17.143
09830 +17.063
09840 +16.992
09850 +16.923
09860 +16.852
09870 +16.775
09880 +16.691
09890 +16.604
09900 +16.517
09910 +16.437
09920 +16.369
09930 +16.315
09940 +16.274
09950 +16.241
09960 +16.211
09970 +16.177
09980 +16.137
09990 +16.092
10000 +16.044
10010 +16.000
10020 +15.966
10030 +15.944
10040 +15.935
10050 +15.937
10060 +15.945
10070 +15.952
10080 +15.954
10090 +15.950
10100 +15.942
10110 +15.933
10120 +15.930
10130 +15.937
10140 +15.958
10150 +15.991
10160 +16.033
10170 +16.078
10180 +16.121
10190 +16.158
10200 +16.188
10210 +16.214
10220 +16.242
10230 +16.275
10240 +16.320
10250 +16.376
10260 +16.442
10270 +16.513
10280 +16.582
10290 +16.643
10300 +16.694
10310 +16.736
10320 +16.771
10330 +16.805
10340 +16.844
10350 +16.890
10360 +16.943
10370 +16.999
10380 +17.052
10390 +17.095
10400 +17.124
10410 +17.137
10420 +17.137
10430 +17.128
10440 +17.116
10450 +17.106
10460 +17.101
10470 +17.098
10480 +17.094
10490 +17.082
10500 +17.057
10510 +17.016
10520 +16.961
10530 +16.895
10540 +16.828
10550 +16.764
10560 +16.710
10570 +16.667
10580 +16.633
10590 +16.603
10600 +16.573
10610 +16.537
10620 +16.496
10630 +16.452
10640 +16.412
10650 +16.383
10660 +16.371
10670 +16.379
10680 +16.404
10690 +16.441
10700 +16.484
10710 +16.525
10720 +16.561
10730 +16.592
10740 +16.622
10750 +16.656
10760 +16.700
10770 +16.756
10780 +16.825
10790 +16.902
10800 +16.981
10810 +17.054
10820 +17.118
10830 +17.169
10840 +17.211
10850 +17.248
10860 +17.286
10870 +17.330
10880 +17.382
10890 +17.441
10900 +17.503
10910 +17.561
10920 +17.610
10930 +17.647
10940 +17.673
10950 +17.690
10960 +17.705
10970 +17.725
10980 +17.753
10990 +17.793
11000 +17.842
11010 +17.894
11020 +17.945
11030 +17.990
11040 +18.027
11050 +18.057
11060 +18.086
11070 +18.120
11080 +18.167
11090 +18.229
11100 +18.307
11110 +18.395
11120 +18.486
11130 +18.574
11140 +18.652
11150 +18.720
11160 +18.780
11170 +18.837
11180 +18.899
11190 +18.969
11200 +19.047
11210 +19.130
11220 +19.211
11230 +19.281
11240 +19.334
11250 +19.368
11260 +19.383
11270 +19.387
11280 +19.386
11290 +19.388
11300 +19.394
11310 +19.405
11320 +19.416
11330 +19.419
11340 +19.409
11350 +19.382
11360 +19.339
11370 +19.284
11380 +19.226
11390 +19.172
11400 +19.127
11410 +19.093
11420 +19.066
11430 +19.041
11440 +19.011
11450 +18.972
11460 +18.921
11470 +18.863
11480 +18.804
11490 +18.751
11500 +18.710
11510 +18.684
11520 +18.671
11530 +18.666
11540 +18.663
11550 +18.655
11560 +18.639
11570 +18.615
11580 +18.588
11590 +18.563
11600 +18.547
11610 +18.542
11620 +18.548
11630 +18.561
11640 +18.576
11650 +18.585
11660 +18.584
11670 +18.571
11680 +18.548
11690 +18.519
11700 +18.490
11710 +18.465
11720 +18.446
11730 +18.433
11740 +18.420
11750 +18.402
11760 +18.374
11770 +18.332
11780 +18.276
11790 +18.209
11800 +18.137
11810 +18.065
11820 +17.998
11830 +17.936
11840 +17.877
11850 +17.817
11860 +17.750
11870 +17.672
11880 +17.581
11890 +17.479
11900 +17.372
11910 +17.264
11920 +17.161
11930 +17.067
11940 +16.981
11950 +16.900
11960 +16.819
11970 +16.733
11980 +16.639
11990 +16.539
12000 +16.434
12010 +16.330
12020 +16.232
12030 +16.144
12040 +16.066
12050 +15.998
12060 +15.934
12070 +15.871
12080 +15.804
12090 +15.731
12100 +15.653
12110 +15.574
12120 +15.496
12130 +15.424
12140 +15.360
12150 +15.305
12160 +15.255
12170 +15.208
12180 +15.157
12190 +15.101
12200 +15.036
12210 +14.965
12220 +14.889
12230 +14.814
12240 +14.741
12250 +14.674
12260 +14.612
12270 +14.552
12280 +14.489
12290 +14.421
12300 +14.343
12310 +14.254
12320 +14.157
12330 +14.055
12340 +13.952
12350 +13.851
12360 +13.756
12370 +13.665
12380 +13.575
12390 +13.483
12400 +13.385
12410 +13.279
12420 +13.166
12430 +13.048
12440 +12.928
12450 +12.812
12460 +12.702
12470 +12.600
12480 +12.506
12490 +12.416
12500 +12.326
12510 +12.233
12520 +12.134
12530 +12.030
12540 +11.921
12550 +11.813
12560 +11.708
12570 +11.611
12580 +11.523
12590 +11.443
12600 +11.368
12610 +11.292
12620 +11.212
12630 +11.124
12640 +11.028
12650 +10.927
12660 +10.825
12670 +10.730
12680 +10.645
12690 +10.573
12700 +10.511
12710 +10.454
12720 +10.396
12730 +10.331
12740 +10.256
12750 +10.173
12760 +10.088
12770 +10.007
12780 +9.938
12790 +9.885
12800 +9.847
12810 +9.820
12820 +9.795
12830 +9.764
12840 +9.723
12850 +9.671
12860 +9.611
12870 +9.552
12880 +9.502
12890 +9.467
12900 +9.449
12910 +9.444
12920 +9.446
12930 +9.445
12940 +9.434
12950 +9.410
12960 +9.375
12970 +9.335
12980 +9.298
12990 +9.274
13000 +9.268
13010 +9.280
13020 +9.305
13030 +9.333
13040 +9.355
13050 +9.363
13060 +9.355
13070 +9.335
13080 +9.312
13090 +9.297
13100 +9.299
13110 +9.323
13120 +9.364
13130 +9.412
13140 +9.454
13150 +9.478
13160 +9.481
13170 +9.463
13180 +9.433
13190 +9.405
13200 +9.390
13210 +9.395
13220 +9.418
13230 +9.451
13240 +9.480
13250 +9.493
13260 +9.483
13270 +9.449
13280 +9.400
13290 +9.346
13300 +9.303
13310 +9.279
13320 +9.277
13330 +9.294
13340 +9.316
13350 +9.332
13360 +9.330
13370 +9.307
13380 +9.265
13390 +9.215
13400 +9.170
13410 +9.145
13420 +9.147
13430 +9.176
13440 +9.222
13450 +9.272
13460 +9.310
13470 +9.327
13480 +9.319
13490 +9.295
13500 +9.270
13510 +9.259
13520 +9.276
13530 +9.325
13540 +9.398
13550 +9.478
13560 +9.547
13570 +9.591
13580 +9.604
13590 +9.592
13600 +9.570
13610 +9.556
13620 +9.567
13630 +9.608
13640 +9.676
13650 +9.755
13660 +9.827
13670 +9.878
13680 +9.899
13690 +9.895
13700 +9.878
13710 +9.865
13720 +9.873
13730 +9.913
13740 +9.984
13750 +10.076
13760 +10.174
13770 +10.262
13780 +10.328
13790 +10.371
13800 +10.396
13810 +10.417
13820 +10.450
13830 +10.509
13840 +10.601
13850 +10.719
13860 +10.851
13870 +10.978
13880 +11.083
13890 +11.158
13900 +11.202
13910 +11.228
13920 +11.252
13930 +11.292
13940 +11.360
13950 +11.455
13960 +11.566
13970 +11.674
13980 +11.761
13990 +11.816
14000 +11.835
14010 +11.828
14020 +11.812
14030 +11.806
14040 +11.824
14050 +11.871
14060 +11.940
14070 +12.015
14080 +12.079
14090 +12.117
14100 +12.125
14110 +12.107
14120 +12.075
14130 +12.046
14140 +12.036
14150 +12.053
14160 +12.098
14170 +12.159
14180 +12.221
14190 +12.267
14200 +12.288
14210 +12.279
14220 +12.248
14230 +12.207
14240 +12.174
14250 +12.164
14260 +12.183
14270 +12.225
14280 +12.278
14290 +12.322
14300 +12.342
14310 +12.328
14320 +12.282
14330 +12.218
14340 +12.155
14350 +12.110
14360 +12.097
14370 +12.114
14380 +12.150
14390 +12.185
14400 +12.202
14410 +12.190
14420 +12.148
14430 +12.086
14440 +12.023
14450 +11.977
14460 +11.962
14470 +11.981
14480 +12.025
14490 +12.078
14500 +12.123
14510 +12.149
14520 +12.151
14530 +12.132
14540 +12.106
14550 +12.088
14560 +12.091
14570 +12.122
14580 +12.181
14590 +12.256
14600 +12.333
14610 +12.397
14620 +12.438
14630 +12.452
14640 +12.447
14650 +12.434
14660 +12.428
14670 +12.445
14680 +12.489
14690 +12.557
14700 +12.635
14710 +12.706
14720 +12.756
14730 +12.778
14740 +12.772
14750 +12.752
14760 +12.734
14770 +12.736
14780 +12.769
14790 +12.832
14800 +12.915
14810 +13.000
14820 +13.073
14830 +13.122
14840 +13.147
14850 +13.156
14860 +13.164
14870 +13.187
14880 +13.236
14890 +13.314
14900 +13.416
14910 +13.528
14920 +13.635
14930 +13.725
14940 +13.790
14950 +13.831
14960 +13.857
14970 +13.881
14980 +13.915
14990 +13.970
15000 +14.046
15010 +14.136
15020 +14.226
15030 +14.302
15040 +14.349
15050 +14.363
15060 +14.347
15070 +14.313
15080 +14.278
15090 +14.259
15100 +14.264
15110 +14.292
15120 +14.330
15130 +14.361
15140 +14.369
15150 +14.344
15160 +14.287
15170 +14.209
15180 +14.129
15190 +14.065
15200 +14.031
15210 +14.029
15220 +14.048
15230 +14.071
15240 +14.082
15250 +14.069
15260 +14.029
15270 +13.970
15280 +13.907
15290 +13.857
15300 +13.833
15310 +13.843
15320 +13.882
15330 +13.936
15340 +13.990
15350 +14.030
15360 +14.047
15370 +14.042
15380 +14.023
15390 +14.004
15400 +14.001
15410 +14.028
15420 +14.087
15430 +14.171
15440 +14.264
15450 +14.349
15460 +14.411
15470 +14.443
15480 +14.450
15490 +14.445
15500 +14.447
15510 +14.476
15520 +14.540
15530 +14.636
15540 +14.749
15550 +14.861
15560 +14.951
15570 +15.012
15580 +15.043
15590 +15.056
15600 +15.072
15610 +15.109
15620 +15.180
15630 +15.287
15640 +15.418
15650 +15.553
15660 +15.675
15670 +15.770
15680 +15.834
15690 +15.875
15700 +15.907
15710 +15.949
15720 +16.015
15730 +16.113
15740 +16.238
15750 +16.374
15760 +16.504
15770 +16.610
15780 +16.683
15790 +16.721
15800 +16.736
15810 +16.744
15820 +16.765
15830 +16.816
15840 +16.899
15850 +17.005
15860 +17.115
15870 +17.207
15880 +17.266
15890 +17.287
15900 +17.276
15910 +17.252
15920 +17.238
15930 +17.256
15940 +17.316
15950 +17.411
15960 +17.520
15970 +17.621
15980 +17.693
15990 +17.727
16000 +17.728
16010 +17.712
16020 +17.702
16030 +17.719
16040 +17.776
16050 +17.869
16060 +17.983
16070 +18.093
16080 +18.179
16090 +18.229
16100 +18.242
16110 +18.228
16120 +18.205
16130 +18.194
16140 +18.214
16150 +18.268
16160 +18.348
16170 +18.437
16180 +18.512
16190 +18.556
16200 +18.560
16210 +18.529
16220 +18.478
16230 +18.431
16240 +18.413
16250 +18.439
16260 +18.508
16270 +18.603
16280 +18.699
16290 +18.772
16300 +18.807
16310 +18.806
16320 +18.781
16330 +18.758
16340 +18.765
16350 +18.821
16360 +18.929
16370 +19.071
16380 +19.220
16390 +19.349
16400 +19.441
16410 +19.493
16420 +19.517
16430 +19.535
16440 +19.570
16450 +19.643
16460 +19.757
16470 +19.901
16480 +20.052
16490 +20.185
16500 +20.284
16510 +20.341
16520 +20.361
16530 +20.358
16540 +20.355
16550 +20.370
16560 +20.420
16570 +20.504
16580 +20.610
16590 +20.718
16600 +20.808
16610 +20.865
16620 +20.886
16630 +20.880
16640 +20.866
16650 +20.870
16660 +20.915
16670 +21.012
16680 +21.153
16690 +21.314
16700 +21.469
16710 +21.593
16720 +21.677
16730 +21.724
16740 +21.754
16750 +21.790
16760 +21.857
16770 +21.966
16780 +22.109
16790 +22.265
16800 +22.405
16810 +22.504
16820 +22.553
16830 +22.551
16840 +22.514
16850 +22.463
16860 +22.421
16870 +22.404
16880 +22.417
16890 +22.449
16900 +22.481
16910 +22.494
16920 +22.474
16930 +22.416
16940 +22.328
16950 +22.224
16960 +22.127
16970 +22.061
16980 +22.039
16990 +22.063
17000 +22.118
17010 +22.181
17020 +22.229
17030 +22.247
17040 +22.232
17050 +22.195
17060 +22.158
17070 +22.150
17080 +22.192
17090 +22.291
17100 +22.434
17110 +22.592
17120 +22.735
17130 +22.840
17140 +22.899
17150 +22.921
17160 +22.927
17170 +22.944
17180 +22.995
17190 +23.086
17200 +23.205
17210 +23.325
17220 +23.416
17230 +23.458
17240 +23.442
17250 +23.377
17260 +23.280
17270 +23.177
17280 +23.090
17290 +23.036
17300 +23.016
17310 +23.018
17320 +23.025
17330 +23.019
17340 +22.988
17350 +22.930
17360 +22.852
17370 +22.772
17380 +22.712
17390 +22.695
17400 +22.735
17410 +22.831
17420 +22.968
17430 +23.119
17440 +23.258
17450 +23.368
17460 +23.448
17470 +23.508
17480 +23.575
17490 +23.678
17500 +23.838
17510 +24.058
17520 +24.317
17530 +24.578
17540 +24.802
17550 +24.963
17560 +25.054
17570 +25.085
17580 +25.080
17590 +25.065
17600 +25.061
17610 +25.070
17620 +25.081
17630 +25.068
17640 +25.010
17650 +24.898
17660 +24.734
17670 +24.534
17680 +24.320
17690 +24.117
17700 +23.950
17710 +23.835
17720 +23.775
17730 +23.762
17740 +23.780
17750 +23.807
17760 +23.827
17770 +23.830
17780 +23.818
17790 +23.804
17800 +23.813
17810 +23.871
17820 +23.998
17830 +24.191
17840 +24.427
17850 +24.665
17860 +24.866
17870 +24.999
17880 +25.057
17890 +25.049
17900 +25.002
17910 +24.951
17920 +24.918
17930 +24.901
17940 +24.871
17950 +24.790
17960 +24.627
17970 +24.374
17980 +24.046
17990 +23.682
18000 +23.331
18010 +23.043
18020 +22.847
18030 +22.745
18040 +22.714
18050 +22.722
18060 +22.745
18070 +22.768
18080 +22.789
18090 +22.819
18100 +22.878
18110 +22.988
18120 +23.173
18130 +23.445
18140 +23.805
18150 +24.236
18160 +24.708
18170 +25.192
18180 +25.666
18190 +26.127
18200 +26.590
18210 +27.090
18220 +27.672
18230 +28.371
18240 +29.188
18250 +30.077
18260 +30.945
18270 +31.665
18280 +32.123
18290 +32.257
18300 +32.085
18310 +31.688
18320 +31.161
18330 +30.585
18340 +30.008
18350 +29.451
18360 +28.916
18370 +28.404
18380 +27.923
18390 +27.487
18400 +27.115
18410 +26.825
18420 +26.631
18430 +26.534
18440 +26.527
18450 +26.596
18460 +26.720
18470 +26.882
18480 +27.068
18490 +27.272
18500 +27.490
18510 +27.729
18520 +27.999
18530 +28.312
18540 +28.679
18550 +29.098
18560 +29.552
18570 +30.009
18580 +30.425
18590 +30.769
18600 +31.023
18610 +31.185
18620 +31.260
18630 +31.253
18640 +31.165
18650 +30.993
18660 +30.743
18670 +30.427
18680 +30.063
18690 +29.667
18700 +29.252
18710 +28.827
18720 +28.404
18730 +28.004
18740 +27.648
18750 +27.361
18760 +27.153
18770 +27.022
18780 +26.957
18790 +26.940
18800 +26.957
18810 +27.002
18820 +27.074
18830 +27.178
18840 +27.325
18850 +27.524
18860 +27.782
18870 +28.099
18880 +28.463
18890 +28.849
18900 +29.223
18910 +29.548
18920 +29.799
18930 +29.964
18940 +30.050
18950 +30.072
18960 +30.043
18970 +29.968
18980 +29.838
18990 +29.643
19000 +29.375
19010 +29.039
19020 +28.651
19030 +28.231
19040 +27.799
19050 +27.380
19060 +26.995
19070 +26.662
19080 +26.391
19090 +26.179
19100 +26.013
19110 +25.878
19120 +25.765
19130 +25.672
19140 +25.609
19150 +25.594
19160 +25.646
19170 +25.780
19180 +26.006
19190 +26.315
19200 +26.687
19210 +27.092
19220 +27.496
19230 +27.873
19240 +28.204
19250 +28.478
19260 +28.688
19270 +28.825
19280 +28.874
19290 +28.819
19300 +28.651
19310 +28.378
19320 +28.022
19330 +27.608
19340 +27.157
19350 +26.682
19360 +26.193
19370 +25.706
19380 +25.240
19390 +24.820
19400 +24.462
19410 +24.168
19420 +23.922
19430 +23.701
19440 +23.484
19450 +23.262
19460 +23.039
19470 +22.833
19480 +22.671
19490 +22.581
19500 +22.578
19510 +22.652
19520 +22.774
19530 +22.904
19540 +23.009
19550 +23.071
19560 +23.083
19570 +23.048
19580 +22.971
19590 +22.858
19600 +22.713
19610 +22.534
19620 +22.317
19630 +22.056
19640 +21.747
19650 +21.385
19660 +20.972
19670 +20.512
19680 +20.019
19690 +19.517
19700 +19.037
19710 +18.614
19720 +18.262
19730 +17.971
19740 +17.709
19750 +17.438
19760 +17.127
19770 +16.761
19780 +16.345
19790 +15.899
19800 +15.465
19810 +15.093
19820 +14.818
19830 +14.637
19840 +14.510
19850 +14.381
19860 +14.200
19870 +13.942
19880 +13.600
19890 +13.195
19900 +12.771
19910 +12.390
19920 +12.116
19930 +11.974
19940 +11.931
19950 +11.915
19960 +11.854
19970 +11.702
19980 +11.440
19990 +11.077
20000 +10.649
20010 +10.225
20020 +9.892
20030 +9.721
20040 +9.715
20050 +9.800
20060 +9.875
20070 +9.860
20080 +9.717
20090 +9.437
20100 +9.037
20110 +8.566
20120 +8.116
20130 +7.811
20140 +7.740
20150 +7.878
20160 +8.097
20170 +8.262
20180 +8.287
20190 +8.120
20200 +7.703
20210 +6.907
20220 +5.461
20230 +2.981
20240 -0.314
20250 -2.188
20260 -1.869
20270 -1.296
20280 -1.063
20290 -1.069
20300 -1.142
20310 -1.135
20320 -0.959
20330 -0.600
20340 -0.121
20350 +0.379
20360 +0.796
20370 +1.041
20380 +1.044
20390 +0.756
20400 +0.160
20410 -0.707
20420 -1.711
20430 -2.578
20440 -2.973
20450 -2.804
20460 -2.337
20470 -1.927
20480 -1.813
20490 -2.128
20500 -2.957
20510 -4.361
20520 -6.329
20530 -8.480
20540 -9.474
20550 -8.478
20560 -6.888
20570 -5.752
20580 -5.322
20590 -5.644
20600 -6.765
20610 -8.728
20620 -11.199
20630 -12.090
20640 -9.988
20650 -7.453
20660 -5.635
20670 -4.581
20680 -4.206
20690 -4.445
20700 -5.257
20710 -6.570
20720 -8.140
20730 -9.250
20740 -9.002
20750 -7.674
20760 -6.200
20770 -5.044
20780 -4.310
20790 -3.995
20800 -4.076
20810 -4.534
20820 -5.355
20830 -6.503
20840 -7.820
20850 -8.796
20860 -8.599
20870 -7.158
20880 -5.310
20890 -3.668
20900 -2.473
20910 -1.856
20920 -2.001
20930 -3.243
20940 -6.125
20950 -10.826
20960 -11.041
20970 -6.957
20980 -4.276
20990 -2.694
21000 -1.753
21010 -1.203
21020 -0.898
21030 -0.735
21040 -0.621
21050 -0.467
21060 -0.186
21070 +0.272
21080 +0.895
21090 +1.612
21100 +2.320
21110 +2.930
21120 +3.383
21130 +3.657
21140 +3.771
21150 +3.776
21160 +3.756
21170 +3.815
21180 +4.043
21190 +4.470
21200 +5.041
21210 +5.642
21220 +6.159
21230 +6.519
21240 +6.694
21250 +6.706
21260 +6.618
21270 +6.529
21280 +6.557
21290 +6.795
21300 +7.253
21310 +7.844
21320 +8.428
21330 +8.881
21340 +9.132
21350 +9.172
21360 +9.047
21370 +8.852
21380 +8.720
21390 +8.787
21400 +9.122
21410 +9.662
21420 +10.236
21430 +10.661
21440 +10.822
21450 +10.689
21460 +10.313
21470 +9.804
21480 +9.316
21490 +9.009
21500 +8.975
21510 +9.160
21520 +9.403
21530 +9.546
21540 +9.504
21550 +9.270
21560 +8.890
21570 +8.447
21580 +8.046
21590 +7.795
21600 +7.768
21610 +7.960
21620 +8.292
21630 +8.646
21640 +8.920
21650 +9.049
21660 +9.012
21670 +8.830
21680 +8.565
21690 +8.308
21700 +8.171
21710 +8.241
21720 +8.533
21730 +8.962
21740 +9.393
21750 +9.693
21760 +9.777
21770 +9.618
21780 +9.248
21790 +8.760
21800 +8.305
21810 +8.056
21820 +8.121
21830 +8.443
21840 +8.827
21850 +9.060
21860 +9.009
21870 +8.638
21880 +8.007
21890 +7.262
21900 +6.633
21910 +6.367
21920 +6.559
21930 +7.060
21940 +7.616
21950 +8.028
21960 +8.201
21970 +8.124
21980 +7.854
21990 +7.501
22000 +7.215
22010 +7.143
22020 +7.357
22030 +7.804
22040 +8.345
22050 +8.830
22060 +9.144
22070 +9.221
22080 +9.050
22090 +8.682
22100 +8.235
22110 +7.892
22120 +7.833
22130 +8.119
22140 +8.642
22150 +9.203
22160 +9.619
22170 +9.772
22180 +9.624
22190 +9.245
22200 +8.830
22210 +8.662
22220 +8.945
22230 +9.634
22240 +10.501
22250 +11.323
22260 +11.961
22270 +12.357
22280 +12.523
22290 +12.545
22300 +12.565
22310 +12.724
22320 +13.095
22330 +13.648
22340 +14.297
22350 +14.945
22360 +15.516
22370 +15.959
22380 +16.255
22390 +16.420
22400 +16.509
22410 +16.613
22420 +16.818
22430 +17.176
22440 +17.686
22450 +18.301
22460 +18.955
22470 +19.576
22480 +20.098
22490 +20.465
22500 +20.665
22510 +20.746
22520 +20.815
22530 +20.983
22540 +21.303
22550 +21.751
22560 +22.235
22570 +22.635
22580 +22.825
22590 +22.732
22600 +22.380
22610 +21.895
22620 +21.442
22630 +21.147
22640 +21.052
22650 +21.117
22660 +21.258
22670 +21.379
22680 +21.401
22690 +21.285
22700 +21.042
22710 +20.733
22720 +20.440
22730 +20.241
22740 +20.176
22750 +20.243
22760 +20.400
22770 +20.584
22780 +20.731
22790 +20.789
22800 +20.732
22810 +20.572
22820 +20.352
22830 +20.137
22840 +19.990
22850 +19.947
22860 +20.005
22870 +20.128
22880 +20.258
22890 +20.333
22900 +20.305
22910 +20.160
22920 +19.920
22930 +19.645
22940 +19.407
22950 +19.265
22960 +19.244
22970 +19.322
22980 +19.450
22990 +19.567
23000 +19.621
23010 +19.583
23020 +19.460
23030 +19.291
23040 +19.134
23050 +19.047
23060 +19.060
23070 +19.171
23080 +19.348
23090 +19.544
23100 +19.711
23110 +19.815
23120 +19.842
23130 +19.805
23140 +19.739
23150 +19.688
23160 +19.691
23170 +19.768
23180 +19.914
23190 +20.101
23200 +20.290
23210 +20.443
23220 +20.529
23230 +20.537
23240 +20.478
23250 +20.386
23260 +20.305
23270 +20.272
23280 +20.305
23290 +20.398
23300 +20.519
23310 +20.627
23320 +20.681
23330 +20.655
23340 +20.549
23350 +20.389
23360 +20.221
23370 +20.092
23380 +20.031
23390 +20.040
23400 +20.096
23410 +20.160
23420 +20.190
23430 +20.158
23440 +20.057
23450 +19.901
23460 +19.726
23470 +19.570
23480 +19.464
23490 +19.417
23500 +19.417
23510 +19.436
23520 +19.440
23530 +19.400
23540 +19.301
23550 +19.147
23560 +18.958
23570 +18.766
23580 +18.600
23590 +18.481
23600 +18.414
23610 +18.383
23620 +18.365
23630 +18.330
23640 +18.257
23650 +18.138
23660 +17.983
23670 +17.817
23680 +17.674
23690 +17.582
23700 +17.558
23710 +17.596
23720 +17.675
23730 +17.764
23740 +17.831
23750 +17.857
23760 +17.841
23770 +17.799
23780 +17.763
23790 +17.764
23800 +17.820
23810 +17.931
23820 +18.076
23830 +18.222
23840 +18.333
23850 +18.383
23860 +18.365
23870 +18.292
23880 +18.197
23890 +18.116
23900 +18.077
23910 +18.089
23920 +18.139
23930 +18.199
23940 +18.233
23950 +18.216
23960 +18.140
23970 +18.020
23980 +17.890
23990 +17.790
