00000 -1.247
00010 -1.028
00020 -0.543
00030 -0.067
00040 +0.268
00050 +0.443
00060 +0.477
00070 +0.404
00080 +0.266
00090 +0.125
00100 +0.063
00110 +0.143
00120 +0.356
00130 +0.624
00140 +0.860
00150 +1.018
00160 +1.089
00170 +1.089
00180 +1.041
00190 +0.977
00200 +0.928
00210 +0.923
00220 +0.973
00230 +1.065
00240 +1.171
00250 +1.258
00260 +1.306
00270 +1.307
00280 +1.267
00290 +1.202
00300 +1.130
00310 +1.073
00320 +1.048
00330 +1.063
00340 +1.109
00350 +1.167
00360 +1.213
00370 +1.230
00380 +1.210
00390 +1.157
00400 +1.085
00410 +1.017
00420 +0.976
00430 +0.984
00440 +1.048
00450 +1.156
00460 +1.285
00470 +1.404
00480 +1.494
00490 +1.553
00500 +1.597
00510 +1.654
00520 +1.757
00530 +1.931
00540 +2.180
00550 +2.477
00560 +2.779
00570 +3.043
00580 +3.243
00590 +3.381
00600 +3.475
00610 +3.553
00620 +3.639
00630 +3.748
00640 +3.877
00650 +4.009
00660 +4.122
00670 +4.195
00680 +4.219
00690 +4.196
00700 +4.139
00710 +4.066
00720 +3.997
00730 +3.947
00740 +3.925
00750 +3.928
00760 +3.946
00770 +3.960
00780 +3.954
00790 +3.917
00800 +3.848
00810 +3.758
00820 +3.668
00830 +3.601
00840 +3.581
00850 +3.617
00860 +3.700
00870 +3.806
00880 +3.900
00890 +3.960
00900 +3.977
00910 +3.967
00920 +3.955
00930 +3.968
00940 +4.022
00950 +4.115
00960 +4.227
00970 +4.327
00980 +4.393
00990 +4.412
01000 +4.389
01010 +4.339
01020 +4.282
01030 +4.239
01040 +4.222
01050 +4.233
01060 +4.263
01070 +4.298
01080 +4.321
01090 +4.321
01100 +4.296
01110 +4.250
01120 +4.196
01130 +4.147
01140 +4.117
01150 +4.113
01160 +4.137
01170 +4.180
01180 +4.230
01190 +4.273
01200 +4.300
01210 +4.309
01220 +4.305
01230 +4.300
01240 +4.308
01250 +4.341
01260 +4.406
01270 +4.499
01280 +4.607
01290 +4.714
01300 +4.804
01310 +4.871
01320 +4.914
01330 +4.943
01340 +4.972
01350 +5.013
01360 +5.075
01370 +5.156
01380 +5.246
01390 +5.330
01400 +5.396
01410 +5.435
01420 +5.447
01430 +5.441
01440 +5.428
01450 +5.420
01460 +5.427
01470 +5.451
01480 +5.489
01490 +5.533
01500 +5.571
01510 +5.595
01520 +5.600
01530 +5.587
01540 +5.562
01550 +5.534
01560 +5.514
01570 +5.509
01580 +5.519
01590 +5.541
01600 +5.565
01610 +5.575
01620 +5.560
01630 +5.515
01640 +5.442
01650 +5.352
01660 +5.260
01670 +5.181
01680 +5.122
01690 +5.081
01700 +5.048
01710 +5.008
01720 +4.951
01730 +4.871
01740 +4.772
01750 +4.663
01760 +4.559
01770 +4.471
01780 +4.407
01790 +4.364
01800 +4.334
01810 +4.305
01820 +4.265
01830 +4.206
01840 +4.128
01850 +4.038
01860 +3.946
01870 +3.863
01880 +3.798
01890 +3.756
01900 +3.732
01910 +3.717
01920 +3.702
01930 +3.675
01940 +3.636
01950 +3.586
01960 +3.537
01970 +3.502
01980 +3.495
01990 +3.525
02000 +3.592
02010 +3.691
02020 +3.808
02030 +3.931
02040 +4.052
02050 +4.168
02060 +4.284
02070 +4.410
02080 +4.553
02090 +4.715
02100 +4.893
02110 +5.075
02120 +5.246
02130 +5.392
02140 +5.507
02150 +5.589
02160 +5.646
02170 +5.688
02180 +5.726
02190 +5.768
02200 +5.817
02210 +5.871
02220 +5.922
02230 +5.962
02240 +5.987
02250 +5.994
02260 +5.987
02270 +5.973
02280 +5.960
02290 +5.957
02300 +5.968
02310 +5.993
02320 +6.027
02330 +6.063
02340 +6.094
02350 +6.115
02360 +6.125
02370 +6.126
02380 +6.127
02390 +6.132
02400 +6.149
02410 +6.178
02420 +6.215
02430 +6.255
02440 +6.289
02450 +6.310
02460 +6.315
02470 +6.306
02480 +6.286
02490 +6.264
02500 +6.247
02510 +6.236
02520 +6.233
02530 +6.234
02540 +6.232
02550 +6.222
02560 +6.199
02570 +6.163
02580 +6.116
02590 +6.065
02600 +6.016
02610 +5.972
02620 +5.936
02630 +5.905
02640 +5.875
02650 +5.838
02660 +5.790
02670 +5.726
02680 +5.646
02690 +5.553
02700 +5.452
02710 +5.348
02720 +5.243
02730 +5.137
02740 +5.027
02750 +4.906
02760 +4.768
02770 +4.610
02780 +4.433
02790 +4.242
02800 +4.046
02810 +3.858
02820 +3.689
02830 +3.547
02840 +3.434
02850 +3.352
02860 +3.294
02870 +3.257
02880 +3.238
02890 +3.233
02900 +3.245
02910 +3.273
02920 +3.319
02930 +3.381
02940 +3.455
02950 +3.536
02960 +3.617
02970 +3.693
02980 +3.759
02990 +3.815
03000 +3.861
03010 +3.903
03020 +3.944
03030 +3.989
03040 +4.039
03050 +4.094
03060 +4.149
03070 +4.202
03080 +4.246
03090 +4.282
03100 +4.309
03110 +4.332
03120 +4.355
03130 +4.384
03140 +4.422
03150 +4.471
03160 +4.527
03170 +4.587
03180 +4.646
03190 +4.701
03200 +4.752
03210 +4.801
03220 +4.853
03230 +4.913
03240 +4.982
03250 +5.061
03260 +5.147
03270 +5.234
03280 +5.318
03290 +5.396
03300 +5.466
03310 +5.530
03320 +5.590
03330 +5.650
03340 +5.713
03350 +5.780
03360 +5.851
03370 +5.925
03380 +5.999
03390 +6.070
03400 +6.137
03410 +6.199
03420 +6.259
03430 +6.318
03440 +6.380
03450 +6.448
03460 +6.522
03470 +6.603
03480 +6.689
03490 +6.776
03500 +6.862
03510 +6.945
03520 +7.023
03530 +7.100
03540 +7.176
03550 +7.254
03560 +7.337
03570 +7.423
03580 +7.511
03590 +7.595
03600 +7.671
03610 +7.732
03620 +7.776
03630 +7.799
03640 +7.803
03650 +7.787
03660 +7.753
03670 +7.699
03680 +7.623
03690 +7.522
03700 +7.390
03710 +7.226
03720 +7.031
03730 +6.809
03740 +6.566
03750 +6.310
03760 +6.049
03770 +5.790
03780 +5.535
03790 +5.287
03800 +5.047
03810 +4.814
03820 +4.590
03830 +4.377
03840 +4.176
03850 +3.991
03860 +3.824
03870 +3.676
03880 +3.549
03890 +3.440
03900 +3.349
03910 +3.273
03920 +3.208
03930 +3.154
03940 +3.110
03950 +3.077
03960 +3.055
03970 +3.047
03980 +3.054
03990 +3.076
04000 +3.114
04010 +3.165
04020 +3.227
04030 +3.297
04040 +3.374
04050 +3.456
04060 +3.546
04070 +3.644
04080 +3.752
04090 +3.869
04100 +3.995
04110 +4.126
04120 +4.258
04130 +4.385
04140 +4.504
04150 +4.614
04160 +4.714
04170 +4.805
04180 +4.890
04190 +4.971
04200 +5.048
04210 +5.121
04220 +5.189
04230 +5.249
04240 +5.303
04250 +5.350
04260 +5.392
04270 +5.433
04280 +5.474
04290 +5.519
04300 +5.569
04310 +5.626
04320 +5.687
04330 +5.753
04340 +5.821
04350 +5.891
04360 +5.961
04370 +6.033
04380 +6.109
04390 +6.189
04400 +6.274
04410 +6.365
04420 +6.461
04430 +6.559
04440 +6.658
04450 +6.754
04460 +6.847
04470 +6.934
04480 +7.016
04490 +7.095
04500 +7.170
04510 +7.242
04520 +7.313
04530 +7.379
04540 +7.440
04550 +7.494
04560 +7.540
04570 +7.577
04580 +7.605
04590 +7.627
04600 +7.645
04610 +7.660
04620 +7.674
04630 +7.688
04640 +7.702
04650 +7.715
04660 +7.725
04670 +7.732
04680 +7.736
04690 +7.737
04700 +7.739
04710 +7.741
04720 +7.747
04730 +7.756
04740 +7.768
04750 +7.782
04760 +7.796
04770 +7.809
04780 +7.817
04790 +7.822
04800 +7.822
04810 +7.820
04820 +7.815
04830 +7.809
04840 +7.802
04850 +7.791
04860 +7.776
04870 +7.754
04880 +7.723
04890 +7.684
04900 +7.635
04910 +7.580
04920 +7.520
04930 +7.458
04940 +7.395
04950 +7.332
04960 +7.269
04970 +7.205
04980 +7.141
04990 +7.075
05000 +7.008
05010 +6.943
05020 +6.881
05030 +6.825
05040 +6.775
05050 +6.734
05060 +6.701
05070 +6.675
05080 +6.656
05090 +6.642
05100 +6.632
05110 +6.626
05120 +6.625
05130 +6.630
05140 +6.641
05150 +6.660
05160 +6.687
05170 +6.720
05180 +6.757
05190 +6.797
05200 +6.835
05210 +6.872
05220 +6.904
05230 +6.934
05240 +6.960
05250 +6.984
05260 +7.005
05270 +7.023
05280 +7.036
05290 +7.043
05300 +7.040
05310 +7.026
05320 +7.002
05330 +6.967
05340 +6.925
05350 +6.878
05360 +6.828
05370 +6.777
05380 +6.725
05390 +6.672
05400 +6.618
05410 +6.562
05420 +6.504
05430 +6.446
05440 +6.389
05450 +6.335
05460 +6.287
05470 +6.247
05480 +6.214
05490 +6.191
05500 +6.175
05510 +6.165
05520 +6.161
05530 +6.161
05540 +6.166
05550 +6.176
05560 +6.194
05570 +6.220
05580 +6.255
05590 +6.299
05600 +6.352
05610 +6.411
05620 +6.473
05630 +6.537
05640 +6.600
05650 +6.662
05660 +6.725
05670 +6.789
05680 +6.855
05690 +6.925
05700 +6.997
05710 +7.068
05720 +7.138
05730 +7.203
05740 +7.262
05750 +7.315
05760 +7.363
05770 +7.409
05780 +7.454
05790 +7.500
05800 +7.549
05810 +7.599
05820 +7.649
05830 +7.698
05840 +7.746
05850 +7.790
05860 +7.832
05870 +7.874
05880 +7.918
05890 +7.966
05900 +8.019
05910 +8.078
05920 +8.142
05930 +8.208
05940 +8.276
05950 +8.342
05960 +8.406
05970 +8.469
05980 +8.530
05990 +8.593
06000 +8.659
06010 +8.728
06020 +8.800
06030 +8.873
06040 +8.943
06050 +9.009
06060 +9.066
06070 +9.115
06080 +9.155
06090 +9.190
06100 +9.221
06110 +9.251
06120 +9.279
06130 +9.305
06140 +9.326
06150 +9.339
06160 +9.341
06170 +9.332
06180 +9.314
06190 +9.287
06200 +9.256
06210 +9.225
06220 +9.193
06230 +9.163
06240 +9.131
06250 +9.097
06260 +9.057
06270 +9.010
06280 +8.956
06290 +8.898
06300 +8.838
06310 +8.779
06320 +8.725
06330 +8.675
06340 +8.629
06350 +8.586
06360 +8.541
06370 +8.493
06380 +8.441
06390 +8.385
06400 +8.327
06410 +8.270
06420 +8.218
06430 +8.173
06440 +8.134
06450 +8.100
06460 +8.067
06470 +8.034
06480 +7.997
06490 +7.956
06500 +7.912
06510 +7.869
06520 +7.829
06530 +7.796
06540 +7.772
06550 +7.753
06560 +7.740
06570 +7.726
06580 +7.711
06590 +7.691
06600 +7.667
06610 +7.642
06620 +7.618
06630 +7.600
06640 +7.588
06650 +7.584
06660 +7.585
06670 +7.586
06680 +7.585
06690 +7.578
06700 +7.565
06710 +7.546
06720 +7.524
06730 +7.503
06740 +7.486
06750 +7.474
06760 +7.466
06770 +7.458
06780 +7.447
06790 +7.429
06800 +7.402
06810 +7.365
06820 +7.322
06830 +7.277
06840 +7.234
06850 +7.195
06860 +7.161
06870 +7.130
06880 +7.097
06890 +7.060
06900 +7.014
06910 +6.961
06920 +6.902
06930 +6.841
06940 +6.784
06950 +6.734
06960 +6.693
06970 +6.660
06980 +6.631
06990 +6.603
07000 +6.574
07010 +6.540
07020 +6.505
07030 +6.471
07040 +6.443
07050 +6.425
07060 +6.419
07070 +6.424
07080 +6.439
07090 +6.458
07100 +6.479
07110 +6.497
07120 +6.513
07130 +6.529
07140 +6.547
07150 +6.571
07160 +6.605
07170 +6.647
07180 +6.697
07190 +6.750
07200 +6.803
07210 +6.851
07220 +6.893
07230 +6.930
07240 +6.963
07250 +6.998
07260 +7.037
07270 +7.082
07280 +7.133
07290 +7.187
07300 +7.240
07310 +7.289
07320 +7.331
07330 +7.366
07340 +7.395
07350 +7.424
07360 +7.455
07370 +7.490
07380 +7.532
07390 +7.579
07400 +7.627
07410 +7.672
07420 +7.713
07430 +7.747
07440 +7.775
07450 +7.801
07460 +7.828
07470 +7.858
07480 +7.895
07490 +7.936
07500 +7.981
07510 +8.025
07520 +8.066
07530 +8.101
07540 +8.131
07550 +8.155
07560 +8.178
07570 +8.203
07580 +8.231
07590 +8.264
07600 +8.302
07610 +8.340
07620 +8.376
07630 +8.407
07640 +8.431
07650 +8.449
07660 +8.462
07670 +8.474
07680 +8.488
07690 +8.505
07700 +8.525
07710 +8.546
07720 +8.566
07730 +8.581
07740 +8.589
07750 +8.589
07760 +8.581
07770 +8.569
07780 +8.556
07790 +8.543
07800 +8.534
07810 +8.526
07820 +8.518
07830 +8.506
07840 +8.489
07850 +8.465
07860 +8.434
07870 +8.399
07880 +8.362
07890 +8.327
07900 +8.297
07910 +8.273
07920 +8.253
07930 +8.235
07940 +8.216
07950 +8.194
07960 +8.169
07970 +8.140
07980 +8.111
07990 +8.085
08000 +8.064
08010 +8.051
08020 +8.044
08030 +8.041
08040 +8.039
08050 +8.035
08060 +8.026
08070 +8.012
08080 +7.996
08090 +7.979
08100 +7.964
08110 +7.955
08120 +7.950
08130 +7.948
08140 +7.947
08150 +7.942
08160 +7.931
08170 +7.914
08180 +7.891
08190 +7.865
08200 +7.840
08210 +7.818
08220 +7.800
08230 +7.786
08240 +7.775
08250 +7.762
08260 +7.747
08270 +7.727
08280 +7.704
08290 +7.680
08300 +7.658
08310 +7.641
08320 +7.631
08330 +7.628
08340 +7.631
08350 +7.636
08360 +7.641
08370 +7.644
08380 +7.644
08390 +7.643
08400 +7.643
08410 +7.646
08420 +7.653
08430 +7.666
08440 +7.682
08450 +7.701
08460 +7.718
08470 +7.732
08480 +7.742
08490 +7.749
08500 +7.754
08510 +7.759
08520 +7.767
08530 +7.778
08540 +7.792
08550 +7.808
08560 +7.825
08570 +7.840
08580 +7.852
08590 +7.862
08600 +7.872
08610 +7.883
08620 +7.897
08630 +7.917
08640 +7.941
08650 +7.972
08660 +8.006
08670 +8.043
08680 +8.083
08690 +8.123
08700 +8.166
08710 +8.212
08720 +8.262
08730 +8.317
08740 +8.379
08750 +8.446
08760 +8.518
08770 +8.592
08780 +8.667
08790 +8.742
08800 +8.817
08810 +8.890
08820 +8.963
08830 +9.037
08840 +9.111
08850 +9.186
08860 +9.260
08870 +9.334
08880 +9.405
08890 +9.472
08900 +9.534
08910 +9.592
08920 +9.645
08930 +9.694
08940 +9.739
08950 +9.782
08960 +9.822
08970 +9.859
08980 +9.892
08990 +9.920
09000 +9.942
09010 +9.958
09020 +9.969
09030 +9.973
09040 +9.974
09050 +9.972
09060 +9.968
09070 +9.961
09080 +9.952
09090 +9.941
09100 +9.926
09110 +9.908
09120 +9.887
09130 +9.864
09140 +9.839
09150 +9.815
09160 +9.792
09170 +9.770
09180 +9.749
09190 +9.729
09200 +9.710
09210 +9.689
09220 +9.668
09230 +9.648
09240 +9.627
09250 +9.609
09260 +9.592
09270 +9.577
09280 +9.564
09290 +9.552
09300 +9.541
09310 +9.530
09320 +9.519
09330 +9.508
09340 +9.498
09350 +9.489
09360 +9.483
09370 +9.478
09380 +9.476
09390 +9.475
09400 +9.475
09410 +9.477
09420 +9.479
09430 +9.483
09440 +9.489
09450 +9.497
09460 +9.509
09470 +9.523
09480 +9.540
09490 +9.559
09500 +9.579
09510 +9.601
09520 +9.625
09530 +9.649
09540 +9.676
09550 +9.703
09560 +9.733
09570 +9.763
09580 +9.793
09590 +9.823
09600 +9.851
09610 +9.878
09620 +9.902
09630 +9.924
09640 +9.943
09650 +9.959
09660 +9.973
09670 +9.982
09680 +9.988
09690 +9.989
09700 +9.984
09710 +9.974
09720 +9.957
09730 +9.934
09740 +9.905
09750 +9.870
09760 +9.830
09770 +9.783
09780 +9.731
09790 +9.673
09800 +9.608
09810 +9.537
09820 +9.458
09830 +9.374
09840 +9.284
09850 +9.189
09860 +9.089
09870 +8.987
09880 +8.882
09890 +8.775
09900 +8.666
09910 +8.555
09920 +8.443
09930 +8.329
09940 +8.215
09950 +8.102
09960 +7.991
09970 +7.883
09980 +7.781
09990 +7.683
10000 +7.590
10010 +7.501
10020 +7.416
10030 +7.333
10040 +7.253
10050 +7.177
10060 +7.106
10070 +7.040
10080 +6.980
10090 +6.927
10100 +6.879
10110 +6.835
10120 +6.793
10130 +6.753
10140 +6.713
10150 +6.674
10160 +6.637
10170 +6.603
10180 +6.573
10190 +6.547
10200 +6.526
10210 +6.508
10220 +6.492
10230 +6.475
10240 +6.457
10250 +6.439
10260 +6.421
10270 +6.406
10280 +6.395
10290 +6.390
10300 +6.392
10310 +6.399
10320 +6.410
10330 +6.424
10340 +6.440
10350 +6.456
10360 +6.476
10370 +6.499
10380 +6.530
10390 +6.571
10400 +6.621
10410 +6.681
10420 +6.748
10430 +6.819
10440 +6.892
10450 +6.965
10460 +7.038
10470 +7.112
10480 +7.188
10490 +7.268
10500 +7.353
10510 +7.440
10520 +7.527
10530 +7.611
10540 +7.687
10550 +7.755
10560 +7.812
10570 +7.861
10580 +7.903
10590 +7.941
10600 +7.977
10610 +8.010
10620 +8.041
10630 +8.067
10640 +8.085
10650 +8.094
10660 +8.093
10670 +8.084
10680 +8.070
10690 +8.052
10700 +8.035
10710 +8.019
10720 +8.006
10730 +7.994
10740 +7.981
10750 +7.964
10760 +7.943
10770 +7.917
10780 +7.888
10790 +7.860
10800 +7.835
10810 +7.817
10820 +7.806
10830 +7.801
10840 +7.801
10850 +7.802
10860 +7.803
10870 +7.802
10880 +7.800
10890 +7.799
10900 +7.802
10910 +7.811
10920 +7.829
10930 +7.856
10940 +7.888
10950 +7.923
10960 +7.958
10970 +7.989
10980 +8.016
10990 +8.040
11000 +8.063
11010 +8.088
11020 +8.116
11030 +8.148
11040 +8.183
11050 +8.219
11060 +8.252
11070 +8.278
11080 +8.295
11090 +8.303
11100 +8.304
11110 +8.299
11120 +8.294
11130 +8.291
11140 +8.289
11150 +8.290
11160 +8.288
11170 +8.282
11180 +8.268
11190 +8.245
11200 +8.214
11210 +8.180
11220 +8.147
11230 +8.121
11240 +8.104
11250 +8.097
11260 +8.100
11270 +8.108
11280 +8.117
11290 +8.127
11300 +8.137
11310 +8.152
11320 +8.176
11330 +8.215
11340 +8.273
11350 +8.352
11360 +8.449
11370 +8.561
11380 +8.681
11390 +8.805
11400 +8.931
11410 +9.060
11420 +9.195
11430 +9.340
11440 +9.499
11450 +9.672
11460 +9.858
11470 +10.052
11480 +10.245
11490 +10.432
11500 +10.609
11510 +10.773
11520 +10.927
11530 +11.074
11540 +11.218
11550 +11.361
11560 +11.503
11570 +11.638
11580 +11.761
11590 +11.864
11600 +11.942
11610 +11.994
11620 +12.020
11630 +12.025
11640 +12.016
11650 +11.997
11660 +11.971
11670 +11.937
11680 +11.890
11690 +11.828
11700 +11.745
11710 +11.642
11720 +11.521
11730 +11.387
11740 +11.249
11750 +11.111
11760 +10.979
11770 +10.856
11780 +10.738
11790 +10.624
11800 +10.510
11810 +10.392
11820 +10.272
11830 +10.153
11840 +10.039
11850 +9.936
11860 +9.849
11870 +9.780
11880 +9.730
11890 +9.695
11900 +9.669
11910 +9.648
11920 +9.630
11930 +9.612
11940 +9.597
11950 +9.590
11960 +9.594
11970 +9.614
11980 +9.650
11990 +9.699
12000 +9.755
12010 +9.812
12020 +9.864
12030 +9.908
12040 +9.943
12050 +9.973
12060 +10.002
12070 +10.035
12080 +10.075
12090 +10.121
12100 +10.168
12110 +10.209
12120 +10.238
12130 +10.250
12140 +10.244
12150 +10.224
12160 +10.196
12170 +10.165
12180 +10.136
12190 +10.113
12200 +10.093
12210 +10.071
12220 +10.041
12230 +10.001
12240 +9.947
12250 +9.884
12260 +9.816
12270 +9.751
12280 +9.696
12290 +9.654
12300 +9.626
12310 +9.609
12320 +9.598
12330 +9.587
12340 +9.573
12350 +9.554
12360 +9.533
12370 +9.516
12380 +9.509
12390 +9.515
12400 +9.537
12410 +9.571
12420 +9.614
12430 +9.657
12440 +9.694
12450 +9.722
12460 +9.740
12470 +9.752
12480 +9.763
12490 +9.780
12500 +9.806
12510 +9.841
12520 +9.881
12530 +9.921
12540 +9.954
12550 +9.974
12560 +9.980
12570 +9.976
12580 +9.965
12590 +9.956
12600 +9.955
12610 +9.963
12620 +9.982
12630 +10.006
12640 +10.031
12650 +10.050
12660 +10.062
12670 +10.065
12680 +10.065
12690 +10.067
12700 +10.079
12710 +10.106
12720 +10.150
12730 +10.211
12740 +10.282
12750 +10.359
12760 +10.435
12770 +10.505
12780 +10.570
12790 +10.633
12800 +10.701
12810 +10.779
12820 +10.873
12830 +10.983
12840 +11.106
12850 +11.233
12860 +11.354
12870 +11.461
12880 +11.547
12890 +11.614
12900 +11.667
12910 +11.713
12920 +11.762
12930 +11.819
12940 +11.880
12950 +11.940
12960 +11.988
12970 +12.011
12980 +12.002
12990 +11.961
13000 +11.895
13010 +11.816
13020 +11.736
13030 +11.664
13040 +11.604
13050 +11.551
13060 +11.496
13070 +11.429
13080 +11.340
13090 +11.227
13100 +11.097
13110 +10.960
13120 +10.832
13130 +10.725
13140 +10.646
13150 +10.594
13160 +10.563
13170 +10.540
13180 +10.512
13190 +10.472
13200 +10.419
13210 +10.361
13220 +10.308
13230 +10.276
13240 +10.273
13250 +10.300
13260 +10.349
13270 +10.405
13280 +10.453
13290 +10.477
13300 +10.472
13310 +10.442
13320 +10.400
13330 +10.365
13340 +10.348
13350 +10.359
13360 +10.393
13370 +10.442
13380 +10.490
13390 +10.526
13400 +10.540
13410 +10.536
13420 +10.528
13430 +10.532
13440 +10.569
13450 +10.650
13460 +10.781
13470 +10.958
13480 +11.170
13490 +11.401
13500 +11.636
13510 +11.866
13520 +12.094
13530 +12.331
13540 +12.594
13550 +12.900
13560 +13.254
13570 +13.650
13580 +14.062
13590 +14.451
13600 +14.771
13610 +14.985
13620 +15.087
13630 +15.099
13640 +15.060
13650 +15.003
13660 +14.945
13670 +14.880
13680 +14.789
13690 +14.646
13700 +14.436
13710 +14.164
13720 +13.853
13730 +13.533
13740 +13.235
13750 +12.976
13760 +12.761
13770 +12.582
13780 +12.423
13790 +12.265
13800 +12.092
13810 +11.897
13820 +11.684
13830 +11.465
13840 +11.256
13850 +11.070
13860 +10.914
13870 +10.787
13880 +10.680
13890 +10.577
13900 +10.464
13910 +10.327
13920 +10.160
13930 +9.967
13940 +9.757
13950 +9.545
13960 +9.342
13970 +9.153
13980 +8.977
13990 +8.804
14000 +8.621
14010 +8.417
14020 +8.185
14030 +7.927
14040 +7.653
14050 +7.378
14060 +7.115
14070 +6.873
14080 +6.655
14090 +6.456
14100 +6.273
14110 +6.096
14120 +5.924
14130 +5.756
14140 +5.598
14150 +5.456
14160 +5.339
14170 +5.253
14180 +5.203
14190 +5.193
14200 +5.224
14210 +5.296
14220 +5.408
14230 +5.555
14240 +5.729
14250 +5.924
14260 +6.136
14270 +6.366
14280 +6.621
14290 +6.908
14300 +7.234
14310 +7.600
14320 +7.997
14330 +8.407
14340 +8.804
14350 +9.162
14360 +9.462
14370 +9.703
14380 +9.893
14390 +10.048
14400 +10.177
14410 +10.279
14420 +10.340
14430 +10.340
14440 +10.259
14450 +10.093
14460 +9.855
14470 +9.573
14480 +9.276
14490 +8.984
14500 +8.709
14510 +8.449
14520 +8.199
14530 +7.952
14540 +7.699
14550 +7.441
14560 +7.182
14570 +6.930
14580 +6.692
14590 +6.474
14600 +6.278
14610 +6.105
14620 +5.950
14630 +5.810
14640 +5.679
14650 +5.554
14660 +5.429
14670 +5.304
14680 +5.178
14690 +5.052
14700 +4.926
14710 +4.803
14720 +4.682
14730 +4.565
14740 +4.450
14750 +4.337
14760 +4.222
14770 +4.104
14780 +3.980
14790 +3.849
14800 +3.713
14810 +3.572
14820 +3.432
14830 +3.295
14840 +3.168
14850 +3.055
14860 +2.959
14870 +2.879
14880 +2.812
14890 +2.752
14900 +2.695
14910 +2.641
14920 +2.593
14930 +2.557
14940 +2.542
14950 +2.556
14960 +2.606
14970 +2.688
14980 +2.796
14990 +2.919
15000 +3.045
15010 +3.168
15020 +3.288
15030 +3.409
15040 +3.538
15050 +3.682
15060 +3.844
15070 +4.023
15080 +4.209
15090 +4.391
15100 +4.557
15110 +4.699
15120 +4.812
15130 +4.899
15140 +4.967
15150 +5.025
15160 +5.078
15170 +5.132
15180 +5.184
15190 +5.231
15200 +5.262
15210 +5.272
15220 +5.254
15230 +5.212
15240 +5.150
15250 +5.076
15260 +5.000
15270 +4.928
15280 +4.864
15290 +4.807
15300 +4.754
15310 +4.697
15320 +4.628
15330 +4.545
15340 +4.446
15350 +4.336
15360 +4.221
15370 +4.108
15380 +4.003
15390 +3.909
15400 +3.826
15410 +3.750
15420 +3.674
15430 +3.589
15440 +3.489
15450 +3.373
15460 +3.243
15470 +3.103
15480 +2.962
15490 +2.830
15500 +2.714
15510 +2.620
15520 +2.544
15530 +2.480
15540 +2.416
15550 +2.343
15560 +2.257
15570 +2.164
15580 +2.072
15590 +1.998
15600 +1.956
15610 +1.957
15620 +1.998
15630 +2.067
15640 +2.143
15650 +2.209
15660 +2.256
15670 +2.287
15680 +2.312
15690 +2.349
15700 +2.412
15710 +2.511
15720 +2.644
15730 +2.798
15740 +2.953
15750 +3.093
15760 +3.207
15770 +3.294
15780 +3.362
15790 +3.423
15800 +3.488
15810 +3.564
15820 +3.652
15830 +3.745
15840 +3.831
15850 +3.896
15860 +3.929
15870 +3.925
15880 +3.886
15890 +3.816
15900 +3.722
15910 +3.614
15920 +3.499
15930 +3.381
15940 +3.261
15950 +3.137
15960 +3.001
15970 +2.847
15980 +2.669
15990 +2.465
16000 +2.238
16010 +1.996
16020 +1.752
16030 +1.523
16040 +1.327
16050 +1.173
16060 +1.061
16070 +0.975
16080 +0.898
16090 +0.812
16100 +0.715
16110 +0.612
16120 +0.524
16130 +0.476
16140 +0.489
16150 +0.572
16160 +0.713
16170 +0.881
16180 +1.045
16190 +1.179
16200 +1.275
16210 +1.333
16220 +1.365
16230 +1.383
16240 +1.397
16250 +1.413
16260 +1.426
16270 +1.425
16280 +1.395
16290 +1.321
16300 +1.193
16310 +1.008
16320 +0.765
16330 +0.466
16340 +0.116
16350 -0.276
16360 -0.696
16370 -1.129
16380 -1.562
16390 -1.995
16400 -2.439
16410 -2.917
16420 -3.460
16430 -4.100
16440 -4.866
16450 -5.782
16460 -6.862
16470 -8.095
16480 -9.451
16490 -10.883
16500 -12.368
16510 -13.957
16520 -15.817
16530 -18.280
16540 -22.052
16550 -29.325
16560 -31.583
16570 -22.710
16580 -18.321
16590 -15.642
16600 -13.886
16610 -12.728
16620 -11.986
16630 -11.536
16640 -11.276
16650 -11.117
16660 -10.981
16670 -10.812
16680 -10.600
16690 -10.383
16700 -10.234
16710 -10.234
16720 -10.451
16730 -10.934
16740 -11.720
16750 -12.842
16760 -14.342
16770 -16.274
16780 -18.694
16790 -21.644
16800 -25.109
16810 -28.725
16820 -29.513
16830 -25.440
16840 -20.983
16850 -17.361
16860 -14.477
16870 -12.176
16880 -10.354
16890 -8.945
16900 -7.901
16910 -7.176
16920 -6.696
16930 -6.362
16940 -6.057
16950 -5.686
16960 -5.211
16970 -4.660
16980 -4.112
16990 -3.661
17000 -3.395
17010 -3.382
17020 -3.664
17030 -4.252
17040 -5.135
17050 -6.290
17060 -7.697
17070 -9.346
17080 -11.262
17090 -13.546
17100 -16.506
17110 -21.016
17120 -28.144
17130 -22.160
17140 -15.916
17150 -11.956
17160 -9.119
17170 -6.952
17180 -5.239
17190 -3.867
17200 -2.768
17210 -1.896
17220 -1.208
17230 -0.649
17240 -0.156
17250 +0.327
17260 +0.829
17270 +1.352
17280 +1.868
17290 +2.336
17300 +2.712
17310 +2.956
17320 +3.044
17330 +2.977
17340 +2.778
17350 +2.490
17360 +2.154
17370 +1.807
17380 +1.466
17390 +1.131
17400 +0.787
17410 +0.403
17420 -0.053
17430 -0.609
17440 -1.275
17450 -2.021
17460 -2.744
17470 -3.268
17480 -3.408
17490 -3.103
17500 -2.471
17510 -1.699
17520 -0.926
17530 -0.223
17540 +0.397
17550 +0.960
17560 +1.507
17570 +2.078
17580 +2.691
17590 +3.338
17600 +3.991
17610 +4.618
17620 +5.185
17630 +5.661
17640 +6.022
17650 +6.260
17660 +6.383
17670 +6.417
17680 +6.395
17690 +6.345
17700 +6.278
17710 +6.188
17720 +6.054
17730 +5.844
17740 +5.526
17750 +5.065
17760 +4.439
17770 +3.638
17780 +2.671
17790 +1.565
17800 +0.371
17810 -0.844
17820 -2.013
17830 -3.093
17840 -4.101
17850 -5.099
17860 -6.115
17870 -6.983
17880 -7.263
17890 -6.609
17900 -5.295
17910 -3.837
17920 -2.532
17930 -1.472
17940 -0.667
17950 -0.091
17960 +0.294
17970 +0.545
17980 +0.732
17990 +0.910
18000 +1.108
18010 +1.314
18020 +1.493
18030 +1.601
18040 +1.595
18050 +1.446
18060 +1.137
18070 +0.677
18080 +0.103
18090 -0.524
18100 -1.126
18110 -1.641
18120 -2.040
18130 -2.332
18140 -2.547
18150 -2.697
18160 -2.754
18170 -2.634
18180 -2.240
18190 -1.532
18200 -0.587
18210 +0.459
18220 +1.485
18230 +2.426
18240 +3.264
18250 +4.010
18260 +4.688
18270 +5.328
18280 +5.950
18290 +6.563
18300 +7.162
18310 +7.732
18320 +8.258
18330 +8.733
18340 +9.161
18350 +9.548
18360 +9.902
18370 +10.227
18380 +10.524
18390 +10.787
18400 +11.011
18410 +11.191
18420 +11.331
18430 +11.437
18440 +11.519
18450 +11.581
18460 +11.627
18470 +11.654
18480 +11.661
18490 +11.643
18500 +11.604
18510 +11.552
18520 +11.502
18530 +11.471
18540 +11.472
18550 +11.514
18560 +11.595
18570 +11.713
18580 +11.865
18590 +12.044
18600 +12.246
18610 +12.462
18620 +12.685
18630 +12.908
18640 +13.130
18650 +13.353
18660 +13.582
18670 +13.821
18680 +14.070
18690 +14.322
18700 +14.561
18710 +14.766
18720 +14.922
18730 +15.024
18740 +15.083
18750 +15.121
18760 +15.154
18770 +15.193
18780 +15.235
18790 +15.272
18800 +15.286
18810 +15.262
18820 +15.193
18830 +15.083
18840 +14.951
18850 +14.817
18860 +14.702
18870 +14.614
18880 +14.559
18890 +14.534
18900 +14.538
18910 +14.569
18920 +14.624
18930 +14.702
18940 +14.803
18950 +14.926
18960 +15.073
18970 +15.247
18980 +15.453
18990 +15.696
19000 +15.980
19010 +16.303
19020 +16.652
19030 +17.004
19040 +17.332
19050 +17.616
19060 +17.858
19070 +18.075
19080 +18.295
19090 +18.542
19100 +18.832
19110 +19.166
19120 +19.526
19130 +19.877
19140 +20.176
19150 +20.396
19160 +20.543
19170 +20.650
19180 +20.763
19190 +20.917
19200 +21.132
19210 +21.409
19220 +21.724
19230 +22.032
19240 +22.278
19250 +22.427
19260 +22.484
19270 +22.493
19280 +22.511
19290 +22.584
19300 +22.734
19310 +22.961
19320 +23.237
19330 +23.512
19340 +23.723
19350 +23.823
19360 +23.813
19370 +23.743
19380 +23.681
19390 +23.678
19400 +23.763
19410 +23.932
19420 +24.155
19430 +24.379
19440 +24.531
19450 +24.557
19460 +24.453
19470 +24.272
19480 +24.088
19490 +23.960
19500 +23.913
19510 +23.940
19520 +24.005
19530 +24.047
19540 +23.997
19550 +23.807
19560 +23.485
19570 +23.086
19580 +22.684
19590 +22.332
19600 +22.049
19610 +21.824
19620 +21.628
19630 +21.418
19640 +21.159
19650 +20.835
19660 +20.460
19670 +20.074
19680 +19.725
19690 +19.447
19700 +19.253
19710 +19.137
19720 +19.083
19730 +19.067
19740 +19.068
19750 +19.066
19760 +19.052
19770 +19.028
19780 +19.009
19790 +19.010
19800 +19.046
19810 +19.123
19820 +19.239
19830 +19.386
19840 +19.551
19850 +19.713
19860 +19.852
19870 +19.954
19880 +20.019
19890 +20.060
19900 +20.101
19910 +20.160
19920 +20.249
19930 +20.369
19940 +20.507
19950 +20.640
19960 +20.736
19970 +20.769
19980 +20.730
19990 +20.635
20000 +20.516
20010 +20.407
20020 +20.324
20030 +20.272
20040 +20.239
20050 +20.207
20060 +20.159
20070 +20.089
20080 +20.005
20090 +19.928
20100 +19.883
20110 +19.888
20120 +19.951
20130 +20.069
20140 +20.237
20150 +20.442
20160 +20.670
20170 +20.902
20180 +21.123
20190 +21.324
20200 +21.508
20210 +21.685
20220 +21.872
20230 +22.082
20240 +22.323
20250 +22.595
20260 +22.886
20270 +23.173
20280 +23.429
20290 +23.628
20300 +23.762
20310 +23.845
20320 +23.907
20330 +23.977
20340 +24.076
20350 +24.209
20360 +24.365
20370 +24.514
20380 +24.621
20390 +24.654
20400 +24.606
20410 +24.498
20420 +24.374
20430 +24.276
20440 +24.231
20450 +24.249
20460 +24.319
20470 +24.419
20480 +24.515
20490 +24.577
20500 +24.589
20510 +24.567
20520 +24.551
20530 +24.591
20540 +24.729
20550 +24.993
20560 +25.398
20570 +25.941
20580 +26.595
20590 +27.292
20600 +27.920
20610 +28.359
20620 +28.539
20630 +28.461
20640 +28.140
20650 +27.577
20660 +26.779
20670 +25.804
20680 +24.759
20690 +23.747
20700 +22.845
20710 +22.088
20720 +21.480
20730 +21.008
20740 +20.647
20750 +20.370
20760 +20.151
20770 +19.965
20780 +19.792
20790 +19.619
20800 +19.441
20810 +19.264
20820 +19.097
20830 +18.956
20840 +18.849
20850 +18.778
20860 +18.738
20870 +18.715
20880 +18.695
20890 +18.663
20900 +18.608
20910 +18.530
20920 +18.435
20930 +18.340
20940 +18.261
20950 +18.208
20960 +18.182
20970 +18.177
20980 +18.177
20990 +18.167
21000 +18.131
21010 +18.062
21020 +17.965
21030 +17.852
21040 +17.745
21050 +17.658
21060 +17.596
21070 +17.555
21080 +17.521
21090 +17.478
21100 +17.410
21110 +17.310
21120 +17.185
21130 +17.052
21140 +16.934
21150 +16.849
21160 +16.803
21170 +16.792
21180 +16.805
21190 +16.832
21200 +16.862
21210 +16.891
21220 +16.921
21230 +16.956
21240 +17.003
21250 +17.067
21260 +17.149
21270 +17.246
21280 +17.354
21290 +17.464
21300 +17.569
21310 +17.659
21320 +17.728
21330 +17.773
21340 +17.795
21350 +17.802
21360 +17.804
21370 +17.810
21380 +17.820
21390 +17.832
21400 +17.836
21410 +17.821
21420 +17.773
21430 +17.685
21440 +17.560
21450 +17.411
21460 +17.256
21470 +17.108
21480 +16.972
21490 +16.845
21500 +16.717
21510 +16.575
21520 +16.413
21530 +16.231
21540 +16.041
21550 +15.861
21560 +15.709
21570 +15.593
21580 +15.512
21590 +15.460
21600 +15.426
21610 +15.403
21620 +15.386
21630 +15.372
21640 +15.363
21650 +15.363
21660 +15.373
21670 +15.397
21680 +15.431
21690 +15.473
21700 +15.519
21710 +15.563
21720 +15.602
21730 +15.631
21740 +15.647
21750 +15.650
21760 +15.642
21770 +15.625
21780 +15.605
21790 +15.584
21800 +15.562
21810 +15.537
21820 +15.505
21830 +15.462
21840 +15.405
21850 +15.334
21860 +15.253
21870 +15.170
21880 +15.092
21890 +15.025
21900 +14.971
21910 +14.928
21920 +14.896
21930 +14.874
21940 +14.863
21950 +14.865
21960 +14.884
21970 +14.920
21980 +14.974
21990 +15.043
22000 +15.125
22010 +15.218
22020 +15.322
22030 +15.437
22040 +15.562
22050 +15.696
22060 +15.831
22070 +15.962
22080 +16.081
22090 +16.184
22100 +16.271
22110 +16.346
22120 +16.413
22130 +16.475
22140 +16.532
22150 +16.578
22160 +16.603
22170 +16.595
22180 +16.544
22190 +16.453
22200 +16.328
22210 +16.182
22220 +16.024
22230 +15.858
22240 +15.681
22250 +15.488
22260 +15.272
22270 +15.034
22280 +14.782
22290 +14.530
22300 +14.293
22310 +14.078
22320 +13.887
22330 +13.716
22340 +13.562
22350 +13.424
22360 +13.303
22370 +13.201
22380 +13.120
22390 +13.062
22400 +13.020
22410 +12.989
22420 +12.962
22430 +12.935
22440 +12.906
22450 +12.876
22460 +12.846
22470 +12.817
22480 +12.789
22490 +12.761
22500 +12.730
22510 +12.689
22520 +12.635
22530 +12.565
22540 +12.479
22550 +12.380
22560 +12.272
22570 +12.160
22580 +12.052
22590 +11.951
22600 +11.859
22610 +11.772
22620 +11.684
22630 +11.593
22640 +11.495
22650 +11.395
22660 +11.304
22670 +11.232
22680 +11.194
22690 +11.197
22700 +11.240
22710 +11.310
22720 +11.392
22730 +11.471
22740 +11.541
22750 +11.604
22760 +11.671
22770 +11.752
22780 +11.858
22790 +11.994
22800 +12.152
22810 +12.321
22820 +12.483
22830 +12.620
22840 +12.727
22850 +12.804
22860 +12.860
22870 +12.908
22880 +12.961
22890 +13.028
22900 +13.112
22910 +13.204
22920 +13.288
22930 +13.347
22940 +13.366
22950 +13.343
22960 +13.286
22970 +13.208
22980 +13.128
22990 +13.063
23000 +13.023
23010 +13.009
23020 +13.009
23030 +13.004
23040 +12.975
23050 +12.913
23060 +12.823
23070 +12.720
23080 +12.626
23090 +12.562
23100 +12.546
23110 +12.582
23120 +12.658
23130 +12.752
23140 +12.836
23150 +12.891
23160 +12.913
23170 +12.911
23180 +12.903
23190 +12.908
23200 +12.943
23210 +13.018
23220 +13.127
23230 +13.254
23240 +13.371
23250 +13.456
23260 +13.494
23270 +13.485
23280 +13.443
23290 +13.388
23300 +13.345
23310 +13.333
23320 +13.361
23330 +13.424
23340 +13.500
23350 +13.561
23360 +13.579
23370 +13.547
23380 +13.473
23390 +13.382
23400 +13.308
23410 +13.285
23420 +13.339
23430 +13.475
23440 +13.674
23450 +13.897
23460 +14.102
23470 +14.266
23480 +14.391
23490 +14.503
23500 +14.643
23510 +14.848
23520 +15.148
23530 +15.549
23540 +16.028
23550 +16.541
23560 +17.035
23570 +17.472
23580 +17.843
23590 +18.168
23600 +18.493
23610 +18.867
23620 +19.338
23630 +19.935
23640 +20.657
23650 +21.468
23660 +22.297
23670 +23.058
23680 +23.693
23690 +24.204
23700 +24.665
23710 +25.183
23720 +25.867
23730 +26.791
23740 +27.950
23750 +29.174
23760 +30.081
23770 +30.296
23780 +29.903
23790 +29.315
23800 +28.850
23810 +28.630
23820 +28.648
23830 +28.793
23840 +28.881
23850 +28.737
23860 +28.334
23870 +27.807
23880 +27.322
23890 +26.986
23900 +26.846
23910 +26.901
23920 +27.113
23930 +27.403
23940 +27.656
23950 +27.760
23960 +27.673
23970 +27.450
23980 +27.196
23990 +27.006
