00000 +0.389
00010 +0.305
00020 +0.083
00030 -0.204
00040 -0.484
00050 -0.708
00060 -0.854
00070 -0.927
00080 -0.953
00090 -0.970
00100 -1.019
00110 -1.129
00120 -1.306
00130 -1.531
00140 -1.769
00150 -1.987
00160 -2.162
00170 -2.285
00180 -2.362
00190 -2.408
00200 -2.444
00210 -2.490
00220 -2.558
00230 -2.652
00240 -2.760
00250 -2.867
00260 -2.956
00270 -3.016
00280 -3.044
00290 -3.046
00300 -3.032
00310 -3.018
00320 -3.016
00330 -3.033
00340 -3.067
00350 -3.110
00360 -3.150
00370 -3.177
00380 -3.184
00390 -3.173
00400 -3.151
00410 -3.132
00420 -3.129
00430 -3.151
00440 -3.200
00450 -3.274
00460 -3.364
00470 -3.458
00480 -3.551
00490 -3.643
00500 -3.739
00510 -3.849
00520 -3.981
00530 -4.142
00540 -4.331
00550 -4.541
00560 -4.761
00570 -4.978
00580 -5.183
00590 -5.371
00600 -5.544
00610 -5.703
00620 -5.856
00630 -6.006
00640 -6.155
00650 -6.300
00660 -6.438
00670 -6.562
00680 -6.667
00690 -6.750
00700 -6.811
00710 -6.855
00720 -6.889
00730 -6.918
00740 -6.948
00750 -6.982
00760 -7.020
00770 -7.056
00780 -7.087
00790 -7.107
00800 -7.115
00810 -7.113
00820 -7.107
00830 -7.105
00840 -7.115
00850 -7.140
00860 -7.181
00870 -7.235
00880 -7.294
00890 -7.353
00900 -7.406
00910 -7.454
00920 -7.500
00930 -7.551
00940 -7.612
00950 -7.685
00960 -7.766
00970 -7.851
00980 -7.930
00990 -7.998
01000 -8.050
01010 -8.088
01020 -8.115
01030 -8.138
01040 -8.163
01050 -8.192
01060 -8.228
01070 -8.268
01080 -8.307
01090 -8.343
01100 -8.373
01110 -8.396
01120 -8.416
01130 -8.438
01140 -8.468
01150 -8.510
01160 -8.568
01170 -8.639
01180 -8.721
01190 -8.810
01200 -8.902
01210 -8.995
01220 -9.092
01230 -9.194
01240 -9.307
01250 -9.433
01260 -9.572
01270 -9.720
01280 -9.873
01290 -10.023
01300 -10.163
01310 -10.291
01320 -10.404
01330 -10.503
01340 -10.593
01350 -10.674
01360 -10.749
01370 -10.816
01380 -10.873
01390 -10.919
01400 -10.952
01410 -10.972
01420 -10.982
01430 -10.985
01440 -10.984
01450 -10.984
01460 -10.987
01470 -10.995
01480 -11.006
01490 -11.021
01500 -11.039
01510 -11.057
01520 -11.077
01530 -11.099
01540 -11.124
01550 -11.154
01560 -11.190
01570 -11.231
01580 -11.276
01590 -11.322
01600 -11.365
01610 -11.400
01620 -11.425
01630 -11.439
01640 -11.443
01650 -11.437
01660 -11.424
01670 -11.405
01680 -11.382
01690 -11.353
01700 -11.319
01710 -11.279
01720 -11.233
01730 -11.182
01740 -11.129
01750 -11.075
01760 -11.023
01770 -10.973
01780 -10.927
01790 -10.883
01800 -10.840
01810 -10.797
01820 -10.753
01830 -10.708
01840 -10.662
01850 -10.617
01860 -10.572
01870 -10.529
01880 -10.487
01890 -10.446
01900 -10.405
01910 -10.361
01920 -10.313
01930 -10.260
01940 -10.202
01950 -10.139
01960 -10.070
01970 -9.997
01980 -9.919
01990 -9.835
02000 -9.744
02010 -9.644
02020 -9.534
02030 -9.414
02040 -9.283
02050 -9.145
02060 -9.003
02070 -8.859
02080 -8.717
02090 -8.579
02100 -8.447
02110 -8.319
02120 -8.198
02130 -8.083
02140 -7.975
02150 -7.876
02160 -7.786
02170 -7.707
02180 -7.636
02190 -7.573
02200 -7.515
02210 -7.461
02220 -7.407
02230 -7.353
02240 -7.298
02250 -7.243
02260 -7.188
02270 -7.133
02280 -7.079
02290 -7.027
02300 -6.974
02310 -6.921
02320 -6.866
02330 -6.809
02340 -6.750
02350 -6.692
02360 -6.637
02370 -6.587
02380 -6.546
02390 -6.515
02400 -6.496
02410 -6.488
02420 -6.492
02430 -6.508
02440 -6.537
02450 -6.580
02460 -6.638
02470 -6.714
02480 -6.807
02490 -6.914
02500 -7.034
02510 -7.160
02520 -7.288
02530 -7.415
02540 -7.538
02550 -7.656
02560 -7.769
02570 -7.877
02580 -7.980
02590 -8.077
02600 -8.167
02610 -8.248
02620 -8.319
02630 -8.379
02640 -8.428
02650 -8.466
02660 -8.496
02670 -8.520
02680 -8.539
02690 -8.556
02700 -8.570
02710 -8.583
02720 -8.593
02730 -8.602
02740 -8.610
02750 -8.621
02760 -8.639
02770 -8.667
02780 -8.712
02790 -8.778
02800 -8.868
02810 -8.983
02820 -9.119
02830 -9.274
02840 -9.442
02850 -9.618
02860 -9.795
02870 -9.968
02880 -10.133
02890 -10.286
02900 -10.423
02910 -10.543
02920 -10.644
02930 -10.724
02940 -10.786
02950 -10.831
02960 -10.861
02970 -10.880
02980 -10.889
02990 -10.891
03000 -10.889
03010 -10.882
03020 -10.870
03030 -10.854
03040 -10.833
03050 -10.806
03060 -10.774
03070 -10.737
03080 -10.697
03090 -10.654
03100 -10.611
03110 -10.566
03120 -10.521
03130 -10.473
03140 -10.423
03150 -10.369
03160 -10.310
03170 -10.248
03180 -10.182
03190 -10.116
03200 -10.051
03210 -9.989
03220 -9.930
03230 -9.876
03240 -9.826
03250 -9.779
03260 -9.737
03270 -9.698
03280 -9.666
03290 -9.642
03300 -9.627
03310 -9.623
03320 -9.629
03330 -9.644
03340 -9.666
03350 -9.693
03360 -9.721
03370 -9.749
03380 -9.775
03390 -9.801
03400 -9.826
03410 -9.850
03420 -9.873
03430 -9.894
03440 -9.913
03450 -9.926
03460 -9.933
03470 -9.932
03480 -9.921
03490 -9.902
03500 -9.875
03510 -9.841
03520 -9.800
03530 -9.752
03540 -9.698
03550 -9.633
03560 -9.558
03570 -9.468
03580 -9.363
03590 -9.243
03600 -9.106
03610 -8.954
03620 -8.789
03630 -8.610
03640 -8.417
03650 -8.210
03660 -7.987
03670 -7.747
03680 -7.491
03690 -7.220
03700 -6.939
03710 -6.654
03720 -6.373
03730 -6.102
03740 -5.850
03750 -5.621
03760 -5.420
03770 -5.250
03780 -5.115
03790 -5.015
03800 -4.954
03810 -4.930
03820 -4.943
03830 -4.988
03840 -5.060
03850 -5.153
03860 -5.260
03870 -5.375
03880 -5.493
03890 -5.611
03900 -5.726
03910 -5.837
03920 -5.945
03930 -6.048
03940 -6.146
03950 -6.240
03960 -6.327
03970 -6.408
03980 -6.480
03990 -6.544
04000 -6.600
04010 -6.648
04020 -6.690
04030 -6.728
04040 -6.764
04050 -6.801
04060 -6.837
04070 -6.873
04080 -6.909
04090 -6.944
04100 -6.979
04110 -7.014
04120 -7.050
04130 -7.090
04140 -7.136
04150 -7.187
04160 -7.243
04170 -7.302
04180 -7.361
04190 -7.419
04200 -7.475
04210 -7.526
04220 -7.573
04230 -7.617
04240 -7.656
04250 -7.693
04260 -7.725
04270 -7.753
04280 -7.775
04290 -7.791
04300 -7.798
04310 -7.798
04320 -7.790
04330 -7.775
04340 -7.755
04350 -7.731
04360 -7.703
04370 -7.672
04380 -7.638
04390 -7.601
04400 -7.561
04410 -7.517
04420 -7.469
04430 -7.418
04440 -7.367
04450 -7.316
04460 -7.269
04470 -7.225
04480 -7.187
04490 -7.154
04500 -7.125
04510 -7.100
04520 -7.078
04530 -7.061
04540 -7.050
04550 -7.045
04560 -7.047
04570 -7.058
04580 -7.076
04590 -7.101
04600 -7.130
04610 -7.162
04620 -7.194
04630 -7.226
04640 -7.256
04650 -7.285
04660 -7.313
04670 -7.340
04680 -7.364
04690 -7.386
04700 -7.403
04710 -7.414
04720 -7.418
04730 -7.413
04740 -7.398
04750 -7.374
04760 -7.342
04770 -7.304
04780 -7.259
04790 -7.210
04800 -7.155
04810 -7.096
04820 -7.031
04830 -6.962
04840 -6.887
04850 -6.811
04860 -6.734
04870 -6.662
04880 -6.597
04890 -6.541
04900 -6.496
04910 -6.462
04920 -6.438
04930 -6.424
04940 -6.419
04950 -6.422
04960 -6.434
04970 -6.455
04980 -6.483
04990 -6.519
05000 -6.560
05010 -6.604
05020 -6.648
05030 -6.689
05040 -6.727
05050 -6.759
05060 -6.786
05070 -6.808
05080 -6.825
05090 -6.839
05100 -6.850
05110 -6.857
05120 -6.860
05130 -6.859
05140 -6.853
05150 -6.844
05160 -6.830
05170 -6.815
05180 -6.799
05190 -6.784
05200 -6.773
05210 -6.767
05220 -6.766
05230 -6.770
05240 -6.780
05250 -6.795
05260 -6.814
05270 -6.840
05280 -6.873
05290 -6.914
05300 -6.963
05310 -7.021
05320 -7.086
05330 -7.157
05340 -7.232
05350 -7.310
05360 -7.389
05370 -7.467
05380 -7.545
05390 -7.623
05400 -7.700
05410 -7.776
05420 -7.851
05430 -7.924
05440 -7.994
05450 -8.060
05460 -8.122
05470 -8.180
05480 -8.233
05490 -8.282
05500 -8.328
05510 -8.372
05520 -8.414
05530 -8.456
05540 -8.496
05550 -8.536
05560 -8.575
05570 -8.612
05580 -8.647
05590 -8.682
05600 -8.715
05610 -8.750
05620 -8.785
05630 -8.822
05640 -8.861
05650 -8.901
05660 -8.942
05670 -8.982
05680 -9.021
05690 -9.058
05700 -9.093
05710 -9.127
05720 -9.159
05730 -9.190
05740 -9.221
05750 -9.250
05760 -9.276
05770 -9.300
05780 -9.319
05790 -9.334
05800 -9.345
05810 -9.352
05820 -9.356
05830 -9.358
05840 -9.358
05850 -9.357
05860 -9.355
05870 -9.352
05880 -9.348
05890 -9.343
05900 -9.337
05910 -9.331
05920 -9.326
05930 -9.322
05940 -9.321
05950 -9.324
05960 -9.331
05970 -9.343
05980 -9.360
05990 -9.379
06000 -9.402
06010 -9.428
06020 -9.456
06030 -9.487
06040 -9.522
06050 -9.560
06060 -9.603
06070 -9.648
06080 -9.696
06090 -9.744
06100 -9.791
06110 -9.836
06120 -9.878
06130 -9.917
06140 -9.954
06150 -9.989
06160 -10.021
06170 -10.051
06180 -10.079
06190 -10.103
06200 -10.122
06210 -10.136
06220 -10.146
06230 -10.152
06240 -10.154
06250 -10.155
06260 -10.154
06270 -10.155
06280 -10.156
06290 -10.160
06300 -10.165
06310 -10.172
06320 -10.181
06330 -10.194
06340 -10.211
06350 -10.233
06360 -10.263
06370 -10.300
06380 -10.346
06390 -10.401
06400 -10.464
06410 -10.532
06420 -10.607
06430 -10.685
06440 -10.768
06450 -10.855
06460 -10.945
06470 -11.040
06480 -11.137
06490 -11.235
06500 -11.334
06510 -11.431
06520 -11.525
06530 -11.615
06540 -11.700
06550 -11.780
06560 -11.857
06570 -11.929
06580 -11.998
06590 -12.063
06600 -12.124
06610 -12.182
06620 -12.235
06630 -12.284
06640 -12.328
06650 -12.370
06660 -12.411
06670 -12.451
06680 -12.491
06690 -12.534
06700 -12.579
06710 -12.626
06720 -12.675
06730 -12.726
06740 -12.779
06750 -12.834
06760 -12.892
06770 -12.954
06780 -13.020
06790 -13.090
06800 -13.164
06810 -13.241
06820 -13.319
06830 -13.398
06840 -13.475
06850 -13.552
06860 -13.627
06870 -13.700
06880 -13.772
06890 -13.842
06900 -13.910
06910 -13.975
06920 -14.036
06930 -14.091
06940 -14.141
06950 -14.185
06960 -14.223
06970 -14.258
06980 -14.289
06990 -14.317
07000 -14.343
07010 -14.367
07020 -14.389
07030 -14.410
07040 -14.429
07050 -14.448
07060 -14.467
07070 -14.487
07080 -14.511
07090 -14.539
07100 -14.573
07110 -14.611
07120 -14.655
07130 -14.704
07140 -14.756
07150 -14.811
07160 -14.869
07170 -14.930
07180 -14.994
07190 -15.062
07200 -15.133
07210 -15.207
07220 -15.281
07230 -15.354
07240 -15.424
07250 -15.490
07260 -15.551
07270 -15.607
07280 -15.660
07290 -15.710
07300 -15.758
07310 -15.802
07320 -15.843
07330 -15.880
07340 -15.912
07350 -15.938
07360 -15.960
07370 -15.979
07380 -15.996
07390 -16.013
07400 -16.032
07410 -16.054
07420 -16.079
07430 -16.106
07440 -16.134
07450 -16.165
07460 -16.196
07470 -16.231
07480 -16.268
07490 -16.311
07500 -16.359
07510 -16.413
07520 -16.473
07530 -16.538
07540 -16.605
07550 -16.672
07560 -16.739
07570 -16.804
07580 -16.868
07590 -16.931
07600 -16.995
07610 -17.059
07620 -17.124
07630 -17.186
07640 -17.245
07650 -17.298
07660 -17.343
07670 -17.381
07680 -17.411
07690 -17.435
07700 -17.455
07710 -17.472
07720 -17.487
07730 -17.500
07740 -17.509
07750 -17.513
07760 -17.512
07770 -17.507
07780 -17.497
07790 -17.485
07800 -17.474
07810 -17.466
07820 -17.463
07830 -17.465
07840 -17.472
07850 -17.483
07860 -17.497
07870 -17.512
07880 -17.528
07890 -17.546
07900 -17.567
07910 -17.592
07920 -17.623
07930 -17.659
07940 -17.699
07950 -17.740
07960 -17.779
07970 -17.814
07980 -17.841
07990 -17.860
08000 -17.872
08010 -17.877
08020 -17.877
08030 -17.872
08040 -17.861
08050 -17.843
08060 -17.814
08070 -17.771
08080 -17.714
08090 -17.642
08100 -17.556
08110 -17.458
08120 -17.353
08130 -17.241
08140 -17.125
08150 -17.004
08160 -16.879
08170 -16.748
08180 -16.611
08190 -16.469
08200 -16.324
08210 -16.180
08220 -16.039
08230 -15.907
08240 -15.785
08250 -15.677
08260 -15.580
08270 -15.495
08280 -15.419
08290 -15.351
08300 -15.291
08310 -15.240
08320 -15.199
08330 -15.171
08340 -15.158
08350 -15.159
08360 -15.173
08370 -15.198
08380 -15.230
08390 -15.265
08400 -15.301
08410 -15.338
08420 -15.377
08430 -15.420
08440 -15.471
08450 -15.530
08460 -15.596
08470 -15.669
08480 -15.744
08490 -15.820
08500 -15.894
08510 -15.965
08520 -16.037
08530 -16.111
08540 -16.190
08550 -16.278
08560 -16.374
08570 -16.477
08580 -16.585
08590 -16.694
08600 -16.801
08610 -16.906
08620 -17.009
08630 -17.110
08640 -17.212
08650 -17.316
08660 -17.423
08670 -17.532
08680 -17.640
08690 -17.743
08700 -17.839
08710 -17.926
08720 -18.003
08730 -18.071
08740 -18.132
08750 -18.190
08760 -18.246
08770 -18.301
08780 -18.354
08790 -18.404
08800 -18.448
08810 -18.484
08820 -18.512
08830 -18.533
08840 -18.550
08850 -18.565
08860 -18.582
08870 -18.601
08880 -18.623
08890 -18.647
08900 -18.670
08910 -18.691
08920 -18.708
08930 -18.721
08940 -18.733
08950 -18.745
08960 -18.759
08970 -18.778
08980 -18.801
08990 -18.827
09000 -18.854
09010 -18.880
09020 -18.902
09030 -18.921
09040 -18.936
09050 -18.949
09060 -18.961
09070 -18.973
09080 -18.987
09090 -19.002
09100 -19.017
09110 -19.030
09120 -19.040
09130 -19.045
09140 -19.046
09150 -19.043
09160 -19.038
09170 -19.032
09180 -19.028
09190 -19.026
09200 -19.025
09210 -19.025
09220 -19.025
09230 -19.023
09240 -19.018
09250 -19.011
09260 -19.003
09270 -18.996
09280 -18.990
09290 -18.989
09300 -18.991
09310 -18.996
09320 -19.004
09330 -19.013
09340 -19.021
09350 -19.028
09360 -19.035
09370 -19.043
09380 -19.053
09390 -19.065
09400 -19.081
09410 -19.100
09420 -19.121
09430 -19.142
09440 -19.162
09450 -19.180
09460 -19.195
09470 -19.208
09480 -19.220
09490 -19.230
09500 -19.241
09510 -19.253
09520 -19.264
09530 -19.275
09540 -19.284
09550 -19.290
09560 -19.293
09570 -19.293
09580 -19.291
09590 -19.287
09600 -19.283
09610 -19.280
09620 -19.279
09630 -19.278
09640 -19.277
09650 -19.276
09660 -19.274
09670 -19.269
09680 -19.264
09690 -19.258
09700 -19.253
09710 -19.249
09720 -19.247
09730 -19.248
09740 -19.250
09750 -19.252
09760 -19.254
09770 -19.255
09780 -19.255
09790 -19.254
09800 -19.253
09810 -19.252
09820 -19.251
09830 -19.250
09840 -19.249
09850 -19.246
09860 -19.242
09870 -19.235
09880 -19.225
09890 -19.213
09900 -19.198
09910 -19.182
09920 -19.166
09930 -19.150
09940 -19.135
09950 -19.123
09960 -19.112
09970 -19.103
09980 -19.096
09990 -19.091
10000 -19.088
10010 -19.086
10020 -19.088
10030 -19.093
10040 -19.101
10050 -19.112
10060 -19.127
10070 -19.145
10080 -19.165
10090 -19.187
10100 -19.211
10110 -19.236
10120 -19.263
10130 -19.292
10140 -19.323
10150 -19.356
10160 -19.391
10170 -19.428
10180 -19.466
10190 -19.506
10200 -19.545
10210 -19.585
10220 -19.625
10230 -19.664
10240 -19.703
10250 -19.741
10260 -19.778
10270 -19.814
10280 -19.848
10290 -19.881
10300 -19.912
10310 -19.940
10320 -19.964
10330 -19.985
10340 -20.001
10350 -20.013
10360 -20.021
10370 -20.025
10380 -20.026
10390 -20.022
10400 -20.015
10410 -20.005
10420 -19.991
10430 -19.974
10440 -19.955
10450 -19.932
10460 -19.907
10470 -19.882
10480 -19.855
10490 -19.829
10500 -19.805
10510 -19.782
10520 -19.761
10530 -19.743
10540 -19.728
10550 -19.715
10560 -19.705
10570 -19.698
10580 -19.695
10590 -19.695
10600 -19.699
10610 -19.708
10620 -19.720
10630 -19.736
10640 -19.755
10650 -19.776
10660 -19.797
10670 -19.819
10680 -19.840
10690 -19.860
10700 -19.879
10710 -19.896
10720 -19.913
10730 -19.928
10740 -19.940
10750 -19.949
10760 -19.954
10770 -19.953
10780 -19.948
10790 -19.936
10800 -19.920
10810 -19.900
10820 -19.877
10830 -19.850
10840 -19.821
10850 -19.790
10860 -19.755
10870 -19.716
10880 -19.673
10890 -19.627
10900 -19.577
10910 -19.526
10920 -19.474
10930 -19.421
10940 -19.370
10950 -19.320
10960 -19.270
10970 -19.220
10980 -19.171
10990 -19.121
11000 -19.072
11010 -19.024
11020 -18.978
11030 -18.935
11040 -18.897
11050 -18.865
11060 -18.838
11070 -18.816
11080 -18.799
11090 -18.786
11100 -18.776
11110 -18.770
11120 -18.768
11130 -18.772
11140 -18.781
11150 -18.798
11160 -18.822
11170 -18.851
11180 -18.885
11190 -18.922
11200 -18.960
11210 -18.998
11220 -19.035
11230 -19.074
11240 -19.114
11250 -19.158
11260 -19.204
11270 -19.254
11280 -19.306
11290 -19.357
11300 -19.408
11310 -19.456
11320 -19.502
11330 -19.547
11340 -19.593
11350 -19.642
11360 -19.696
11370 -19.753
11380 -19.815
11390 -19.879
11400 -19.943
11410 -20.006
11420 -20.068
11430 -20.129
11440 -20.190
11450 -20.253
11460 -20.319
11470 -20.387
11480 -20.456
11490 -20.523
11500 -20.585
11510 -20.640
11520 -20.684
11530 -20.717
11540 -20.738
11550 -20.748
11560 -20.747
11570 -20.737
11580 -20.716
11590 -20.684
11600 -20.639
11610 -20.579
11620 -20.504
11630 -20.415
11640 -20.314
11650 -20.206
11660 -20.093
11670 -19.980
11680 -19.868
11690 -19.757
11700 -19.647
11710 -19.538
11720 -19.428
11730 -19.319
11740 -19.212
11750 -19.109
11760 -19.012
11770 -18.925
11780 -18.849
11790 -18.784
11800 -18.728
11810 -18.681
11820 -18.640
11830 -18.606
11840 -18.580
11850 -18.561
11860 -18.553
11870 -18.557
11880 -18.575
11890 -18.607
11900 -18.652
11910 -18.708
11920 -18.774
11930 -18.846
11940 -18.924
11950 -19.006
11960 -19.093
11970 -19.184
11980 -19.280
11990 -19.378
12000 -19.476
12010 -19.568
12020 -19.649
12030 -19.713
12040 -19.756
12050 -19.775
12060 -19.768
12070 -19.735
12080 -19.679
12090 -19.600
12100 -19.498
12110 -19.373
12120 -19.226
12130 -19.055
12140 -18.862
12150 -18.651
12160 -18.426
12170 -18.193
12180 -17.958
12190 -17.726
12200 -17.497
12210 -17.274
12220 -17.055
12230 -16.840
12240 -16.629
12250 -16.424
12260 -16.228
12270 -16.044
12280 -15.877
12290 -15.729
12300 -15.600
12310 -15.489
12320 -15.395
12330 -15.316
12340 -15.250
12350 -15.198
12360 -15.161
12370 -15.141
12380 -15.140
12390 -15.158
12400 -15.196
12410 -15.249
12420 -15.314
12430 -15.387
12440 -15.466
12450 -15.546
12460 -15.629
12470 -15.713
12480 -15.798
12490 -15.884
12500 -15.969
12510 -16.049
12520 -16.121
12530 -16.179
12540 -16.220
12550 -16.242
12560 -16.245
12570 -16.231
12580 -16.202
12590 -16.161
12600 -16.109
12610 -16.048
12620 -15.976
12630 -15.892
12640 -15.796
12650 -15.689
12660 -15.574
12670 -15.455
12680 -15.337
12690 -15.226
12700 -15.125
12710 -15.034
12720 -14.954
12730 -14.882
12740 -14.816
12750 -14.756
12760 -14.703
12770 -14.658
12780 -14.627
12790 -14.611
12800 -14.612
12810 -14.629
12820 -14.658
12830 -14.695
12840 -14.735
12850 -14.772
12860 -14.806
12870 -14.837
12880 -14.867
12890 -14.896
12900 -14.926
12910 -14.954
12920 -14.976
12930 -14.987
12940 -14.982
12950 -14.956
12960 -14.909
12970 -14.844
12980 -14.765
12990 -14.680
13000 -14.593
13010 -14.507
13020 -14.423
13030 -14.339
13040 -14.253
13050 -14.165
13060 -14.076
13070 -13.993
13080 -13.921
13090 -13.869
13100 -13.840
13110 -13.836
13120 -13.856
13130 -13.893
13140 -13.943
13150 -14.003
13160 -14.070
13170 -14.147
13180 -14.236
13190 -14.341
13200 -14.463
13210 -14.601
13220 -14.751
13230 -14.908
13240 -15.067
13250 -15.221
13260 -15.368
13270 -15.508
13280 -15.643
13290 -15.775
13300 -15.906
13310 -16.037
13320 -16.166
13330 -16.287
13340 -16.397
13350 -16.490
13360 -16.565
13370 -16.622
13380 -16.664
13390 -16.697
13400 -16.725
13410 -16.752
13420 -16.778
13430 -16.803
13440 -16.825
13450 -16.840
13460 -16.848
13470 -16.851
13480 -16.852
13490 -16.856
13500 -16.868
13510 -16.891
13520 -16.926
13530 -16.971
13540 -17.022
13550 -17.077
13560 -17.130
13570 -17.182
13580 -17.231
13590 -17.281
13600 -17.332
13610 -17.387
13620 -17.445
13630 -17.504
13640 -17.560
13650 -17.608
13660 -17.644
13670 -17.663
13680 -17.665
13690 -17.651
13700 -17.624
13710 -17.586
13720 -17.540
13730 -17.487
13740 -17.426
13750 -17.354
13760 -17.271
13770 -17.174
13780 -17.065
13790 -16.946
13800 -16.822
13810 -16.700
13820 -16.583
13830 -16.475
13840 -16.377
13850 -16.287
13860 -16.202
13870 -16.121
13880 -16.040
13890 -15.963
13900 -15.889
13910 -15.824
13920 -15.770
13930 -15.728
13940 -15.699
13950 -15.680
13960 -15.666
13970 -15.653
13980 -15.638
13990 -15.617
14000 -15.592
14010 -15.564
14020 -15.536
14030 -15.510
14040 -15.488
14050 -15.467
14060 -15.445
14070 -15.416
14080 -15.378
14090 -15.326
14100 -15.263
14110 -15.190
14120 -15.113
14130 -15.037
14140 -14.965
14150 -14.899
14160 -14.838
14170 -14.778
14180 -14.716
14190 -14.651
14200 -14.581
14210 -14.513
14220 -14.450
14230 -14.398
14240 -14.362
14250 -14.343
14260 -14.339
14270 -14.346
14280 -14.358
14290 -14.372
14300 -14.387
14310 -14.402
14320 -14.421
14330 -14.447
14340 -14.483
14350 -14.529
14360 -14.585
14370 -14.645
14380 -14.703
14390 -14.756
14400 -14.799
14410 -14.831
14420 -14.854
14430 -14.872
14440 -14.889
14450 -14.907
14460 -14.927
14470 -14.947
14480 -14.963
14490 -14.971
14500 -14.967
14510 -14.951
14520 -14.925
14530 -14.895
14540 -14.865
14550 -14.843
14560 -14.829
14570 -14.824
14580 -14.826
14590 -14.830
14600 -14.832
14610 -14.830
14620 -14.827
14630 -14.824
14640 -14.827
14650 -14.839
14660 -14.862
14670 -14.896
14680 -14.937
14690 -14.981
14700 -15.022
14710 -15.056
14720 -15.083
14730 -15.101
14740 -15.114
14750 -15.124
14760 -15.134
14770 -15.144
14780 -15.154
14790 -15.160
14800 -15.159
14810 -15.146
14820 -15.119
14830 -15.077
14840 -15.023
14850 -14.960
14860 -14.895
14870 -14.831
14880 -14.771
14890 -14.716
14900 -14.664
14910 -14.611
14920 -14.554
14930 -14.492
14940 -14.428
14950 -14.367
14960 -14.313
14970 -14.274
14980 -14.254
14990 -14.252
15000 -14.266
15010 -14.291
15020 -14.323
15030 -14.357
15040 -14.393
15050 -14.433
15060 -14.479
15070 -14.535
15080 -14.604
15090 -14.686
15100 -14.778
15110 -14.875
15120 -14.971
15130 -15.061
15140 -15.140
15150 -15.207
15160 -15.264
15170 -15.313
15180 -15.359
15190 -15.404
15200 -15.449
15210 -15.490
15220 -15.523
15230 -15.543
15240 -15.544
15250 -15.525
15260 -15.487
15270 -15.436
15280 -15.378
15290 -15.320
15300 -15.266
15310 -15.216
15320 -15.169
15330 -15.120
15340 -15.063
15350 -14.998
15360 -14.926
15370 -14.850
15380 -14.778
15390 -14.718
15400 -14.674
15410 -14.648
15420 -14.637
15430 -14.635
15440 -14.636
15450 -14.635
15460 -14.629
15470 -14.620
15480 -14.610
15490 -14.605
15500 -14.607
15510 -14.619
15520 -14.639
15530 -14.662
15540 -14.680
15550 -14.687
15560 -14.677
15570 -14.649
15580 -14.604
15590 -14.548
15600 -14.486
15610 -14.425
15620 -14.366
15630 -14.310
15640 -14.250
15650 -14.181
15660 -14.097
15670 -13.996
15680 -13.882
15690 -13.761
15700 -13.643
15710 -13.538
15720 -13.451
15730 -13.384
15740 -13.331
15750 -13.287
15760 -13.244
15770 -13.198
15780 -13.152
15790 -13.109
15800 -13.078
15810 -13.065
15820 -13.073
15830 -13.102
15840 -13.146
15850 -13.195
15860 -13.242
15870 -13.280
15880 -13.305
15890 -13.319
15900 -13.324
15910 -13.326
15920 -13.329
15930 -13.333
15940 -13.336
15950 -13.333
15960 -13.316
15970 -13.277
15980 -13.214
15990 -13.126
16000 -13.017
16010 -12.895
16020 -12.769
16030 -12.647
16040 -12.531
16050 -12.420
16060 -12.309
16070 -12.191
16080 -12.062
16090 -11.924
16100 -11.782
16110 -11.647
16120 -11.532
16130 -11.443
16140 -11.385
16150 -11.354
16160 -11.340
16170 -11.336
16180 -11.334
16190 -11.333
16200 -11.334
16210 -11.344
16220 -11.369
16230 -11.410
16240 -11.467
16250 -11.533
16260 -11.600
16270 -11.658
16280 -11.701
16290 -11.724
16300 -11.727
16310 -11.714
16320 -11.690
16330 -11.660
16340 -11.628
16350 -11.594
16360 -11.553
16370 -11.502
16380 -11.433
16390 -11.345
16400 -11.239
16410 -11.123
16420 -11.007
16430 -10.903
16440 -10.820
16450 -10.762
16460 -10.727
16470 -10.708
16480 -10.700
16490 -10.699
16500 -10.707
16510 -10.732
16520 -10.782
16530 -10.865
16540 -10.981
16550 -11.126
16560 -11.288
16570 -11.457
16580 -11.623
16590 -11.781
16600 -11.929
16610 -12.070
16620 -12.206
16630 -12.341
16640 -12.472
16650 -12.597
16660 -12.711
16670 -12.809
16680 -12.884
16690 -12.935
16700 -12.963
16710 -12.970
16720 -12.961
16730 -12.943
16740 -12.921
16750 -12.901
16760 -12.882
16770 -12.863
16780 -12.842
16790 -12.816
16800 -12.785
16810 -12.750
16820 -12.720
16830 -12.702
16840 -12.704
16850 -12.732
16860 -12.784
16870 -12.857
16880 -12.943
16890 -13.035
16900 -13.130
16910 -13.228
16920 -13.335
16930 -13.454
16940 -13.593
16950 -13.752
16960 -13.928
16970 -14.114
16980 -14.301
16990 -14.481
17000 -14.648
17010 -14.801
17020 -14.942
17030 -15.073
17040 -15.197
17050 -15.315
17060 -15.426
17070 -15.524
17080 -15.602
17090 -15.653
17100 -15.673
17110 -15.659
17120 -15.612
17130 -15.538
17140 -15.444
17150 -15.338
17160 -15.228
17170 -15.118
17180 -15.011
17190 -14.903
17200 -14.794
17210 -14.682
17220 -14.570
17230 -14.466
17240 -14.379
17250 -14.323
17260 -14.306
17270 -14.332
17280 -14.399
17290 -14.496
17300 -14.612
17310 -14.738
17320 -14.869
17330 -15.007
17340 -15.155
17350 -15.320
17360 -15.501
17370 -15.697
17380 -15.899
17390 -16.092
17400 -16.263
17410 -16.400
17420 -16.495
17430 -16.545
17440 -16.548
17450 -16.507
17460 -16.426
17470 -16.305
17480 -16.148
17490 -15.953
17500 -15.721
17510 -15.451
17520 -15.146
17530 -14.811
17540 -14.455
17550 -14.093
17560 -13.740
17570 -13.415
17580 -13.132
17590 -12.901
17600 -12.724
17610 -12.597
17620 -12.515
17630 -12.471
17640 -12.463
17650 -12.494
17660 -12.569
17670 -12.693
17680 -12.865
17690 -13.080
17700 -13.326
17710 -13.589
17720 -13.854
17730 -14.108
17740 -14.347
17750 -14.565
17760 -14.763
17770 -14.940
17780 -15.097
17790 -15.231
17800 -15.339
17810 -15.412
17820 -15.442
17830 -15.422
17840 -15.343
17850 -15.204
17860 -15.008
17870 -14.768
17880 -14.502
17890 -14.234
17900 -13.985
17910 -13.767
17920 -13.583
17930 -13.428
17940 -13.295
17950 -13.181
17960 -13.092
17970 -13.039
17980 -13.037
17990 -13.095
18000 -13.214
18010 -13.379
18020 -13.573
18030 -13.775
18040 -13.968
18050 -14.143
18060 -14.299
18070 -14.437
18080 -14.562
18090 -14.676
18100 -14.776
18110 -14.856
18120 -14.907
18130 -14.918
18140 -14.879
18150 -14.785
18160 -14.634
18170 -14.426
18180 -14.167
18190 -13.866
18200 -13.532
18210 -13.176
18220 -12.805
18230 -12.427
18240 -12.043
18250 -11.657
18260 -11.270
18270 -10.890
18280 -10.529
18290 -10.206
18300 -9.943
18310 -9.756
18320 -9.652
18330 -9.625
18340 -9.662
18350 -9.741
18360 -9.847
18370 -9.968
18380 -10.099
18390 -10.240
18400 -10.392
18410 -10.553
18420 -10.717
18430 -10.877
18440 -11.020
18450 -11.136
18460 -11.216
18470 -11.255
18480 -11.253
18490 -11.209
18500 -11.128
18510 -11.013
18520 -10.867
18530 -10.692
18540 -10.484
18550 -10.242
18560 -9.961
18570 -9.638
18580 -9.272
18590 -8.862
18600 -8.415
18610 -7.938
18620 -7.445
18630 -6.947
18640 -6.456
18650 -5.978
18660 -5.514
18670 -5.063
18680 -4.628
18690 -4.219
18700 -3.855
18710 -3.564
18720 -3.371
18730 -3.286
18740 -3.297
18750 -3.377
18760 -3.496
18770 -3.629
18780 -3.760
18790 -3.887
18800 -4.011
18810 -4.135
18820 -4.255
18830 -4.362
18840 -4.441
18850 -4.478
18860 -4.461
18870 -4.383
18880 -4.246
18890 -4.059
18900 -3.838
18910 -3.605
18920 -3.382
18930 -3.190
18940 -3.046
18950 -2.958
18960 -2.936
18970 -2.985
18980 -3.118
18990 -3.347
19000 -3.676
19010 -4.099
19020 -4.594
19030 -5.128
19040 -5.669
19050 -6.190
19060 -6.678
19070 -7.130
19080 -7.553
19090 -7.960
19100 -8.361
19110 -8.762
19120 -9.162
19130 -9.552
19140 -9.925
19150 -10.270
19160 -10.583
19170 -10.866
19180 -11.126
19190 -11.374
19200 -11.620
19210 -11.871
19220 -12.129
19230 -12.391
19240 -12.648
19250 -12.892
19260 -13.116
19270 -13.320
19280 -13.505
19290 -13.681
19300 -13.855
19310 -14.038
19320 -14.231
19330 -14.436
19340 -14.645
19350 -14.852
19360 -15.048
19370 -15.230
19380 -15.397
19390 -15.555
19400 -15.710
19410 -15.872
19420 -16.047
19430 -16.237
19440 -16.441
19450 -16.652
19460 -16.864
19470 -17.071
19480 -17.270
19490 -17.464
19500 -17.657
19510 -17.857
19520 -18.074
19530 -18.311
19540 -18.572
19550 -18.856
19560 -19.158
19570 -19.473
19580 -19.795
19590 -20.121
19600 -20.451
19610 -20.786
19620 -21.131
19630 -21.488
19640 -21.856
19650 -22.229
19660 -22.596
19670 -22.941
19680 -23.244
19690 -23.488
19700 -23.664
19710 -23.774
19720 -23.829
19730 -23.849
19740 -23.852
19750 -23.854
19760 -23.862
19770 -23.880
19780 -23.906
19790 -23.937
19800 -23.971
19810 -24.011
19820 -24.059
19830 -24.124
19840 -24.214
19850 -24.335
19860 -24.494
19870 -24.693
19880 -24.932
19890 -25.209
19900 -25.519
19910 -25.857
19920 -26.221
19930 -26.613
19940 -27.039
19950 -27.510
19960 -28.043
19970 -28.652
19980 -29.349
19990 -30.136
20000 -30.997
20010 -31.882
20020 -32.709
20030 -33.367
20040 -33.755
20050 -33.842
20060 -33.672
20070 -33.330
20080 -32.898
20090 -32.431
20100 -31.962
20110 -31.514
20120 -31.104
20130 -30.745
20140 -30.451
20150 -30.231
20160 -30.093
20170 -30.039
20180 -30.071
20190 -30.185
20200 -30.373
20210 -30.624
20220 -30.925
20230 -31.260
20240 -31.622
20250 -32.006
20260 -32.418
20270 -32.870
20280 -33.373
20290 -33.929
20300 -34.524
20310 -35.113
20320 -35.619
20330 -35.949
20340 -36.032
20350 -35.866
20360 -35.510
20370 -35.046
20380 -34.543
20390 -34.042
20400 -33.559
20410 -33.098
20420 -32.660
20430 -32.243
20440 -31.851
20450 -31.491
20460 -31.171
20470 -30.899
20480 -30.681
20490 -30.521
20500 -30.420
20510 -30.376
20520 -30.383
20530 -30.431
20540 -30.511
20550 -30.612
20560 -30.731
20570 -30.870
20580 -31.036
20590 -31.244
20600 -31.509
20610 -31.842
20620 -32.251
20630 -32.728
20640 -33.251
20650 -33.781
20660 -34.268
20670 -34.652
20680 -34.868
20690 -34.858
20700 -34.576
20710 -34.026
20720 -33.279
20730 -32.451
20740 -31.657
20750 -30.974
20760 -30.435
20770 -30.043
20780 -29.786
20790 -29.649
20800 -29.619
20810 -29.684
20820 -29.837
20830 -30.073
20840 -30.385
20850 -30.767
20860 -31.211
20870 -31.705
20880 -32.236
20890 -32.792
20900 -33.367
20910 -33.966
20920 -34.607
20930 -35.320
20940 -36.145
20950 -37.125
20960 -38.303
20970 -39.719
20980 -41.402
20990 -43.347
21000 -45.422
21010 -47.174
21020 -47.778
21030 -46.930
21040 -45.273
21050 -43.398
21060 -41.538
21070 -39.771
21080 -38.135
21090 -36.649
21100 -35.323
21110 -34.156
21120 -33.138
21130 -32.253
21140 -31.480
21150 -30.792
21160 -30.160
21170 -29.562
21180 -28.983
21190 -28.419
21200 -27.877
21210 -27.370
21220 -26.916
21230 -26.530
21240 -26.221
21250 -25.989
21260 -25.829
21270 -25.725
21280 -25.664
21290 -25.632
21300 -25.620
21310 -25.626
21320 -25.656
21330 -25.717
21340 -25.818
21350 -25.967
21360 -26.166
21370 -26.412
21380 -26.693
21390 -26.996
21400 -27.304
21410 -27.602
21420 -27.879
21430 -28.133
21440 -28.370
21450 -28.599
21460 -28.833
21470 -29.081
21480 -29.342
21490 -29.605
21500 -29.850
21510 -30.052
21520 -30.188
21530 -30.247
21540 -30.234
21550 -30.171
21560 -30.085
21570 -30.003
21580 -29.939
21590 -29.895
21600 -29.863
21610 -29.829
21620 -29.783
21630 -29.717
21640 -29.639
21650 -29.561
21660 -29.501
21670 -29.479
21680 -29.504
21690 -29.582
21700 -29.708
21710 -29.876
21720 -30.073
21730 -30.287
21740 -30.508
21750 -30.728
21760 -30.946
21770 -31.164
21780 -31.392
21790 -31.639
21800 -31.913
21810 -32.216
21820 -32.542
21830 -32.877
21840 -33.198
21850 -33.476
21860 -33.686
21870 -33.817
21880 -33.877
21890 -33.890
21900 -33.883
21910 -33.876
21920 -33.874
21930 -33.872
21940 -33.854
21950 -33.799
21960 -33.698
21970 -33.553
21980 -33.380
21990 -33.206
22000 -33.054
22010 -32.943
22020 -32.883
22030 -32.876
22040 -32.916
22050 -32.996
22060 -33.102
22070 -33.220
22080 -33.337
22090 -33.447
22100 -33.554
22110 -33.665
22120 -33.795
22130 -33.957
22140 -34.161
22150 -34.405
22160 -34.677
22170 -34.947
22180 -35.175
22190 -35.319
22200 -35.357
22210 -35.295
22220 -35.158
22230 -34.983
22240 -34.798
22250 -34.617
22260 -34.440
22270 -34.252
22280 -34.031
22290 -33.761
22300 -33.436
22310 -33.066
22320 -32.674
22330 -32.284
22340 -31.921
22350 -31.603
22360 -31.343
22370 -31.147
22380 -31.011
22390 -30.918
22400 -30.849
22410 -30.782
22420 -30.702
22430 -30.609
22440 -30.513
22450 -30.433
22460 -30.396
22470 -30.422
22480 -30.528
22490 -30.714
22500 -30.964
22510 -31.251
22520 -31.539
22530 -31.798
22540 -32.011
22550 -32.181
22560 -32.330
22570 -32.494
22580 -32.711
22590 -33.009
22600 -33.395
22610 -33.852
22620 -34.338
22630 -34.795
22640 -35.162
22650 -35.397
22660 -35.494
22670 -35.488
22680 -35.439
22690 -35.405
22700 -35.418
22710 -35.473
22720 -35.531
22730 -35.537
22740 -35.437
22750 -35.205
22760 -34.852
22770 -34.429
22780 -34.000
22790 -33.621
22800 -33.327
22810 -33.125
22820 -32.999
22830 -32.919
22840 -32.850
22850 -32.766
22860 -32.652
22870 -32.509
22880 -32.357
22890 -32.225
22900 -32.142
22910 -32.126
22920 -32.182
22930 -32.301
22940 -32.466
22950 -32.653
22960 -32.843
22970 -33.017
22980 -33.167
22990 -33.295
23000 -33.413
23010 -33.538
23020 -33.684
23030 -33.853
23040 -34.037
23050 -34.216
23060 -34.361
23070 -34.441
23080 -34.428
23090 -34.315
23100 -34.116
23110 -33.864
23120 -33.595
23130 -33.332
23140 -33.080
23150 -32.835
23160 -32.584
23170 -32.317
23180 -32.033
23190 -31.737
23200 -31.443
23210 -31.168
23220 -30.925
23230 -30.720
23240 -30.549
23250 -30.407
23260 -30.287
23270 -30.182
23280 -30.092
23290 -30.022
23300 -29.976
23310 -29.961
23320 -29.979
23330 -30.029
23340 -30.104
23350 -30.196
23360 -30.298
23370 -30.410
23380 -30.534
23390 -30.677
23400 -30.846
23410 -31.043
23420 -31.262
23430 -31.488
23440 -31.701
23450 -31.886
23460 -32.031
23470 -32.135
23480 -32.201
23490 -32.236
23500 -32.244
23510 -32.227
23520 -32.182
23530 -32.108
23540 -32.000
23550 -31.860
23560 -31.693
23570 -31.507
23580 -31.310
23590 -31.115
23600 -30.934
23610 -30.778
23620 -30.658
23630 -30.578
23640 -30.536
23650 -30.525
23660 -30.536
23670 -30.563
23680 -30.602
23690 -30.659
23700 -30.744
23710 -30.871
23720 -31.053
23730 -31.299
23740 -31.608
23750 -31.967
23760 -32.357
23770 -32.759
23780 -33.162
23790 -33.567
23800 -33.980
23810 -34.413
23820 -34.871
23830 -35.342
23840 -35.795
23850 -36.182
23860 -36.457
23870 -36.597
23880 -36.610
23890 -36.524
23900 -36.373
23910 -36.181
23920 -35.966
23930 -35.740
23940 -35.514
23950 -35.300
23960 -35.109
23970 -34.952
23980 -34.837
23990 -34.766
