+0.021150254599134322 -0.000031356402711768
-0.021627504507316493 -0.000111942557472573
+0.021612366137913851 +0.000029063408850891
-0.022379624881290427 -0.000050006199549746
+0.022979384639083535 +0.000111220250281266
-0.026700183953563255 -0.000105897911830151
+0.025144613538256040 +0.000095911989947590
-0.029799294445520135 -0.000232619386604697
+0.026496542694999063 +0.000083458018254540
-0.028599782231379565 -0.000202372300821573
+0.025590492302271381 +0.000092644316820071
-0.026377484243285603 -0.000121038033474220
+0.022821901645647846 -0.000005669764840079
-0.024965499155084923 -0.000069122039900171
+0.022121916534412416 -0.000056146600055968
-0.025365776284056007 +0.000075560333339422
+0.023962088953094804 +0.000541769030732399
-0.027464042915975612 +0.000553883374877670
+0.026692190232210183 +0.000790352852357901
-0.030112750455035298 +0.000450102357705422
+0.029469725256314347 +0.000509276781127598
-0.032684461855304048 +0.000057309393073492
+0.031132987248001634 +0.000132657704907235
-0.033982837263896115 -0.000215898312947030
+0.031580229996983226 +0.000191608915561589
-0.033842139146277761 -0.000136901706446757
+0.031068748197156364 +0.000064285613292363
-0.033510214407154952 -0.000057634412122909
+0.030919162087406620 +0.000045622006052430
-0.034216590283446327 +0.000048963847055123
+0.032962904478016752 +0.000235325875456329
-0.037987880630454281 +0.000126802036695091
+0.038537538198937030 +0.000236531801761538
-0.045887777292371770 +0.000024711226938925
+0.048718232806100797 +0.000204860440477039
-0.058990581222719191 -0.000041028598201497
+0.065520851568290947 +0.000229777423236619
-0.083395523939001834 -0.000053120231753875
+0.106603520847922809 +0.000247948971121756
-0.178449776016533224 +0.000039582449741906
+1.019856175016790267 +0.000392291311398685
+1.259557028910990750 +0.000041249666416711
+0.947397047937703407 +0.000204412517238935
-0.201841922317613665 -0.000107040807811154
-0.959626194362872109 +0.000133323452311505
-0.797015916416411452 -0.000050043302320477
-0.578707473768435787 +0.000184409277544468
+0.075879913208534391 +0.000006873921593549
+0.295865950311024639 +0.000189725263826273
+0.444611764964954859 -0.000063850390627079
+0.316457245981664415 +0.000194767390336759
+0.147500974342172575 -0.000027111540420566
-0.132951420687487387 +0.000319181575948804
-0.332258551689182502 +0.000195674815378560
-0.283473697746309150 +0.000699879618065555
-0.109970053856727798 +0.000465050362772940
+0.055098859895205167 +0.000656998858109403
+0.079885310515768831 +0.000149079373523604
+0.076174948341107579 -0.000008769258945155
+0.071713077200067837 +0.000506617307291195
+0.092948409998733217 +0.000483471748524489
+0.013559432498719649 -0.000239440592845002
-0.085264569038981552 -0.000081080638110364
-0.085021907856796808 +0.000409044600300808
-0.024059458104189153 +0.002859973891004057
+0.006414825427401244 +0.002973093412509482
-0.024766316986290240 +0.003482606675403101
-0.086479554047574597 +0.001034010914161875
-0.074600251819975497 +0.001045567468695000
-0.022164947475091609 -0.001386706027527452
+0.014301434043575407 +0.012062908339061634
+0.004238845846286154 +0.086227396514247712
-0.007473737907488953 +0.166785478294070699
-0.027638871219072013 +0.184866923091839663
-0.001036487255192885 +0.160439163732658124
+0.006846422089539424 +0.130374272282094028
-0.017954078716698522 +0.100143738061129695
-0.028939692258436896 +0.043401824476015878
-0.013856129815386187 -0.014525034637668912
+0.008060089551208915 -0.018183026421451198
+0.016931376131391521 -0.009408779161234775
-0.000154373269016048 -0.030312708274063661
-0.002967004665728492 -0.051848639773289143
-0.011717834914343719 -0.035804390652410360
-0.003812764308615657 -0.006859139244654885
-0.016757768507178469 +0.019341351969898720
-0.009819796176782851 +0.030935202084691232
-0.023815676414431552 +0.026373618352129202
-0.012110612440507242 +0.017277684852157915
-0.005456453337452909 +0.007248293122110274
-0.005889310282297323 +0.002097635733624710
-0.010375198251773488 -0.002351770396698850
-0.004468782864542147 -0.010833733206845225
-0.001787151366984124 -0.013783287921854417
+0.005124185520662346 -0.007871618348368341
-0.005737660757995609 +0.002977742266603684
+0.008414721030258133 +0.005370983669471044
+0.005182378157303699 -0.000642350947567797
+0.005655045676392325 -0.003214197021232124
-0.007121504460663512 -0.002244692730158533
-0.013059426462163574 -0.000937747787003422
-0.009101212253416383 -0.001541299731907338
-0.001172218845085490 -0.001751439878674802
-0.009299389776081191 -0.001615968887633986
+0.000186622876349518 -0.002895708443083745
-0.010698962531704881 -0.004612046744261068
+0.009213858319438106 -0.004959849536944056
-0.001920791408015224 -0.005633532001792134
+0.004828755786155658 -0.004286033207815438
+0.004260046457720545 +0.000119844181858156
+0.006893283442816034 +0.003530771053890747
+0.010315518861294060 +0.005094957704032952
-0.000512362797742864 +0.002633165852221366
-0.007759438901846025 -0.001420905296174198
-0.004936564032985032 -0.004028677232332916
+0.000017645896942475 -0.006554341592534764
-0.000180674620106975 -0.007365515661151442
-0.013702671042338622 -0.007846778375137394
+0.000863286505086006 -0.004980623728385950
-0.004023803689171095 -0.000887586919369465
+0.015131640983108098 +0.002690965815311478
-0.008451589776258645 +0.002719226105805360
+0.003996780453385754 +0.000291957866845387
-0.001156246681074495 -0.001021142009311778
+0.002760119297106676 -0.001152963469758275
-0.004804082104627332 -0.001971348336795359
-0.026305748882231493 -0.004530077085429961
-0.016179320307663388 -0.005273078598388541
-0.023039241280638081 -0.004258178054272243
-0.038175765835878193 -0.002855975339884435
-0.049504027537675882 -0.002306022563957337
-0.047818884310728796 -0.002875101860185801
+0.008682155252067328 -0.001498996872873550
+0.029790588385912749 +0.000007296379407245
+0.065594936006228899 +0.001298327691582449
+0.048242752988223767 +0.002666780311248515
+0.040589571276201615 +0.003662708097962762
+0.012515569947032132 +0.004314162597133649
-0.015645570277415075 +0.004016420990378466
-0.032435897660396021 +0.001862180378690167
-0.032796185221693988 -0.000733847011476231
-0.008154214169307974 -0.003832891397205683
-0.004709226470201961 -0.005813330440060820
-0.010396307483347999 -0.005271638519819616
-0.008501920801486944 -0.003504173780875072
-0.012290452541635515 -0.000526049087710984
+0.001257520927790404 +0.003037196578676387
-0.015968446997813336 +0.005671861003851676
-0.000479987520546395 +0.006527740826275902
-0.003514914316269876 +0.005560810186254765
+0.018539916315534425 +0.003699064431631738
+0.016557058797304579 +0.000693125381846142
+0.004978191426047806 -0.003113808194317382
-0.010087305054429958 -0.005188034818576600
-0.020882529551425874 -0.005025746649865435
-0.024093895708858344 -0.004296785958177883
-0.030311144555171605 -0.003471621885521583
-0.029744660380835813 -0.002565351425351114
-0.019885254723021877 -0.000091846684626887
-0.005818662326267213 +0.002022621624795265
+0.006739428269258200 +0.001676529363173481
-0.016112092356618764 -0.000174358367845297
+0.017771972422861972 -0.002192563290551170
+0.014842314347948126 -0.003586548906415866
+0.037046064319041561 -0.004554179774915452
+0.054614317445435503 -0.003857624159906255
+0.010139963061402921 -0.001086833089802430
+0.001499715617978854 +0.001826595239919690
-0.004901136664482164 +0.004803496846568823
-0.018102472393918295 +0.007099480412826365
+0.006163624920800706 +0.009757099396647866
+0.004874893002679882 +0.011085635818565316
+0.009154516651857181 +0.010679641156141227
+0.019092571822539040 +0.008198294475231269
+0.005947103700644480 +0.004590141654654649
+0.007036024358008255 +0.001276583950520429
-0.004904265401725005 -0.001975322502116272
-0.014690669058108258 -0.004779056557762918
-0.005654439117540745 -0.006925407721858610
-0.009298106551240519 -0.007277525397538188
+0.001202840559043364 -0.005912752676572625
+0.003448299133995858 -0.003834411683155637
+0.005411111531757707 -0.001334750409848695
+0.006337884908091784 +0.001086112557108292
+0.004430729069400714 +0.004078080830914281
+0.000137168701934387 +0.006326867633742692
+0.000637157778269861 +0.006919411984361184
-0.004583906673361660 +0.006065824858992681
-0.001315376048336303 +0.004366867790257243
-0.003486161097390666 +0.001980867724448773
-0.007751047416478092 -0.000439084222301836
-0.003023924311318961 -0.002883056795770115
-0.008408404870784461 -0.005270546959531026
-0.000800764480936175 -0.004726798884767579
+0.000888776556640096 -0.003077502109063815
-0.001684080781416604 -0.002214972879065442
+0.008075145922195293 -0.001267644131868832
-0.001479773899681570 -0.001743704447869715
+0.010152000397552749 -0.001152600753002906
-0.000986789450484741 -0.001083662987032879
+0.002882608166531367 -0.001353886989611586
+0.001708595758800217 -0.000276287273474764
-0.003308834130042642 +0.000232887369203010
+0.004638620191179865 +0.001058409535378876
-0.006186803149153240 +0.001510860995298792
+0.002604542483215868 +0.001438637875740476
-0.001747204028871078 +0.001124867695264115
-0.000149048211400073 +0.001036346960000965
+0.004576873252271511 +0.000769375370028785
-0.005261765013931386 +0.000388580736441847
+0.006122672738842479 +0.000017058142386230
-0.005912800319165658 -0.000634214218584725
+0.002752477569389823 -0.000945368790503505
-0.005565005964200991 -0.001507448846328318
-0.002626607114475764 -0.001625216474474698
-0.001260594402838194 -0.001559583482090579
-0.005134271781679884 -0.001284836604698277
+0.002337988299315348 -0.000482346163361157
-0.004305081009449450 +0.000222055294556214
+0.004168750359391299 +0.000886550538619981
+0.000142946774615208 +0.001280274326555412
+0.000704309439996782 +0.001216945322317562
+0.001498766648267311 +0.000876790810997179
-0.005807885575334888 +0.000316727118079905
+0.003497264385752925 -0.000260784821321189
-0.008101922591379554 -0.000743432252909577
+0.003166185963983566 -0.001199687644486259
-0.005088942233654740 -0.001374358375761150
+0.001012365476506174 -0.001147366472982221
+0.001172849191889170 -0.000879743322042161
-0.002428899166341035 -0.000354577476786290
+0.005484440048012108 +0.000092571982934635
-0.000924672730260867 +0.000613621799212014
+0.007173360916692378 +0.001088761236328371
+0.003695728788611762 +0.001235637470094401
+0.002635458814794794 +0.001141377495013858
+0.005714735691016493 +0.000936587085347401
-0.001771850468937047 +0.000652117650234845
+0.004449270876898689 +0.000337397166557743
-0.005668525828168189 +0.000015670082663878
-0.000338773360197591 -0.000205560311614510
-0.005831133801249467 -0.000196621787627078
-0.002386449940938566 -0.000162703948972905
-0.002914933078250227 -0.000092076499912215
-0.002762518137180908 -0.000049376150679610
+0.000217641748040018 -0.000096802406326438
-0.000283885337007777 +0.000017780703860326
+0.002020744881694472 -0.000158949487978511
+0.001248640813507766 -0.000158418215264986
+0.001110880498062220 -0.000249984147950557
+0.003065449147858383 -0.000224394455922955
-0.000058754440961874 -0.000064912243728096
+0.002007160931270711 -0.000057155785297043
-0.003763669583060440 +0.000189428188692906
-0.001112846830947425 +0.000184221683808363
-0.004089264534438540 +0.000290244855922685
-0.000837252805347998 +0.000197592270876647
-0.001613181121163780 +0.000071456995047201
+0.000625832954139057 +0.000013670031244037
-0.000448975460141197 -0.000261925955228273
+0.001931028100897042 -0.000216788383002398
-0.001624711750464640 -0.000541252712813215
+0.001768077903954888 -0.000418150906134149
-0.001138790927091988 -0.000465487457398225
+0.002113104298747109 -0.000420805563123566
+0.001500578025865389 -0.000174240083153590
+0.001208889699447990 -0.000193976861865590
+0.002493749845610958 +0.000267390826962296
+0.000018538252913007 +0.000357830227850412
+0.000679996361058800 +0.000652427361257382
-0.000081277282738317 +0.000750737817834384
-0.003384236573072600 +0.000680117566715989
+0.001181555116193698 +0.000706435070578461
-0.005315586094380915 +0.000272644734752632
+0.003013548138483687 +0.000075687434996169
-0.004539905618149138 -0.000413057379015013
+0.002478243289538591 -0.000555524392590562
-0.002055958178795041 -0.000752855259941336
+0.000097004858441983 -0.000808781452113894
+0.001216468156282021 -0.000671364836556143
-0.001988747944665313 -0.000542854107537225
+0.003345468828960785 -0.000089833664502349
-0.001517970648253483 +0.000061346096581467
+0.001242369454194163 +0.000403240577787334
+0.001176011243264056 +0.000513608254555834
-0.003122348744371500 +0.000603928081746543
+0.003436840900852273 +0.000655892658177476
-0.004569429953529698 +0.000411658430097910
+0.004078741961705155 +0.000397177652273033
-0.004488322816941901 +0.000035647775001816
+0.003216211563862750 -0.000050350751568687
-0.003834389221178305 -0.000336649422059647
+0.000771729092649928 -0.000486677018815619
-0.000351616281888675 -0.000499704580943891
-0.002247897353213315 -0.000539393098108514
+0.003655442807362116 -0.000335409046333722
-0.003129079308798965 -0.000317247722156382
+0.003675431010849939 -0.000110132967055888
+0.000288613586550412 +0.000023160240253212
-0.001439834438397528 +0.000151044187914558
+0.004988824822172028 +0.000297078869250555
-0.006522639069688058 +0.000290549497151482
+0.006640583553654822 +0.000391632276413402
-0.006509147588284421 +0.000331103332892045
+0.003881447645066649 +0.000334985121122103
-0.002674009838173896 +0.000209912469929067
-0.000389268648544439 +0.000119547705410395
+0.000988225240428020 -0.000000044278941649
-0.002678074994194313 -0.000107715414295391
+0.001582194957693683 -0.000198530667257044
-0.001817060827705691 -0.000258967820179925
-0.000007460886943436 -0.000309363197105525
+0.000781054872284491 -0.000280428978310295
-0.002355300141464567 -0.000258649883558351
+0.003082701989354293 -0.000250551893239862
-0.004192904230424142 -0.000129594575235940
+0.004440231499183177 -0.000068615014243836
-0.004645382394351808 +0.000069874033169774
+0.004098527811753454 +0.000195320367206871
-0.003367923532566902 +0.000206970345648258
+0.002293630690764121 +0.000307562344898472
-0.001235021923747712 +0.000187092042612302
-0.000033111936681788 +0.000153081552491193
+0.000107979017114561 +0.000017247649801650
-0.000948196242154406 -0.000071165812352484
-0.000239347305742035 -0.000174339727207094
+0.000205352137608960 -0.000192625316370300
-0.002074308570351091 -0.000236108376335836
+0.002419375618859021 -0.000208383704687898
-0.003595696626015520 -0.000129910407737410
+0.003943706734782610 -0.000132075103106394
-0.003754778734129641 +0.000027335724589628
+0.003742111377609800 +0.000016229012483909
-0.002686809167116489 +0.000129894369395291
+0.002568703753918353 +0.000176671167268357
-0.001956939377519642 +0.000108413141148019
+0.001690360693968898 +0.000224039587672109
-0.002237341121980298 +0.000019733574190494
+0.001606532349677323 +0.000122134747510050
-0.002925306456906860 -0.000064391147854123
+0.001614344625703779 -0.000049546433194105
-0.002950969628364424 -0.000089948814454772
+0.001482559846147835 -0.000160075344501842
-0.002167867158503351 -0.000058833783499886
+0.001340873885227690 -0.000174312771437017
-0.001813823147084027 -0.000032441585333786
+0.001951314803070956 -0.000103211430277221
-0.002555790512581846 -0.000031224900002503
+0.003340208813271798 +0.000002147603471891
-0.003948001666328018 -0.000058667601597995
+0.004538843537798565 +0.000097571702697477
-0.004738100026303619 -0.000057672494584987
+0.004379735544304817 +0.000132109638954526
-0.004325640174308245 -0.000013651023632603
+0.002801275903815166 +0.000084604978671375
-0.002859785390106985 +0.000049783241678954
+0.001036270109653487 -0.000005698666517039
-0.001409759386420188 +0.000056746976506356
+0.000204415575659225 -0.000095750657864878
-0.001067908125604741 -0.000008016025735884
+0.001104750925879638 -0.000131197128957932
-0.002401741942322622 -0.000101936132648575
+0.003409369980630739 -0.000097434829677943
-0.004869716130611476 -0.000146310357052445
+0.005812745353136001 -0.000004233558532915
-0.006661113798270640 -0.000104413446134048
+0.006499608760272613 +0.000085464189622304
-0.006255682530652430 -0.000008305474800194
+0.004691219766581201 +0.000123887716623124
-0.003759869241847217 +0.000078246489817062
+0.001549007907025400 +0.000079173734380592
-0.001157418459291203 +0.000089546644829243
-0.000450843412075293 -0.000012324459394585
-0.000560899527737494 +0.000023086639091107
+0.000426641968697846 -0.000092998932271884
-0.002659797394984639 -0.000082134871632279
+0.003536846932510341 -0.000113564949538578
-0.005970428321250403 -0.000151207391632340
+0.006645699675938258 -0.000073532730595304
-0.007967246090522634 -0.000146972431392175
+0.007593923907413671 -0.000007642132424176
-0.007288463214306452 -0.000075249536590742
+0.005850386841364721 +0.000051641687026612
-0.004674720696730775 +0.000005750090724535
+0.002783592431280925 +0.000068627638948035
-0.002121565493752789 +0.000053450032421017
+0.000674403584954218 +0.000047007887809886
-0.001434487753289884 +0.000044422039088971
+0.001059514755833795 -0.000003106816945212
-0.003111340130107474 -0.000014853863486974
+0.003653818153088207 -0.000047175666880202
-0.006039346208090373 -0.000081020635255022
+0.006614755116529683 -0.000068423869094904
-0.008220966845165611 -0.000114633747217025
+0.007888357316979931 -0.000058284966619554
-0.008175631274085058 -0.000098298134707318
+0.006755741141719245 -0.000023729733124478
-0.006124096251215614 -0.000062228943544913
+0.004340258360372846 +0.000022474712547553
-0.003844857229270882 -0.000027107996469791
+0.002565721561817111 +0.000059383818678658
-0.003119475329396027 -0.000006981735927925
+0.002671325893081095 +0.000058363526354122
-0.004291863982959071 +0.000004558857637050
+0.004376943389620381 +0.000018486137729054
-0.006387429989710588 -0.000000403394757089
+0.006355246681084511 -0.000041181899624132
-0.007963577742137649 -0.000031569953646654
+0.007293638186756687 -0.000078250102978188
-0.008150081105904991 -0.000080452378126406
+0.006917979449237770 -0.000067062807557474
-0.007291403744062045 -0.000120190844415769
+0.006050786080545561 -0.000016148502521310
-0.006435892014920914 -0.000123510856448131
+0.005475676577560385 +0.000034171898728019
-0.006107581457696106 -0.000087303493530005
+0.005334407670927997 +0.000051740801663537
-0.006166912811513423 -0.000026134949245418
+0.005438318826840744 +0.000029335734615214
-0.006489807487054200 +0.000021871172068221
+0.005846437670485335 -0.000014941346813127
-0.007159868553401427 +0.000025463427808259
+0.006605853851075353 -0.000049795709385410
-0.008074745935873033 -0.000022635913185509
+0.007438326585879840 -0.000050778106331668
-0.008808252780290821 -0.000095189458153620
+0.007985375293986893 -0.000016573356732280
-0.009105904096364269 -0.000147960387648045
+0.008130245830663380 +0.000024789803471208
-0.008982400582094180 -0.000146014415670723
+0.007892153101485931 +0.000038778417681531
-0.008517593310163560 -0.000089637032521551
+0.007257413359353648 +0.000014836936444126
-0.007793158723903432 -0.000015808021504035
+0.006478278809565925 -0.000023826244744593
-0.007277117216360839 +0.000026757595246660
+0.006271934076037336 -0.000046770696290898
-0.007772464394003420 +0.000007257800205644
+0.007348548286711925 -0.000034580034150370
-0.009543096952222052 -0.000063408828257125
+0.009424122053025825 +0.000003063799098634
-0.011633413449150256 -0.000136431172061895
+0.011171261190486632 +0.000034047762266895
-0.012544727880408248 -0.000160791322059118
+0.011134584958601316 +0.000028731892422919
-0.011485532196226417 -0.000125727057244876
+0.009284129946593160 -0.000005758802646712
-0.009226514751321607 -0.000064087013359633
+0.007191520852911023 -0.000036441734372352
-0.007757654468551332 -0.000019327827411362
+0.006719106019484972 -0.000040629723003303
-0.008515307803268519 -0.000014815063886796
+0.008437649856036128 -0.000019142291665760
-0.011094987880188922 -0.000048745158458491
+0.011209899087501640 +0.000010758021861034
-0.013787245231868400 -0.000097148457080767
+0.013285795487666854 +0.000030117498501236
-0.014993032090766280 -0.000133184839361401
+0.013484606098168686 +0.000026676349138992
-0.014153320217335603 -0.000137599328663779
+0.011844735269988669 +0.000002907793242390
-0.011991225824803480 -0.000111435090485241
+0.009613891691410709 -0.000025448751899226
-0.010148309829226366 -0.000075963455383291
+0.008551554738212215 -0.000036329343661912
-0.010170790258258414 -0.000054303798941280
+0.009704442183354603 -0.000022106235115156
-0.012383407116697644 -0.000057908013630110
+0.012523442557720699 +0.000003819730681818
-0.015464182113976026 -0.000080154319109138
+0.015175607383227447 +0.000021233948335472
-0.017383588455293617 -0.000107267399281076
+0.015936023006693244 +0.000022650575569286
-0.017008982089944832 -0.000124310643593271
+0.014563180977126345 +0.000010725106080617
-0.015014788415356412 -0.000131016357649985
+0.012447625330419539 -0.000004004947886754
-0.013239965828651515 -0.000127209824911569
+0.011422701848192112 -0.000011549463970559
-0.013167482722481656 -0.000112575413298169
+0.012315765926925983 -0.000011828126338520
-0.014885834362488517 -0.000090833909770743
+0.014510473659125429 -0.000010869950380595
-0.017267699264628046 -0.000077270748730200
+0.016635341562307008 -0.000006840672219634
-0.018976876630832265 -0.000084300757585350
+0.017634294366428327 +0.000004387105060938
-0.019361944511467825 -0.000110872470158893
+0.017355750712550855 +0.000018783152614346
-0.018697412324451629 -0.000145017273711782
+0.016442782874479901 +0.000029039513452355
-0.017827809038989201 -0.000166231962731331
+0.015808064726161225 +0.000025813047703166
-0.017612584842300605 -0.000159935000334604
+0.016130422137112695 +0.000005853946770472
-0.018613773468611046 -0.000129086176820973
+0.017752448849936178 -0.000018951769086630
-0.012422383005460547 -0.000095823664463779
+0.021636398326502427 -0.000030601559952458
-0.018766724360022510 -0.000088393405020405
+0.018269359306645885 -0.000013102847330789
-0.029140845715897031 -0.000119385842424316
+0.020469821709380054 +0.000034530859181652
-0.026572312408879833 -0.000191973235418553
+0.022302518580200856 +0.000142384618504156
-0.018939119838271137 -0.000121783823255311
+0.021338234977446517 +0.000075881099440407
-0.020226655122291493 -0.000121561646889511
+0.021298286079447393 -0.000086571270055613
-0.026085265904255275 -0.000176117041101239
+0.020369315837949091 -0.000069118884596574
-0.025143388139525363 -0.000158719162989555
