-0.002218060959640042 -0.001012909177593357
-0.000989265310276165 +0.000059946329684060
+0.000031770946997664 +0.001244840268719116
-0.000826205416680609 +0.000599631741454916
-0.000680684592354718 -0.000005179518997298
-0.001103092954778934 +0.000094487709143646
-0.002305375503660000 -0.001299387692062468
-0.000701425113410793 +0.000294728089469113
-0.002674220515021344 -0.000828309001749550
-0.001847721222532129 -0.000611765602538318
-0.002281461003072784 -0.000757325156518012
-0.001337078897069610 -0.000365386525786986
-0.001252586955254171 +0.000032961332234360
-0.002052468361770389 -0.000599023198991073
-0.001581004522516242 -0.000601889985886671
-0.001432123549042986 -0.000063454168621283
-0.001258668934709127 -0.000125479901661851
-0.000675612430821638 +0.000555926391648594
-0.002061588057823964 -0.000362249506765543
-0.001057336002087676 -0.000077617465519194
-0.002513038813789738 -0.000885298751353607
-0.000646973453369254 +0.000117181902605352
-0.003059924868271656 -0.001128034377749793
-0.000619347467497909 +0.000483729141850944
-0.003359699905642808 -0.001605314168039034
+0.000202604939690457 +0.001039791947324497
-0.003444011224229555 -0.001521194798506632
+0.000325552714011162 +0.001009579598400091
-0.003853758651241221 -0.001457221131777584
-0.000055180610741435 +0.000353586742905713
-0.003353467561974891 -0.000959768897056198
-0.000351997408416405 +0.000096943710106195
-0.003298555271727026 -0.000862316441813450
-0.000434186008915548 +0.000276832856247834
-0.003662664012674850 -0.001476642510659397
+0.000307450742528863 +0.001063365365694930
-0.004795121048094571 -0.002435900596162239
+0.002015858297777927 +0.002493283345194198
-0.006701871231657164 -0.003687702082064651
+0.003936677148263252 +0.003539865038372263
-0.008266665984121208 -0.004516955362803873
+0.005219079336983062 +0.004122079627398942
-0.010064974217567052 -0.005336396903802177
+0.006428619680111507 +0.004576970316859460
-0.011753256396309052 -0.006116408359312143
+0.008618198106660297 +0.006307465915927746
-0.014247530734257659 -0.008067493819578671
+0.013686961430595357 +0.010127036665293564
-0.022297502597781595 -0.014454763684267055
+0.028866957531756915 +0.022342789961654133
-0.049790377871498467 -0.037920996299836987
+0.330757959487713915 +0.318040858944480753
+0.579644650549576257 +0.621780798815815494
+0.327146132520089727 +0.345048308791350011
+0.350717237422424166 +0.287974161854414046
+0.426965123760741583 +0.327657148384774277
+0.060690910466616219 +0.081168040544147030
-0.671646912610131430 -0.626860208218357751
-0.491676860289754381 -0.583756819171421970
-0.260505983208885017 -0.159589225428110854
-0.109463480853035491 +0.016854380518356117
-0.157833228737442488 -0.065688724520373221
-0.033537637537032677 -0.063732228928856577
+0.140581478600474152 +0.095957971616786736
+0.362356186916208078 +0.240137792201198408
+0.273628537908907454 +0.234879631309526687
+0.026304334280530226 +0.055377121198427151
-0.049193725988561351 -0.038927762859338425
+0.077109867069969751 +0.032747259999282172
+0.094820406974657462 +0.096757872937876133
-0.107012435610072357 -0.032656761752425240
-0.225699515309460086 -0.165708840775825733
-0.173356688848777057 -0.174119362077294337
-0.045828938388581694 -0.075830642706533058
+0.014125775630494053 +0.010468169565740712
-0.008821235829893333 +0.015082950924949171
-0.030913931502757348 -0.002638355701651276
+0.043716623213357418 +0.006217342565738892
+0.112039512407662578 +0.052936782454010921
+0.042597765500873290 +0.052904586111947580
-0.045636079079437099 -0.005639558833918459
-0.057829240009483848 -0.046123623140129667
-0.017125380029213731 -0.029004693415764803
+0.012671554182742410 +0.004920344736386078
-0.001680238919374225 +0.012834309114877047
-0.041766490458092165 -0.010193261320716580
-0.025715909489325388 -0.025690397792574138
+0.016930077493227391 -0.005188901665658031
+0.027613430385103107 +0.017409644452352779
-0.003278151577862494 +0.012040722080444074
-0.018788427395701229 -0.005209722024528609
-0.000678711049980601 -0.007205930254569817
+0.004064909917044677 -0.010850660772198827
-0.000028364493757598 +0.001509440893161321
-0.013152519855472103 +0.006819982754276626
-0.018357796116058995 -0.007229935445420773
-0.001808945934517493 -0.002724591144474919
+0.023803283833246404 +0.018231570607364689
+0.031184020214554152 +0.034725690968026815
-0.010040230892390749 +0.007461698381039334
-0.004920206062671562 -0.007278776757033586
+0.000556548307522517 -0.009107502152336508
+0.003733783013493166 +0.000246749208347987
-0.005122610236666415 +0.003785601347465135
-0.017062809745368272 -0.009264875808198320
-0.011681448072153076 -0.007345954358568847
-0.001875985174578788 -0.007480488711341904
+0.018587653268254595 +0.012070702543729656
-0.007820806885799732 +0.005107182783404326
-0.015074694304438739 -0.005539412080930371
-0.005486500717218015 -0.004035257804792388
+0.001446623866586975 +0.001123684929361645
+0.001169803602914119 +0.008361691807579896
-0.024504921454428005 -0.017147496944288042
-0.020039641794836298 -0.015049243586648503
-0.027236243702633195 -0.023256852770898624
-0.012902288443020172 -0.021510723382642000
-0.010122672400085081 -0.007542638466156827
-0.007454621060121375 +0.000918599716563950
+0.011639556180076074 +0.016970455234431907
+0.025902443477612988 +0.021110086805623034
+0.043275336291254587 +0.042090253716618689
+0.017590683138531897 +0.025350160547527291
+0.010054984462696486 +0.011033469597385498
-0.007180131577670227 -0.001825396328712261
-0.015632783993948123 -0.012868144196456422
-0.017691709109434239 -0.009959973283994613
-0.028460564027832942 -0.020324395328753284
-0.015497806851932375 -0.007433898350766802
-0.011511175522048250 -0.010763279580698462
+0.006154457857027835 +0.000863935013884992
-0.001580676709356916 -0.000115847121859412
+0.002501499751616636 -0.001837075191952889
+0.004052183026876191 +0.005864873142450241
-0.000484976240486775 -0.000032068479441504
+0.007584582551688196 +0.011489236673798319
-0.002869343781937115 +0.004200097017294447
+0.002586411834112031 +0.008542789245891639
-0.002907529122719892 +0.004510291654610073
+0.002178908022108477 +0.003439919405649379
+0.000488381063999133 +0.007227387334552363
+0.000726409299432426 +0.001880831741754260
+0.005468943871002267 +0.005608064295507508
+0.003150781527680223 +0.004828492275369144
+0.005492360999733432 +0.006714508743394802
-0.001821673523500572 +0.001769541246345258
-0.003349733211457753 +0.000407019872965953
-0.007412925261246182 -0.001198331028139864
-0.004795685668457032 +0.001739300827289406
-0.006771570216935385 +0.002373558112345024
-0.005813217907635733 +0.001428938500536300
-0.002895842639333263 +0.001408004111879645
+0.002126296963195973 +0.004080750457196653
+0.003625341545451354 +0.007582714553842484
-0.000620645614262456 -0.000855977156126507
+0.001099930066264659 +0.001019801185684455
-0.006811187627085859 -0.004878105939474828
-0.007621693649549056 -0.007538085388945183
-0.016400170241738191 -0.015037294566249408
-0.018271883867980815 -0.016024798032301432
-0.025372533230851171 -0.017316999986420171
-0.026044250736266872 -0.020933543883405011
-0.015532897906080877 -0.009425563796643451
-0.012135563242803097 -0.005209952987017535
-0.000348536132232283 +0.006398963250076811
+0.001003707469795227 +0.007019148158537504
+0.012363737827586974 +0.011738154638473381
+0.011469334014491179 +0.014591274143596244
+0.008681349789897444 +0.007417826701392205
+0.004504017913280589 +0.007176610323378496
-0.009010458989170226 -0.008379481525564662
-0.013024504219080045 -0.007469819448556203
-0.013731173589377921 -0.006570964883324900
+0.003421627199872920 -0.017164468247662188
-0.007544806845510600 -0.006927223630362861
+0.019797125985799018 -0.003297867997953755
+0.026553835816507183 +0.011647557888782942
+0.008751529928817722 +0.019495904303287088
+0.010346360211779067 -0.000043419231476457
+0.001020703582790654 +0.003381157437466926
+0.000692309877956376 +0.003290535703926498
+0.003347891708035206 -0.003825012553920773
+0.000098354283394025 +0.008598296607644745
-0.008340397385913953 -0.010877187211120090
-0.004536911246736728 -0.001167869300238288
-0.004000518693860550 -0.001564220091654012
+0.002362731925115866 -0.001543665275944135
-0.003216230169302309 +0.005122953260464358
-0.003163119482482185 -0.008280939321514887
+0.010540056395431895 +0.008152908494819637
+0.003936402331484467 +0.003734913349442752
+0.011842229953354566 +0.006994644510740142
-0.002334954443461268 +0.003786068066077633
-0.003675182429261722 -0.005964884523438942
-0.003872913020476869 -0.000660451127765804
-0.006637601982192654 -0.005937004056020252
+0.000025663700800073 +0.000371123693916384
-0.009956910834603303 -0.003891594899153470
+0.001749582496940578 -0.000724684389902461
-0.001122565079880917 +0.001133023480820133
+0.002134227119026286 +0.001714406360024862
+0.000790412386294225 +0.001931042585745259
-0.002097194024889575 -0.000578607880707487
+0.001199003472546267 +0.000476003105735309
-0.001110642277073340 -0.000606903313797973
+0.003558364460234425 +0.002527380696507250
-0.002709399606354320 -0.000799993636365579
+0.000313617865723417 +0.000891570582955031
-0.001263787212380674 -0.001675680835084720
+0.001725552255016355 +0.001837076870879549
+0.000913668112857657 +0.001406982951007269
+0.001779155399148179 +0.001499554713185866
+0.002386810477841380 +0.003849570086916861
+0.000223766989044928 -0.000778785238196400
+0.002347918241743401 +0.004278008222449257
-0.002841800443276297 -0.001953373636458365
-0.001062205811377522 +0.000218651284596764
-0.005747011105576113 -0.002844620118146612
-0.000074710080809578 -0.001923718342890540
-0.002793810131975901 +0.001114724260773396
-0.001686268751053650 -0.002399954866544807
+0.000346635483093131 +0.002047012569475687
-0.002237000196353756 -0.001788344412002805
+0.002724381738255262 +0.001917102916754876
-0.001772925088335067 +0.000147042693910445
+0.002095521392635379 +0.000477221975733477
-0.003496351572586121 -0.000441158422421706
-0.000832966342159441 -0.002580154423415778
-0.002367594484885737 -0.000788777439725788
-0.004333792553908917 -0.003499723353079999
-0.002759596196721738 -0.001765016091120199
-0.005270439694438111 -0.003392004925241862
+0.000644210395602474 -0.000233454812650479
-0.001949546139770203 +0.000349466877702000
+0.003903786203461420 +0.002346434531526784
+0.000565047000788990 +0.002690687093076668
+0.002760397777495887 +0.002101596156845857
+0.001647534468442683 +0.002024553893755177
+0.000080434366205082 +0.000836251630336761
+0.001095879979238403 +0.000691744942269730
-0.003051061780202290 -0.001802914470634448
+0.002228220046768898 +0.000137284250071327
-0.001722984885578629 -0.001682856905798019
+0.002592585362378777 +0.000649577321587064
-0.000781199240545089 -0.001201068324669489
+0.000499996486775766 -0.000577026530242958
-0.000273176212398942 -0.000654138847212505
-0.001522986140752704 -0.001869873893666004
+0.001035543657218961 +0.000774776046124647
-0.003236800579004573 -0.001972762725948903
+0.001885032717505449 +0.001465482354766402
-0.002895963386287411 -0.001184574986612878
+0.001125223381240586 +0.001118396546609961
-0.001940866718028119 -0.000456776691847422
-0.000891820773325480 -0.000346731425723220
-0.000074095062082014 +0.000414027179650725
-0.001931263437526990 -0.001538396403050069
+0.002181151215082703 +0.001701395618377597
-0.002316627509319598 -0.001981037643205929
+0.002431061192888933 +0.001764678003328132
-0.002141590433061329 -0.001881053314205980
+0.001097486991501825 +0.000409473287059362
-0.000868989663467984 -0.000468529108645374
-0.000379327496399983 -0.001086407111973426
+0.001556680300667562 +0.002037796037115610
-0.001278868895991338 -0.001689567633807357
+0.003252727930162256 +0.003229458267981916
-0.001320480623198356 -0.001114626375754488
+0.002943922336432142 +0.002263175539490156
-0.000967620981918623 +0.000133247070518497
+0.001152097357717570 -0.000068140023606541
+0.000017073176477503 +0.001365830060554632
-0.001116984212746292 -0.002021991427121291
+0.001280397640230312 +0.001710661959585344
-0.002443645356449004 -0.002253797077476269
+0.001684562716880762 +0.001073362755714165
-0.002081191838319583 -0.000937308054866685
+0.001597814070398400 +0.000392554048815641
-0.000664359349231865 +0.000787427578091418
+0.000800201140448471 -0.000137824448477722
+0.000814767725941961 +0.001935908210009453
-0.001065039905465379 -0.000676212843100915
+0.000678087675275534 +0.001103150155080964
-0.002764276728273823 -0.001265110837074777
+0.000268296104191282 +0.000134616018584544
-0.003176479703753878 -0.001174071117883201
-0.000185402742599790 -0.000445901910704213
-0.001922310797212946 -0.000631805734478764
-0.000304207536096257 -0.000478481210289952
+0.000246132651521718 +0.000474125351406046
-0.000531325276603849 -0.000477311407881383
+0.001324351235810635 +0.001284216657162920
-0.001849163197059886 -0.001110845736942480
+0.001366443532590903 +0.001573965906813216
-0.002219922153762532 -0.001558954018569926
+0.000300942320981186 +0.000358669173689935
-0.001386314571171660 -0.000625063957486635
-0.000021854628927711 -0.001185031656133927
-0.000530550711366337 +0.001630704087733426
-0.000880994691867913 -0.002262843075250471
+0.000851855049863204 +0.002091265041541408
-0.002165900913367605 -0.001291222830476812
+0.002424299608151979 +0.000675355902375595
-0.001936641136094392 +0.000995734699039102
+0.001730411749853545 -0.000898508310592503
-0.000691581513728945 +0.001443789576383678
-0.000439300356025744 -0.000858562984275127
+0.000971016670244712 +0.000409902493174713
-0.002429992530040559 -0.000104634297134754
+0.001488268614147942 -0.000672355917659184
-0.002279606837849169 -0.000076267928430213
+0.001155038135873920 +0.000026059574986081
-0.000910115615214441 -0.000650112721051872
+0.000202688305231014 +0.000979635403679624
-0.000415895498999175 -0.001132975177232431
-0.000855287525486803 +0.000293366535868950
+0.000023350887201637 -0.000174584001747463
-0.001631858594222699 -0.001280837554973047
+0.000427312378826056 +0.001215452616475078
-0.002154780364456196 -0.002253634810550166
+0.000947936665030125 +0.001562936980158913
-0.002000674114543022 -0.001406064003764390
+0.000749968480594391 +0.000420361125501954
-0.000848996769852960 +0.000498969921762724
-0.000483863782148521 -0.001223997856999216
+0.001034456625873155 +0.001943704585265112
-0.001662473132624284 -0.001742392803573453
+0.002050048530603407 +0.001861145585191210
-0.002276541073021193 -0.001158997916397897
+0.001514118767853345 +0.000387023618533759
-0.001577144113487951 +0.000005466990553078
-0.000034521799195461 -0.001014793573628285
+0.000123950493238883 +0.000970788541566306
-0.001471301160622954 -0.001368873479688509
+0.001527249125196778 +0.001207292447446197
-0.001935712788113726 -0.000848636072735456
+0.001784496678765306 +0.000935435157738365
-0.001556966338162661 -0.000277524172212232
+0.000782586933952402 +0.000320237295137363
-0.000529166329359470 +0.000123801194428394
-0.000586729693877406 -0.000328204626175548
+0.000305724410529949 +0.000492393411381484
-0.001577690364549919 -0.001033528876233818
+0.000615980995144738 +0.000791124901359031
-0.001929475521977578 -0.001425493419436936
+0.000703396175655455 +0.000837254695775077
-0.001582419955882645 -0.000934249939080460
+0.000367840374649036 +0.000272768501632571
-0.000764004852938615 +0.000159592186736531
-0.000332673876524283 -0.000626047482796193
+0.000112745332538084 +0.001141734885734068
-0.001373064732134604 -0.001316818729620909
+0.000707676371381764 +0.001250347463649821
-0.002036168186925896 -0.001230470769968289
+0.000848091811746531 +0.000591521048874888
-0.001685966385017280 -0.000342707194968170
+0.000341579852839420 -0.000323440817103855
-0.000681623057172225 +0.000599440264768518
-0.000600394059385101 -0.000995795224605331
+0.000414466627550596 +0.001056505093433745
-0.001528885534069093 -0.001091227840366440
+0.000969538557458726 +0.000781868286278703
-0.001814367345328440 -0.000638147927889078
+0.000873309656871563 +0.000169395394838098
-0.001342101044973059 +0.000044158970195967
+0.000143247762317261 -0.000376005326146956
-0.000499242622576449 +0.000485920759264638
-0.000925207028874366 -0.000698164185134849
+0.000377594652185924 +0.000598016555889354
-0.001678551005695615 -0.000716334040652325
+0.000819124455469346 +0.000515945764229667
-0.001763007146381223 -0.000544170635802070
+0.000633106919458237 +0.000286094982407297
-0.001283588547723933 -0.000228492994504224
-0.000135684249762138 -0.000166436900328814
-0.000512665554064678 +0.000185831682754069
-0.001109118132793022 -0.000705137086714731
+0.000302543029489970 +0.000553853333965912
-0.001744729415994524 -0.000943359804249853
+0.000773819627260443 +0.000643052971267600
-0.001817060442328815 -0.000722987443315121
+0.000554470571980889 +0.000282532033531774
-0.001289881316326744 -0.000209151591774882
-0.000308339697024300 -0.000329469208272808
-0.000362144652976502 +0.000317927751926937
-0.001313816052413124 -0.000795055541389132
+0.000480290094261295 +0.000611472955471208
-0.001902235746230169 -0.000916425768020472
+0.000799458629814955 +0.000597731328762416
-0.001782193237044470 -0.000682189404465944
+0.000395374375712729 +0.000278690931271913
-0.000996808934054275 -0.000177365782835327
-0.000478194061571330 -0.000233813614851999
+0.000019975007794031 +0.000439575842863058
-0.001346522861276113 -0.000762358968461831
+0.000700335417179341 +0.000868243314118992
-0.001827263492591977 -0.001042797158590825
+0.000730530312727958 +0.000804548925330864
-0.001643637492981036 -0.000786195965474876
+0.000125487714192127 +0.000194454131705207
-0.000854961063001880 -0.000026756480020799
-0.000775824469235676 -0.000622930492081836
+0.000088983515049281 +0.000779193085558542
-0.001581522321854138 -0.001183330828451448
+0.000658641287099558 +0.001048920747606179
-0.001885030407364269 -0.001088540824109477
+0.000543156207629906 +0.000579517639732186
-0.001521577342706176 -0.000377023045945408
-0.000180216400237946 -0.000314279721596403
-0.000700247258102503 +0.000453444202155182
-0.001100028679769448 -0.001013386440635131
+0.000149171670614842 +0.000863903949909406
-0.001763630421034378 -0.001094455822493584
+0.000531978332464024 +0.000641892306840869
-0.001821498506854364 -0.000605542371071120
+0.000280408625086763 +0.000058234157426032
-0.001299643476843731 +0.000004811058112012
-0.000431592704447284 -0.000455405828694885
-0.000487506840241664 +0.000371439688420614
-0.001249461379152475 -0.000671495319018466
+0.000179722277760808 +0.000467214059367457
-0.001720924283150276 -0.000693478044753818
+0.000341078109864225 +0.000443068389655212
-0.001601068739750129 -0.000606143361054902
+0.000030641254838905 +0.000293994929737855
-0.001091206752969531 -0.000286277935450631
-0.000538327515341999 -0.000174024392193012
-0.000497069962795135 +0.000307846442923784
-0.001151010536068094 -0.000814715650436249
-0.000014666821268196 +0.000796067907654925
-0.001628717744621121 -0.001101355752314349
+0.000235952087046300 +0.000677775192381394
-0.001746176170881557 -0.000664951539788022
+0.000073203636506788 -0.000041985147293488
-0.001326675114363267 +0.000179758697836577
-0.000611976656305406 -0.000791565536497570
-0.000508102719952996 +0.000705288504694104
-0.001471202860161863 -0.000970607827236361
+0.000209894084620743 +0.000568563307483089
-0.001949877660468821 -0.000581537421148706
+0.000324500767156835 +0.000056113771691936
-0.001742973209989378 -0.000104122392078920
-0.000238384986884457 -0.000341529641670883
-0.001033725540186353 +0.000107598389020080
-0.001069990964686685 -0.000459030673559237
-0.000308685818547851 +0.000120662699824705
-0.001650860895982435 -0.000474341886877692
+0.000073896426046193 +0.000180774060874373
-0.001770749987160813 -0.000532035954744298
-0.000000229457053094 +0.000266436269617552
-0.001493944858109129 -0.000514343177664845
-0.000440673119022995 +0.000129456832108488
-0.000989203800798540 -0.000226495669142020
-0.001033185242156356 -0.000311879360983246
-0.000435782178980125 +0.000274963601060413
-0.001577809759234588 -0.000811204638534765
-0.000024991499346922 +0.000625976021392981
-0.001845464438466183 -0.000937333360941130
+0.000003865459195587 +0.000467510884776618
-0.001649426060205379 -0.000514039709843492
-0.000441977114700886 -0.000145865734808293
-0.001011527954382935 +0.000184359729231046
-0.001204160022873437 -0.000772438641871062
-0.000251436454297692 +0.000645988470913317
-0.001887768730705816 -0.000987337759417333
+0.000142390912237217 +0.000559409046422373
-0.002032124043197971 -0.000689291605627904
-0.000103526105492839 +0.000074307179829627
-0.001550445842192973 -0.000161703613981923
-0.000825724201758078 -0.000445009019466297
-0.000765272733844832 +0.000268403817803219
-0.001576815694176674 -0.000736486325970419
-0.000187122372262232 +0.000426091147254886
-0.001951617262616146 -0.000760158673283333
-0.000115303634284239 +0.000317128835739689
-0.001811072444530205 -0.000558504701388584
-0.000491574793699882 +0.000020550368967858
-0.001317496072397790 -0.000194288299704695
-0.001088923964731875 -0.000391592213919195
-0.000735670403088749 +0.000217107252283522
-0.001636233098977726 -0.000753810216011685
-0.000324459532187600 +0.000475189464360901
-0.001923733597907350 -0.000860176215879005
-0.000248724668472032 +0.000393863161497346
-0.001826264337123810 -0.000590399358782092
-0.000552518627573896 -0.000031453897104986
-0.001380829492653324 -0.000061797177725786
-0.001136307439916362 -0.000579915991730683
-0.000797410831632164 +0.000406724165158051
-0.001721127604956978 -0.000910120020076647
-0.000371182362574251 +0.000521349608101571
-0.002007635099796790 -0.000813658274777645
-0.000335990362957275 +0.000220395011094190
-0.001841465995569042 -0.000374090154376800
-0.000735789094054083 -0.000282924840082243
-0.001320221928679685 +0.000102758531028379
-0.001371780903654759 -0.000668944055702049
-0.000749305095576570 +0.000326052608615022
-0.001890661080916400 -0.000738928704463784
-0.000450550519302683 +0.000219215427641112
-0.002019586871294115 -0.000514482097945797
-0.000590195761383408 -0.000106378001169565
-0.001713593843933620 -0.000148965424250624
-0.001100700005072620 -0.000493606464853474
-0.001037660384027923 +0.000288359332022113
-0.003219532470827294 -0.001808480220715277
+0.000365923902559923 +0.000765486918425269
-0.003079646321923710 -0.000951594397724976
-0.001371760021574444 -0.001390057095438930
-0.002565193852525341 -0.000750670829137466
-0.001950206171786770 -0.001185827634424427
-0.002519972815114752 -0.000962721420933279
