-0.000688875251043597 -0.000719535668564836
-0.000633304927405889 -0.000617092962053068
-0.000551985015414478 -0.000528753575873826
-0.000685915710091085 -0.000613221392847376
-0.000684379455147585 -0.000517172416366373
-0.001213006322819839 -0.001161011546766888
-0.000552727389279036 -0.000559673658550576
-0.000887827422026812 -0.000694469006618122
-0.000880634219182499 -0.000904694404324866
-0.000864454540202958 -0.000565033342072784
-0.001133703192498730 -0.001282969915488356
-0.000168156122619439 -0.000052472567270932
-0.001383161650837303 -0.001238005255008628
+0.000080441529333192 +0.000010772995900454
-0.001724429147763356 -0.001315432800636012
+0.000177981807890100 -0.000232403737630505
-0.001523717486831506 -0.000978872139190963
+0.000225298213992083 -0.000293104238723630
-0.001665931513696873 -0.000920807683794029
-0.000108500575727425 -0.000696705676209569
-0.001553982009800149 -0.000947810580374137
-0.000014096472832473 -0.000501495260070109
-0.001793975055762138 -0.001195971452844058
+0.000067110397443754 -0.000296426364410326
-0.002228126190087262 -0.001674168376290483
+0.000638482613752639 +0.000093856428039933
-0.002626028518955295 -0.001873519163335154
+0.001136458384828014 +0.000415207545769611
-0.003291295067030790 -0.002203504529892599
+0.001574041552466137 +0.000393201351670324
-0.003491668829654560 -0.002089212395731111
+0.001965697111223368 +0.000491914383194377
-0.003875626262542219 -0.002085333062420270
+0.002069215153679416 +0.000352720588905621
-0.004184759436183200 -0.002206893315909505
+0.002504401192448651 +0.000637372235487375
-0.004711565076985865 -0.002503132484853355
+0.002951236479258167 +0.000963914531544153
-0.005669543867802753 -0.003281118689124194
+0.004159052491564554 +0.001773526271829019
-0.006908371409886016 -0.004052837802588819
+0.005553072758999352 +0.002645677295606635
-0.008814059113170682 -0.005193049895520970
+0.007410005154918182 +0.003595790060007008
-0.010959513145250076 -0.006119154247863509
+0.010574649615379676 +0.005451991928870388
-0.014253403411982082 -0.007963475504257108
+0.015353207411709657 +0.008391465736307785
-0.021255181555170723 -0.012624115393846435
+0.028215939664747548 +0.017737237458813060
-0.040159680823509097 -0.025117878519844442
+0.364923248028761082 +0.350312313863821556
+0.546913932558762639 +0.594417899734802746
+0.323505170802935116 +0.319911843607922408
+0.352126795203085152 +0.298615932766973236
+0.442903133121501980 +0.340448185219562494
-0.007624020002753818 +0.016272001764887759
-0.645704517646408238 -0.624791900683158041
-0.461054165535243476 -0.537539558402824635
-0.267151647163405781 -0.166533772892096699
-0.135905349752779514 -0.003505353142348064
-0.167006400813977718 -0.063459207212405583
-0.026002875110503962 -0.070515113990570949
+0.183516382850197057 +0.113934627859422849
+0.425747770654135549 +0.291119486751535372
+0.262442966842571235 +0.253615929907272775
+0.005725710218356517 +0.033697104062096542
-0.043812689641625824 -0.050164026323356939
+0.108983863473896755 +0.057512047083489878
+0.053422990082309149 +0.068299745705609094
-0.164117587021249206 -0.094781052553343820
-0.279324963391635428 -0.211236850557554312
-0.162468482567848904 -0.181247688771317750
-0.017035387713789363 -0.045667662207355866
+0.024362362717630308 +0.026276075024471213
-0.031874607051622317 +0.016523994731482847
-0.023484290977777683 -0.011569031230763225
+0.085003545933993035 +0.017988258528365931
+0.131519698274408126 +0.073468897996352894
+0.030747159378575726 +0.053710622431416111
-0.057032405703680684 -0.023811925737282143
-0.045738396340297499 -0.041065333767394893
+0.009967989761672250 -0.013582516570851489
+0.021014717095773686 +0.014907665878544515
-0.025766992118379774 +0.008199560888762603
-0.062786295911904696 -0.028947872447170685
-0.014648623243394485 -0.029778053881739288
+0.036884310621917105 +0.001536310401427525
+0.025182503451067519 +0.023104723632531569
-0.015506973752845408 +0.005597479218001277
-0.013721897308231205 -0.009943237255427586
+0.005962723499776973 -0.007591415792497690
+0.009278164320457638 -0.006214549572030086
+0.002377738411300844 +0.005242202873973723
-0.024197160414416687 +0.000819414195474544
-0.017718225103680353 -0.013092044013124542
+0.017728896934782148 +0.003559936613669757
+0.037687796569181711 +0.030885410251065053
+0.005669010187706939 +0.022486271940554029
-0.011731427157979566 -0.006070572164015511
+0.003182286573549333 -0.006163025968090407
+0.018182974575229480 +0.007659521715220477
+0.003568371250583599 +0.006544245776532833
-0.011768433001845689 -0.007820673791948955
-0.018807915720318653 -0.012897361917152850
-0.010389697066213840 -0.015818294307069526
-0.002972132720226291 -0.010497486287772298
-0.011536535700660221 -0.013593879800281344
-0.035800041464639151 -0.022982339361484437
-0.026934575673706974 -0.026132002435478745
-0.005996561346539624 -0.009932449944391833
+0.008555236709173387 +0.009186087485723653
+0.008959240563755279 +0.017067084346513883
+0.020929638670297540 +0.022906514160071823
+0.026440325792014472 +0.028444526161646579
+0.030476010846076842 +0.023397175255688702
+0.025559603759342207 +0.018963204092086645
+0.006466455476488985 +0.007236864630308361
-0.013206878969649147 -0.007978565286693821
-0.015007190800091484 -0.019065320413451121
-0.011029155709977733 -0.012972170520983687
-0.016551076137300960 -0.011744216864891122
-0.021692953283654517 -0.016858053583309534
-0.014844592743615393 -0.014611114128558797
-0.007979820006906455 -0.008298529384560745
+0.000599012286268063 -0.002102731889667337
+0.000327773305029083 +0.000755567605540799
-0.000156926402411557 +0.003226817556467224
+0.004491105284263272 +0.004541523410250802
+0.019057651408760912 +0.010728646320691211
+0.017034842462617474 +0.015192882583903831
+0.008716752849015397 +0.008106809659574596
+0.010683344115718894 +0.008991877094729791
+0.010299521024401976 +0.008582480373011257
+0.007812186185347596 +0.007871044254679438
+0.003952589919556474 +0.005525811956551109
-0.001192791563137385 +0.003091353631598768
-0.007796401018488409 +0.000619975110819372
-0.005764977659468887 -0.005082100514561903
-0.001953323929596190 -0.002415158319933405
-0.006923800010410401 -0.004783506759354322
-0.002557057059460462 -0.000261718574103750
+0.004711315612895862 +0.000759102337560595
+0.004521434159905998 +0.001339586279709252
+0.005265584163801035 +0.002968997170131106
+0.006572570206330600 +0.001209957164664349
+0.004882995145451928 +0.003384712652149905
-0.003797437921791058 -0.002824651807895174
-0.004375444926118141 -0.007525376012446951
-0.010874592937408126 -0.010041505814138766
-0.016242055800464325 -0.012499762318086072
-0.019246982604954100 -0.015785615862899928
-0.019083491556447937 -0.020080639231918728
-0.021779983053858962 -0.016474375937690085
-0.018915754342772814 -0.014768093758130723
-0.006835360248588934 -0.006953310989191608
-0.005762588993976565 -0.003196175390383329
-0.005743665855373656 -0.001456444292565461
+0.002352856087122695 +0.000251923680587352
+0.004651051369829622 +0.002678414618199611
+0.001226227104338709 +0.002412173961402136
+0.003310255401677746 +0.000224951737787214
+0.009326928470856057 +0.003936421714802241
+0.007568314699174897 +0.007281260796141987
+0.014297400577160623 +0.010076448439115336
+0.015300092660985996 +0.010953950188200334
+0.011902299116759026 +0.010061350019670356
+0.010919318099257889 +0.009513128428476861
+0.006805822667784751 +0.004430361355096160
+0.000940085834184152 +0.003569098470210127
-0.009468879525703624 -0.004013492619019612
-0.007925178576320432 -0.007841999323219486
-0.015472776515209029 -0.013825417632503372
-0.004877847318013119 -0.003120331760163092
-0.007219524808784723 -0.002951327297723371
-0.008596470946652664 -0.008230177852294376
+0.004867345057033071 +0.007186759854070399
+0.009247281882767617 +0.006294853548939908
+0.010210172956567828 +0.005853185844456853
+0.015518212800099551 +0.012922799747765907
+0.015209697170672665 +0.012502101736640292
+0.003815434457924455 +0.005571124285098178
+0.009483491799428534 +0.007828053737015117
+0.001430609606846128 +0.003312849825429745
-0.005902581197904809 -0.004235940844743017
-0.005075036334352606 -0.004146029481440027
-0.006753961208862375 -0.006039340451557206
-0.010758641307346856 -0.008211095955525737
-0.005120495507091413 -0.006330151177617362
-0.006610832797503081 -0.005007159502976141
-0.002081129056735105 -0.001583933926749211
-0.000288935685760388 -0.001744027365220942
+0.001174790503312817 +0.000062697900486616
+0.002447514478396473 +0.001948183418621421
+0.002976404605977167 +0.000593040671293080
+0.002223423182968613 +0.003210333874594231
+0.003455929985686158 +0.002949486237859790
+0.001934923876012211 +0.002029115196470140
+0.001169814945883321 +0.001953070873958861
+0.002240237194454806 +0.001880550422199270
+0.000333342989207949 +0.000819644842857100
+0.000327016342610354 +0.000555331099897282
+0.000515248316042624 +0.000076654498766632
-0.001549005557571576 -0.000528354993940778
-0.000444997471358582 -0.000732100460604014
-0.001749736533146445 -0.001596274194086191
-0.002277401375573406 -0.001408345927584122
-0.002236525870871961 -0.002644286820523893
-0.001542504437957060 -0.001875545987088039
-0.001441894754915508 -0.000577518594807214
+0.000117798407238838 -0.000789907280800206
+0.001100232420826218 +0.000993880548642896
+0.001954075126368689 +0.001888958296903323
+0.002355708045963426 +0.001473116442754416
+0.001722948137245869 +0.001114561830986794
+0.002388790656711566 +0.002127813344563121
-0.000403299936526947 -0.000243142392830851
-0.001536705257549912 -0.001629614957752882
-0.002179270508551946 -0.001376307397805928
-0.005104934299794205 -0.004216756288636191
-0.005277166292654052 -0.004540294765175226
-0.004929608767319902 -0.004432779366158517
-0.005192217335832297 -0.004316315854833096
-0.003308351209282232 -0.002877108964624092
-0.000600067827275097 -0.001004230288157133
+0.001084726431722272 +0.001165131389563640
+0.003368461569739767 +0.002656155107404888
+0.005366458696973149 +0.004075528081059437
+0.005213686837788892 +0.004742146222412583
+0.005918183561720696 +0.004843368389869589
+0.003954620116622830 +0.003284735289218530
+0.002800050108997529 +0.002379669339474310
+0.001113134516012151 +0.001296088628417987
-0.001254190818387036 -0.001161617251929730
-0.002278369946249048 -0.001549523791901084
-0.003415944215918988 -0.002804161102842797
-0.004247265697012075 -0.003393333613594112
-0.003873638731980076 -0.003307586117272601
-0.003091399329526625 -0.002751244790448094
-0.002919817776107073 -0.002408744521206325
-0.001512610355735959 -0.001765399532285604
-0.000343918096068039 -0.000401929770894076
+0.000044001207254799 +0.000052772142825242
+0.001497472099216835 +0.000860152367750116
+0.001364592753317018 +0.001144708998955041
+0.001977365271971528 +0.001631926750497438
+0.002048904132723817 +0.001585217863187709
+0.001751428779077935 +0.001423987635749810
+0.001472350722427819 +0.001670358447169354
+0.000833875666087143 +0.000661475549457953
+0.000606339846325328 +0.000808849456904933
+0.000191101531410314 +0.000516106443036050
-0.000151133055628866 +0.000024285719935099
-0.000583264405533635 -0.000268191994335118
-0.000204314190538795 +0.000022859095147123
-0.000362809883673592 -0.000056656150198207
+0.000000192774489444 -0.000019227583455363
+0.000906824527154571 +0.000908039768635813
+0.000659503216912390 +0.000610453395084163
+0.001714801385193036 +0.001275699004199636
+0.002159848385530976 +0.001715685701666375
+0.002075144457049629 +0.001684110614853663
+0.002053224057391058 +0.001635948795004745
+0.001940889546058819 +0.001416423540607142
+0.001280759899617693 +0.001212486015541196
+0.000139579154668106 +0.000183718323128456
-0.000304711572062149 -0.000329949951843213
-0.001789833571779100 -0.001242973470946837
-0.002418448268156827 -0.001896763818945682
-0.002980356087994678 -0.002373733263946163
-0.003291022811013089 -0.002665216299233624
-0.003279314470336272 -0.002446511358611746
-0.002906995379590931 -0.002561939773809901
-0.001893270088466617 -0.001674632979564357
-0.001272270457104539 -0.001137020225517031
-0.000340259422589592 -0.000564818730103753
+0.000571110559287541 +0.000186347776330403
+0.001255974580351970 +0.000761656341294820
+0.001434247477502268 +0.001045223961759682
+0.001414864692113355 +0.000880467892949027
+0.001359920912321767 +0.000962505318053900
+0.000249254795939330 +0.000270143682666074
-0.000122422368402773 -0.000319547168653729
-0.000740206585882298 -0.000613792803970400
-0.001509200350808867 -0.001172439248168461
-0.001838839652347610 -0.001453783927895955
-0.001589147939940076 -0.001433846327955468
-0.001579315206700896 -0.001149356824011111
-0.001214941584322329 -0.001065368307972771
-0.000254414567301022 -0.000361651179395779
+0.000016229014897672 +0.000094844630756062
+0.000706015156853412 +0.000539210631370123
+0.001301861954859485 +0.001024270503343501
+0.001550757834412664 +0.001250027978509143
+0.001440931819247409 +0.001286260106322667
+0.001798396861654207 +0.001490723472429646
+0.001036686378789541 +0.000972965302625915
+0.000713072381932022 +0.000711250908441545
+0.000548228054375406 +0.000613762586120156
-0.000418964637793023 -0.000371198604005630
-0.000700459070235636 -0.000450435755711296
-0.000760522153179905 -0.000576161093044062
-0.001641755704492750 -0.001462323398972558
-0.001419312134045961 -0.001105945280489312
-0.001200692288671427 -0.001075109030500856
-0.001667433868674715 -0.001513505216763996
-0.000832797879945158 -0.000715546218935971
-0.000591576891584622 -0.000658297969415300
-0.000470317809180720 -0.000488452587724564
+0.000232488138710574 +0.000142988111324294
+0.000608853386945440 +0.000350967257391199
+0.000434790104110072 +0.000462415747829292
+0.001135299871205210 +0.000839561839321061
+0.000751047603142874 +0.000671243497164631
+0.000598367292423685 +0.000600800313483363
+0.000682860042016370 +0.000560841916312060
-0.000027795496562233 +0.000057567341178307
-0.000130877797993686 +0.000082353060926250
-0.000360594017619743 -0.000347635804031833
-0.000751389512379338 -0.000500325604319625
-0.000589677930242949 -0.000377734053764900
-0.000579461101078038 -0.000611942581908997
-0.000451848143158207 -0.000270920342177624
-0.000036703887702980 -0.000083238025137284
+0.000212039533208891 +0.000057491457784897
+0.000405565384586668 +0.000402908127572897
+0.000818167117350915 +0.000535441821806017
+0.000601943803232918 +0.000509833710393648
+0.000686165936098035 +0.000557091913869490
+0.000481705224347002 +0.000335602302824631
-0.000041426253233239 +0.000027391634166530
-0.000208025065779348 -0.000150041013780876
-0.000731889998796628 -0.000645448644241832
-0.001072477478700408 -0.000769664650260030
-0.001182129099507712 -0.001000817288539319
-0.001409472222326260 -0.001224785962314689
-0.001287965878275517 -0.000986015171240832
-0.001049860987827131 -0.000982907708754468
-0.000896880298967755 -0.000794071651747660
-0.000429746132538641 -0.000359359217475944
-0.000072264323930607 -0.000180925015248768
+0.000055838064890715 +0.000005893793345988
+0.000561723666826762 +0.000409943583879196
+0.000535549541496868 +0.000380024352188627
+0.000492228588857647 +0.000383274131723415
+0.000686715321339526 +0.000545488996197026
+0.000266326751840031 +0.000200361552367888
+0.000165639138341536 +0.000168805229307882
+0.000025499963927353 -0.000000771530541340
-0.000396286900911640 -0.000320481521773603
-0.000499764346781152 -0.000358466176706444
-0.000599201439624743 -0.000571338353449693
-0.000864526563353716 -0.000669136722123327
-0.000737086501716942 -0.000624736466382442
-0.000706566979662371 -0.000658161577424125
-0.000735680905632061 -0.000593822617076850
-0.000375899529229305 -0.000366406006029659
-0.000352145772836575 -0.000361659578876709
-0.000192673263764396 -0.000171563272320579
+0.000094928557408170 +0.000016033861140868
+0.000003005140023185 -0.000053568732684087
+0.000136000395927543 +0.000108131408652733
+0.000118974383729972 +0.000040139419355911
-0.000092852654421306 -0.000083855142477118
-0.000149031155920778 -0.000115250729419874
-0.000316904672117836 -0.000310019416491438
-0.000588577972692675 -0.000437024274053479
-0.000598512877967545 -0.000524664364105903
-0.000730417959848052 -0.000622113384547037
-0.000796661536134490 -0.000627917513390894
-0.000588784261357709 -0.000541636764947830
-0.000578449164292763 -0.000502750624373882
-0.000340445518525502 -0.000285268642342148
-0.000065679224988334 -0.000125876374244650
+0.000037914971638884 -0.000005391950425934
+0.000305796861563666 +0.000241633210010795
+0.000401977368345007 +0.000270836408597877
+0.000391300359182459 +0.000318003120031903
+0.000431049380495772 +0.000362388620801148
+0.000289302873324375 +0.000222401252982576
+0.000079742036006887 +0.000108110413968949
-0.000010354742597489 +0.000004881690959478
-0.000278975622050773 -0.000196296763007932
-0.000450334656785757 -0.000331586632706165
-0.000481217630420691 -0.000388191739772855
-0.000651892721955930 -0.000506883810476386
-0.000599892680022380 -0.000487599095502137
-0.000529385147644631 -0.000456777980850735
-0.000499778505745333 -0.000423132435768881
-0.000346941355225054 -0.000308328142299318
-0.000242447996039875 -0.000261470527007534
-0.000180313550407806 -0.000171536835198985
-0.000098308100471215 -0.000125494596953715
-0.000094797890916115 -0.000135565061120820
-0.000140262885661245 -0.000137443357699050
-0.000179192302295033 -0.000190951152998354
-0.000304375639301777 -0.000284182263320710
-0.000408141237385653 -0.000359958759292101
-0.000486970628599414 -0.000432481336961269
-0.000623412551805544 -0.000536556842961412
-0.000643398760360586 -0.000559390773039495
-0.000671287742543188 -0.000583483926742932
-0.000669579588917998 -0.000582752381438175
-0.000587362127953759 -0.000518319743199574
-0.000499110537668943 -0.000461451711269059
-0.000389909669522234 -0.000346202220680220
-0.000261664831115396 -0.000263036480500324
-0.000139329371032486 -0.000156295995653729
-0.000045477959387230 -0.000057254152212520
+0.000012873286392798 -0.000027694073616575
+0.000047588972163424 +0.000015741073052755
+0.000023547296197392 +0.000009784889400747
-0.000045757361369676 -0.000055478422841835
-0.000137203219279363 -0.000121960560142101
-0.000240941015038370 -0.000202603435662373
-0.000392337947185339 -0.000332165094679052
-0.000491770566440177 -0.000418524276445974
-0.000565506914883117 -0.000478029118862497
-0.000681323645931604 -0.000585239783847506
-0.000643283337508024 -0.000558774525969793
-0.000650525767160782 -0.000570587275377120
-0.000620772659813900 -0.000558868682124006
-0.000503937378213010 -0.000452737341639970
-0.000439325318970434 -0.000423193090547400
-0.000385764615934273 -0.000360186783235960
-0.000265488583493748 -0.000264826276931588
-0.000265712961127791 -0.000271054343979334
-0.000274910772865154 -0.000257386185959052
-0.000227625203164902 -0.000220685783886320
-0.000351957030712865 -0.000325434305184564
-0.000376980012230923 -0.000326884377564286
-0.000419533714435257 -0.000367257340367182
-0.000534156274871831 -0.000470533203591758
-0.000530424080943320 -0.000443440497578136
-0.000539903970445885 -0.000482357099104986
-0.000573673661485868 -0.000495476116914268
-0.000484188851664735 -0.000424894822829591
-0.000440435957961921 -0.000410420432910591
-0.000404392080479793 -0.000356843570204463
-0.000280287925150113 -0.000273838398658507
-0.000258028692097111 -0.000256393532656021
-0.000226857467094139 -0.000208017346460887
-0.000163211282808412 -0.000178260197089643
-0.000231993313016210 -0.000220945519881076
-0.000236495488735181 -0.000208265142719711
-0.000291620010822953 -0.000276527516706422
-0.000393899943185006 -0.000342263861128889
-0.000440296438407825 -0.000370891960095380
-0.000526318369990147 -0.000473820580831133
-0.000602524793146320 -0.000503675478323848
-0.000617175949189189 -0.000536993076204979
-0.000662336572609138 -0.000585144105150941
-0.000660951180950459 -0.000563436732409840
-0.000611960332287819 -0.000552883040576293
-0.000611978158254714 -0.000544741499334565
-0.000534897596962805 -0.000475960066275066
-0.000483241164847254 -0.000456552277391485
-0.000461359737973498 -0.000419674733470233
-0.000391902909959291 -0.000365581755168183
-0.000387928894397202 -0.000376545033525875
-0.000400074157388015 -0.000360349278466677
-0.000376435657404501 -0.000354302058221459
-0.000451961333775312 -0.000417546459528743
-0.000471713499181112 -0.000413975298990945
-0.000512523487296092 -0.000464265894566544
-0.000581939706270792 -0.000518025188000755
-0.000603124034040194 -0.000520615785155107
-0.000608521167508015 -0.000550599117933311
-0.000666002074549425 -0.000579514453510884
-0.000592313139349900 -0.000528311760779113
-0.000610580435065388 -0.000550099747490453
-0.000567394989506077 -0.000507927929981451
-0.000512502084429019 -0.000465014137892166
-0.000489712598581752 -0.000459804045549380
-0.000482382439112080 -0.000428053863478840
-0.000419919263782429 -0.000404848688702768
-0.000488950913569335 -0.000439639544036301
-0.000470447299943673 -0.000429690074112557
-0.000515367624770744 -0.000468913500085301
-0.000587708526727510 -0.000526963892710180
-0.000615822875117070 -0.000538287782571974
-0.000670426031530929 -0.000608945101580479
-0.000739521717156810 -0.000640008320353344
-0.000729344250684849 -0.000651052022123651
-0.000770827779986726 -0.000687847677214389
-0.000767663677567150 -0.000676584647176022
-0.000721652158913627 -0.000652333782902341
-0.000727983805641716 -0.000659925589421607
-0.000667534211472037 -0.000597843039262819
-0.000634220091092403 -0.000591950331988868
-0.000604476606116558 -0.000549527403022702
-0.000595011274486234 -0.000545486324212724
-0.000529070241763747 -0.000497790830773435
-0.000626943442546394 -0.000560522381727772
-0.000510063368348964 -0.000475434001935088
-0.000672091262452490 -0.000599659692393241
-0.000558564539927621 -0.000509583730531504
-0.000737965062784606 -0.000641271971970375
-0.000587887042268555 -0.000553696243575961
-0.000836917644880027 -0.000699284388386619
-0.000565420597387942 -0.000552918129727426
-0.000913886702880303 -0.000759605654584596
-0.000520432352460709 -0.000519291027085471
-0.000947831236364017 -0.000788278743464276
-0.000451514096144202 -0.000473185641222220
-0.000807337832709781 -0.000710330981910568
-0.000393093120851751 -0.000512325681692034
-0.001075985681023179 -0.000831423931388640
-0.000818759781020641 -0.001086101150342265
-0.000588530984821936 -0.000325447010571647
-0.000736332711573155 -0.000680438266560356
-0.000729968019112519 -0.000624201732594173
