+0.000045879019128025 -0.000008881246865109
-0.000319401454747236 -0.000241283881746066
-0.000031838672668342 +0.000139956188961129
-0.000425969489234606 -0.000484521509177283
-0.000132689096861177 -0.000061811839832039
-0.000228731264522245 -0.000230007386863700
-0.000147516300166358 -0.000042456300325807
-0.000229138543433286 -0.000260358120012840
-0.000199775983300718 -0.000031942692161535
-0.000149305220173378 -0.000268488017315848
-0.000203063271717739 -0.000004454272676800
-0.000075105423639889 -0.000118018392137345
-0.000338371193204558 -0.000264152631657522
-0.000075170674926051 -0.000052340713793992
-0.000281157933761596 -0.000273658659559125
-0.000202573509319952 -0.000187586171540195
-0.000241859036949921 -0.000160853627072662
-0.000370734965424510 -0.000415263722310762
-0.000119407726368000 +0.000026829807503651
-0.000323326082043872 -0.000413160975258610
-0.000127309864079288 +0.000065838384593299
-0.000227952144878835 -0.000276193913488498
-0.000183636814179045 -0.000024028162234995
-0.000082557630239536 -0.000133884612300332
-0.000190889969537589 -0.000112739306080829
-0.000089915275723870 -0.000059857861453854
-0.000328477398604416 -0.000246205835502456
-0.000117727255187124 -0.000027830781710978
-0.000321154951205988 -0.000226173379657265
-0.000193780114220507 -0.000063930318624967
-0.000325715448826961 -0.000245121008289472
-0.000284355174441564 -0.000143268331538448
-0.000202697639517399 -0.000134954461633404
-0.000275646372308053 -0.000173215031688391
-0.000198101770990990 -0.000154368241782131
-0.000289675741520595 -0.000148831054663907
-0.000258180001813792 -0.000271479531343875
-0.000228130639318723 -0.000039372456905773
-0.000446873864326285 -0.000547832018689991
-0.000181840581139093 +0.000189476169351329
-0.000385347290417755 -0.000451979786554867
-0.000026968298061863 +0.000400654341831033
-0.000296714123292539 -0.000641530824280123
+0.000471852125737204 +0.000672874976265277
-0.000205542044190194 -0.000389728896038993
+0.001095206902693348 +0.002190747745758092
-0.000573747723128966 -0.001033525275656862
+0.002689953579014819 +0.003641926766057410
-0.004947228712722802 -0.006099951640030065
+0.063541549574614942 +0.045455638845327669
+0.266088324677658083 +0.226386196226841085
+0.390105316469725072 +0.363236078661784090
+0.527171467397054228 +0.523983251374321557
+0.388481159908096674 +0.462839355930819429
-0.078733432165827580 -0.052915207281251937
-0.462910671597602075 -0.517100942390278595
-0.300534688052279564 -0.293373122127744135
-0.090296455525198618 -0.083581023528687071
-0.033252677507543085 -0.037956903485714802
-0.067455013694951577 -0.030255291057495692
-0.024194629889951736 +0.031868315161479088
+0.107128938108086158 +0.106041261451653976
+0.148662295420056656 +0.086294162316267742
+0.100223736284277609 +0.063012226000291188
+0.047389864622808808 +0.064146973840984584
+0.024835570939117063 +0.023748006607725091
-0.006109987227115758 -0.028779229339056932
-0.045824052466163855 -0.064433324531680741
-0.082545258608121216 -0.035064609365062296
-0.072154975139611138 -0.034420901675646563
-0.040646933865870219 -0.043263427432196140
+0.006528352625975077 -0.009880248759994284
+0.031446315306630626 +0.034949246022377901
+0.013921268393034036 +0.020916899684859779
-0.000799069907251021 -0.001825275683634301
+0.028726852681941920 +0.004642104850470397
+0.038783600093509250 +0.026020341448355550
+0.012199918823907953 +0.016434408782581067
-0.012280030501957485 -0.002068958901117660
-0.012071877905080172 -0.011017375493924246
-0.007277803809704397 -0.006256236157553626
-0.003217978491936188 -0.003101793316361533
-0.003191906743575400 +0.002409742722283136
+0.002940641310851127 +0.007322145946607499
+0.020602303908047119 +0.018731286954884602
+0.030715867168012619 +0.023900978475716480
+0.026727186272927562 +0.025471001474512808
+0.010976163012499287 +0.006260426937717578
-0.012629797397005260 -0.006163511813461022
-0.021431136955392720 -0.017595283797850109
-0.013520747918769437 -0.015808522047586197
+0.003671021154828492 +0.007593846270753862
+0.016040370322352365 +0.029133593505014953
+0.022981890817574166 +0.027422614804324879
+0.025994152757294824 +0.025908238513819772
+0.028163149420173159 +0.014464042616615175
+0.022149867581437971 +0.009445903504252614
+0.010036898808509703 +0.003693621347289526
-0.008658406230342662 -0.007279997446238883
-0.025088533496431285 -0.025890123323391905
-0.028391561783687194 -0.024455900740752538
-0.022002217717723482 -0.016514572750513819
-0.016129498039440679 -0.010151856554192894
-0.008729290314722825 -0.002345554523336545
+0.008834712060729343 +0.012504689068625553
+0.011528927515065478 +0.007415741042261819
+0.002595289246857656 +0.000756654303066789
-0.002674189008887724 -0.009578239137326017
-0.012133963437684929 -0.012433757773401031
-0.005078617938305316 -0.010617899131676085
-0.008768685722916395 -0.012018095717815338
-0.016538024708190852 -0.011275161434309580
-0.015202385177019783 -0.005858217169311383
-0.007550771527998820 -0.008672080294417074
+0.001484295084467443 +0.001408614474576376
+0.008358705277155820 +0.007743093937329652
-0.000775008198251469 +0.000840464990789759
-0.005719077131350232 -0.002973202383306671
+0.001088729343807858 +0.000825716617190531
+0.003413531193874004 -0.000327144832837651
+0.000333698629852993 -0.001292561711353485
-0.001855514761588583 -0.003971208550066248
-0.004912930893485836 -0.000327396214727257
-0.000553415896486802 +0.001598837724482122
-0.001090143866107452 +0.000267666327203096
-0.001084262135940036 +0.000048323846912118
-0.002796059097845702 -0.002106190094044476
-0.001782210711808030 -0.000235116325003409
-0.001309458310005221 +0.000854561207682790
-0.000964940051067961 -0.001401112248908095
+0.003062387121218348 +0.000306598537661399
+0.002734185393276011 -0.000928429929541363
+0.001413920486797871 +0.001234424563659344
+0.001471600632308545 +0.000160880994065824
+0.001302661921999043 +0.002384287472199032
+0.001334681848273860 +0.000671211508055995
-0.002853225300624486 -0.000659662275998269
-0.002864896933372359 -0.000905300152588249
-0.005701676988295664 -0.003899513953475077
-0.005046015305821638 -0.002214428623244966
-0.006782835111035593 -0.003398593374814016
-0.005679086416357179 -0.003874801826354398
-0.004718838648589125 -0.004977181492788343
-0.002373579042889401 -0.004791109354415251
+0.002980223587825283 +0.000900041393444829
+0.002490707082909438 -0.000899267058220828
+0.002579443740212134 +0.001267320307378746
+0.002033184603705086 -0.000395380301294028
+0.001097825571511494 +0.001053065944308566
+0.000525744201827361 -0.000237992980422178
-0.004553348778077451 -0.003283101663837805
-0.006853444635915519 -0.003047382494118664
-0.008332200892091343 -0.003960185360536175
-0.004099746842708231 -0.001155846361051316
-0.004551812404152999 -0.001893124843606991
-0.002809763949731295 -0.001893418522177142
+0.001493203468966680 +0.000334014907128394
+0.004187262947046579 +0.001871638588670715
+0.004721456866604376 +0.002168556189929040
+0.002433727116950882 -0.000705311406236368
+0.001934901541961592 +0.001731126984071816
+0.000508349329338234 -0.000739325252032197
-0.001691058623662382 -0.000824250796380499
-0.004311637782209153 -0.002756605597526668
-0.005744701883739832 -0.002584237798617604
-0.003269064290449142 -0.000270662768050597
-0.002394719728174848 -0.001123328492601084
-0.001517567055290061 +0.000552893180158465
-0.002094600395361342 -0.000443704145097754
+0.001365190536032973 +0.000186762814105622
+0.001487297130358439 -0.000323044479160198
-0.003216011673654285 -0.004624945827678712
-0.001344746268035542 -0.001784814568365088
-0.001509117946195400 -0.002866663618868195
+0.003466581546855076 +0.002028008034754027
+0.012180399006045645 +0.012419110804404575
+0.010079899883621271 +0.008790205286823737
+0.005148994697376442 +0.004968006514764269
+0.001783206649629013 +0.003630784493205627
+0.000032767524715441 -0.002253479645385359
+0.000155919941575280 -0.000723535108774681
+0.002727972235426299 +0.001029936572873258
-0.001524585138513154 -0.001493552194039047
+0.000190235129941319 +0.001018034284298811
-0.000161973809035633 +0.000031725502285564
-0.000385449824450892 -0.001058335897245348
+0.002288405107046872 +0.003277920712241097
+0.001316242807761856 +0.000590006246807493
+0.001164348075624928 +0.001808205078387410
+0.001501088052282281 +0.001048667318016037
-0.000835331512228817 -0.001345907198006889
-0.000550406633137403 +0.000206283271045452
-0.001029469091202517 -0.001593088885910552
-0.001020891764588454 -0.001119332838877319
+0.000517627766096988 +0.000896037933353085
+0.000586722204595926 -0.000579412297811621
-0.000586399175024205 +0.000340728507848305
+0.000672403487152095 +0.000404666869299844
-0.000620439104178196 -0.000886068463413475
-0.000378044245415995 +0.000203750242654586
-0.000380261061666077 -0.000639505559881042
-0.001018325312080023 -0.000448035754268789
-0.000658254332699698 -0.000068194951531876
-0.001221795055688080 -0.001306757430115098
-0.000636497235570786 -0.000308944615751408
-0.000359687102771749 -0.000620684635084859
-0.000152994851655916 -0.000298263263977215
+0.000509987750659066 +0.000324242108373486
+0.000364429348669639 +0.000296424718113680
+0.001074436493214467 +0.000402599446287556
+0.000434671685691954 +0.000475283856151019
+0.000210690161974515 +0.000176234065080901
-0.001007367164436908 -0.001002142016130930
-0.000943969403878138 -0.000655984051171564
-0.001386733308698914 -0.001113047076798727
-0.001119624736755146 -0.000875939428886963
-0.000712372522293722 -0.000317487814247548
-0.000791918886798763 -0.000468855645639525
+0.000394549754931836 +0.000105990632107494
+0.000406213086383093 +0.000207315232239201
+0.000844981661438033 +0.000647980715001725
+0.000584950341033122 +0.000099366532303995
+0.000054944042238022 +0.000160193674529259
+0.000138461657063908 -0.000058754128660389
-0.000804046416084479 -0.000602097675820714
-0.000710109242648712 -0.000438890707207247
-0.001273495782831706 -0.000832761043925023
-0.000422778660705698 +0.000014368517519510
-0.000748296004121117 -0.000475682361198030
-0.000014912804902229 +0.000198514656880902
-0.000010516856427013 -0.000143877629069513
-0.000396685833437359 -0.000260898315807163
+0.000723857170436897 +0.000255895713240388
-0.000422345645968840 -0.000621075841403548
+0.000275500833835304 +0.000363796923290580
+0.000075902498383684 -0.000326582031613273
-0.000541718366798279 -0.000224134519925287
+0.000413134791634077 +0.000492842893779292
-0.000367543225447131 -0.000394189746494667
-0.000008609001800733 +0.000333097661372773
-0.000027280123153115 +0.000022743659247684
+0.000085467520454553 +0.000160713317920471
-0.000040573385504163 +0.000002956520482130
+0.000411634773246277 +0.000235323512936768
+0.000277914301331727 -0.000002281357999554
+0.000183748433993033 +0.000171734763818456
+0.000616684576453929 +0.000218155967071778
-0.000191076121007310 -0.000127656153140586
+0.000529241865929719 +0.000453824678379508
-0.000088808370776352 -0.000227031828052932
-0.000200607306301202 +0.000159900098770872
-0.000166389362401967 -0.000132591235793114
-0.000779164829544269 -0.000464689298090259
+0.000015260930053568 +0.000197297611695412
-0.000613038463005569 -0.000611117429305735
-0.000088290116148668 +0.000078939273138260
-0.000228289342412842 -0.000326291299520221
-0.000137095708562962 -0.000130314607990074
+0.000174241930288102 -0.000015877147660804
-0.000095705281917911 -0.000149868401189499
+0.000280887887661185 +0.000120945107573060
-0.000099291551330634 -0.000122171436204525
+0.000269372016670819 +0.000270044693909299
-0.000048907459893516 +0.000012533063202920
+0.000119004999056616 +0.000243136441840391
+0.000048308523923498 +0.000099054316888624
-0.000039865732757319 +0.000070447669662750
+0.000343921035296193 +0.000303880765540075
-0.000196069354793708 -0.000238462330595047
+0.000381283923140415 +0.000354672915689992
-0.000009296881771543 -0.000180303617706873
+0.000202656540678988 +0.000174773468195620
+0.000295066982773999 +0.000088271432005101
-0.000069164389478714 -0.000086695709855470
+0.000237031542814457 +0.000205865151500803
-0.000155843154028045 -0.000139355689569034
+0.000111434672045008 +0.000185749743181108
-0.000260725448267037 -0.000116242242298312
-0.000051679875126383 -0.000045603498820652
-0.000090521189357711 +0.000025492827702640
-0.000152037272001228 -0.000150267260918301
+0.000103356892103278 +0.000008802080090279
-0.000212934516778287 -0.000174603666599825
+0.000172952049844390 +0.000075800066773157
-0.000045495103386264 -0.000140419312920951
+0.000131920348914120 +0.000146655753354722
-0.000013552697370185 -0.000117784926944752
-0.000112080704534846 +0.000006839388201585
+0.000044157952611690 +0.000009778160536329
-0.000163427874984752 -0.000111341007874487
+0.000131197898448918 +0.000197911843549499
-0.000145355529412593 -0.000120116602311928
+0.000204064603729869 +0.000186932960623596
-0.000113557813041495 -0.000072945173858075
-0.000026860107568550 -0.000116777255576924
+0.000022341222224723 +0.000030439315813131
-0.000504987103334575 -0.000540525197784698
+0.000108206623261008 +0.000101862225779327
-0.000214118890099201 -0.000151170310660306
-0.000061247270744807 -0.000146352885190959
+0.000082664066039744 +0.000264936060698862
-0.000165232927083921 -0.000147835708815137
-0.000111595999378313 -0.000147550725116580
-0.000028533810753876 +0.000171424136815311
-0.000094455766186168 -0.000331381655550092
-0.000161511727258375 -0.000025303434892279
+0.000183073047060806 +0.000136777352966647
-0.000333018736916768 -0.000451793487122681
+0.000127461484726810 +0.000260084227931112
-0.000025842988349900 -0.000146826941534839
-0.000213608344423452 -0.000192615964898613
+0.000264152591823497 +0.000366777571294941
-0.000289989657539708 -0.000384279973481033
+0.000027418461496800 +0.000165211175364458
-0.000088495028734755 -0.000066874537365594
-0.000259603989761298 -0.000283917394609978
-0.000025131362718412 +0.000093378918057122
-0.000160269798620660 -0.000188911313571391
-0.000091317489157514 -0.000153309005616505
-0.000057776262019166 +0.000105385781769919
+0.000032453612327898 -0.000182126946828919
-0.000183346552432309 -0.000046808514679798
+0.000146427908066502 +0.000118309640072568
-0.000163853693967202 -0.000273045654126503
-0.000024872907916987 +0.000167272097152768
+0.000039980481072760 -0.000095688733058728
-0.000275817127008179 -0.000176134422138229
+0.000133206673442203 +0.000197955535781259
-0.000246215960775370 -0.000343958979294429
+0.000006307647398958 +0.000144469751255361
-0.000019721087868881 -0.000102336095058645
-0.000129535942073666 -0.000107478270845721
+0.000134243196055005 +0.000120236621078493
-0.000110310260528829 -0.000121743095722548
+0.000111118736403541 +0.000062405792934225
-0.000080834257933863 -0.000036627372273957
+0.000040795396473705 +0.000004269125452272
-0.000106197648050928 -0.000088890257920995
-0.000038551730102358 +0.000013338056723920
-0.000080365039330855 -0.000103342772024526
-0.000180097436885200 -0.000098966488415376
+0.000037154828777314 +0.000024283610765638
-0.000245919950003376 -0.000221426896865090
+0.000063308482608679 +0.000093253571659432
-0.000122926028152480 -0.000177212390517503
-0.000059158962512330 +0.000005151489167398
+0.000052087456756378 -0.000024975520090543
-0.000175343661822059 -0.000127176089541347
+0.000081318925246964 +0.000050709328816195
-0.000174814928574833 -0.000157463262463963
+0.000011657931100508 +0.000032090840869297
-0.000122525286618663 -0.000116904881709541
-0.000037243283664700 -0.000003618794231181
-0.000060713928640221 -0.000059703144961675
-0.000095249770079243 -0.000065547325547161
+0.000046824175429342 +0.000024900560074478
-0.000185242598218779 -0.000160093289531181
+0.000109761941533800 +0.000094625325241821
-0.000156374857496529 -0.000184192535160614
-0.000016887550655244 +0.000035511440355330
+0.000007967568238844 -0.000060937027917924
-0.000201634185824877 -0.000135165301239855
+0.000082165661770586 +0.000066936292661798
-0.000205386268921029 -0.000193318818983945
-0.000012627775401368 +0.000028161388925352
-0.000112882872084203 -0.000110712629257353
-0.000088633436320225 -0.000069501136932952
-0.000071482319686185 -0.000049911769735854
-0.000098053070371367 -0.000098779956861821
-0.000038390385578730 -0.000041040489768812
-0.000142012044140882 -0.000114600178847224
+0.000030505065590269 -0.000001393919001462
-0.000171140092539652 -0.000148261142582447
+0.000010665142725484 +0.000022317634021425
-0.000098716816727324 -0.000125595626588898
-0.000122538084870167 -0.000054251180961515
+0.000023442707432365 -0.000015053373234998
-0.000215069668859664 -0.000166298685664269
+0.000044083973405694 +0.000051899118291261
-0.000169122086404202 -0.000168705089889734
-0.000046087185524278 -0.000015258511892347
-0.000064480104785775 -0.000073276278912469
-0.000130191871575278 -0.000115173899416033
-0.000017349012712868 -0.000016510749581892
-0.000152381305934123 -0.000142219584551867
-0.000026088426561475 -0.000025618011190362
-0.000146735644936799 -0.000125052231276281
-0.000051268348988399 -0.000045500944206750
-0.000126127799564497 -0.000110048768935371
-0.000091438529655984 -0.000060036161428867
-0.000067686872203599 -0.000080915599432590
-0.000160813130153185 -0.000109134092528210
-0.000002219738972617 -0.000023605714797188
-0.000192314353770626 -0.000161668756922144
-0.000009682157684674 -0.000004056961854225
-0.000130621618194281 -0.000138080880575466
-0.000098274537439999 -0.000067381842803020
-0.000044240769573202 -0.000059759263485134
-0.000163446444660862 -0.000136109777523586
-0.000021372795691443 -0.000015947544854465
-0.000165295685995046 -0.000148023725026181
-0.000051230921956345 -0.000035635087573934
-0.000134356120446918 -0.000114322336932613
-0.000095862345525018 -0.000081595671707500
-0.000089087563530560 -0.000082030356565684
-0.000149173694740663 -0.000114008136478635
-0.000043590220343853 -0.000065547321329656
-0.000177124747714385 -0.000130996587562772
-0.000035934252194599 -0.000050253929092963
-0.000157760056869828 -0.000141515498873217
-0.000083888307386970 -0.000054033066492144
-0.000105593760361086 -0.000123250141215969
-0.000146506830920614 -0.000095360056255110
-0.000060005056925310 -0.000070620760708174
-0.000176855878458117 -0.000147371627092436
-0.000046954225033718 -0.000029413855521889
-0.000167805864681439 -0.000162296574804470
-0.000069036161854813 -0.000043449730742251
-0.000122974784804620 -0.000122508175145435
-0.000136367081065635 -0.000114059971325757
-0.000050523399642810 -0.000050726413114426
-0.000196015793994542 -0.000171689676420183
-0.000030594999574750 -0.000033256145288583
-0.000171197520379103 -0.000140405205400290
-0.000096068952294895 -0.000093265209430971
-0.000108677875805766 -0.000088552631209632
-0.000151721046255431 -0.000119882394408180
-0.000091783494600022 -0.000106729467137392
-0.000158968670463059 -0.000098510683176404
-0.000090476416803787 -0.000113526594984728
-0.000175675907748417 -0.000140655431003164
-0.000074143031541679 -0.000049450404165455
-0.000176996817719341 -0.000198160512423367
-0.000108387595250246 -0.000046899838558745
-0.000104567951760628 -0.000129283934085081
-0.000196533369918581 -0.000162242719208894
-0.000037941979964498 -0.000016521557234778
-0.000219750560388157 -0.000222016501467193
-0.000079929350142213 -0.000041915748205144
-0.000146497932451001 -0.000137700087678497
-0.000166896098436169 -0.000151889154827618
-0.000089793843018118 -0.000064435041612569
-0.000188351625482933 -0.000170845618731705
-0.000099054485597324 -0.000098540866143397
-0.000170963663999765 -0.000124721712803378
-0.000110612122087948 -0.000124901831375288
-0.000170954305628183 -0.000139873792217672
-0.000116797512532515 -0.000087640629667998
-0.000153330256986598 -0.000172770258120633
-0.000166958595922156 -0.000099689319772254
-0.000097819341738699 -0.000118440723897848
-0.000225916167055311 -0.000189916804659763
-0.000078651889038217 -0.000046411498206630
-0.000210033296078976 -0.000221189608223113
-0.000139899776374396 -0.000085222440459914
-0.000134561063936830 -0.000138693029299597
-0.000209285691069849 -0.000182780489890810
-0.000096334607670304 -0.000072620093671424
-0.000213730130981771 -0.000201631527557672
-0.000122220686680595 -0.000101789605060012
-0.000180064911784335 -0.000154610125529810
-0.000159242850343232 -0.000146484324567000
-0.000158368380278806 -0.000136141832870663
-0.000183099153661236 -0.000152369097187625
-0.000140574204655065 -0.000137291970653056
-0.000211843314656264 -0.000169379942566865
-0.000120630833451435 -0.000112336090167894
-0.000222965874601907 -0.000201037507194198
-0.000137887350398308 -0.000102223076298012
-0.000183462988363086 -0.000185882289022337
-0.000197882213295609 -0.000150584281171852
-0.000130907042139193 -0.000129583361058038
-0.000237856773939137 -0.000204807944289202
-0.000127732143139338 -0.000107148718280887
-0.000221969157861921 -0.000202505629255846
-0.000168352744198984 -0.000139037669369506
-0.000186396910771481 -0.000167435257686341
-0.000204736967514330 -0.000176153889850155
-0.000164783886170102 -0.000145372328401196
-0.000225584801993803 -0.000194678742938014
-0.000152895795862127 -0.000136671715571960
-0.000236167541954632 -0.000205996004403615
-0.000159030072566457 -0.000135743392277798
-0.000216733315750264 -0.000200187703494763
-0.000203091602144442 -0.000163506363705650
-0.000169455752102534 -0.000163247038864321
-0.000252725111965800 -0.000211469993713180
-0.000147411432965689 -0.000130187556556239
-0.000255299539022161 -0.000229761518594941
-0.000176668696660593 -0.000142228450189610
-0.000221373822661404 -0.000206128800895407
-0.000217134917650250 -0.000178515634643114
-0.000197510819529702 -0.000181957031069051
-0.000236561914875022 -0.000197899537461507
-0.000193055746637925 -0.000180016723362368
-0.000243507160534670 -0.000200261561819047
-0.000197712736453050 -0.000186857763662688
-0.000237961333453202 -0.000196627417596769
-0.000224578291172196 -0.000204840225956094
-0.000204590072781074 -0.000172545902523895
-0.000277182089680499 -0.000250908104660759
-0.000158149622247222 -0.000120266268750873
-0.000324938041085028 -0.000318432448438452
-0.000121356154987456 -0.000043283754748933
-0.000381028764936428 -0.000439870757933864
-0.000497748762073950 -0.000578636031217163
-0.000158926291002607 -0.000062395997173128
-0.000093526448683915 -0.000038048618697648
-0.000255125919022212 -0.000155963914043506
-0.000252626995472169 -0.000074763268437478
-0.000253332968715053 -0.000308847225920539
-0.000257079122579288 -0.000075963166362400
