00000 +1.353
00010 +1.409
00020 +1.515
00030 +1.592
00040 +1.618
00050 +1.598
00060 +1.540
00070 +1.458
00080 +1.369
00090 +1.305
00100 +1.306
00110 +1.391
00120 +1.519
00130 +1.625
00140 +1.669
00150 +1.652
00160 +1.589
00170 +1.502
00180 +1.411
00190 +1.339
00200 +1.306
00210 +1.323
00220 +1.384
00230 +1.462
00240 +1.525
00250 +1.552
00260 +1.537
00270 +1.488
00280 +1.419
00290 +1.348
00300 +1.293
00310 +1.270
00320 +1.289
00330 +1.347
00340 +1.426
00350 +1.505
00360 +1.559
00370 +1.580
00380 +1.567
00390 +1.532
00400 +1.496
00410 +1.483
00420 +1.517
00430 +1.613
00440 +1.768
00450 +1.958
00460 +2.145
00470 +2.295
00480 +2.395
00490 +2.454
00500 +2.498
00510 +2.564
00520 +2.684
00530 +2.874
00540 +3.122
00550 +3.386
00560 +3.615
00570 +3.773
00580 +3.856
00590 +3.882
00600 +3.885
00610 +3.900
00620 +3.951
00630 +4.047
00640 +4.178
00650 +4.321
00660 +4.447
00670 +4.538
00680 +4.588
00690 +4.608
00700 +4.614
00710 +4.630
00720 +4.673
00730 +4.759
00740 +4.894
00750 +5.072
00760 +5.279
00770 +5.497
00780 +5.706
00790 +5.896
00800 +6.066
00810 +6.229
00820 +6.407
00830 +6.626
00840 +6.907
00850 +7.252
00860 +7.633
00870 +7.994
00880 +8.265
00890 +8.397
00900 +8.386
00910 +8.267
00920 +8.093
00930 +7.907
00940 +7.735
00950 +7.578
00960 +7.418
00970 +7.233
00980 +7.008
00990 +6.747
01000 +6.465
01010 +6.183
01020 +5.924
01030 +5.704
01040 +5.534
01050 +5.413
01060 +5.328
01070 +5.258
01080 +5.184
01090 +5.090
01100 +4.974
01110 +4.842
01120 +4.705
01130 +4.581
01140 +4.481
01150 +4.414
01160 +4.379
01170 +4.366
01180 +4.358
01190 +4.338
01200 +4.292
01210 +4.217
01220 +4.117
01230 +4.006
01240 +3.902
01250 +3.822
01260 +3.779
01270 +3.770
01280 +3.782
01290 +3.792
01300 +3.778
01310 +3.730
01320 +3.651
01330 +3.557
01340 +3.470
01350 +3.412
01360 +3.396
01370 +3.420
01380 +3.469
01390 +3.519
01400 +3.549
01410 +3.548
01420 +3.516
01430 +3.467
01440 +3.419
01450 +3.390
01460 +3.392
01470 +3.427
01480 +3.486
01490 +3.553
01500 +3.612
01510 +3.651
01520 +3.668
01530 +3.669
01540 +3.666
01550 +3.674
01560 +3.706
01570 +3.771
01580 +3.867
01590 +3.988
01600 +4.121
01610 +4.250
01620 +4.363
01630 +4.456
01640 +4.530
01650 +4.594
01660 +4.661
01670 +4.744
01680 +4.849
01690 +4.971
01700 +5.099
01710 +5.215
01720 +5.302
01730 +5.355
01740 +5.375
01750 +5.376
01760 +5.375
01770 +5.389
01780 +5.427
01790 +5.492
01800 +5.572
01810 +5.654
01820 +5.722
01830 +5.765
01840 +5.783
01850 +5.783
01860 +5.779
01870 +5.787
01880 +5.819
01890 +5.878
01900 +5.960
01910 +6.052
01920 +6.141
01930 +6.214
01940 +6.265
01950 +6.296
01960 +6.317
01970 +6.340
01980 +6.379
01990 +6.439
02000 +6.522
02010 +6.617
02020 +6.712
02030 +6.792
02040 +6.845
02050 +6.867
02060 +6.863
02070 +6.842
02080 +6.818
02090 +6.802
02100 +6.801
02110 +6.815
02120 +6.836
02130 +6.852
02140 +6.854
02150 +6.834
02160 +6.796
02170 +6.750
02180 +6.708
02190 +6.687
02200 +6.695
02210 +6.736
02220 +6.803
02230 +6.883
02240 +6.962
02250 +7.028
02260 +7.080
02270 +7.121
02280 +7.163
02290 +7.220
02300 +7.303
02310 +7.419
02320 +7.563
02330 +7.724
02340 +7.888
02350 +8.041
02360 +8.174
02370 +8.288
02380 +8.388
02390 +8.486
02400 +8.593
02410 +8.712
02420 +8.842
02430 +8.970
02440 +9.080
02450 +9.157
02460 +9.189
02470 +9.176
02480 +9.125
02490 +9.050
02500 +8.966
02510 +8.885
02520 +8.816
02530 +8.756
02540 +8.701
02550 +8.641
02560 +8.570
02570 +8.485
02580 +8.389
02590 +8.291
02600 +8.201
02610 +8.132
02620 +8.089
02630 +8.073
02640 +8.078
02650 +8.095
02660 +8.111
02670 +8.119
02680 +8.115
02690 +8.102
02700 +8.090
02710 +8.090
02720 +8.110
02730 +8.153
02740 +8.216
02750 +8.288
02760 +8.354
02770 +8.402
02780 +8.424
02790 +8.418
02800 +8.390
02810 +8.350
02820 +8.305
02830 +8.262
02840 +8.220
02850 +8.172
02860 +8.113
02870 +8.039
02880 +7.950
02890 +7.850
02900 +7.747
02910 +7.652
02920 +7.573
02930 +7.514
02940 +7.479
02950 +7.463
02960 +7.459
02970 +7.460
02980 +7.459
02990 +7.450
03000 +7.433
03010 +7.411
03020 +7.392
03030 +7.380
03040 +7.382
03050 +7.397
03060 +7.422
03070 +7.449
03080 +7.470
03090 +7.479
03100 +7.472
03110 +7.450
03120 +7.420
03130 +7.389
03140 +7.363
03150 +7.346
03160 +7.337
03170 +7.329
03180 +7.314
03190 +7.287
03200 +7.242
03210 +7.180
03220 +7.109
03230 +7.035
03240 +6.967
03250 +6.912
03260 +6.872
03270 +6.844
03280 +6.823
03290 +6.804
03300 +6.783
03310 +6.759
03320 +6.736
03330 +6.718
03340 +6.711
03350 +6.718
03360 +6.741
03370 +6.779
03380 +6.827
03390 +6.880
03400 +6.930
03410 +6.974
03420 +7.010
03430 +7.040
03440 +7.066
03450 +7.094
03460 +7.129
03470 +7.171
03480 +7.220
03490 +7.270
03500 +7.317
03510 +7.355
03520 +7.379
03530 +7.390
03540 +7.391
03550 +7.387
03560 +7.383
03570 +7.384
03580 +7.391
03590 +7.400
03600 +7.406
03610 +7.404
03620 +7.388
03630 +7.357
03640 +7.312
03650 +7.258
03660 +7.202
03670 +7.150
03680 +7.103
03690 +7.063
03700 +7.025
03710 +6.984
03720 +6.937
03730 +6.882
03740 +6.820
03750 +6.757
03760 +6.701
03770 +6.658
03780 +6.634
03790 +6.630
03800 +6.646
03810 +6.677
03820 +6.721
03830 +6.772
03840 +6.828
03850 +6.891
03860 +6.962
03870 +7.042
03880 +7.134
03890 +7.237
03900 +7.349
03910 +7.465
03920 +7.579
03930 +7.683
03940 +7.773
03950 +7.846
03960 +7.902
03970 +7.945
03980 +7.978
03990 +8.007
04000 +8.032
04010 +8.053
04020 +8.066
04030 +8.067
04040 +8.050
04050 +8.015
04060 +7.961
04070 +7.895
04080 +7.823
04090 +7.751
04100 +7.683
04110 +7.621
04120 +7.563
04130 +7.506
04140 +7.447
04150 +7.384
04160 +7.319
04170 +7.254
04180 +7.196
04190 +7.150
04200 +7.120
04210 +7.108
04220 +7.112
04230 +7.130
04240 +7.157
04250 +7.188
04260 +7.222
04270 +7.256
04280 +7.292
04290 +7.332
04300 +7.378
04310 +7.432
04320 +7.493
04330 +7.558
04340 +7.623
04350 +7.682
04360 +7.732
04370 +7.769
04380 +7.792
04390 +7.805
04400 +7.811
04410 +7.815
04420 +7.820
04430 +7.825
04440 +7.828
04450 +7.826
04460 +7.815
04470 +7.792
04480 +7.758
04490 +7.715
04500 +7.668
04510 +7.625
04520 +7.588
04530 +7.561
04540 +7.542
04550 +7.528
04560 +7.517
04570 +7.504
04580 +7.489
04590 +7.475
04600 +7.464
04610 +7.462
04620 +7.472
04630 +7.496
04640 +7.534
04650 +7.583
04660 +7.639
04670 +7.698
04680 +7.757
04690 +7.815
04700 +7.873
04710 +7.934
04720 +7.998
04730 +8.070
04740 +8.148
04750 +8.232
04760 +8.318
04770 +8.402
04780 +8.479
04790 +8.546
04800 +8.602
04810 +8.648
04820 +8.688
04830 +8.725
04840 +8.761
04850 +8.799
04860 +8.836
04870 +8.870
04880 +8.896
04890 +8.911
04900 +8.916
04910 +8.911
04920 +8.902
04930 +8.893
04940 +8.890
04950 +8.896
04960 +8.910
04970 +8.931
04980 +8.954
04990 +8.977
05000 +8.998
05010 +9.018
05020 +9.038
05030 +9.064
05040 +9.098
05050 +9.143
05060 +9.197
05070 +9.260
05080 +9.327
05090 +9.393
05100 +9.457
05110 +9.515
05120 +9.568
05130 +9.618
05140 +9.666
05150 +9.714
05160 +9.765
05170 +9.817
05180 +9.868
05190 +9.914
05200 +9.952
05210 +9.979
05220 +9.994
05230 +9.997
05240 +9.991
05250 +9.980
05260 +9.969
05270 +9.958
05280 +9.949
05290 +9.940
05300 +9.928
05310 +9.909
05320 +9.883
05330 +9.850
05340 +9.814
05350 +9.781
05360 +9.755
05370 +9.739
05380 +9.735
05390 +9.742
05400 +9.754
05410 +9.770
05420 +9.786
05430 +9.801
05440 +9.817
05450 +9.836
05460 +9.862
05470 +9.896
05480 +9.940
05490 +9.990
05500 +10.044
05510 +10.098
05520 +10.147
05530 +10.190
05540 +10.224
05550 +10.252
05560 +10.275
05570 +10.295
05580 +10.316
05590 +10.337
05600 +10.358
05610 +10.375
05620 +10.386
05630 +10.387
05640 +10.377
05650 +10.357
05660 +10.329
05670 +10.298
05680 +10.268
05690 +10.242
05700 +10.222
05710 +10.207
05720 +10.194
05730 +10.181
05740 +10.165
05750 +10.146
05760 +10.125
05770 +10.109
05780 +10.101
05790 +10.104
05800 +10.122
05810 +10.152
05820 +10.192
05830 +10.236
05840 +10.282
05850 +10.325
05860 +10.367
05870 +10.408
05880 +10.453
05890 +10.503
05900 +10.559
05910 +10.621
05920 +10.687
05930 +10.750
05940 +10.809
05950 +10.857
05960 +10.895
05970 +10.923
05980 +10.942
05990 +10.957
06000 +10.969
06010 +10.982
06020 +10.996
06030 +11.007
06040 +11.014
06050 +11.012
06060 +11.000
06070 +10.978
06080 +10.948
06090 +10.914
06100 +10.880
06110 +10.853
06120 +10.833
06130 +10.821
06140 +10.813
06150 +10.807
06160 +10.798
06170 +10.785
06180 +10.769
06190 +10.753
06200 +10.742
06210 +10.740
06220 +10.750
06230 +10.770
06240 +10.799
06250 +10.831
06260 +10.861
06270 +10.886
06280 +10.903
06290 +10.914
06300 +10.922
06310 +10.931
06320 +10.944
06330 +10.961
06340 +10.980
06350 +10.998
06360 +11.010
06370 +11.012
06380 +11.001
06390 +10.979
06400 +10.949
06410 +10.913
06420 +10.878
06430 +10.847
06440 +10.820
06450 +10.797
06460 +10.775
06470 +10.750
06480 +10.720
06490 +10.683
06500 +10.643
06510 +10.603
06520 +10.567
06530 +10.542
06540 +10.531
06550 +10.532
06560 +10.544
06570 +10.562
06580 +10.581
06590 +10.599
06600 +10.614
06610 +10.628
06620 +10.645
06630 +10.670
06640 +10.705
06650 +10.750
06660 +10.804
06670 +10.861
06680 +10.915
06690 +10.961
06700 +10.997
06710 +11.023
06720 +11.041
06730 +11.056
06740 +11.072
06750 +11.092
06760 +11.116
06770 +11.139
06780 +11.159
06790 +11.170
06800 +11.170
06810 +11.158
06820 +11.135
06830 +11.108
06840 +11.082
06850 +11.062
06860 +11.049
06870 +11.045
06880 +11.045
06890 +11.046
06900 +11.044
06910 +11.037
06920 +11.027
06930 +11.015
06940 +11.008
06950 +11.011
06960 +11.028
06970 +11.059
06980 +11.102
06990 +11.153
07000 +11.205
07010 +11.255
07020 +11.300
07030 +11.341
07040 +11.380
07050 +11.423
07060 +11.472
07070 +11.530
07080 +11.595
07090 +11.663
07100 +11.730
07110 +11.788
07120 +11.835
07130 +11.869
07140 +11.892
07150 +11.909
07160 +11.925
07170 +11.946
07180 +11.972
07190 +12.003
07200 +12.035
07210 +12.063
07220 +12.084
07230 +12.095
07240 +12.098
07250 +12.098
07260 +12.100
07270 +12.110
07280 +12.132
07290 +12.168
07300 +12.216
07310 +12.270
07320 +12.326
07330 +12.381
07340 +12.432
07350 +12.481
07360 +12.533
07370 +12.590
07380 +12.658
07390 +12.739
07400 +12.830
07410 +12.928
07420 +13.027
07430 +13.120
07440 +13.203
07450 +13.273
07460 +13.333
07470 +13.385
07480 +13.435
07490 +13.487
07500 +13.543
07510 +13.602
07520 +13.659
07530 +13.709
07540 +13.747
07550 +13.770
07560 +13.779
07570 +13.778
07580 +13.773
07590 +13.773
07600 +13.782
07610 +13.803
07620 +13.833
07630 +13.869
07640 +13.905
07650 +13.937
07660 +13.964
07670 +13.989
07680 +14.016
07690 +14.054
07700 +14.108
07710 +14.181
07720 +14.274
07730 +14.382
07740 +14.500
07750 +14.620
07760 +14.737
07770 +14.848
07780 +14.954
07790 +15.058
07800 +15.165
07810 +15.278
07820 +15.397
07830 +15.519
07840 +15.638
07850 +15.744
07860 +15.827
07870 +15.882
07880 +15.906
07890 +15.903
07900 +15.881
07910 +15.848
07920 +15.813
07930 +15.777
07940 +15.739
07950 +15.693
07960 +15.633
07970 +15.553
07980 +15.452
07990 +15.335
08000 +15.210
08010 +15.090
08020 +14.983
08030 +14.895
08040 +14.826
08050 +14.769
08060 +14.717
08070 +14.662
08080 +14.600
08090 +14.531
08100 +14.461
08110 +14.399
08120 +14.351
08130 +14.325
08140 +14.321
08150 +14.333
08160 +14.353
08170 +14.372
08180 +14.381
08190 +14.376
08200 +14.357
08210 +14.330
08220 +14.301
08230 +14.276
08240 +14.259
08250 +14.249
08260 +14.238
08270 +14.219
08280 +14.183
08290 +14.124
08300 +14.041
08310 +13.938
08320 +13.823
08330 +13.705
08340 +13.593
08350 +13.491
08360 +13.397
08370 +13.306
08380 +13.210
08390 +13.102
08400 +12.979
08410 +12.843
08420 +12.700
08430 +12.562
08440 +12.438
08450 +12.334
08460 +12.250
08470 +12.184
08480 +12.127
08490 +12.073
08500 +12.016
08510 +11.955
08520 +11.893
08530 +11.838
08540 +11.797
08550 +11.778
08560 +11.781
08570 +11.803
08580 +11.838
08590 +11.877
08600 +11.912
08610 +11.939
08620 +11.955
08630 +11.962
08640 +11.965
08650 +11.968
08660 +11.975
08670 +11.986
08680 +11.998
08690 +12.006
08700 +12.003
08710 +11.984
08720 +11.946
08730 +11.892
08740 +11.826
08750 +11.754
08760 +11.685
08770 +11.624
08780 +11.572
08790 +11.529
08800 +11.491
08810 +11.454
08820 +11.415
08830 +11.374
08840 +11.333
08850 +11.297
08860 +11.273
08870 +11.266
08880 +11.278
08890 +11.309
08900 +11.356
08910 +11.415
08920 +11.481
08930 +11.552
08940 +11.624
08950 +11.697
08960 +11.772
08970 +11.850
08980 +11.932
08990 +12.020
09000 +12.112
09010 +12.205
09020 +12.293
09030 +12.373
09040 +12.437
09050 +12.483
09060 +12.510
09070 +12.520
09080 +12.515
09090 +12.502
09100 +12.482
09110 +12.456
09120 +12.425
09130 +12.386
09140 +12.335
09150 +12.271
09160 +12.194
09170 +12.106
09180 +12.012
09190 +11.916
09200 +11.823
09210 +11.737
09220 +11.658
09230 +11.585
09240 +11.517
09250 +11.451
09260 +11.385
09270 +11.320
09280 +11.255
09290 +11.194
09300 +11.137
09310 +11.087
09320 +11.044
09330 +11.010
09340 +10.981
09350 +10.956
09360 +10.931
09370 +10.904
09380 +10.872
09390 +10.834
09400 +10.791
09410 +10.744
09420 +10.693
09430 +10.641
09440 +10.587
09450 +10.530
09460 +10.468
09470 +10.400
09480 +10.322
09490 +10.235
09500 +10.137
09510 +10.032
09520 +9.919
09530 +9.802
09540 +9.682
09550 +9.560
09560 +9.436
09570 +9.311
09580 +9.184
09590 +9.054
09600 +8.923
09610 +8.789
09620 +8.655
09630 +8.520
09640 +8.388
09650 +8.259
09660 +8.135
09670 +8.017
09680 +7.907
09690 +7.804
09700 +7.709
09710 +7.620
09720 +7.537
09730 +7.458
09740 +7.382
09750 +7.312
09760 +7.247
09770 +7.189
09780 +7.140
09790 +7.100
09800 +7.067
09810 +7.040
09820 +7.017
09830 +6.992
09840 +6.965
09850 +6.933
09860 +6.898
09870 +6.859
09880 +6.818
09890 +6.776
09900 +6.733
09910 +6.686
09920 +6.635
09930 +6.577
09940 +6.509
09950 +6.431
09960 +6.341
09970 +6.242
09980 +6.135
09990 +6.022
10000 +5.905
10010 +5.786
10020 +5.666
10030 +5.544
10040 +5.419
10050 +5.292
10060 +5.160
10070 +5.024
10080 +4.885
10090 +4.744
10100 +4.605
10110 +4.471
10120 +4.343
10130 +4.224
10140 +4.112
10150 +4.007
10160 +3.905
10170 +3.803
10180 +3.700
10190 +3.595
10200 +3.490
10210 +3.388
10220 +3.291
10230 +3.202
10240 +3.119
10250 +3.040
10260 +2.960
10270 +2.874
10280 +2.779
10290 +2.672
10300 +2.552
10310 +2.423
10320 +2.285
10330 +2.143
10340 +1.999
10350 +1.851
10360 +1.697
10370 +1.534
10380 +1.358
10390 +1.164
10400 +0.954
10410 +0.729
10420 +0.494
10430 +0.256
10440 +0.023
10450 -0.200
10460 -0.410
10470 -0.608
10480 -0.799
10490 -0.985
10500 -1.169
10510 -1.350
10520 -1.520
10530 -1.671
10540 -1.792
10550 -1.876
10560 -1.924
10570 -1.939
10580 -1.933
10590 -1.916
10600 -1.896
10610 -1.876
10620 -1.853
10630 -1.822
10640 -1.775
10650 -1.709
10660 -1.625
10670 -1.528
10680 -1.428
10690 -1.337
10700 -1.261
10710 -1.203
10720 -1.163
10730 -1.133
10740 -1.107
10750 -1.078
10760 -1.041
10770 -0.999
10780 -0.958
10790 -0.925
10800 -0.908
10810 -0.911
10820 -0.934
10830 -0.971
10840 -1.013
10850 -1.047
10860 -1.067
10870 -1.066
10880 -1.047
10890 -1.014
10900 -0.975
10910 -0.934
10920 -0.892
10930 -0.841
10940 -0.772
10950 -0.671
10960 -0.530
10970 -0.344
10980 -0.119
10990 +0.133
11000 +0.398
11010 +0.663
11020 +0.922
11030 +1.172
11040 +1.417
11050 +1.663
11060 +1.916
11070 +2.176
11080 +2.439
11090 +2.696
11100 +2.938
11110 +3.155
11120 +3.340
11130 +3.493
11140 +3.618
11150 +3.724
11160 +3.818
11170 +3.908
11180 +3.997
11190 +4.081
11200 +4.155
11210 +4.212
11220 +4.244
11230 +4.248
11240 +4.229
11250 +4.191
11260 +4.146
11270 +4.102
11280 +4.066
11290 +4.040
11300 +4.019
11310 +3.997
11320 +3.965
11330 +3.918
11340 +3.856
11350 +3.785
11360 +3.714
11370 +3.656
11380 +3.618
11390 +3.605
11400 +3.615
11410 +3.640
11420 +3.671
11430 +3.700
11440 +3.724
11450 +3.744
11460 +3.768
11470 +3.805
11480 +3.864
11490 +3.948
11500 +4.054
11510 +4.175
11520 +4.299
11530 +4.416
11540 +4.520
11550 +4.608
11560 +4.685
11570 +4.759
11580 +4.837
11590 +4.925
11600 +5.025
11610 +5.132
11620 +5.238
11630 +5.333
11640 +5.409
11650 +5.464
11660 +5.500
11670 +5.524
11680 +5.545
11690 +5.575
11700 +5.616
11710 +5.670
11720 +5.731
11730 +5.790
11740 +5.837
11750 +5.868
11760 +5.883
11770 +5.889
11780 +5.894
11790 +5.912
11800 +5.948
11810 +6.005
11820 +6.079
11830 +6.160
11840 +6.238
11850 +6.306
11860 +6.362
11870 +6.408
11880 +6.453
11890 +6.506
11900 +6.577
11910 +6.667
11920 +6.773
11930 +6.886
11940 +6.998
11950 +7.097
11960 +7.180
11970 +7.247
11980 +7.303
11990 +7.358
12000 +7.419
12010 +7.493
12020 +7.578
12030 +7.670
12040 +7.760
12050 +7.839
12060 +7.901
12070 +7.943
12080 +7.970
12090 +7.989
12100 +8.010
12110 +8.040
12120 +8.083
12130 +8.138
12140 +8.198
12150 +8.254
12160 +8.299
12170 +8.327
12180 +8.339
12190 +8.342
12200 +8.346
12210 +8.360
12220 +8.390
12230 +8.437
12240 +8.497
12250 +8.560
12260 +8.616
12270 +8.658
12280 +8.685
12290 +8.700
12300 +8.712
12310 +8.731
12320 +8.764
12330 +8.813
12340 +8.876
12350 +8.945
12360 +9.009
12370 +9.059
12380 +9.093
12390 +9.110
12400 +9.118
12410 +9.126
12420 +9.143
12430 +9.174
12440 +9.219
12450 +9.271
12460 +9.324
12470 +9.366
12480 +9.394
12490 +9.405
12500 +9.404
12510 +9.399
12520 +9.401
12530 +9.416
12540 +9.448
12550 +9.494
12560 +9.549
12570 +9.602
12580 +9.647
12590 +9.680
12600 +9.702
12610 +9.720
12620 +9.743
12630 +9.780
12640 +9.838
12650 +9.916
12660 +10.009
12670 +10.108
12680 +10.204
12690 +10.288
12700 +10.359
12710 +10.419
12720 +10.475
12730 +10.535
12740 +10.606
12750 +10.690
12760 +10.786
12770 +10.883
12780 +10.972
12790 +11.044
12800 +11.091
12810 +11.115
12820 +11.121
12830 +11.120
12840 +11.120
12850 +11.130
12860 +11.150
12870 +11.176
12880 +11.200
12890 +11.210
12900 +11.200
12910 +11.168
12920 +11.117
12930 +11.059
12940 +11.004
12950 +10.962
12960 +10.938
12970 +10.931
12980 +10.932
12990 +10.931
13000 +10.918
13010 +10.889
13020 +10.846
13030 +10.796
13040 +10.750
13050 +10.721
13060 +10.716
13070 +10.734
13080 +10.771
13090 +10.815
13100 +10.856
13110 +10.887
13120 +10.905
13130 +10.914
13140 +10.923
13150 +10.942
13160 +10.980
13170 +11.038
13180 +11.114
13190 +11.198
13200 +11.279
13210 +11.344
13220 +11.389
13230 +11.412
13240 +11.419
13250 +11.420
13260 +11.427
13270 +11.446
13280 +11.479
13290 +11.520
13300 +11.561
13310 +11.589
13320 +11.594
13330 +11.575
13340 +11.535
13350 +11.484
13360 +11.435
13370 +11.401
13380 +11.386
13390 +11.389
13400 +11.401
13410 +11.410
13420 +11.405
13430 +11.378
13440 +11.330
13450 +11.271
13460 +11.213
13470 +11.169
13480 +11.147
13490 +11.149
13500 +11.168
13510 +11.192
13520 +11.209
13530 +11.209
13540 +11.189
13550 +11.154
13560 +11.114
13570 +11.082
13580 +11.069
13590 +11.078
13600 +11.107
13610 +11.145
13620 +11.181
13630 +11.202
13640 +11.201
13650 +11.178
13660 +11.139
13670 +11.096
13680 +11.061
13690 +11.045
13700 +11.049
13710 +11.067
13720 +11.089
13730 +11.102
13740 +11.093
13750 +11.059
13760 +11.004
13770 +10.940
13780 +10.881
13790 +10.840
13800 +10.825
13810 +10.833
13820 +10.854
13830 +10.874
13840 +10.879
13850 +10.863
13860 +10.826
13870 +10.776
13880 +10.728
13890 +10.696
13900 +10.688
13910 +10.705
13920 +10.739
13930 +10.779
13940 +10.810
13950 +10.822
13960 +10.811
13970 +10.781
13980 +10.743
13990 +10.709
14000 +10.690
14010 +10.692
14020 +10.714
14030 +10.746
14040 +10.775
14050 +10.788
14060 +10.777
14070 +10.741
14080 +10.685
14090 +10.623
14100 +10.569
14110 +10.536
14120 +10.526
14130 +10.536
14140 +10.553
14150 +10.563
14160 +10.552
14170 +10.516
14180 +10.457
14190 +10.388
14200 +10.325
14210 +10.284
14220 +10.273
14230 +10.290
14240 +10.324
14250 +10.360
14260 +10.381
14270 +10.381
14280 +10.358
14290 +10.321
14300 +10.286
14310 +10.267
14320 +10.274
14330 +10.307
14340 +10.359
14350 +10.417
14360 +10.466
14370 +10.494
14380 +10.497
14390 +10.477
14400 +10.445
14410 +10.414
14420 +10.395
14430 +10.397
14440 +10.417
14450 +10.447
14460 +10.474
14470 +10.484
14480 +10.466
14490 +10.420
14500 +10.351
14510 +10.272
14520 +10.199
14530 +10.145
14540 +10.115
14550 +10.106
14560 +10.104
14570 +10.095
14580 +10.064
14590 +10.008
14600 +9.927
14610 +9.837
14620 +9.752
14630 +9.689
14640 +9.657
14650 +9.652
14660 +9.664
14670 +9.679
14680 +9.681
14690 +9.663
14700 +9.625
14710 +9.576
14720 +9.527
14730 +9.493
14740 +9.483
14750 +9.496
14760 +9.528
14770 +9.566
14780 +9.599
14790 +9.615
14800 +9.610
14810 +9.585
14820 +9.547
14830 +9.508
14840 +9.480
14850 +9.470
14860 +9.480
14870 +9.504
14880 +9.531
14890 +9.548
14900 +9.544
14910 +9.514
14920 +9.464
14930 +9.403
14940 +9.348
14950 +9.313
14960 +9.303
14970 +9.317
14980 +9.342
14990 +9.365
15000 +9.370
15010 +9.352
15020 +9.309
15030 +9.253
15040 +9.197
15050 +9.158
15060 +9.144
15070 +9.155
15080 +9.181
15090 +9.208
15100 +9.222
15110 +9.214
15120 +9.179
15130 +9.125
15140 +9.062
15150 +9.004
15160 +8.963
15170 +8.942
15180 +8.938
15190 +8.940
15200 +8.935
15210 +8.912
15220 +8.864
15230 +8.791
15240 +8.702
15250 +8.608
15260 +8.526
15270 +8.465
15280 +8.427
15290 +8.408
15300 +8.394
15310 +8.373
15320 +8.333
15330 +8.271
15340 +8.193
15350 +8.111
15360 +8.043
15370 +8.002
15380 +7.995
15390 +8.016
15400 +8.054
15410 +8.092
15420 +8.118
15430 +8.126
15440 +8.120
15450 +8.109
15460 +8.108
15470 +8.129
15480 +8.177
15490 +8.248
15500 +8.331
15510 +8.413
15520 +8.481
15530 +8.527
15540 +8.552
15550 +8.560
15560 +8.561
15570 +8.565
15580 +8.581
15590 +8.611
15600 +8.649
15610 +8.686
15620 +8.709
15630 +8.712
15640 +8.688
15650 +8.642
15660 +8.581
15670 +8.519
15680 +8.470
15690 +8.444
15700 +8.438
15710 +8.446
15720 +8.454
15730 +8.452
15740 +8.433
15750 +8.402
15760 +8.368
15770 +8.348
15780 +8.358
15790 +8.405
15800 +8.486
15810 +8.589
15820 +8.698
15830 +8.801
15840 +8.894
15850 +8.980
15860 +9.069
15870 +9.170
15880 +9.294
15890 +9.442
15900 +9.606
15910 +9.775
15920 +9.937
15930 +10.083
15940 +10.210
15950 +10.320
15960 +10.418
15970 +10.513
15980 +10.610
15990 +10.713
16000 +10.820
16010 +10.923
16020 +11.017
16030 +11.095
16040 +11.154
16050 +11.197
16060 +11.229
16070 +11.260
16080 +11.300
16090 +11.356
16100 +11.429
16110 +11.517
16120 +11.609
16130 +11.698
16140 +11.781
16150 +11.861
16160 +11.945
16170 +12.046
16180 +12.173
16190 +12.334
16200 +12.524
16210 +12.732
16220 +12.943
16230 +13.147
16240 +13.340
16250 +13.527
16260 +13.716
16270 +13.919
16280 +14.140
16290 +14.377
16300 +14.623
16310 +14.860
16320 +15.075
16330 +15.259
16340 +15.411
16350 +15.536
16360 +15.644
16370 +15.742
16380 +15.835
16390 +15.922
16400 +15.997
16410 +16.050
16420 +16.074
16430 +16.064
16440 +16.024
16450 +15.963
16460 +15.891
16470 +15.819
16480 +15.755
16490 +15.703
16500 +15.664
16510 +15.633
16520 +15.604
16530 +15.571
16540 +15.534
16550 +15.495
16560 +15.462
16570 +15.442
16580 +15.443
16590 +15.470
16600 +15.519
16610 +15.584
16620 +15.650
16630 +15.704
16640 +15.739
16650 +15.754
16660 +15.754
16670 +15.746
16680 +15.736
16690 +15.727
16700 +15.716
16710 +15.696
16720 +15.660
16730 +15.602
16740 +15.517
16750 +15.407
16760 +15.278
16770 +15.135
16780 +14.986
16790 +14.834
16800 +14.683
16810 +14.534
16820 +14.389
16830 +14.245
16840 +14.101
16850 +13.954
16860 +13.802
16870 +13.648
16880 +13.492
16890 +13.342
16900 +13.204
16910 +13.087
16920 +12.998
16930 +12.942
16940 +12.914
16950 +12.904
16960 +12.900
16970 +12.893
16980 +12.881
16990 +12.872
17000 +12.877
17010 +12.908
17020 +12.977
17030 +13.081
17040 +13.208
17050 +13.340
17060 +13.455
17070 +13.541
17080 +13.597
17090 +13.628
17100 +13.647
17110 +13.665
17120 +13.690
17130 +13.723
17140 +13.758
17150 +13.785
17160 +13.789
17170 +13.761
17180 +13.697
17190 +13.599
17200 +13.476
17210 +13.340
17220 +13.204
17230 +13.080
17240 +12.979
17250 +12.901
17260 +12.842
17270 +12.788
17280 +12.724
17290 +12.639
17300 +12.536
17310 +12.426
17320 +12.334
17330 +12.287
17340 +12.314
17350 +12.430
17360 +12.625
17370 +12.867
17380 +13.113
17390 +13.333
17400 +13.520
17410 +13.691
17420 +13.877
17430 +14.110
17440 +14.405
17450 +14.755
17460 +15.124
17470 +15.466
17480 +15.737
17490 +15.919
17500 +16.014
17510 +16.045
17520 +16.039
17530 +16.018
17540 +15.998
17550 +15.986
17560 +15.979
17570 +15.963
17580 +15.923
17590 +15.844
17600 +15.716
17610 +15.541
17620 +15.331
17630 +15.108
17640 +14.899
17650 +14.732
17660 +14.630
17670 +14.606
17680 +14.651
17690 +14.734
17700 +14.817
17710 +14.874
17720 +14.904
17730 +14.941
17740 +15.037
17750 +15.250
17760 +15.617
17770 +16.133
17780 +16.737
17790 +17.331
17800 +17.820
17810 +18.159
17820 +18.361
17830 +18.477
17840 +18.558
17850 +18.636
17860 +18.716
17870 +18.780
17880 +18.802
17890 +18.759
17900 +18.644
17910 +18.461
17920 +18.226
17930 +17.960
17940 +17.683
17950 +17.414
17960 +17.169
17970 +16.962
17980 +16.803
17990 +16.691
18000 +16.616
18010 +16.555
18020 +16.480
18030 +16.367
18040 +16.210
18050 +16.025
18060 +15.850
18070 +15.733
18080 +15.734
18090 +15.909
18100 +16.284
18110 +16.832
18120 +17.462
18130 +18.056
18140 +18.550
18150 +18.971
18160 +19.418
18170 +20.009
18180 +20.821
18190 +21.829
18200 +22.857
18210 +23.615
18220 +23.896
18230 +23.756
18240 +23.411
18250 +23.047
18260 +22.765
18270 +22.604
18280 +22.572
18290 +22.660
18300 +22.845
18310 +23.095
18320 +23.368
18330 +23.620
18340 +23.821
18350 +23.962
18360 +24.062
18370 +24.157
18380 +24.293
18390 +24.511
18400 +24.835
18410 +25.258
18420 +25.719
18430 +26.093
18440 +26.215
18450 +25.945
18460 +25.218
18470 +24.045
18480 +22.502
18490 +20.728
18500 +18.915
18510 +17.278
18520 +16.005
18530 +15.189
18540 +14.800
18550 +14.731
18560 +14.869
18570 +15.135
18580 +15.479
18590 +15.875
18600 +16.309
18610 +16.770
18620 +17.254
18630 +17.765
18640 +18.307
18650 +18.890
18660 +19.523
18670 +20.212
18680 +20.954
18690 +21.728
18700 +22.474
18710 +23.084
18720 +23.414
18730 +23.367
18740 +22.978
18750 +22.398
18760 +21.782
18770 +21.215
18780 +20.699
18790 +20.178
18800 +19.572
18810 +18.819
18820 +17.912
18830 +16.904
18840 +15.887
18850 +14.947
18860 +14.145
18870 +13.497
18880 +12.981
18890 +12.541
18900 +12.117
18910 +11.658
18920 +11.148
18930 +10.618
18940 +10.138
18950 +9.794
18960 +9.651
18970 +9.730
18980 +10.004
18990 +10.422
19000 +10.928
19010 +11.476
19020 +12.034
19030 +12.584
19040 +13.120
19050 +13.644
19060 +14.164
19070 +14.688
19080 +15.221
19090 +15.760
19100 +16.292
19110 +16.789
19120 +17.214
19130 +17.528
19140 +17.704
19150 +17.741
19160 +17.675
19170 +17.558
19180 +17.444
19190 +17.363
19200 +17.320
19210 +17.292
19220 +17.245
19230 +17.141
19240 +16.958
19250 +16.701
19260 +16.399
19270 +16.098
19280 +15.839
19290 +15.649
19300 +15.533
19310 +15.477
19320 +15.454
19330 +15.434
19340 +15.395
19350 +15.333
19360 +15.264
19370 +15.219
19380 +15.233
19390 +15.333
19400 +15.532
19410 +15.824
19420 +16.189
19430 +16.592
19440 +16.993
19450 +17.355
19460 +17.651
19470 +17.874
19480 +18.041
19490 +18.180
19500 +18.319
19510 +18.473
19520 +18.638
19530 +18.792
19540 +18.902
19550 +18.937
19560 +18.884
19570 +18.754
19580 +18.583
19590 +18.412
19600 +18.277
19610 +18.197
19620 +18.168
19630 +18.170
19640 +18.173
19650 +18.144
19660 +18.063
19670 +17.931
19680 +17.767
19690 +17.604
19700 +17.471
19710 +17.389
19720 +17.360
19730 +17.373
19740 +17.403
19750 +17.419
19760 +17.398
19770 +17.330
19780 +17.226
19790 +17.109
19800 +17.008
19810 +16.946
19820 +16.933
19830 +16.965
19840 +17.025
19850 +17.086
19860 +17.122
19870 +17.117
19880 +17.071
19890 +17.002
19900 +16.935
19910 +16.895
19920 +16.898
19930 +16.947
19940 +17.031
19950 +17.129
19960 +17.214
19970 +17.263
19980 +17.269
19990 +17.243
20000 +17.204
20010 +17.180
20020 +17.191
20030 +17.244
20040 +17.335
20050 +17.444
20060 +17.542
20070 +17.600
20080 +17.600
20090 +17.543
20100 +17.442
20110 +17.316
20120 +17.175
20130 +17.015
20140 +16.824
20150 +16.593
20160 +16.334
20170 +16.084
20180 +15.892
20190 +15.789
20200 +15.780
20210 +15.855
20220 +15.998
20230 +16.195
20240 +16.430
20250 +16.688
20260 +16.951
20270 +17.197
20280 +17.404
20290 +17.555
20300 +17.648
20310 +17.697
20320 +17.727
20330 +17.764
20340 +17.830
20350 +17.933
20360 +18.064
20370 +18.205
20380 +18.324
20390 +18.396
20400 +18.406
20410 +18.362
20420 +18.287
20430 +18.214
20440 +18.170
20450 +18.169
20460 +18.211
20470 +18.280
20480 +18.346
20490 +18.375
20500 +18.342
20510 +18.243
20520 +18.097
20530 +17.938
20540 +17.795
20550 +17.691
20560 +17.634
20570 +17.622
20580 +17.631
20590 +17.628
20600 +17.573
20610 +17.443
20620 +17.242
20630 +16.991
20640 +16.720
20650 +16.460
20660 +16.256
20670 +16.215
20680 +16.519
20690 +17.248
20700 +18.050
20710 +18.514
20720 +18.651
20730 +18.634
20740 +18.569
20750 +18.499
20760 +18.434
20770 +18.374
20780 +18.310
20790 +18.234
20800 +18.135
20810 +18.009
20820 +17.854
20830 +17.684
20840 +17.521
20850 +17.393
20860 +17.321
20870 +17.306
20880 +17.335
20890 +17.381
20900 +17.417
20910 +17.420
20920 +17.375
20930 +17.287
20940 +17.177
20950 +17.076
20960 +17.016
20970 +17.013
20980 +17.068
20990 +17.162
21000 +17.267
21010 +17.353
21020 +17.393
21030 +17.376
21040 +17.313
21050 +17.233
21060 +17.174
21070 +17.167
21080 +17.224
21090 +17.340
21100 +17.491
21110 +17.644
21120 +17.760
21130 +17.813
21140 +17.795
21150 +17.727
21160 +17.651
21170 +17.612
21180 +17.637
21190 +17.732
21200 +17.880
21210 +18.042
21220 +18.168
21230 +18.212
21240 +18.149
21250 +17.993
21260 +17.794
21270 +17.608
21280 +17.476
21290 +17.409
21300 +17.396
21310 +17.405
21320 +17.396
21330 +17.334
21340 +17.204
21350 +17.017
21360 +16.806
21370 +16.615
21380 +16.477
21390 +16.413
21400 +16.424
21410 +16.497
21420 +16.608
21430 +16.722
21440 +16.802
21450 +16.823
21460 +16.784
21470 +16.708
21480 +16.636
21490 +16.606
21500 +16.647
21510 +16.764
21520 +16.947
21530 +17.162
21540 +17.361
21550 +17.490
21560 +17.517
21570 +17.452
21580 +17.342
21590 +17.247
21600 +17.216
21610 +17.271
21620 +17.405
21630 +17.585
21640 +17.751
21650 +17.834
21660 +17.790
21670 +17.625
21680 +17.395
21690 +17.173
21700 +17.014
21710 +16.947
21720 +16.973
21730 +17.071
21740 +17.199
21750 +17.305
21760 +17.344
21770 +17.297
21780 +17.184
21790 +17.051
21800 +16.953
21810 +16.931
21820 +17.010
21830 +17.190
21840 +17.453
21850 +17.751
21860 +18.014
21870 +18.174
21880 +18.199
21890 +18.116
21900 +17.997
21910 +17.918
21920 +17.934
21930 +18.071
21940 +18.322
21950 +18.637
21960 +18.925
21970 +19.075
21980 +19.018
21990 +18.778
22000 +18.452
22010 +18.148
22020 +17.940
22030 +17.860
22040 +17.901
22050 +18.019
22060 +18.135
22070 +18.157
22080 +18.020
22090 +17.733
22100 +17.364
22110 +17.005
22120 +16.723
22130 +16.559
22140 +16.527
22150 +16.616
22160 +16.792
22170 +16.992
22180 +17.139
22190 +17.168
22200 +17.068
22210 +16.884
22220 +16.689
22230 +16.556
22240 +16.539
22250 +16.665
22260 +16.935
22270 +17.308
22280 +17.694
22290 +17.971
22300 +18.041
22310 +17.901
22320 +17.643
22330 +17.390
22340 +17.241
22350 +17.255
22360 +17.450
22370 +17.791
22380 +18.180
22390 +18.457
22400 +18.477
22410 +18.217
22420 +17.793
22430 +17.359
22440 +17.034
22450 +16.883
22460 +16.926
22470 +17.139
22480 +17.440
22490 +17.698
22500 +17.775
22510 +17.613
22520 +17.277
22530 +16.897
22540 +16.593
22550 +16.445
22560 +16.498
22570 +16.761
22580 +17.200
22590 +17.715
22600 +18.141
22610 +18.316
22620 +18.195
22630 +17.889
22640 +17.567
22650 +17.369
22660 +17.384
22670 +17.655
22680 +18.172
22690 +18.836
22700 +19.423
22710 +19.649
22720 +19.399
22730 +18.842
22740 +18.245
22750 +17.799
22760 +17.601
22770 +17.687
22780 +18.038
22790 +18.550
22800 +19.000
22810 +19.105
22820 +18.749
22830 +18.090
22840 +17.382
22850 +16.804
22860 +16.449
22870 +16.356
22880 +16.527
22890 +16.915
22900 +17.387
22910 +17.730
22920 +17.740
22930 +17.386
22940 +16.823
22950 +16.245
22960 +15.797
22970 +15.565
22980 +15.600
22990 +15.918
23000 +16.473
23010 +17.116
23020 +17.578
23030 +17.602
23040 +17.164
23050 +16.480
23060 +15.801
23070 +15.296
23080 +15.063
23090 +15.152
23100 +15.561
23110 +16.183
23120 +16.755
23130 +16.916
23140 +16.497
23150 +15.683
23160 +14.787
23170 +14.030
23180 +13.532
23190 +13.354
23200 +13.510
23210 +13.930
23220 +14.416
23230 +14.658
23240 +14.424
23250 +13.764
23260 +12.922
23270 +12.126
23280 +11.520
23290 +11.192
23300 +11.186
23310 +11.494
23320 +12.009
23330 +12.504
23340 +12.698
23350 +12.450
23360 +11.861
23370 +11.154
23380 +10.529
23390 +10.126
23400 +10.047
23410 +10.347
23420 +11.001
23430 +11.835
23440 +12.500
23450 +12.635
23460 +12.183
23470 +11.414
23480 +10.635
23490 +10.062
23500 +9.838
23510 +10.068
23520 +10.779
23530 +11.839
23540 +12.843
23550 +13.219
23560 +12.753
23570 +11.801
23580 +10.801
23590 +10.013
23600 +9.598
23610 +9.685
23620 +10.363
23630 +11.589
23640 +13.030
23650 +13.965
23660 +13.783
23670 +12.760
23680 +11.532
23690 +10.473
23700 +9.771
23710 +9.584
23720 +10.093
23730 +11.448
23740 +13.669
23750 +16.427
23760 +18.260
23770 +17.389
23780 +15.210
23790 +13.180
23800 +11.610
23810 +10.596
23820 +10.336
23830 +11.132
23840 +13.245
23850 +16.927
23860 +23.087
23870 +29.435
23880 +21.715
23890 +16.739
23900 +13.260
23910 +10.348
23920 +7.748
23930 +5.781
23940 +5.254
23950 +6.201
23960 +7.649
23970 +8.939
23980 +9.874
23990 +10.427
