+0.001145800395009697 -0.011276271589457281
+0.001412227394958753 +0.009585929981034049
-0.001380830381047716 -0.008104155012335881
-0.001895694513558421 +0.008135147014721785
-0.002614557417383303 -0.007272938657890483
-0.001017848973718070 +0.006378397337367400
-0.001368483716932434 -0.008149824356894476
+0.000375341009688846 +0.005824264620120020
-0.000737941230535660 -0.010532937626405187
+0.000664764422692122 +0.007162379644541377
-0.000850701586279244 -0.010192128739346145
+0.000408848477212774 +0.008045860522086791
-0.001505560026788882 -0.008361636077470477
-0.000714938719805948 +0.007019848842845858
-0.001836435632775672 -0.008026873590510897
-0.000388307112023944 +0.005906570200500364
-0.001654263166465345 -0.009161000603135128
+0.000408057057010967 +0.006613683274572710
-0.001169713247935548 -0.010021673224265937
+0.000324286745676836 +0.008410716952097486
-0.001218723992758798 -0.010694179354632656
-0.000418542271828621 +0.008716019587434017
-0.001561359309275867 -0.010538834765992051
-0.000597466535516300 +0.007922753442187789
-0.001352930873849871 -0.009852553687353355
-0.000436112027187055 +0.007397813545527206
-0.001408811391057003 -0.009371506651647970
-0.000210399667251694 +0.007137951140380816
-0.001454511487183750 -0.009257587749708406
-0.000021180541310797 +0.007058497339286781
-0.001500439941009439 -0.009425863860138470
-0.000012834981136563 +0.007299493035121942
-0.001641098349617415 -0.009952085795205953
+0.000089584574299370 +0.008066343645583238
-0.001681913178905911 -0.011374241031613296
+0.000095722181976080 +0.009279352247042766
-0.001543237852484891 -0.012972457611207279
-0.000286467051669099 +0.010565044676282068
-0.001435825764032578 -0.013449829083738145
-0.000898824530662500 +0.010734338090890565
-0.001366655702078339 -0.013408725058265073
-0.000763697358186662 +0.010913759474458180
-0.001155373416671509 -0.013448022468298262
-0.000486879184420567 +0.012746653100186618
-0.001394863993982272 -0.016387571886834620
-0.000438767698964602 +0.019199140480529057
-0.001260555588107193 -0.031540647973743320
+0.000614524226159494 +0.137612239691178417
-0.000103039589035003 +0.366365619557490085
-0.000331396249554278 +0.527718310070499630
+0.000216912942111970 +0.674762923863408526
-0.006159876050548010 +0.433722715297543915
+0.037338224832732567 -0.203870920785827026
+0.173530639407540210 -0.744576449873450952
+0.276904222535352906 -0.429351136633175534
+0.392886267253968136 -0.190874523383725681
+0.351873953755386770 -0.033878001021444976
+0.153958460790391771 +0.003470536120686438
-0.199283085058446024 +0.120882457282225297
-0.305527089821099662 +0.197938336551685717
-0.208647183583989593 +0.116515095850640654
-0.068094596772225485 +0.074613702358704848
-0.044074441954196783 -0.009406529663535411
-0.024209224417874795 -0.079159667908069470
+0.058337628939192608 -0.091210938929018562
+0.107243157191205113 -0.057647682988481490
+0.097019749491179141 +0.016921612515817568
+0.046393512926440825 +0.013698301738084036
-0.018291341825617025 +0.004473751708352299
-0.035820995657707327 +0.013936810810578740
-0.017188452172318115 +0.008347116548647367
-0.020210712778272175 -0.004084530132828982
-0.015545638126399173 -0.037290168103812936
+0.007518755677073880 -0.026679133650897906
+0.028153884641385095 +0.026257583699646113
+0.034005245910797260 +0.016827448388664817
+0.012270377317843873 +0.003880558453681904
-0.013822069456928604 +0.004501867954664279
-0.012846259957297849 -0.003999978034051917
+0.004994769733788986 +0.007202922198029397
+0.003771634633239033 +0.004930380503618327
-0.010465086570314726 +0.017224506215562835
-0.008370006461265570 +0.018744026945874768
+0.000936398317890695 -0.003208435284882213
+0.009727006080677281 -0.013794518358839368
+0.013228847172337787 -0.021955040624533427
+0.005874818947363851 -0.003734686766774762
+0.006834302478435764 +0.022313775426780195
+0.008199622033089984 +0.034978072707355715
+0.006208443184293753 +0.039053582858712035
+0.005516226605300661 +0.020819208231149289
+0.011507113204826804 +0.002961124133715047
+0.016641342157348742 -0.002302404064142376
+0.017874499311468652 -0.000272150632150693
+0.010002803513695892 -0.008874610130885242
+0.001914857732182518 -0.035937104193344199
+0.001097645406373554 -0.027112346946460569
+0.001067801836720689 -0.009647574112398185
-0.005946402722972807 -0.009187522919303914
-0.010481734015863445 -0.001391052682256636
-0.010174519841242281 -0.017961674192726776
-0.006655017987831522 -0.009469436883858026
-0.002767200256983779 -0.008847831949243094
+0.000599531133252104 -0.002616329716075464
+0.002445331162197847 -0.008015817110137369
-0.000534511176765866 -0.014210326572799494
-0.005675990469428000 -0.003972737330878277
-0.007881610450889691 +0.001085094876425372
-0.004710098791145794 +0.001490200171152339
-0.007100293267650697 -0.011749465452537380
-0.014405471400954410 -0.010367770403675765
-0.016644485987208406 -0.004415842374701828
-0.009020465188291252 +0.000324299539543443
+0.000461466127832401 +0.004135883785078753
-0.000155593999510350 -0.010096926094995459
-0.001848421847129860 +0.004753691827940873
-0.000806413753195555 -0.007000222784290102
-0.000835841931725302 +0.005211231401765016
+0.004404042464769963 -0.002356142951128299
-0.004939979902745814 -0.004250619875105325
-0.014163516096822839 +0.004623700588556254
-0.017805453442243695 -0.001842999660442815
-0.012465135146441677 +0.009960222430065764
-0.006621727467041630 -0.003967234716263058
-0.008282981705284746 -0.004022245360120141
-0.003840689772654453 -0.005148683521223949
+0.001203600009603694 -0.011993039087298525
+0.011434066353616984 -0.000772017213705213
+0.011844492531266623 -0.012754052871422271
+0.006912883972478257 -0.000001353408190939
+0.000173980123449968 -0.003875707008033865
-0.008140558197673745 +0.004719123815396607
-0.009472139846994880 -0.008499664702620679
-0.014417372339444744 -0.009573732503241339
-0.012311104724428215 -0.002501036382897122
-0.010046712215362267 -0.006272119125851502
-0.003536712068114917 -0.000667588686618901
+0.000576834149862859 -0.003201552049383450
+0.001605606641094001 +0.003049971142243167
+0.004544849158039196 +0.001705734430249070
+0.002818085236843950 -0.000608637449672903
+0.002716729528709302 -0.000888224317051572
-0.002975102476259802 -0.013707054102792021
-0.007023061610222929 -0.004657583098959988
-0.008371656990188835 -0.012088916834766565
-0.008849622426541640 -0.009828143694469287
-0.007128899358527836 -0.012153072822602575
-0.008302902718244513 -0.003789182689688013
-0.003852500052458505 -0.001410016448373545
-0.000351434180229246 +0.000560549184670267
+0.003256154640425430 +0.004734847997450267
+0.004059841870306361 +0.006349573621552504
+0.005356675408423753 +0.002175235436526490
+0.005578151392927592 +0.002129864380203596
+0.003690276546712805 -0.005474172066927850
+0.000169015336988266 -0.009548932820299606
-0.005397019099802738 -0.012901205806964055
-0.008703706600237514 -0.014029886175109221
-0.009809571874604212 -0.017090011647632963
-0.008676688771666155 -0.010487799362376191
-0.007836306605404368 -0.002500581813311819
-0.004677670925944259 +0.002632852589983819
-0.000951512806708103 +0.004489928502025369
+0.001660970048380225 +0.014892821829518663
+0.002495318007970731 +0.006114470970094500
+0.001749999397182710 +0.007771320282789304
+0.001468210416800607 -0.005804697753942134
-0.000460339282765176 -0.005746480532943462
-0.000639423070464005 -0.027088965570060092
-0.004668843200671486 -0.021000890369143960
-0.005129794052509268 -0.027021694416149031
-0.005901424992323344 -0.019168775777446585
-0.005231625419705389 +0.013273559048184818
-0.008429546676926495 +0.035480844347307222
-0.008598277486765445 +0.035526605987700063
-0.006918675499274753 +0.027709090698824167
-0.004368638914346145 +0.016508415343148605
+0.006226116863708621 +0.003104413681807749
+0.015275451186146807 -0.013849364889129398
+0.020976630980104220 -0.003952549234019873
+0.016383361973682224 -0.008070483789782992
+0.006975631820686001 -0.002053681773706947
+0.001971141093846301 +0.004328473551341569
-0.002577894062400471 +0.012794138073919756
-0.003825412672490078 +0.006475252835233975
-0.001705399707042955 +0.005373761634320393
-0.000602040429094335 +0.002665172029165087
+0.001223076761287280 -0.008720462219391815
+0.005143265112841163 -0.001483113577142106
+0.005944730988921615 -0.009663424769305543
+0.002620342803679450 -0.000826554964710650
+0.002286827333558288 +0.001311510606036304
-0.003003294206120053 -0.002285971390752432
-0.003571411879156557 +0.010003549199914372
-0.005278569262389111 -0.008012326536677321
-0.004780115183932940 +0.005735168290534463
-0.001177729101442758 -0.004266323186893107
-0.000694098318470529 -0.001238623798383919
+0.003203726575052695 +0.001886344999331665
+0.000898836201143664 -0.003601220570244500
+0.001676474840957767 +0.002281099731359785
+0.001365399463826631 -0.002949841275726981
-0.000082609627725229 -0.000371138580639878
+0.000481531855271356 -0.001044157036994989
-0.002174389979624781 -0.002414984773112025
-0.001266717392353783 +0.000676484053852850
-0.002748362592107498 -0.001936024195816768
-0.001261554312715524 +0.002112550148843203
-0.001738368621972133 -0.002044334352132853
-0.000993466666464893 +0.004547515430244993
-0.000292322724655583 -0.001334334542022951
-0.000549181875588668 +0.005425359962761771
+0.001293427571668675 -0.000299650489318020
+0.000432128934451491 +0.000549101131142127
+0.002116550867124368 -0.000850662381230236
+0.001511816491075143 -0.003264323219014586
+0.001183998320701178 -0.001010079342429026
+0.000990260924591571 -0.003904112390401357
-0.000732064105661740 -0.002534934341209766
-0.000474598388909578 -0.000763083620163839
-0.002095167623217656 -0.002967892309834715
-0.001312582628179637 +0.003466158770021332
-0.001893260581620754 -0.001922155008234808
-0.001343973300480212 +0.003232068573840886
-0.000826195010170832 -0.000851437212806545
-0.000407492576693918 +0.000504817893883094
+0.000486048751834759 -0.000574626249086806
+0.000605916780114663 -0.001482910292925758
+0.000394851359916568 -0.002300300457880640
-0.000016017798870589 -0.000301606270239982
-0.000428645403653280 -0.003739180289432077
-0.000624922939446438 +0.001350007146050137
-0.000957580515635292 -0.003301113681861416
-0.001384785523781618 +0.002057463523467436
-0.001251670608564379 -0.000717338291385415
-0.001124610763092599 +0.001676345807481762
-0.000783726742489822 +0.001473879558899980
-0.000002770612108708 +0.000497286772997578
-0.000013705140900626 +0.000899083866646866
+0.000779084449930025 +0.000723282134933758
+0.000852447292677711 -0.000606012617441849
+0.001359743116821988 +0.000619934503485132
+0.000530422220955842 -0.002139006962354253
+0.000657494639830989 +0.001999920443823886
-0.000206477499151781 -0.002878703686657783
-0.000100949274807800 +0.004010893035549081
-0.000441109534746345 -0.002237953758449588
-0.000806982722544355 +0.004170018825775256
-0.000055785872407194 -0.001423775472873391
-0.000387029228545489 +0.002220326033511688
+0.001113342366042295 -0.000312468060615636
+0.001084506440968690 -0.001487187118830120
+0.001497016606647546 +0.001468546553246234
+0.001622290975810921 -0.002345464625339967
+0.000372452951857463 +0.000184283070767069
+0.000792264853000340 -0.000592143015795336
-0.001373432931830061 -0.002752923638689268
-0.000519563380213973 +0.002015622531297577
-0.001854774792224367 -0.005205269130384793
-0.001322116285417906 +0.004232973525800952
-0.001170752801527414 -0.005314208169870088
-0.001311418711707867 +0.003895828309715723
+0.000092014737886614 -0.001686981737166906
-0.000488434677984422 +0.001851511970447065
+0.000997142598035877 +0.001211834509895097
+0.000227385821181470 +0.000023509387533745
+0.000675300751942884 +0.001978886575264555
+0.000805244754763240 -0.001524780037436298
-0.000032448120279514 +0.000397340339426306
+0.000854614421442672 -0.000403165077466866
-0.000856606241460757 -0.002626261835907223
+0.000396540904393562 +0.002298405873055034
-0.001106681817316819 -0.004127515202890980
-0.000267842025084062 +0.004214153038467745
-0.000502903473938038 -0.004039253396539470
-0.000539371942604935 +0.004506600022987328
+0.000582259146509513 -0.002337845883214573
-0.000159830077915592 +0.002540570781146389
+0.001061943621915036 +0.000384069477788399
+0.000089117743782847 -0.000073615097623699
+0.000514391166449087 +0.000492786048750529
+0.000286777928332754 -0.001037231310916517
-0.000484038611837093 -0.000972106183762164
+0.000363829334566552 -0.000694179447537798
-0.000947433395698638 -0.002937550610235709
+0.000213133957698296 +0.001482846897046270
-0.000796309827953706 -0.003900181305464261
+0.000026152421356646 +0.003377713212343003
-0.000393930641659714 -0.002557497616185372
-0.000341882635464535 +0.003702842157147972
-0.000068810244414144 -0.001557495980144323
-0.000586545963058644 +0.002669722168778154
-0.000028642457323142 -0.002019852210808164
-0.000326306336922365 -0.000441830597837464
+0.000044646160328205 -0.002242466015645988
-0.000004352775386842 -0.000124408275142288
-0.000095941437473829 -0.001872737634434241
+0.000010349434502961 +0.002768264815276289
-0.000762664983786465 -0.001265986383322656
-0.000228585736570908 +0.003509581233142025
-0.000628426372285566 -0.001956257857100264
+0.000261451957436255 +0.002312435188764019
+0.000270030812048770 -0.002495396099323658
+0.000574195678385738 +0.000009705827618764
+0.000437626861073291 -0.001894453794849149
+0.000134734069351748 +0.000076126114841035
-0.000337850056192491 -0.001946298636316846
-0.000232020223750480 +0.002510950853262028
-0.001038777877700115 -0.002482233418542729
-0.000503752631902332 +0.003841340646664748
-0.000642050639963643 -0.002947486297272983
-0.000303625217587228 +0.003205676998843041
+0.000248424301248079 -0.002843509224592745
+0.000225307548039330 +0.001871167095751937
+0.000582736001600553 -0.002112396583064648
+0.000363834070828184 +0.001222232155110275
+0.000109615005859390 -0.001739824023879344
+0.000067699373437390 +0.000795228801090120
-0.000564443377715034 -0.001429085286896739
-0.000131570264485691 +0.000324282170053848
-0.000780458815781614 -0.001370341174058140
-0.000071859940431039 +0.001178168337981851
-0.000746711926457845 -0.002607312598295403
+0.000074525472701599 +0.003497402589402740
-0.000485055063840761 -0.004401576964119470
+0.000021309517241008 +0.005144438082999035
-0.000002361089033422 -0.004808909273109259
-0.000298177834777688 +0.004003631083061799
+0.000323044127150087 -0.002917708756726416
-0.000459228996277395 +0.000879401061271637
+0.000203331382781379 -0.000504478927292320
-0.000202962027622034 -0.001013126931575537
-0.000360608284082934 +0.000037871038879324
+0.000217647460388054 +0.000112437406184959
-0.000877185281671944 -0.001532841891289843
+0.000435641343385156 +0.002766948869290191
-0.000843277769330778 -0.003689516527542407
+0.000364516513229108 +0.004541279544250294
-0.000354291686624223 -0.004752028250941992
+0.000085873021677354 +0.004461451035113354
+0.000155928649398167 -0.004431424761004096
-0.000279831877217761 +0.003155395881352168
+0.000307823367160546 -0.003250522426553847
-0.000491302764115557 +0.001655467717879970
+0.000045173098457644 -0.001794051858013194
-0.000396758124155822 +0.000675548864621167
-0.000418895402374793 -0.000972041878057502
-0.000029372204322519 +0.000702276882506123
-0.000763092239962787 -0.001409768200390952
+0.000394261007155287 +0.001868616839461143
-0.000774812209172215 -0.003058805126956551
+0.000470567554358549 +0.003608571590152739
-0.000502781334520095 -0.004744440130445580
+0.000136094590364179 +0.004437365279371420
-0.000133293506428137 -0.004963988079030003
-0.000325687470589513 +0.003613754896063977
+0.000053519925139452 -0.003636509278022588
-0.000549870488293133 +0.002064282071232508
-0.000103090489110064 -0.002039683073117334
-0.000379637882030755 +0.001201179779905857
-0.000425600959298148 -0.001687054151246951
-0.000040651572318536 +0.001834263792327206
-0.000599270902860883 -0.002672435386130178
+0.000222999928471356 +0.003000871304582418
-0.000546180021437804 -0.003716950790555277
+0.000262726976374896 +0.003464624535895281
-0.000379119099015681 -0.004020078640589990
+0.000127784754115465 +0.003183288774359805
-0.000258196205312076 -0.003625773970180093
-0.000078541577086679 +0.002667713935632344
-0.000269871886393558 -0.003177090429769383
-0.000249425911025229 +0.002567707033318171
-0.000351692050663252 -0.003273219891992116
-0.000231485963790990 +0.002817352790334326
-0.000413525238712500 -0.003602348759487902
-0.000082674378159639 +0.003132251048503197
-0.000404389166037304 -0.003911839861550123
+0.000006377995572215 +0.003407036111714629
-0.000379719729154907 -0.003984669362611078
-0.000038809655137423 +0.003261468858546400
-0.000362754258968517 -0.003586597913452274
-0.000123053029161545 +0.002712442896807130
-0.000396406873790622 -0.003084292869267966
-0.000107359394757998 +0.002211546550255962
-0.000509355893115275 -0.002896577122178398
+0.000025401783541732 +0.002310145949086969
-0.000589113462415513 -0.003462303777678128
+0.000105357998485355 +0.003348277966525991
-0.000566750288606903 -0.004643657718719454
+0.000014960306062274 +0.004488758436021529
-0.000417351775375613 -0.005381064873243835
-0.000198829315138756 +0.004651415345904124
-0.000232940131528374 -0.004996968051744943
-0.000360090556873280 +0.003676101205186705
-0.000202567140354692 -0.003673855674817101
-0.000326043163679574 +0.002268418333134573
-0.000380972998734880 -0.002485587136649495
-0.000104306049987183 +0.001652113268733358
-0.000640719640732826 -0.002571393221184218
+0.000183278108441701 +0.002384378360505153
-0.000789045896392848 -0.003820792289224690
+0.000304621154056190 +0.003884537716035941
-0.000716078497166452 -0.005382893239455131
+0.000134512676592362 +0.005167877433854466
-0.000488067131568621 -0.006195072658941392
-0.000212897264153038 +0.005258568355414936
-0.000248434552395126 -0.005642348613757972
-0.000504687438718281 +0.004091817367752507
-0.000163992784445649 -0.004228698214756899
-0.000497161070840654 +0.002595504691633049
-0.000328944450590167 -0.002960681100982882
-0.000184428267633893 +0.001891668536386995
-0.000645572537002210 -0.002822341513810701
+0.000176322599166569 +0.002630758780391424
-0.000900898213302284 -0.004035692579578197
+0.000324588393022465 +0.004113003925992733
-0.000891392711729156 -0.005649195040705136
+0.000153661532139937 +0.005194650592284871
-0.000612301221324674 -0.006512897879664982
-0.000194045052340818 +0.005331194384557193
-0.000330178948134200 -0.006072770867734710
-0.000476585339224980 +0.004516985410889565
-0.000265000117225617 -0.004802888723784392
-0.000498157675219966 +0.003418924958520522
-0.000404743046240381 -0.003783830844093465
-0.000247312715972225 +0.002807350937468874
-0.000625151730121338 -0.003726989991194393
+0.000059733157545543 +0.003131190973747795
-0.000807074120756601 -0.004680958482036852
+0.000214110194558507 +0.004245775223520512
-0.000872591697529598 -0.005888678579037828
+0.000108606547379221 +0.005205947841000497
-0.000762584603122474 -0.006360001558465236
-0.000177516814798976 +0.005201995757642408
-0.000548125971433720 -0.005878045667917345
-0.000383623194113145 +0.004439443091041287
-0.000423946699489622 -0.005119398814302192
-0.000352718361542617 +0.003868583211027440
-0.000496672759225547 -0.004935759784097979
-0.000177441991482480 +0.004050372044058850
-0.000678576062235384 -0.005400029908083465
-0.000053739263112841 +0.004571019552002865
-0.000787919366690641 -0.005880398081756520
-0.000071042881749979 +0.004814876117202278
-0.000776818510738327 -0.005977601245446482
-0.000150419178051453 +0.004714532577118156
-0.000734742197953091 -0.005827555708102559
-0.000189440013997929 +0.004572901574694174
-0.000720155541294480 -0.005702830566625783
-0.000179023697737875 +0.004552212209168247
-0.000732393546831214 -0.005693270036722316
-0.000155749886563666 +0.004670679292247418
-0.000750930142568561 -0.005960822614167861
-0.000145678199765516 +0.004997172558872897
-0.000746258587546482 -0.006569017521028619
-0.000168038446889120 +0.005520108066244848
-0.000717875688394164 -0.007045365011201109
-0.000239286454342090 +0.005738843481415873
-0.000692795346332991 -0.006859292049602282
-0.000332975964303253 +0.005235631671090113
-0.000699367935109748 -0.006070009359014937
-0.000312197759718496 +0.004377644556739656
-0.000778512142007245 -0.005396734937114395
-0.000156742329736151 +0.004063644416055523
-0.000926008655311740 -0.005657411495657546
-0.000000604554717928 +0.004772258730150440
-0.001032136846285698 -0.006801822938863821
+0.000006878724841574 +0.006019375651552907
-0.000979408816646650 -0.007946610312860978
-0.000178876135439296 +0.006794200023447560
-0.000800230844118083 -0.008225676958098846
-0.000410497828955104 +0.006494205073831054
-0.000642864928331481 -0.007492173050180947
-0.000505140268282165 +0.005453707716736505
-0.000644801513584059 -0.006415180829513856
-0.000403205732271048 +0.004535636792124108
-0.000838319879088469 -0.005853105294806893
-0.000176144060173022 +0.004400068107702907
-0.001096499441037718 -0.006237938950870282
+0.000016874326399909 +0.005171757831728623
-0.001238391183790094 -0.007355320396927337
+0.000033957028702545 +0.006373128289359136
-0.001174212056981407 -0.008504007860293893
-0.000152266455732681 +0.007230573179213599
-0.000947984663044195 -0.008961782785688327
-0.000421328953436075 +0.007179011976682633
-0.000729322515812547 -0.008436359392428471
-0.000577839555371051 +0.006256173074758616
-0.000697523266280605 -0.007377602316928720
-0.000506329159831290 +0.005223999837442360
-0.000887144190570044 -0.006706352140395749
-0.000268683700068264 +0.004967928497749364
-0.001160927984143014 -0.007023074280738760
-0.000063461515033338 +0.005731124524165403
-0.001325249936825846 -0.008124856729875280
-0.000045952537747279 +0.006922340465026256
-0.001280630169616393 -0.009199312542642503
-0.000210613557600590 +0.007659983550766080
-0.001080185548278602 -0.009562069067008901
-0.000438110104728924 +0.007607618691020137
-0.000881287105113961 -0.009278978710672112
-0.000593001281356481 +0.007203061883338078
-0.000805101566372030 -0.009094557416153580
-0.000636745004818238 +0.007461493695902093
-0.000770977661218347 -0.008937284623644966
-0.000635903704662839 +0.009284742277210817
-0.000869170641233039 -0.004551458333724974
-0.000546564163361892 +0.009474884219293954
-0.001438986538441507 -0.006710739776427600
+0.000508235421115811 +0.003079148190403493
-0.000239115033317630 -0.012447543491514191
+0.001958509783608958 +0.006116201528115394
