-0.000253124553944364 -0.001979734949225135
-0.000662144569777317 -0.000621152051134293
-0.001650435871692654 -0.000962511537132981
-0.001282169274172452 -0.000146848574736218
-0.001599903877194327 -0.001451159430660542
-0.000786747944323245 -0.000082189065385816
-0.001206647370031695 -0.001659851785129270
-0.000515549849046748 -0.001142125482444537
-0.000996181905500176 -0.001516157624433834
-0.000502148684795967 -0.001614943317759167
-0.000897955531616902 -0.001361097460841526
-0.000818833599968234 -0.001056902745223668
-0.001274497917909113 -0.001212690690161086
-0.001128116610165090 -0.000608998370635194
-0.001374996081576105 -0.001374201647844584
-0.001046989025068251 -0.000774041185033020
-0.001259693898300259 -0.001919401928500715
-0.000619455937481404 -0.000736066815270748
-0.001240874629301673 -0.002075650372070281
-0.000597546621826799 -0.000586015415930705
-0.001404217921391137 -0.001854172763719358
-0.000874161235550509 -0.000964943581065630
-0.001442231603645269 -0.001337953390505546
-0.000881785291024945 -0.001286532607117476
-0.001414613998342221 -0.001313073390754147
-0.001027539812353451 -0.001329344268790177
-0.001237234511629718 -0.001429592564582360
-0.001017107559821644 -0.001209203558912523
-0.001191808567281454 -0.001465080819373893
-0.001001846736440656 -0.001154192019205031
-0.001339593359543212 -0.001793102874590554
-0.000947444443387747 -0.000964517052108897
-0.001387477190219874 -0.001903321594384264
-0.000966834272381408 -0.001159028633341384
-0.001493691676589821 -0.001696633404225992
-0.001017565616001618 -0.001607813948768878
-0.001378912458148196 -0.001344337815559842
-0.001197764346976883 -0.002147060473677187
-0.001417351505548992 -0.000897967982356552
-0.001579974016497401 -0.002529643454961482
-0.001189967183365654 -0.000423993531943505
-0.001506098910886115 -0.002842288839436130
-0.000715830383712932 +0.000136037247298490
-0.001663268068981862 -0.002881448729476430
-0.000697493804558685 +0.001211916612620093
-0.001812707121938244 -0.003202974216008780
-0.000269171967610829 +0.000815637449662672
-0.001277568917311653 +0.009450923913858348
+0.000876844066943886 +0.267236584102543362
-0.002033296930970341 +0.406635324212661853
+0.000049326547177346 +0.610626290886876255
-0.001971623426782214 +0.587061259738603902
+0.111006003067492698 +0.151562865473249292
+0.234670198147953313 -0.572542099489745437
+0.356637398246186510 -0.588316565101412947
+0.413674815707656074 -0.228008044429278023
+0.277454409673554059 -0.105972580926012125
-0.057939855086374933 -0.003848454479835250
-0.330975597812477318 +0.041729116279201492
-0.258026619919433153 +0.169309967576370846
-0.119853720888689452 +0.145182864390569599
-0.027203210275983741 +0.094709990099493949
-0.053463329760226178 +0.016568295404773170
+0.018052771593450791 -0.046107375120006358
+0.091631187231743128 -0.080325358547622627
+0.123790772163160701 -0.070631762123289782
+0.071220602994639115 -0.011703188914476085
+0.009314895270786569 +0.026243597571763186
-0.039813663773782648 -0.005322958370449396
-0.023384788752464639 +0.014228875871878557
-0.031711842604809228 +0.006295866789546708
-0.033238405350234937 +0.007887921960582717
-0.016059618601010225 -0.031067334383048345
+0.024565374522348752 -0.036034080400711294
+0.034997666403376190 +0.003478330705389286
+0.031651618274019036 +0.031299420143516700
-0.007322107411634245 -0.000569937554024892
-0.013027943878208680 +0.008595188047955886
+0.001819176168489079 +0.001105688776331217
+0.015851005763620619 +0.002825631986106242
-0.009188638107422906 +0.000310486913997561
-0.011257479596226767 +0.007174380689590779
-0.011079399595983534 +0.007324993844382460
+0.003807721048416985 +0.020419117622965017
+0.005552063024944883 +0.002725224231078303
+0.011304280247114825 -0.010810560892293625
+0.004899738390160040 -0.022021828449101638
+0.013939713329945017 +0.000781767531397851
+0.008093605334009072 +0.005784405155934987
+0.008164107537400616 +0.038770628572775939
-0.005962078342584826 +0.031761422366215389
+0.005426457508786592 +0.024690512323501876
+0.009699860345200598 +0.003940305197734953
+0.014467442699215849 +0.004796110525630837
+0.008421099507669193 +0.002503882466816792
+0.010043854134601451 -0.009851692472139352
+0.003389581471909747 -0.038342116286248062
+0.010439108162043506 -0.027459596287469148
+0.001592799928647998 -0.014205400090032207
-0.006834443961893780 -0.000525544142477197
-0.015002413044795417 -0.006449042833892822
-0.009749702449159384 -0.009145593562493512
-0.010744949346265275 -0.026026175974746706
-0.001099569618775318 -0.004129682353063900
-0.002080122261387096 -0.004503106058469706
-0.001823045486852931 -0.010912447687391783
-0.010208137141204098 -0.014168075376361153
-0.003383552804753759 +0.002442057579876221
-0.006127979346225340 -0.005551020672731780
-0.012379344459627142 +0.013918925645758973
-0.023893624699380188 -0.001688163957264045
-0.020531708529202622 -0.016089755626292942
-0.005269818867095721 -0.015294725768580483
+0.007699049551762078 -0.004032154088273763
+0.003145364389045607 -0.008527098907778585
+0.002846394918728692 -0.002517650818304319
-0.000918848002055988 -0.007303950470876180
+0.001926481638173648 +0.007963760879371590
-0.003334493707383914 +0.000416191420982846
-0.010797298083096183 +0.000865717136166437
-0.023939385338636467 -0.012025995614413686
-0.015429515648066690 -0.004150958937434276
-0.005254044354458718 -0.006526556180271686
+0.002693393587400579 +0.002772079705229597
-0.002958663722857275 -0.001903269301138222
-0.000871583568621468 +0.001741472273190923
+0.000641731370968959 +0.002970137991636579
+0.004731910187256895 +0.005952109248837980
+0.000034842145153832 -0.007389234264734377
-0.006140755549349550 -0.002395498174568995
-0.011137491888390364 -0.009051340163140973
-0.006125848950254394 -0.007560823938207884
-0.006445122991893117 -0.015323569881215655
-0.004895183617003983 -0.006785877335748281
-0.006050802859439941 -0.014988521530130479
+0.000334082582503068 -0.000938761534939140
-0.001328525336690227 -0.004977691507286327
+0.001299176668337864 -0.000281474517255913
-0.002149219308697244 -0.001791585522599642
-0.001687024877815432 +0.005152024194711859
-0.002147992567609626 +0.000158536224108085
-0.000236736217179600 -0.002252818983644008
-0.006846422585243709 -0.008240793810484639
-0.010882076321934584 -0.005800930249078845
-0.011985460948516722 -0.015895856313240926
-0.010312192978492382 -0.010266457784971417
-0.012390176469374847 -0.016058722709797010
-0.006388539461441012 -0.003413681451690258
-0.004332868672348956 -0.005918841650900617
+0.002442028039115582 +0.007103766767173723
+0.003450052322082996 +0.001888361178463636
+0.007163408458978292 +0.007817761585863538
+0.004044190334568395 +0.005717854553383743
+0.004684710151123758 +0.001462968388047147
-0.000251068493580554 -0.010305956709985664
-0.004804176842254940 -0.008195660144535820
-0.009118449559473375 -0.014417509264721746
-0.009721334308279943 -0.016675628070858727
-0.012441935277912736 -0.022340321014108683
-0.009220824227752682 -0.012507477872072617
-0.008066896380802076 -0.012919497790546748
-0.004426724368570995 +0.004220166702800169
-0.004214253387291763 +0.003002370446363717
+0.000396665798006708 +0.011975637359268369
-0.002163849550552997 +0.009276214130060028
+0.000279371378980411 +0.011758940432194932
-0.000372450535746195 -0.002815695909614873
+0.001813641117922227 -0.005558027161118250
-0.002218797401059253 -0.016264258246621935
-0.003129687617470852 -0.010812181920636384
-0.007174083945668151 -0.008492259904447654
-0.009264703715018741 +0.001737250288082812
-0.010939565218104358 +0.016592516108697636
-0.005560551562894126 +0.023094829435797649
-0.001352620630444110 +0.009445833301104815
+0.005907925035722283 +0.012609529114805673
+0.015466943340985244 +0.011578193941469403
+0.020327377770242731 +0.001899048682564450
+0.015220690764009594 +0.000481330964510501
+0.010683900079705112 +0.008231041577139442
+0.003214250573731592 -0.008397476922781054
-0.000185806146844755 +0.003322256150711612
-0.001925423399820103 +0.006380698718777542
-0.000122121419260310 +0.000354058996593937
+0.001745944289615643 +0.004028360893582173
+0.005043388492559298 +0.005195286152243751
+0.003394928062351518 -0.005662258444864555
+0.006336179733698391 +0.002288252005916836
+0.002196917307422851 -0.001789034018479008
+0.000876505776090331 -0.002365558645884169
-0.001030899467794509 -0.000929203705156154
-0.001957558883861434 +0.001280483241763513
-0.005032198971079486 -0.004676055474949821
-0.001154899564091302 +0.001829154180624851
-0.002834628734572956 -0.003621304945202780
-0.000263789910347419 +0.000169581633412133
+0.000816938360048514 +0.000542839966342882
+0.001197922271386772 -0.000103218894580685
-0.000325516211046471 -0.000193670250718337
+0.002133130178405862 +0.002935987586427761
-0.000181238257125075 -0.002600063160879438
+0.000743299840438456 +0.002230261043159470
-0.000274047858038939 -0.001929783560567015
-0.000096974066267215 -0.001310104781080561
-0.002299300813371356 -0.002085920455054968
-0.000365935472889458 +0.001781767058352899
-0.002561596341830182 -0.002685129498178087
-0.000894519363187076 +0.002585043361580042
-0.001583675954851935 +0.000361854765195953
+0.000718385387236224 +0.002261907503560546
+0.000300961186221888 +0.001344438818458792
+0.002396973358787426 +0.003780978821661343
+0.001323153888328310 -0.000566714429579744
+0.002888518438223665 +0.001394208669928334
+0.001202366474444461 -0.001050673851015996
+0.001807839424464840 -0.000116096016416045
-0.000466500283253526 -0.003441172123999524
-0.000261164000285064 -0.000516528737662158
-0.001835511060271136 -0.003965989445444566
-0.000308147813473782 -0.000543085007994558
-0.002162843110358853 -0.002638599078736426
-0.000305843717687269 +0.000850363370117433
-0.001474048181336433 -0.001552596869982173
+0.000286789770218896 +0.001666562967133333
-0.000733033760612966 -0.000791412421178550
+0.000752010399831381 +0.001123064045538078
-0.000736041836488311 -0.001633815121547109
+0.000295021570702535 +0.000142682081430634
-0.000895354361288795 -0.001603790737500689
+0.000153649387305940 -0.000475993469080779
-0.001844388162239354 -0.002086777965168324
-0.000748427304456440 +0.001642194337426001
-0.001954309983981324 -0.002421957853360705
-0.000573592137529197 +0.001663706165210408
-0.001295888461492996 -0.000259772689720743
+0.000610003871807065 +0.001355842559229687
-0.000270116196597344 -0.000248407395612287
+0.001671493687484613 +0.002922905679173008
+0.000532940048834052 -0.000375401479505472
+0.001861591801709784 +0.002473155736621504
+0.000440080713767316 +0.000747582179484288
+0.001059124468632704 +0.001475412677861505
-0.000240533418553865 -0.000520133015755462
+0.000674442568632039 +0.001441022986967386
-0.000776897924275416 -0.001551949523476471
+0.000564028142845582 +0.001030114507558045
-0.000398589354030725 -0.001484659878678390
+0.000791843666130901 +0.000685826343965421
-0.000053866423044818 -0.001296549745008137
+0.001487917919757626 +0.001177276682729105
+0.000075517578560446 -0.001243329168282303
+0.001385949812406557 +0.001521864519198573
+0.000040201250797475 -0.001230242588389013
+0.000574308867012861 +0.000770088247053114
-0.000708222208949665 -0.001132474391558183
+0.000060044573576297 -0.000196779467896173
-0.001477455703577035 -0.001882025823055266
-0.000531793602371709 +0.000410014398012527
-0.001637440893820674 -0.002386714835450326
-0.000689965575160928 +0.000279230595170547
-0.001527742594690751 -0.001146284017863462
-0.000068562113942363 +0.000881704375811886
-0.000862445956649876 -0.000670207750406668
+0.000617240577079473 +0.002098031874228187
-0.000214050520022065 -0.000557037363612204
+0.001098128810753015 +0.001636166241025593
+0.000055303693670846 -0.000379760268837473
+0.000874765403163089 +0.000926957933636532
-0.000148971230328727 -0.001117764252996811
+0.000523770364465016 +0.000770309905203606
-0.000759089943608572 -0.001384806422020636
+0.000268279882498341 +0.000583876924934210
-0.000750577593121332 -0.001303854869698501
+0.000271331968119150 +0.000860617514137353
-0.000388473995400837 -0.000902428362868314
+0.000703476771391039 +0.000846599591955400
-0.000384697703607623 -0.000871600865864119
+0.000748634670313401 +0.001132848704887096
-0.000329588712216123 -0.001388078990340474
+0.000338445140429345 +0.000658853469375692
-0.000593077720252205 -0.001506500920541969
+0.000189638248600732 -0.000358902596054098
-0.000923676359416349 -0.001807070052330019
+0.000008112757497053 +0.000178724102069986
-0.000934453588485383 -0.001935962795193649
-0.000218765510102842 +0.000567951281017183
-0.001043039566452365 -0.000831334273886333
-0.000057043382865678 +0.000548735374068885
-0.000941013477586545 -0.000752633860503327
+0.000097641796613194 +0.001051094472217122
-0.000736676346924073 -0.001497644337901398
+0.000214887369302932 +0.000753172946923809
-0.000778647441804157 -0.001458239458833023
+0.000056427292452291 +0.000524403396678409
-0.000793897428104441 -0.000813112686148588
+0.000029418318693194 +0.000732080627145788
-0.000778614632408006 -0.000535104688592095
+0.000437995586954877 +0.001495432009946533
-0.000180256043851842 -0.000680576972147216
+0.000675862005252726 +0.001173614942384234
+0.000218468058484829 -0.000057969540063445
+0.000878151962832151 +0.000311995956036005
-0.000166736096400545 -0.000815076676793742
+0.000632317953617260 +0.001216866190166560
-0.000488273840163367 -0.001928657599427480
+0.000067474298517027 +0.000877666361195739
-0.000613172013522200 -0.000665317224744832
+0.000024263452814833 -0.000185657073593970
-0.000640992698749385 -0.000549025473423254
+0.000332558753529222 +0.000959699526697222
-0.000469831831857170 -0.001490960319436296
+0.000507365077988764 +0.001172566673634884
-0.000219205205691436 -0.000607698315368430
+0.000355539374696557 +0.000053267413442760
-0.000229814082514129 -0.000490861885217717
+0.000268792899957015 +0.000386140958413925
-0.000613644489280696 -0.001585151077108590
+0.000224145215865883 +0.000688015226561020
-0.000783065309614570 -0.001485860397236865
-0.000122583451112787 +0.000134077908458822
-0.000660061089934813 -0.000814168890009841
-0.000134803407898836 +0.000222586695314740
-0.000757382516129113 -0.000840068764324492
+0.000192764471939558 +0.000895836807270690
-0.000611889475426442 -0.000958287576884112
+0.000203110927260917 +0.000830327138608667
-0.000301050637651297 -0.000531901950945702
+0.000207813210741200 +0.000344515811073593
-0.000402684625962985 -0.000612037908054528
+0.000281534220390737 +0.000587056768808436
-0.000518664655770495 -0.001105634549185806
+0.000163077031863992 +0.000630364988202488
-0.000476445926110040 -0.000849892392583902
+0.000145805361517034 +0.000352520344402351
-0.000431291993080026 -0.000774746532341228
+0.000272446932767593 +0.000604415341714128
-0.000366153881002003 -0.000930669232113580
+0.000320627668022252 +0.000514950559560331
-0.000350525897483483 -0.000738975004760312
+0.000248767654555149 +0.000272801952669893
-0.000400476023244026 -0.000927711417589916
+0.000103616108455073 +0.000367964168417303
-0.000526114684454641 -0.001072046450439998
+0.000017163807553274 +0.000176748573840073
-0.000642852316513905 -0.000902742129803242
-0.000025248353699673 +0.000182319793954387
-0.000634828542894591 -0.001029307039947121
-0.000012493280249343 +0.000415592052232051
-0.000586938022584283 -0.001033369568140818
+0.000047514860330177 +0.000322522317406500
-0.000513092614421613 -0.000817509209024019
+0.000058894611887420 +0.000203812576293210
-0.000511865789589361 -0.000779860519480910
+0.000071776800573219 +0.000310382557854910
-0.000570293088012252 -0.000919304587572283
+0.000003237890958681 +0.000441038747603391
-0.000532335225310284 -0.000859346134697131
-0.000049829151215297 +0.000266723185036483
-0.000529239384413450 -0.000620078384201794
+0.000059720174009417 +0.000265916474127464
-0.000521055510094677 -0.000810595846412887
+0.000132267432169780 +0.000560578140722245
-0.000410297054618076 -0.000886298073369499
+0.000128007133550566 +0.000356807044789829
-0.000360316165265468 -0.000611422003054584
+0.000143006350747260 +0.000166543867759119
-0.000412444663450743 -0.000779608259634689
+0.000132609667804708 +0.000361590963059613
-0.000452859609615347 -0.000968580044615701
+0.000048017705193235 +0.000219244634559333
-0.000447184522478177 -0.000777570971417229
-0.000011915920146788 +0.000035546677172422
-0.000497285583449226 -0.000809293241415413
+0.000019216655215494 +0.000198085594421831
-0.000560352193135850 -0.000967690168460173
-0.000008806909240110 +0.000255922829709853
-0.000522013916897565 -0.000887502996980172
-0.000083187428555013 +0.000098954310674876
-0.000531223218475507 -0.000777802630544801
-0.000050798795900750 +0.000080006474973544
-0.000589737240116099 -0.000894836708988534
-0.000052483464469705 +0.000204323900457527
-0.000540932811643976 -0.000916198327169139
-0.000096707454249189 +0.000110452199370378
-0.000506481257363545 -0.000715184145936543
-0.000049199844282161 +0.000060085279035054
-0.000520048731418800 -0.000768860918368947
-0.000010922136433581 +0.000233797986091289
-0.000496677041925809 -0.000864089806797440
-0.000033050730099491 +0.000173129004278660
-0.000483196627255515 -0.000754605471608070
-0.000063277278930626 +0.000061752271562814
-0.000512791042659400 -0.000806113095301427
-0.000067596966769477 +0.000124324857759201
-0.000541538112173496 -0.000875232914886667
-0.000065913363477887 +0.000095456951171078
-0.000505270030933820 -0.000802574008381516
-0.000078375487008610 +0.000027363583815408
-0.000469419308494146 -0.000768336516114062
-0.000049909408308132 +0.000030521394144742
-0.000495872528310617 -0.000819271093658880
-0.000050891591073613 +0.000051695835772848
-0.000505867680721271 -0.000892224497391900
-0.000121261593591582 -0.000010275363297596
-0.000535559009626428 -0.000879130245461365
-0.000154335536944970 -0.000101988816614288
-0.000602451018498133 -0.000906523440991836
-0.000179025807354980 -0.000037611308177120
-0.000605615134448724 -0.000947530631037999
-0.000207405288522402 -0.000034132643177242
-0.000586073656015089 -0.000812517280366562
-0.000182006454355944 -0.000102690723868490
-0.000570758961476860 -0.000788642289624816
-0.000159614759292344 -0.000022697458675017
-0.000550301351323044 -0.000888029011464179
-0.000163208809878696 -0.000020938597690210
-0.000556850241316079 -0.000859658635482021
-0.000185554531285969 -0.000112409010448481
-0.000574548441990609 -0.000839418114821792
-0.000201006941157887 -0.000096644467848698
-0.000595330356136401 -0.000891508455390265
-0.000196281210247130 -0.000046006527944756
-0.000577149547759557 -0.000877218288606630
-0.000206990984932538 -0.000107974608534431
-0.000546734690461692 -0.000778965978789945
-0.000193096401386948 -0.000170726311058901
-0.000565903731422869 -0.000832290904923885
-0.000184532417364938 -0.000076279690980860
-0.000569362121333265 -0.000954431658644140
-0.000230224844187121 -0.000123629800602567
-0.000566934463548980 -0.000852137634365322
-0.000249022877927063 -0.000282806590286723
-0.000604254985325903 -0.000858414829273582
-0.000241241221617968 -0.000173387326479660
-0.000621225169788918 -0.001015137231953039
-0.000263463277834422 -0.000145423451716753
-0.000607455438807761 -0.000906433777132752
-0.000291716774994344 -0.000317027553417594
-0.000612665060976486 -0.000839939827365285
-0.000296674532494115 -0.000266682288163650
-0.000645657372906956 -0.000985211381932900
-0.000302769428087667 -0.000198975122368183
-0.000656614324835561 -0.000965189142011342
-0.000341872281850550 -0.000310057010090703
-0.000644053389096191 -0.000879259096694101
-0.000353299779333183 -0.000320758314995409
-0.000664147021696739 -0.000939858313528138
-0.000324409624238815 -0.000241800905314974
-0.000667067579382823 -0.000977080791120695
-0.000335903404592025 -0.000278735526098379
-0.000635907411422665 -0.000911484702264140
-0.000353434448858509 -0.000353315998154768
-0.000647963304967427 -0.000919792588940181
-0.000345771423814692 -0.000331705270934158
-0.000670901864609536 -0.000994803833739680
-0.000364798941980700 -0.000337257411331971
-0.000670555419464749 -0.000972460491007087
-0.000389294156003263 -0.000395380010785304
-0.000684494718545317 -0.000968742686309023
-0.000394046320392775 -0.000375803410264047
-0.000698939273302902 -0.001018301892036002
-0.000399672912234999 -0.000390550477047108
-0.000705361739873710 -0.001000580373651774
-0.000413685067686184 -0.000443520170895191
-0.000712902561493275 -0.001023472825866546
-0.000436084191723321 -0.000439086927098192
-0.000724161647091284 -0.001055054227474579
-0.000455418900519357 -0.000483334105066830
-0.000743254837749943 -0.001020977068850088
-0.000470060625438753 -0.000514432499045442
-0.000757943129461150 -0.001058523338930054
-0.000483770082983049 -0.000472665081106274
-0.000764465407594193 -0.001097150163295744
-0.000493921350852062 -0.000502037591633903
-0.000770643919226939 -0.001056942353543330
-0.000502785966685915 -0.000551100451030898
-0.000785642325482530 -0.001071304318487898
-0.000508410057566007 -0.000528073778143252
-0.000798821309943709 -0.001122077058985389
-0.000528044127323163 -0.000539443848993819
-0.000793438195126719 -0.001094403473589182
-0.000551501482103622 -0.000616922275754501
-0.000799679879819499 -0.001064554326001988
-0.000549044671243675 -0.000622645404815578
-0.000817131071625334 -0.001130978746733178
-0.000556068394804133 -0.000582122651539514
-0.000814102770823874 -0.001158600695633266
-0.000581797060900882 -0.000644186172327223
-0.000821069439614123 -0.001114670070787083
-0.000591130168256427 -0.000694791860530561
-0.000850446636262251 -0.001163465913199197
-0.000603868095017002 -0.000663997380344475
-0.000862167554452281 -0.001207925665689539
-0.000640380928897183 -0.000722560245804287
-0.000860001337587184 -0.001148368628286944
-0.000669420037176262 -0.000805780602969628
-0.000871678864441642 -0.001150438985625894
-0.000680094622835069 -0.000789955517391673
-0.000880824175431571 -0.001203718609224382
-0.000706241212347562 -0.000801613873135934
-0.000870146833418658 -0.001185728771748714
-0.000745803961138011 -0.000868428145474244
-0.000866056993040057 -0.001174321786909546
-0.000779678227124658 -0.000898186505410732
-0.000845587483538378 -0.001118684942828010
-0.000777217472402386 -0.000086868462449047
-0.000982289895203977 +0.000138121458037172
-0.001030558538232815 +0.000304525637685187
-0.000906113602819473 -0.000308349033362185
-0.000581230205543187 -0.001788450288630163
-0.000266414923917051 -0.002644172407314447
+0.000099539146442194 -0.001413770837668026
