+0.000137519704835846 +0.000940239468482369
-0.000586657147322909 -0.004256217977248935
+0.000644175500883541 +0.001456874629711311
-0.000637785414402570 -0.002153924906704336
-0.000147371683339510 +0.001437751773750178
-0.001849446774329959 -0.002524351786379854
-0.000881003619264563 +0.001849945585253406
-0.001851819572211052 -0.003817873519121045
-0.000358714889629330 +0.001948227893798617
-0.001450392643935072 -0.004635560921651958
+0.000203736996240048 +0.001321633015551204
-0.001376710217532292 -0.003523092545329764
+0.000144532317686673 +0.001082064198502940
-0.001434830535359477 -0.003010491868992494
-0.000182292838506483 +0.001779229725524690
-0.001838512878141613 -0.004094760486599683
-0.000342252501083237 +0.002241457507508820
-0.001757708377597686 -0.004954553733895388
-0.000229453133078630 +0.002298672544882277
-0.001587004630673626 -0.005052661944599214
+0.000027602421048637 +0.002828523195248431
-0.001783344153466775 -0.005428035749822254
+0.000066642038166727 +0.003442093925867486
-0.002109669288847495 -0.005933718563233280
-0.000043512330907346 +0.003762908425253439
-0.002295441702444252 -0.006343533279829705
+0.000157850168720499 +0.003749615951783462
-0.002365336598671438 -0.006372640429646188
+0.000314935114696033 +0.003669759632741509
-0.002435533659311546 -0.006510011588297661
+0.000384079236782263 +0.004074308328652354
-0.002570733470053860 -0.006893754043476166
+0.000352148821007413 +0.004648562000655287
-0.002651090879656468 -0.007395482928139706
+0.000314017223351915 +0.005126802760794328
-0.002707536876378369 -0.008454215152055116
+0.000427403438586721 +0.006034962249154202
-0.002804953939703890 -0.009948278961157344
+0.000574435957633860 +0.007518455704589234
-0.003091563817537369 -0.011345903028998600
+0.000647980727093065 +0.008784670780584914
-0.003484836036932126 -0.012381998424110549
+0.001092656644647585 +0.010324619342229516
-0.003609202302948371 -0.013571282099034371
+0.001443269362232673 +0.012906404117477479
-0.003919034397314551 -0.016597411376786449
+0.001588037776546770 +0.017163021311047126
-0.004151498392257565 -0.016642316853329703
+0.002915459314081274 +0.304588259097091751
-0.003602409280140531 +0.445715503249709544
+0.003358182378440086 +0.680787339058072205
-0.005497084697449982 +0.621309874427815600
+0.003011157329272669 +0.210002538451056459
-0.005769486453417445 -0.580776271862956328
+0.110551785608413972 -0.713946890518538213
+0.217684116258819116 -0.324229901354104677
+0.344248440379195386 -0.145498956288144493
+0.380440524768163701 +0.005476900665067553
+0.279190059132087276 +0.038170084074022934
-0.007117391663982812 +0.204994646607200265
-0.279941519135041506 +0.183507166343296002
-0.278203798387443080 +0.105182685603198212
-0.153527741159058262 +0.054406423127322939
-0.042535415747204784 -0.044627682975062165
-0.044839078541176788 -0.112158906042104795
+0.019334991972486264 -0.101510869039806634
+0.080206479061865399 -0.022676224170682505
+0.103165101803237097 +0.030526436908246943
+0.074079847770588916 +0.006357867188051558
+0.017461255357902709 +0.012841872190654746
-0.030632771399505893 +0.007273416403773710
-0.009614022876593398 +0.004233231520056125
-0.007758496519830505 -0.019664183605186607
-0.014654571650269513 -0.041873785373869390
-0.002444446386449374 +0.001830696689412979
+0.019310791757298086 +0.027726321647462769
+0.027411971277833670 +0.006464660840833525
+0.016874774497929446 +0.003778867717852525
-0.011689757834025087 +0.003604030347003285
-0.023498373967828928 +0.003565698520085869
-0.007256758947983603 +0.009754841483241346
+0.005635142724454235 +0.019259310008340177
+0.000595429256017140 +0.015015398578471586
-0.004085744057620690 -0.009062984372490764
+0.002414833313171859 -0.026763226969689680
+0.009788791284800981 -0.023246082513253805
+0.009448982147015299 +0.001031776840373760
+0.006341437463492428 +0.036925548735248087
+0.005022087075620248 +0.043523933629110431
+0.003178332712846082 +0.033917564623342618
+0.006020619613045387 +0.020716381106198310
+0.013996527529801777 -0.008063752447945089
+0.017399978432963700 -0.009838965153897025
+0.019705950941917218 -0.001129244502573463
+0.019450721086486669 -0.013699396846237881
+0.006426776725894224 -0.023510945560519154
-0.002599374438348925 -0.031468700614272538
-0.005533367577929528 -0.019840111409925303
-0.011118188832530069 -0.010729649004591878
-0.012744738393725981 -0.008985616005956373
-0.010664996871212015 -0.004178238286692115
-0.007252544404122875 -0.010324077074511677
-0.004564074934242652 -0.013170874239379259
+0.001363467661816093 -0.007367825014687545
+0.004604241075680200 -0.002001867455658956
+0.001003876791496078 -0.008697486277783996
-0.000900725752917476 -0.000406076920154610
-0.006242299679665514 -0.005154500383362206
-0.006683924618544125 -0.014275748015459892
-0.005172472832407344 -0.005841139054137775
-0.006969962954189257 -0.007591896601321880
-0.014177440062431273 -0.000606171809849220
-0.018757600118231577 -0.001361855557309668
-0.011556639148041885 +0.004907377933787510
-0.002574065013001562 +0.006347884875180758
+0.000865218396196359 -0.003058025167838456
-0.003570958601213462 -0.002337081373240117
-0.004049347064014223 -0.006976205018351405
-0.000182130605247187 -0.005384993119092951
+0.004383659681444505 -0.008520951546677365
-0.002448517371761710 -0.002916192961106067
-0.015605360895700816 -0.003513004935713407
-0.017906766198778939 -0.000684558910481672
-0.011859167612437643 +0.003894306319891625
-0.003139811924704657 -0.001278305869346555
-0.004214904983187127 +0.003187742215987731
-0.006069951128325199 -0.001888821116721180
-0.001061993743783748 -0.005402680207316629
+0.003535503521222945 -0.012181327246930104
+0.004542850564205842 -0.011092683555559542
-0.000274485923864228 -0.004603136788465169
-0.003080103598758666 -0.008279990338216935
-0.005479694823295881 -0.000446456629765832
-0.006967982464599129 +0.001012247705934599
-0.009121077381067410 +0.003443185839758680
-0.014498395266765838 +0.004292262270353993
-0.014863643592498711 -0.000212434044873106
-0.010857393369125693 -0.007232508551014023
-0.004197740956277738 -0.013314270839547190
+0.000173654168332719 -0.010583707385857441
+0.004908148782280585 -0.010340928052503816
+0.008506796750983552 -0.010689983882650446
+0.010171011694553270 -0.006269799040324899
+0.007364777367799490 -0.002751619289340135
-0.001432257164421677 -0.000303373436126461
-0.010428718258580626 -0.001883087775873753
-0.015682013048569365 -0.004696296248783682
-0.016765236894523496 -0.005915165784765227
-0.015226640904987975 -0.004216816734342738
-0.011733182448384886 -0.000451084412237290
-0.004777777425213864 -0.003143304950440518
+0.002608818574376960 -0.002049047919827848
+0.006660913874378968 +0.003403491585220898
+0.008137623652591358 -0.002142081955276829
+0.007157569665313735 -0.005528005681712808
+0.004579597948847732 -0.011167133111813055
+0.000625879239170620 -0.011139544928829745
-0.004149908324833106 -0.016582884939436809
-0.007539477655429294 -0.014030345480275191
-0.010590195799055707 -0.011625200343986276
-0.009544127300681353 -0.010591916965310245
-0.009929488644403073 +0.003650585740923773
-0.007652799238729181 +0.004709490762481382
-0.003966753824786046 +0.008158858118001214
-0.001425241101989543 +0.006013893018076292
+0.000393932233744062 +0.005083192464756475
-0.000126905520976767 -0.001486892059616944
+0.001527382674002171 -0.010945249191012392
-0.000474519622066658 -0.012042258140002950
-0.001906261469432232 -0.012701525766344542
-0.004576703628366419 +0.001304229430281050
-0.006884259633117470 +0.006812150141714116
-0.005795213251700349 +0.033682862625838722
-0.006664645132810853 +0.027468184918687185
-0.006214331909881115 +0.011025021276799014
-0.002573972712847308 +0.004991810370251144
+0.006298977218252613 +0.000531248786613342
+0.011727394268902243 -0.002333513952267163
+0.020896932337815644 -0.000740344942988053
+0.020873809006139089 +0.001214387701521852
+0.014296788425473259 +0.006412026607471893
+0.003971372289642720 +0.001749105343934888
-0.005386302956048670 +0.006108816373055853
-0.005702541650973388 +0.008515229688849518
-0.003582137331374621 -0.001239430039715336
-0.002488376753458407 -0.002798618289357528
+0.003483923091368750 -0.002914231117407738
+0.005070516250593757 -0.005757503665135822
+0.004424853676110632 -0.000773440104889826
+0.007245791998317555 +0.001679132867385483
+0.003752725770788511 +0.000522207915321114
-0.000453449176793613 +0.003822487636255725
-0.000382754859160082 -0.000924645572652764
-0.002776643760873049 +0.000304362904723202
-0.003889113539884314 -0.001531631186928630
-0.001173217321712858 -0.003032648021219128
-0.001677761607461047 +0.001854523486828158
+0.000134580162110549 -0.001836414249908302
+0.001004265056382084 +0.000856442092513263
-0.000414743608671066 +0.002480882339547181
+0.000027722514299091 -0.001467546095406690
-0.000164320750079553 +0.001020568956220752
+0.000419554510307631 +0.000497977168018185
+0.001004865551670905 -0.000992938411435630
+0.000361550662696319 +0.000759280636858334
+0.000368720261646262 -0.000660375150143638
-0.000074795662266935 +0.000040196825693880
-0.000990910947133404 +0.000703049572005653
-0.000611142754984164 +0.001185842739473987
-0.000934609111663315 +0.002648276640219407
-0.000768476206983206 +0.001535545591839909
+0.000214541773529600 +0.001814780701022283
+0.000977367903214817 -0.000630286336898176
+0.001939379632248094 -0.001194387718912296
+0.002466483702837302 -0.001171153749379987
+0.002574442671203561 -0.001637459570442606
+0.001523645719601614 -0.001392186294259419
+0.000524020944696141 -0.001872456961423804
-0.000598089897106139 -0.001068328688271014
-0.001558342787013384 -0.001303432090875092
-0.002178633663020114 -0.000213353819912908
-0.002042638921683626 -0.000733684397450937
-0.001494801148215133 +0.000068625845116919
-0.001213022674141474 -0.001023210618868504
+0.000116038542671955 -0.001124470133361164
+0.000516297781792783 -0.000003458523207786
+0.000855744264664677 -0.002217767729509114
+0.000997624908243847 +0.000189827121799576
+0.000482463948089457 -0.001352704108960416
-0.000128432892908038 -0.001235534325856554
-0.000521098931205847 -0.000006282175890596
-0.000839304434843356 -0.000853455207352761
-0.001754903918485882 +0.000869672668499395
-0.001696675000964735 +0.000538696976683609
-0.002066292485708614 +0.001593774397518004
-0.001442311010879155 +0.001549523052124887
-0.000530665960154858 +0.001616832467987482
-0.000232493350538993 +0.001177479882393533
+0.000847142527293754 +0.001231417244850575
+0.001091050696310318 +0.000817236596725690
+0.001820574563232498 -0.000192959427392826
+0.001875673048285700 +0.000628464936469008
+0.001258001782799546 -0.000769531997716829
+0.000783782416763294 -0.000005753488740343
+0.000159711662409503 -0.000058222020450215
+0.000020946359429734 -0.000195412232129539
-0.000247886503685233 +0.000886332654820881
-0.000345682756697700 +0.000115930570978777
-0.000318202172323935 +0.000551559193132193
-0.000011122492041762 +0.000038532394062050
+0.000173780350220048 -0.000412671614399681
+0.000447023306066471 -0.000353903700073238
+0.000581917249690596 -0.000855131830797567
+0.000376031583117121 -0.000776052494207685
+0.000294441014159242 -0.000661074638830845
-0.000138924582130294 -0.000883852325096677
-0.000530233239270861 -0.000196980535988481
-0.000969297710928940 -0.000001556778838181
-0.001117513283534624 -0.000146871010687186
-0.001032639323516528 +0.000181760341771441
-0.000907326289472383 +0.000125163547356825
-0.000526259445012050 +0.000241507843339013
-0.000061928389448076 +0.000218870926025539
+0.000326179888772566 +0.000337929497153805
+0.000723082247494236 +0.000112018160294936
+0.000771294499847429 +0.000251493428089666
+0.000467797139509839 +0.000019382594828652
+0.000264406299078335 -0.000273765284734686
-0.000169771267673381 -0.000173468103110350
-0.000431573180540979 -0.000435381348045257
-0.000649697942423962 +0.000025389240289372
-0.000689889156579316 -0.000323866877834780
-0.000474241225543954 -0.000010343383116408
-0.000311622636413038 +0.000098018004809764
+0.000047777785090912 -0.000147591209826381
+0.000267120667176597 -0.000060215300318296
+0.000520495637512921 -0.000264438386783450
+0.000518775297597972 -0.000185908123942195
+0.000452784346010306 -0.000758579936862463
+0.000234086099291338 -0.000472698815226197
-0.000164587332681906 -0.000856477092637377
-0.000308515202841433 -0.001127583576541451
-0.000614671788848692 -0.000388441785299594
-0.000735201684337285 -0.000746930846437806
-0.000676486936161883 -0.000265858635759038
-0.000639035110446939 -0.000087782950608359
-0.000569209514318508 -0.000092288117589564
-0.000439885053678049 -0.000022164750119421
-0.000241108378957391 -0.000246989088189088
-0.000210719218151464 -0.000248983429022824
-0.000080989942315847 -0.000758813411294764
-0.000091992422430238 -0.000392823032606976
-0.000237224186565994 -0.000631888111497867
-0.000217570797136033 +0.000452882404149473
-0.000334770386784382 +0.000987118130135714
-0.000478554057143976 +0.000106223490592826
-0.000471800686714606 +0.001139512584833048
-0.000296898961856432 +0.000063357706639024
-0.000257919990029501 -0.000186495163841512
+0.000265949473438690 +0.000199800733597970
+0.000626888780034641 -0.000284993811792971
+0.000500129703405524 -0.000110396033821542
+0.000682989032627307 -0.000060427336226819
+0.000069305991695317 -0.000230552525500751
-0.000106654895358497 +0.000348092556347351
-0.000167263451474720 -0.000053712609009743
-0.000563770379175221 -0.000214566235884894
-0.000200617676559520 +0.000478577469805785
-0.000168881910254831 -0.000725173280806207
-0.000318531164039563 -0.000002558257850060
+0.000264343977176007 +0.000211412292891178
+0.000183812461602886 -0.000680939947872744
-0.000027505880229983 +0.000429897210704716
+0.000458737329881220 -0.000324896349282676
-0.000042690524596822 -0.000484139292883767
-0.000160908347550028 +0.000100986022494393
+0.000097377019868033 -0.000865617919467751
-0.000444069148879345 -0.000106659008983871
-0.000283196662026766 -0.000190918184622021
-0.000226237868705723 -0.000616148015977792
-0.000601736668614447 +0.000505907198367128
-0.000301939616542971 -0.000359661533294704
-0.000379214199070076 -0.000013112437910323
-0.000413336916091557 +0.000489209158726935
+0.000003680841424450 -0.000538448858770005
-0.000162535968280586 +0.000267076725744299
+0.000051244081304771 -0.000061511476453579
+0.000182588879032910 -0.000443223457736383
-0.000094987709621099 +0.000163805613540530
+0.000116984965930608 -0.000293178123423877
-0.000082174766042201 -0.000150687854082420
-0.000247898711987328 +0.000134472897588105
-0.000105960902102974 -0.000203208081446433
-0.000301077469343203 -0.000014079783518275
-0.000229711054332889 -0.000010398777952182
-0.000069227151279546 -0.000328054236389019
-0.000156984805980540 +0.000006857718635342
+0.000003479591324142 -0.000287122262005361
+0.000016330836758637 -0.000302935117004988
-0.000102422435717403 -0.000107807171711112
+0.000005634618124393 -0.000482403776932831
-0.000184599215085821 -0.000179921186783808
-0.000205213266953630 -0.000341114891951961
-0.000175321343791431 -0.000304353145826779
-0.000354964667640821 -0.000222404412847084
-0.000221201674595654 -0.000347819976193597
-0.000252797842748288 -0.000129697896000919
-0.000287821697185491 -0.000338566674786078
-0.000154806887397349 -0.000142625942760891
-0.000201900446872419 -0.000205114570654808
-0.000216572926194866 -0.000289849653019050
-0.000140628300453576 -0.000137872483592772
-0.000204352272956143 -0.000296364293726831
-0.000251358036113852 -0.000195130207118680
-0.000189592295122268 -0.000193202014377620
-0.000329479504042994 -0.000186836105172558
-0.000300444848047288 -0.000133113018930584
-0.000249186586044573 -0.000104036706914614
-0.000337010344769306 -0.000142237084553641
-0.000186858938136419 -0.000064514968606957
-0.000187631297703406 -0.000089707812244733
-0.000158833279761672 -0.000188886564232096
-0.000029780774768717 -0.000031172799937739
-0.000087904149267860 -0.000250407745349895
-0.000061745526446865 -0.000176653809921499
-0.000061160697014885 -0.000161944019394809
-0.000155475194363482 -0.000323614608107284
-0.000150503467146674 -0.000126520083732163
-0.000194736735284042 -0.000277188555745514
-0.000265407611675749 -0.000227373991633237
-0.000223134330975440 -0.000161174650712773
-0.000270144868686471 -0.000319916568777363
-0.000255853656797531 -0.000193552925096714
-0.000192879048808949 -0.000259988283467182
-0.000235918931818244 -0.000316427607485442
-0.000174711163327729 -0.000211329815751188
-0.000180088450295982 -0.000326215338066456
-0.000221074217767502 -0.000273486871145623
-0.000198853196772718 -0.000213833438912716
-0.000259254276327885 -0.000314013274146310
-0.000268596739176059 -0.000198938119533277
-0.000272901059683715 -0.000232592477351459
-0.000310198044004696 -0.000266527565359913
-0.000274584814623211 -0.000183722479049824
-0.000276261906583975 -0.000241061055630348
-0.000263754224253147 -0.000250805749021748
-0.000211590635837416 -0.000189704976649483
-0.000239053283573233 -0.000274774737053602
-0.000213697155123741 -0.000256048833419414
-0.000217049345653245 -0.000227806894955754
-0.000254553682336468 -0.000317104970629954
-0.000245293259271757 -0.000217258533060913
-0.000273516777029284 -0.000279392812157256
-0.000284240293607064 -0.000256920162188889
-0.000275518471161476 -0.000214352191203604
-0.000275898025512343 -0.000292116741250496
-0.000265311119108149 -0.000221840515902291
-0.000233246997298974 -0.000299656306627306
-0.000235526049215621 -0.000263466955884269
-0.000218937068740564 -0.000328635572105407
-0.000210974543433877 -0.000307762747178290
-0.000255285876945276 -0.000336524025832331
-0.000245035940251691 -0.000396984283950372
-0.000294003181807096 -0.000307916805398857
-0.000321686105348043 -0.000408417190156461
-0.000329070999327833 -0.000336808915514475
-0.000354236269754709 -0.000325156108568654
-0.000360572994414349 -0.000355480842713179
-0.000352974728753711 -0.000298649608060827
-0.000341466971717765 -0.000324928331276755
-0.000341029268149336 -0.000308988482046641
-0.000306386424876839 -0.000345416179041998
-0.000306662536519260 -0.000317878245074037
-0.000304787178272106 -0.000390449542706724
-0.000293093874601141 -0.000334668760757220
-0.000316454686382027 -0.000329242524577837
-0.000321015053867895 -0.000373326431816391
-0.000347577721529936 -0.000288517571019688
-0.000348472871160742 -0.000330028206908465
-0.000379728494016834 -0.000374945510530984
-0.000363953964236053 -0.000285511918731880
-0.000349373509556124 -0.000370964211331942
-0.000359520216632998 -0.000357897151074447
-0.000316057071706995 -0.000318818899989298
-0.000327810604688521 -0.000390810896305123
-0.000343293922089725 -0.000359632198102372
-0.000306908565818992 -0.000330448722425090
-0.000366214954839264 -0.000447022072146248
-0.000344635819801848 -0.000298597373935229
-0.000340668728072191 -0.000439704966891412
-0.000398436165443342 -0.000418701057710013
-0.000351853056913281 -0.000321624325047072
-0.000362251072394697 -0.000498139417454635
-0.000420257762787180 -0.000369291099859503
-0.000331534311301751 -0.000355417121586071
-0.000401365551901114 -0.000543834195688236
-0.000411411196643404 -0.000287008472560274
-0.000348846175317106 -0.000513195436072290
-0.000436370784833790 -0.000449782813773197
-0.000415900659646449 -0.000358510622855052
-0.000373774851888761 -0.000547609719402104
-0.000482247018860057 -0.000387413132971596
-0.000399065719619317 -0.000401503486899405
-0.000436848328832681 -0.000564591844931194
-0.000476287835174824 -0.000273290984267906
-0.000403316811336693 -0.000558511612379561
-0.000452961568258286 -0.000415306470201837
-0.000454505664272169 -0.000385150832558367
-0.000380248344021925 -0.000544838582993024
-0.000481412489952393 -0.000421845277017920
-0.000401006564301674 -0.000416744410401729
-0.000431870246032081 -0.000604678411555872
-0.000475101223739990 -0.000320231924037729
-0.000429588069576124 -0.000587458153845093
-0.000468879815632264 -0.000449073671784936
-0.000510144168660705 -0.000459468393442240
-0.000427522105389422 -0.000542800619734822
-0.000532379490651980 -0.000505904459346372
-0.000458065750941557 -0.000427753053808746
-0.000477395084447463 -0.000666352274251194
-0.000498530864248494 -0.000340255055396640
-0.000476136486648211 -0.000678381795638626
-0.000471353709807750 -0.000442582130894751
-0.000542506333639247 -0.000583144026732173
-0.000441986732442465 -0.000518798111096500
-0.000569051199601780 -0.000612001675801637
-0.000486202398466485 -0.000453443828381694
-0.000540869413113546 -0.000714152869525016
-0.000536339850351569 -0.000401206403496525
-0.000555243391807556 -0.000730622694537979
-0.000514587269485468 -0.000430497604321262
-0.000611223232227008 -0.000710073752078351
-0.000494215924986480 -0.000447154989578409
-0.000615769769751718 -0.000748800415474307
-0.000528713140164552 -0.000409987701173170
-0.000594723544807865 -0.000813477485342625
-0.000542655469023784 -0.000382636526850595
-0.000629510634528969 -0.000831076074826752
-0.000514611052925241 -0.000396185510804901
-0.000675276388169107 -0.000829756524128643
-0.000517907838685196 -0.000397454130533314
-0.000669177848225833 -0.000862487734719627
-0.000551678545687502 -0.000371064490313187
-0.000659963029500375 -0.000919094525067146
-0.000548346974982141 -0.000337896374479271
-0.000694138109391069 -0.000985992863224588
-0.000523532898846576 -0.000305323840089161
-0.000726410377276100 -0.001047745060980260
-0.000535812906228316 -0.000283555713769201
-0.000732424441289375 -0.001093450807304212
-0.000561364002525845 -0.000268930498941806
-0.000758340924634159 -0.001134610176285478
-0.000552205965180194 -0.000246160629898837
-0.000809511389423648 -0.001193077158271872
-0.000532518022823666 -0.000202391105093761
-0.000836927554669895 -0.001266359757990200
-0.000540881790592286 -0.000157217562137195
-0.000838954367894404 -0.001334465104719726
-0.000551620953759262 -0.000118541659108421
-0.000863792385126623 -0.001415249515354802
-0.000535346920322655 -0.000040241184183421
-0.000916775071057731 -0.001558970918279714
-0.000516382853740833 +0.000123169522231682
-0.000964384611634496 -0.001826041482528114
-0.000516318148195501 +0.000579867701285880
-0.000969209018942549 -0.003117858382650868
-0.000143444129541367 +0.001866920541714007
-0.001247028771401710 -0.000790359998763292
-0.000175950743505259 +0.001321733438655943
-0.001402123930527852 -0.000474546617654405
-0.000520103584967845 -0.000534981824916490
-0.001013005392138640 -0.004663390566533390
