-0.000911473623917830 -0.000514429536782580
-0.000134892488445514 +0.000514941263396129
+0.001271956733727088 +0.000298050023385650
+0.000539807381412506 -0.000837290170966114
+0.001357796279310144 -0.000986284956600269
+0.001002828525208407 -0.001731391165969804
+0.001675050511992833 -0.002190606063691026
-0.000756303242501625 -0.001191951141590326
-0.000425057739687030 -0.000698316414428568
-0.000910120560169094 -0.000689959328696959
-0.001129049184563239 -0.001097035338099820
+0.000053020922434809 -0.002684333387557748
-0.000461848291736002 -0.002010989611991033
+0.000718451818959564 -0.003228184809363820
-0.000362117300705306 -0.001203225414545471
+0.001157684081653522 -0.001831158205297292
+0.000169330078907802 -0.000984635747934370
+0.000166722599837970 -0.001715120260025946
+0.000350539493232660 -0.000564903268190019
-0.000259062108207520 -0.002749228070531731
+0.000944756927355513 -0.000925372724497912
-0.000650473085936241 -0.003348754388090433
+0.000520262135333223 -0.000584720356290559
-0.000603194537065789 -0.002813996332834092
-0.000121554281764415 +0.000174901084230282
+0.000465848090387804 -0.003113547518729187
-0.000504973600772706 +0.000127320241397824
+0.000954174587158683 -0.003786122487645328
-0.000779508862876734 +0.000556174326077907
+0.001263762387478799 -0.004529372579717682
-0.000818711613934126 +0.001078384950413212
+0.000762518250855662 -0.005496090123253788
-0.000546469919451775 +0.001449490769674676
+0.000138129133584972 -0.006157458333551612
+0.000271869433758226 +0.002095807854589987
-0.000056550165621343 -0.007039367317117492
+0.000502644434678267 +0.003413482891583400
-0.000059230586925733 -0.007808346781086802
+0.000254816848686123 +0.005549397166529088
+0.000489445324966150 -0.010222067437205705
-0.000482283931090656 +0.008097631339631563
+0.001107054386325620 -0.014268466385997889
-0.001498334571664706 +0.012952727588674211
+0.001698454518550144 -0.021787483209913326
-0.002028892763681544 +0.026243006761328264
+0.001990777341216401 -0.042126436491056685
-0.002016271821783612 +0.560043418399090998
+0.001696988869307613 +0.865606737842101626
-0.001727474948564482 +0.587729625643129805
+0.001707067527521555 +0.539266503725068125
-0.001500824290606193 +0.298730371110475346
+0.002570885187525980 -0.528870588536293207
-0.001657765031289622 -0.976820046380132756
+0.004341078601785468 -0.674756726521095862
-0.003407270152707650 -0.246862585246577948
+0.007159945125299444 -0.009836399290935462
-0.003092602714679087 +0.115336776444895900
+0.200522284960225117 +0.242118138165708902
+0.263423537726810320 +0.224052977681041127
+0.216101278192582458 +0.221043506611749374
+0.237907865010492048 +0.010827548627714872
+0.276701400584859702 -0.002328443077337162
+0.058921438848200003 +0.028872657542492238
-0.223563787932639535 +0.093874533859669707
-0.212865389483029799 +0.085645315603307348
-0.156689134459016277 -0.046201501111882717
-0.092789650201772600 -0.177617679532540707
-0.101275634193154968 -0.171638400728897800
-0.047991189994841268 -0.137254823160909312
+0.038279621496282015 -0.052419458348213557
+0.141831481814153670 -0.024573919720270541
+0.119285290296302610 -0.022437811584885583
+0.052004949821947546 +0.013455830618519335
+0.026179757830690119 +0.069846742143275381
+0.059693916772114559 +0.045356103264466999
+0.056360283952128401 -0.017056311048311255
-0.014122756550749351 -0.045565778322550578
-0.066355429410610720 -0.009022940312707423
-0.057967800422498272 +0.014764852080144737
-0.019911436660862446 +0.015270246588435551
+0.007198048451701501 -0.025343362434390893
+0.000201244934472989 -0.029779132925800048
-0.003562177546618263 -0.018060254236788746
+0.026353504940535198 -0.010391994371519407
+0.046721114259627342 -0.010214659882768007
+0.020754231432452544 -0.010873409225599640
-0.007201685613654042 -0.012742955370524594
-0.014397938543981189 -0.000742890174676979
-0.007728978097562183 -0.001094377048339587
+0.007911329879437028 +0.004558018507336722
+0.004334063537950489 -0.001639920818043905
-0.008780809667032987 +0.008176593034984685
-0.004233131489588906 +0.020047305906299481
+0.005924444874584597 +0.020926805607093833
+0.002409498864450653 -0.000559440116418952
-0.007912539611852842 -0.018993306470915749
-0.014358578711496595 -0.022445605478614454
-0.013285788410001494 -0.013644413539623253
-0.005214570351612115 -0.009913234788992430
-0.007084871563439713 -0.010343215968576680
-0.001222356683875267 -0.002876879533517163
-0.003465631970261269 +0.011480565432635389
-0.003559761082903935 +0.014187564908879948
+0.006426245941916303 +0.013726368069093038
+0.010522429009309917 +0.004560338906953931
+0.004983540226859979 +0.007132928149436777
+0.002806690244692408 -0.000167215502898620
+0.006795304003770573 +0.000184855745015353
+0.005313831382651003 -0.002453298940090052
+0.006634412122598122 -0.016155661547285857
+0.001625018976379718 -0.011799497136566972
-0.004552292020359757 -0.010317000635261864
-0.004906801833380620 -0.007656760524563680
-0.001423370784579137 -0.008328849392397995
-0.001327686529994619 -0.011061509562788518
-0.009080383062206529 -0.016477277547358879
-0.002180337748943891 -0.027031294779088420
+0.000038844500379294 -0.028702363765958118
+0.004452962238300500 -0.034113652411033590
+0.004392380037451873 -0.016626569312769429
+0.003473834126936226 +0.009567001440393715
+0.005025126075784631 +0.037822216201806050
+0.003693389723719432 +0.053420872591532068
+0.009061801177364609 +0.042939268806540670
-0.000602284554366234 +0.028216887158785817
-0.005478413769284535 -0.000079562684459947
-0.009464873404018682 -0.021604989394950674
-0.010487511774299393 -0.030201086923500861
-0.015810052370126171 -0.029774240507601774
-0.022855816402705367 -0.021058794606124663
-0.011639206451441501 -0.014315395058299958
-0.006030704378007667 -0.007803320862215080
+0.011975591506065678 -0.012814731116859841
+0.021227924019497128 -0.011801469881818865
+0.026025275178682999 -0.008352213082352355
+0.025420999003172531 -0.003735141399987894
+0.018945601115841940 +0.005662521240868065
+0.013819320762019286 +0.011866124147533378
-0.004272154963369496 +0.014198683325660037
-0.006715846179170776 +0.004765701425326002
-0.011943179041574986 +0.000929421379978476
-0.009462981348322411 -0.002093918891816888
-0.008745224826366110 -0.009059279191761126
-0.006519048611520713 -0.006684757844835472
+0.003081871581686000 -0.004416168629469986
+0.001155599822234247 -0.002245973259877319
+0.010480420227969682 -0.004895029942189752
+0.010311703058898400 -0.007902613051235042
+0.013468599147752799 -0.007879476884437389
+0.010209641878745108 -0.011554183290433194
+0.005541726786029751 -0.005645736152754581
+0.005510605250917495 -0.001089254634208675
-0.001217358207674494 -0.000903506841809213
+0.001535266939553658 +0.003241433232358557
-0.002405036110502647 +0.005314007807044573
+0.003244956716457641 +0.003817067365291404
+0.006149657195332790 -0.001791475817825482
+0.007869626249735917 -0.000475560254840926
+0.007075719233627930 -0.001472847997607345
+0.000920519084502592 -0.006615112313409535
+0.002968410719484920 -0.007762834736962195
-0.002246133777290462 -0.010262395974164113
-0.002922263809390931 -0.012513122462463099
-0.007288778864668267 -0.021874251994746904
-0.005207193611832426 -0.017268148874867335
-0.002388275788499939 -0.019015598337082197
-0.002098878409488616 -0.017264908071077414
+0.001130780528045531 -0.032236030953726263
+0.000305477357767371 -0.011929279455548895
+0.004610906084928529 +0.001119406376682450
+0.004272888225859089 -0.007545902394182973
+0.005448107485737696 +0.033028382622958249
+0.002931488827630896 +0.044400760281823090
+0.001565365361600379 +0.032081372689605134
+0.000894358469186792 +0.028180128150433637
-0.001029881878137738 +0.004186554994443800
-0.001418363664112475 -0.012443187869840527
-0.004304004472942549 -0.007816601352920782
-0.008832799659206299 -0.008827680314603001
-0.007754508152401760 +0.001248377224174216
-0.005422137946646218 +0.000558199257330749
-0.009678245774779229 +0.002778471896975859
-0.004991943197135785 +0.001417096328774197
+0.007198020234224471 -0.002675632316623031
+0.003852308679726051 -0.006986325021647363
+0.007490257031922827 -0.002744509489611715
+0.004220223293575118 +0.003128471201101442
-0.000402171839109372 +0.007904136537770480
-0.000271001558561662 +0.009470987386600103
-0.002146135101418700 +0.004292110883523806
-0.002974285241100588 -0.000372256371837188
-0.004490242944535906 -0.004882961438229871
-0.001871974349894626 -0.004356699635041792
-0.000555995933253887 -0.004430309564382661
+0.001250154681932687 -0.002513582998001120
-0.001857802451976250 +0.002830961837699715
+0.000919876392627344 +0.002066692958274021
+0.001009077167527609 +0.003686114184894111
+0.001070467608364128 -0.001456581320696381
+0.003258386611940094 -0.004078502833488401
-0.001927074629637053 -0.004966617790340284
+0.000123334216292543 -0.004094300730837308
-0.003262215247203708 -0.001597549169389946
-0.000966607560192338 -0.001432715241614296
-0.001989696935196086 +0.001757755245695133
-0.001062482595178298 +0.000834988805557538
+0.002561344639435623 +0.002247650877371943
+0.001116107628344076 +0.003664125021532062
+0.005460047962987910 +0.001186987858510249
+0.001382652214712206 +0.003551188122226080
+0.002423606461538725 +0.000773584927941055
-0.000488049107882207 +0.001067192963198556
-0.000675205755661636 -0.001144202282003708
-0.000692166814423904 -0.004674028943824244
-0.003300106381865756 -0.003411098165550947
+0.000246263359094393 -0.004966845289639726
-0.003005818790832297 -0.002796055642472581
+0.001747030520393925 -0.001727556674454539
-0.000000473090831911 -0.001101544090366153
+0.001921646449109823 +0.000349447150719768
+0.002845939967428096 +0.000194652518315323
+0.001070701317840565 +0.001402846483634291
+0.004643718093051571 -0.001005312517753225
+0.000035871322824904 -0.000003896687371748
+0.001971703093133803 -0.001008435828048711
-0.001581364073979497 -0.001225423290544231
-0.000713260285372493 -0.000847872096820328
-0.001468216612492016 -0.002234917441818793
-0.002346990617110506 -0.001048499946414481
+0.000340262398457325 -0.002511935772527275
-0.002240719482473790 -0.000325098292734103
+0.002404813829165221 -0.001271139477324824
+0.000080226673080055 -0.001082010390569550
+0.002128678623572467 +0.000196771285297896
+0.001079361700594118 -0.001374358538598930
+0.000632934935406439 +0.001145078767246187
+0.001946776669790822 -0.000567680924409735
-0.001331463085368528 +0.001266020161124344
+0.001476773169552509 +0.001081686422944789
-0.001909239003874182 +0.000180459628397703
+0.000304350414472233 +0.000419061399369532
-0.000755763472369434 -0.002415608945367224
-0.000485033438372446 -0.001612332124643478
+0.000498811349981517 -0.002955779840732545
-0.001221376277561204 -0.000068516700647539
+0.001658032428283635 +0.000965226758112150
-0.000876011073287210 +0.001666949456257738
+0.001376464157328674 +0.003379318165697700
-0.000136401936038275 +0.000019492639751198
+0.000691716125339173 +0.000622516469239031
+0.000602847381864352 -0.002057191276474538
-0.000698962983206872 -0.002301834906989651
+0.000713657369234145 -0.001213708680797457
-0.002095347065832388 -0.001202891644864765
-0.000117694260694562 +0.000717425817776235
-0.001490499305409928 +0.000049205162994641
+0.000103524813285371 +0.000788774900288578
-0.000015446955934180 -0.000530755978454378
+0.000359406595629849 -0.000122999503928823
+0.001292790008622510 +0.000420253591285294
-0.000359737082832518 +0.000331731884975172
+0.001179950671097633 +0.001510312773065317
-0.001222868213299580 +0.000097782579553785
+0.000103802267515211 +0.000750614237978927
-0.001220682838741126 -0.001217112383945090
-0.000552934794947143 -0.001922903084843910
-0.000298453369691314 -0.001429117587077495
-0.001068121732002131 -0.002080554153940444
+0.000328722470651336 +0.000230811257608156
-0.000993454380705763 +0.000085407897618301
+0.000994040572197886 +0.001210236884433782
-0.000422933744513665 +0.000849305407721240
+0.001044927586754407 +0.000257783531025203
+0.000092297320373318 +0.001071738962618486
+0.000200741777790002 -0.000809785309954012
+0.000425127657798112 +0.000384813837071463
-0.001357484971054599 -0.000238904844821315
+0.000178218297056171 +0.000036570832691318
-0.001902864149044590 +0.000339553081143352
+0.000420025847010145 -0.000694048118667166
-0.000859913446072353 +0.000347455491149618
+0.000379399910200706 -0.001043543154404125
+0.000484694141628900 +0.000029599843211719
-0.000136173637012908 -0.000176253118073462
+0.001515087211693334 -0.000201982398487791
-0.000923113879081914 +0.000337032642826879
+0.001275565273495547 -0.000317742224851922
-0.001164723774281328 +0.000715817884024926
+0.000514620759306402 +0.000079606961944045
-0.000417624438129755 -0.000571698131453020
-0.000643985978863718 -0.000144328689420139
+0.000606901455802581 -0.000680383119990607
-0.001362024300262245 -0.001886066907897456
+0.001446932659424672 -0.000680816265635418
-0.001143802094706792 -0.000581762451179816
+0.001270453270472085 -0.001252804038426943
-0.000304747913208376 +0.001347627581350148
+0.000200813112724080 -0.000381852228982087
+0.000902289735443472 -0.000351741399074312
-0.000868853387025926 +0.000326357470934267
+0.001321924158125249 -0.002256589138264054
-0.001478642143371197 +0.000235294981196720
+0.001278915566414006 -0.001431031497840685
-0.001222729783684230 -0.000634536269919744
+0.000070109570009537 +0.000649158520107052
+0.000376001147066910 -0.001141241878523769
-0.001175310349707529 +0.000844191867067690
+0.001701914115957162 -0.000911374600375492
-0.001092187255367634 -0.000352675940353264
+0.001468399554238417 -0.000234985116546571
-0.000572811272925648 -0.000616418920589737
+0.000434492249032660 +0.000472110050440459
+0.000104239126950894 -0.000459546728697191
-0.000710919127733689 +0.000201211311769783
+0.000676141968281418 -0.000787704210919588
-0.001335288732740511 -0.000516496622147422
+0.001103212274711204 -0.001024511534832216
-0.001250860018584182 -0.000822983755519780
+0.000859158621173906 -0.000313200623491317
-0.000380279035238726 -0.000607439847701480
-0.000213308091004338 +0.000693952355619247
+0.000985431790400962 -0.000469351192116840
-0.001065435287111068 +0.000379978337113215
+0.001527004724906043 -0.000338210296058572
-0.001147730609758080 -0.000699954917570175
+0.000847842895250001 -0.000039611807499864
-0.000548818653049246 -0.001109142047293971
-0.000356032778149856 -0.000023423897225362
+0.000260107088975840 -0.000898624591922050
-0.001166117037413541 -0.000269035897386798
+0.000863164528089176 -0.000516475385886440
-0.001050599250438294 -0.000658834695314095
+0.000924656047363860 -0.000011622986939443
-0.000520794619708331 -0.000729094821129408
+0.000383330040804892 +0.000451286173027945
+0.000136309300200581 -0.000500120759523548
-0.000449290890374234 +0.000151955897785951
+0.000701797577605324 -0.000191874896119243
-0.001067625765460092 -0.000799334115975417
+0.000789465863787756 +0.000057417383321409
-0.000996851594443094 -0.001173360514771675
+0.000360541465077915 -0.000099040925370455
-0.000378085171022270 -0.000604938060393694
-0.000314256771327545 -0.000361547703738742
+0.000404676404526796 +0.000018705434335476
-0.000685721445427956 -0.000593492892542732
+0.000846559484394541 +0.000150288996740951
-0.000718840418745480 -0.000671197379461091
+0.000737832853653867 -0.000115946502437679
-0.000551778517376949 -0.000453299660655901
+0.000176506805922949 -0.000486867920298362
-0.000099168121415962 -0.000252637277300322
-0.000571497444080574 -0.000738350230863539
+0.000460798478478099 -0.000156232730203376
-0.000937082993978643 -0.000785023102573489
+0.000771536635665929 -0.000260402934232715
-0.000796825854097740 -0.000541707958624802
+0.000580868159913234 -0.000557300068876946
-0.000263354640453237 -0.000201431110374059
-0.000058905423974628 -0.000760627874952910
+0.000401750559835381 -0.000066920357682019
-0.000725550342478226 -0.000645652681396014
+0.000776972025526919 -0.000296051029826710
-0.001014867862056090 -0.000322537384135258
+0.000711875419415589 -0.000734013180961563
-0.000719987236003578 -0.000304077831778557
+0.000169124113042412 -0.000934629666370534
+0.000035601990701910 -0.000456373877695565
-0.000553662306830280 -0.000701353220754238
+0.000766675567869954 -0.000476629067781822
-0.000995393766137537 -0.000295426899045716
+0.001005893153841200 -0.000603293860151606
-0.000878254681064645 -0.000090271720547177
+0.000556179877228596 -0.000818746350512761
-0.000182914538314929 -0.000332393668179832
-0.000322660607642365 -0.000671387836910821
+0.000573296906937889 -0.000764785729227108
-0.001056007067562708 -0.000233295539982319
+0.000957193541401181 -0.000928195151801786
-0.001152912770063253 -0.000191283045631036
+0.000746418816624648 -0.000790987086410420
-0.000500910686918493 -0.000592979761894171
-0.000025616695693434 -0.000473744921569087
+0.000478546852370132 -0.000885492740774554
-0.000852971107424874 -0.000233788993033329
+0.001064022255450065 -0.000805366370025511
-0.001173944033186113 -0.000262154715313009
+0.000899224533824810 -0.000664774924220617
-0.000732013891104171 -0.000587762849236779
+0.000141993209158598 -0.000573193953927019
+0.000133333610377493 -0.000980643681615501
-0.000737559948466765 -0.000375818522124960
+0.000852168831702353 -0.001033079021264888
-0.001181038530831748 -0.000316919220879263
+0.000995764948027629 -0.000759465570725781
-0.000908371340455459 -0.000572716297794599
+0.000454366213132875 -0.000415201574678821
-0.000059857160997239 -0.000991325386042022
-0.000446981473731581 -0.000242710064035366
+0.000746609704231312 -0.001102360325915853
-0.001109828406995357 -0.000400262383298298
+0.000960868222349727 -0.000785991130961622
-0.001058678254910638 -0.000778096146551187
+0.000519016693723925 -0.000424731508596424
-0.000367170236032126 -0.001096990917539690
-0.000264546921575501 -0.000291451659684893
+0.000477362786087133 -0.001064396033085126
-0.000887288831066737 -0.000478012360846765
+0.000908529961897799 -0.000724904183833987
-0.001000226363449072 -0.000825608325022343
+0.000694800416223996 -0.000350095873857540
-0.000551762563944228 -0.001108023224728135
+0.000015658870397220 -0.000301050301376264
+0.000164278450101135 -0.001005564757571827
-0.000703180293508469 -0.000703409577335683
+0.000683242973814788 -0.000659872186843981
-0.001003572780518477 -0.001027718510610316
+0.000707711663982152 -0.000549088285856432
-0.000731194309487872 -0.000989601907646281
+0.000244813875910844 -0.000581266363602876
-0.000091998586218741 -0.000889762148527403
-0.000383126386446600 -0.000618903612667969
+0.000489698601745239 -0.000836367369664903
-0.000819259760884804 -0.000807639079348685
+0.000700801925783160 -0.000663170728772620
-0.000837956019248218 -0.001118460163242581
+0.000428333004588702 -0.000489090273023182
-0.000398323564877406 -0.001176179248653503
-0.000167044642654094 -0.000665318774949181
+0.000200233747087758 -0.000822616513606040
-0.000659132607174710 -0.001099408573990768
+0.000569821111432653 -0.000508804309411651
-0.000796261744015255 -0.001261917331398549
+0.000544948020884123 -0.000611059727555763
-0.000579304657365587 -0.000974318598861254
+0.000177504629183011 -0.000951981208608857
-0.000124990488820185 -0.000661011208348605
-0.000359696932159693 -0.001144760807064354
+0.000369884937528696 -0.000686203749320673
-0.000798366647667793 -0.001085421689904872
+0.000633595301025954 -0.000921032120887188
-0.000839872177395188 -0.000944518880548074
+0.000424422412387090 -0.001063806498541230
-0.000400785538007653 -0.000849204991137033
-0.000151159573751697 -0.001084702537022888
+0.000232371389222830 -0.000830084075290352
-0.000695531397430140 -0.001078189779521095
+0.000631590160037061 -0.000931760235075154
-0.000876594310245990 -0.000959662240640851
+0.000567413183178871 -0.001103509903196473
-0.000615502536521671 -0.000866847631790089
+0.000098355902173653 -0.001150286718824466
-0.000066483945415079 -0.000941041888101731
-0.000508429645406564 -0.001121334799384692
+0.000487647992051310 -0.001102040920900367
-0.000916010152517886 -0.001017425104015033
+0.000704842063519758 -0.001234911549229013
-0.000852551159923823 -0.000926552024800292
+0.000378698654927893 -0.001211933290331439
-0.000287111799325699 -0.000999384343957025
-0.000312439566709358 -0.001095746673881847
+0.000397967182520011 -0.001190555573378505
-0.000886137116963095 -0.000981360662271127
+0.000740637917689309 -0.001366703209403134
-0.000982188407848451 -0.000955445477149065
+0.000519256150874812 -0.001346964086445570
-0.000530410750775766 -0.001105546990539686
-0.000121254147545323 -0.001143514008170221
+0.000179223271156942 -0.001345392449272993
-0.000762989769734849 -0.000978155789529609
+0.000690663426829622 -0.001458000703738278
-0.001021492208332068 -0.001025905402312635
+0.000674956952309255 -0.001323247050025547
-0.000718715213932018 -0.001278647439607886
+0.000111191456012315 -0.001091398385880635
-0.000033906754095992 -0.001512382265616907
-0.000623629465873872 -0.001006621080573900
+0.000576195819303852 -0.001549611775038336
-0.001035414468116717 -0.001120856890995601
+0.000706761668604027 -0.001414817609871103
-0.000865025956186547 -0.001333712298324046
+0.000275504661482461 -0.001227646922831288
-0.000239849732788881 -0.001521519986509077
-0.000417052161480618 -0.001134431024940142
+0.000412737300851785 -0.001574381924417511
-0.000924430006946812 -0.001216844406154324
+0.000683099429701360 -0.001449755596680920
-0.000941880467991415 -0.001453596956520427
+0.000416302561994617 -0.001255883888986981
-0.000469540035957968 -0.001683061784511039
-0.000208533563962159 -0.001185595623155667
+0.000178443997889979 -0.001700231674940340
-0.000779282032880985 -0.001330600531992271
+0.000579991448261277 -0.001508239082871093
-0.000940503788464796 -0.001580670729892181
+0.000486185514309982 -0.001292795062412075
-0.000609642993095078 -0.001789131255810812
-0.000020794059499747 -0.001203543825695004
-0.000019964066079638 -0.001877687351420957
-0.000613226800701562 -0.001250601713226842
+0.000456855663600883 -0.001864608908108540
-0.000938086604657636 -0.001263436758421450
+0.000553508791590309 -0.002305357093433241
-0.000821739667115520 +0.002856315402369003
+0.000245731113568403 +0.001990726206013248
-0.000546425519891134 +0.000425695191159644
-0.000224921841780768 +0.003387776443447177
+0.000092209694278025 -0.001118839315070817
-0.000887170028171911 -0.005641539891935454
+0.000787468683868665 -0.004043643933535741
-0.001208936926201652 -0.005106978372811266
+0.000765615748541253 -0.002492079368029268
