00000 -0.230
00010 +0.426
00020 +1.627
00030 +2.560
00040 +3.074
00050 +3.238
00060 +3.132
00070 +2.824
00080 +2.401
00090 +2.014
00100 +1.884
00110 +2.148
00120 +2.685
00130 +3.229
00140 +3.599
00150 +3.749
00160 +3.707
00170 +3.532
00180 +3.294
00190 +3.072
00200 +2.950
00210 +2.979
00220 +3.153
00230 +3.401
00240 +3.629
00250 +3.767
00260 +3.786
00270 +3.695
00280 +3.529
00290 +3.340
00300 +3.186
00310 +3.115
00320 +3.154
00330 +3.287
00340 +3.464
00350 +3.624
00360 +3.716
00370 +3.717
00380 +3.634
00390 +3.499
00400 +3.364
00410 +3.283
00420 +3.301
00430 +3.431
00440 +3.645
00450 +3.889
00460 +4.100
00470 +4.235
00480 +4.282
00490 +4.263
00500 +4.227
00510 +4.233
00520 +4.328
00530 +4.524
00540 +4.795
00550 +5.084
00560 +5.332
00570 +5.497
00580 +5.568
00590 +5.562
00600 +5.522
00610 +5.492
00620 +5.511
00630 +5.591
00640 +5.718
00650 +5.861
00660 +5.985
00670 +6.059
00680 +6.071
00690 +6.026
00700 +5.945
00710 +5.857
00720 +5.791
00730 +5.767
00740 +5.787
00750 +5.840
00760 +5.903
00770 +5.951
00780 +5.963
00790 +5.929
00800 +5.853
00810 +5.752
00820 +5.653
00830 +5.583
00840 +5.561
00850 +5.586
00860 +5.646
00870 +5.712
00880 +5.758
00890 +5.764
00900 +5.726
00910 +5.660
00920 +5.596
00930 +5.562
00940 +5.579
00950 +5.643
00960 +5.733
00970 +5.822
00980 +5.884
00990 +5.905
01000 +5.886
01010 +5.843
01020 +5.797
01030 +5.770
01040 +5.772
01050 +5.800
01060 +5.841
01070 +5.877
01080 +5.893
01090 +5.880
01100 +5.840
01110 +5.780
01120 +5.717
01130 +5.664
01140 +5.629
01150 +5.612
01160 +5.603
01170 +5.590
01180 +5.562
01190 +5.512
01200 +5.441
01210 +5.356
01220 +5.270
01230 +5.195
01240 +5.140
01250 +5.105
01260 +5.084
01270 +5.066
01280 +5.042
01290 +5.007
01300 +4.967
01310 +4.930
01320 +4.913
01330 +4.925
01340 +4.971
01350 +5.044
01360 +5.131
01370 +5.214
01380 +5.282
01390 +5.334
01400 +5.373
01410 +5.410
01420 +5.459
01430 +5.526
01440 +5.612
01450 +5.708
01460 +5.801
01470 +5.877
01480 +5.927
01490 +5.950
01500 +5.954
01510 +5.953
01520 +5.960
01530 +5.986
01540 +6.034
01550 +6.097
01560 +6.161
01570 +6.210
01580 +6.236
01590 +6.236
01600 +6.221
01610 +6.206
01620 +6.208
01630 +6.242
01640 +6.309
01650 +6.401
01660 +6.502
01670 +6.595
01680 +6.667
01690 +6.717
01700 +6.749
01710 +6.776
01720 +6.812
01730 +6.867
01740 +6.945
01750 +7.042
01760 +7.144
01770 +7.239
01780 +7.315
01790 +7.364
01800 +7.390
01810 +7.401
01820 +7.411
01830 +7.434
01840 +7.477
01850 +7.543
01860 +7.624
01870 +7.706
01880 +7.774
01890 +7.818
01900 +7.835
01910 +7.829
01920 +7.814
01930 +7.805
01940 +7.814
01950 +7.846
01960 +7.896
01970 +7.951
01980 +7.994
01990 +8.010
02000 +7.994
02010 +7.947
02020 +7.882
02030 +7.815
02040 +7.763
02050 +7.733
02060 +7.723
02070 +7.720
02080 +7.710
02090 +7.682
02100 +7.630
02110 +7.560
02120 +7.484
02130 +7.416
02140 +7.370
02150 +7.351
02160 +7.357
02170 +7.381
02180 +7.410
02190 +7.436
02200 +7.451
02210 +7.453
02220 +7.446
02230 +7.436
02240 +7.431
02250 +7.438
02260 +7.459
02270 +7.492
02280 +7.530
02290 +7.564
02300 +7.584
02310 +7.584
02320 +7.564
02330 +7.527
02340 +7.483
02350 +7.439
02360 +7.404
02370 +7.379
02380 +7.358
02390 +7.334
02400 +7.297
02410 +7.240
02420 +7.163
02430 +7.071
02440 +6.976
02450 +6.888
02460 +6.817
02470 +6.765
02480 +6.727
02490 +6.696
02500 +6.664
02510 +6.626
02520 +6.583
02530 +6.540
02540 +6.503
02550 +6.479
02560 +6.472
02570 +6.480
02580 +6.497
02590 +6.518
02600 +6.535
02610 +6.545
02620 +6.545
02630 +6.538
02640 +6.527
02650 +6.513
02660 +6.500
02670 +6.485
02680 +6.465
02690 +6.434
02700 +6.386
02710 +6.316
02720 +6.219
02730 +6.095
02740 +5.944
02750 +5.767
02760 +5.567
02770 +5.345
02780 +5.099
02790 +4.827
02800 +4.524
02810 +4.192
02820 +3.835
02830 +3.468
02840 +3.113
02850 +2.802
02860 +2.560
02870 +2.405
02880 +2.338
02890 +2.344
02900 +2.407
02910 +2.511
02920 +2.647
02930 +2.812
02940 +3.003
02950 +3.217
02960 +3.445
02970 +3.677
02980 +3.898
02990 +4.100
03000 +4.275
03010 +4.421
03020 +4.542
03030 +4.644
03040 +4.734
03050 +4.818
03060 +4.898
03070 +4.973
03080 +5.036
03090 +5.081
03100 +5.101
03110 +5.092
03120 +5.055
03130 +4.997
03140 +4.926
03150 +4.852
03160 +4.783
03170 +4.722
03180 +4.668
03190 +4.616
03200 +4.560
03210 +4.498
03220 +4.436
03230 +4.384
03240 +4.358
03250 +4.373
03260 +4.437
03270 +4.550
03280 +4.700
03290 +4.875
03300 +5.059
03310 +5.243
03320 +5.425
03330 +5.607
03340 +5.794
03350 +5.991
03360 +6.199
03370 +6.414
03380 +6.631
03390 +6.841
03400 +7.038
03410 +7.215
03420 +7.372
03430 +7.512
03440 +7.640
03450 +7.760
03460 +7.880
03470 +7.999
03480 +8.117
03490 +8.230
03500 +8.331
03510 +8.416
03520 +8.479
03530 +8.521
03540 +8.544
03550 +8.552
03560 +8.551
03570 +8.545
03580 +8.533
03590 +8.513
03600 +8.478
03610 +8.422
03620 +8.340
03630 +8.228
03640 +8.090
03650 +7.932
03660 +7.761
03670 +7.585
03680 +7.409
03690 +7.234
03700 +7.057
03710 +6.875
03720 +6.689
03730 +6.501
03740 +6.320
03750 +6.159
03760 +6.029
03770 +5.937
03780 +5.886
03790 +5.869
03800 +5.881
03810 +5.915
03820 +5.965
03830 +6.030
03840 +6.112
03850 +6.211
03860 +6.328
03870 +6.462
03880 +6.606
03890 +6.755
03900 +6.904
03910 +7.046
03920 +7.180
03930 +7.305
03940 +7.422
03950 +7.535
03960 +7.644
03970 +7.752
03980 +7.856
03990 +7.953
04000 +8.039
04010 +8.110
04020 +8.166
04030 +8.205
04040 +8.233
04050 +8.252
04060 +8.269
04070 +8.287
04080 +8.309
04090 +8.332
04100 +8.354
04110 +8.372
04120 +8.385
04130 +8.396
04140 +8.411
04150 +8.436
04160 +8.478
04170 +8.543
04180 +8.630
04190 +8.735
04200 +8.850
04210 +8.970
04220 +9.088
04230 +9.206
04240 +9.326
04250 +9.453
04260 +9.592
04270 +9.747
04280 +9.915
04290 +10.094
04300 +10.274
04310 +10.449
04320 +10.614
04330 +10.766
04340 +10.909
04350 +11.047
04360 +11.187
04370 +11.331
04380 +11.483
04390 +11.639
04400 +11.792
04410 +11.936
04420 +12.063
04430 +12.172
04440 +12.262
04450 +12.339
04460 +12.409
04470 +12.480
04480 +12.554
04490 +12.634
04500 +12.714
04510 +12.789
04520 +12.853
04530 +12.904
04540 +12.942
04550 +12.970
04560 +12.997
04570 +13.029
04580 +13.073
04590 +13.131
04600 +13.203
04610 +13.282
04620 +13.364
04630 +13.444
04640 +13.519
04650 +13.591
04660 +13.664
04670 +13.744
04680 +13.837
04690 +13.947
04700 +14.075
04710 +14.217
04720 +14.366
04730 +14.518
04740 +14.666
04750 +14.810
04760 +14.952
04770 +15.095
04780 +15.246
04790 +15.407
04800 +15.580
04810 +15.762
04820 +15.948
04830 +16.131
04840 +16.305
04850 +16.467
04860 +16.614
04870 +16.750
04880 +16.878
04890 +17.001
04900 +17.122
04910 +17.240
04920 +17.353
04930 +17.458
04940 +17.552
04950 +17.631
04960 +17.697
04970 +17.751
04980 +17.798
04990 +17.843
05000 +17.890
05010 +17.941
05020 +17.998
05030 +18.059
05040 +18.123
05050 +18.189
05060 +18.254
05070 +18.320
05080 +18.386
05090 +18.457
05100 +18.534
05110 +18.618
05120 +18.711
05130 +18.812
05140 +18.918
05150 +19.028
05160 +19.139
05170 +19.251
05180 +19.362
05190 +19.473
05200 +19.583
05210 +19.694
05220 +19.803
05230 +19.910
05240 +20.015
05250 +20.116
05260 +20.213
05270 +20.305
05280 +20.392
05290 +20.475
05300 +20.551
05310 +20.623
05320 +20.689
05330 +20.750
05340 +20.807
05350 +20.862
05360 +20.917
05370 +20.973
05380 +21.032
05390 +21.094
05400 +21.159
05410 +21.226
05420 +21.294
05430 +21.361
05440 +21.428
05450 +21.495
05460 +21.562
05470 +21.632
05480 +21.707
05490 +21.786
05500 +21.870
05510 +21.957
05520 +22.042
05530 +22.123
05540 +22.195
05550 +22.257
05560 +22.308
05570 +22.352
05580 +22.391
05590 +22.430
05600 +22.469
05610 +22.507
05620 +22.542
05630 +22.568
05640 +22.582
05650 +22.581
05660 +22.567
05670 +22.545
05680 +22.520
05690 +22.500
05700 +22.490
05710 +22.491
05720 +22.503
05730 +22.521
05740 +22.542
05750 +22.562
05760 +22.581
05770 +22.601
05780 +22.627
05790 +22.663
05800 +22.717
05810 +22.789
05820 +22.880
05830 +22.987
05840 +23.105
05850 +23.226
05860 +23.346
05870 +23.462
05880 +23.574
05890 +23.685
05900 +23.797
05910 +23.917
05920 +24.046
05930 +24.183
05940 +24.324
05950 +24.461
05960 +24.586
05970 +24.690
05980 +24.770
05990 +24.827
06000 +24.866
06010 +24.894
06020 +24.920
06030 +24.948
06040 +24.978
06050 +25.004
06060 +25.020
06070 +25.018
06080 +24.996
06090 +24.955
06100 +24.901
06110 +24.844
06120 +24.795
06130 +24.760
06140 +24.744
06150 +24.744
06160 +24.754
06170 +24.769
06180 +24.782
06190 +24.792
06200 +24.800
06210 +24.812
06220 +24.834
06230 +24.873
06240 +24.934
06250 +25.015
06260 +25.115
06270 +25.226
06280 +25.343
06290 +25.459
06300 +25.570
06310 +25.675
06320 +25.777
06330 +25.879
06340 +25.985
06350 +26.099
06360 +26.220
06370 +26.345
06380 +26.468
06390 +26.583
06400 +26.683
06410 +26.764
06420 +26.823
06430 +26.866
06440 +26.897
06450 +26.923
06460 +26.949
06470 +26.979
06480 +27.012
06490 +27.045
06500 +27.074
06510 +27.094
06520 +27.105
06530 +27.107
06540 +27.104
06550 +27.103
06560 +27.107
06570 +27.124
06580 +27.154
06590 +27.197
06600 +27.252
06610 +27.314
06620 +27.377
06630 +27.440
06640 +27.499
06650 +27.554
06660 +27.607
06670 +27.661
06680 +27.721
06690 +27.788
06700 +27.863
06710 +27.944
06720 +28.026
06730 +28.104
06740 +28.171
06750 +28.222
06760 +28.256
06770 +28.274
06780 +28.281
06790 +28.283
06800 +28.285
06810 +28.292
06820 +28.302
06830 +28.314
06840 +28.324
06850 +28.324
06860 +28.312
06870 +28.286
06880 +28.248
06890 +28.206
06900 +28.166
06910 +28.137
06920 +28.124
06930 +28.129
06940 +28.151
06950 +28.182
06960 +28.216
06970 +28.244
06980 +28.261
06990 +28.269
07000 +28.273
07010 +28.280
07020 +28.301
07030 +28.340
07040 +28.401
07050 +28.478
07060 +28.562
07070 +28.638
07080 +28.695
07090 +28.726
07100 +28.731
07110 +28.717
07120 +28.696
07130 +28.680
07140 +28.676
07150 +28.685
07160 +28.702
07170 +28.713
07180 +28.706
07190 +28.672
07200 +28.607
07210 +28.519
07220 +28.419
07230 +28.322
07240 +28.242
07250 +28.185
07260 +28.153
07270 +28.140
07280 +28.134
07290 +28.124
07300 +28.102
07310 +28.066
07320 +28.020
07330 +27.976
07340 +27.946
07350 +27.940
07360 +27.965
07370 +28.020
07380 +28.098
07390 +28.187
07400 +28.274
07410 +28.349
07420 +28.407
07430 +28.451
07440 +28.489
07450 +28.534
07460 +28.596
07470 +28.680
07480 +28.784
07490 +28.898
07500 +29.010
07510 +29.104
07520 +29.169
07530 +29.202
07540 +29.207
07550 +29.196
07560 +29.182
07570 +29.175
07580 +29.181
07590 +29.197
07600 +29.214
07610 +29.221
07620 +29.209
07630 +29.173
07640 +29.115
07650 +29.045
07660 +28.973
07670 +28.912
07680 +28.869
07690 +28.845
07700 +28.838
07710 +28.844
07720 +28.854
07730 +28.864
07740 +28.871
07750 +28.876
07760 +28.881
07770 +28.892
07780 +28.913
07790 +28.948
07800 +28.997
07810 +29.060
07820 +29.132
07830 +29.210
07840 +29.286
07850 +29.356
07860 +29.413
07870 +29.456
07880 +29.484
07890 +29.500
07900 +29.508
07910 +29.511
07920 +29.511
07930 +29.508
07940 +29.499
07950 +29.479
07960 +29.445
07970 +29.390
07980 +29.316
07990 +29.225
08000 +29.122
08010 +29.015
08020 +28.910
08030 +28.814
08040 +28.730
08050 +28.658
08060 +28.596
08070 +28.539
08080 +28.481
08090 +28.421
08100 +28.356
08110 +28.291
08120 +28.232
08130 +28.184
08140 +28.156
08150 +28.151
08160 +28.168
08170 +28.203
08180 +28.247
08190 +28.289
08200 +28.322
08210 +28.341
08220 +28.348
08230 +28.348
08240 +28.349
08250 +28.361
08260 +28.385
08270 +28.421
08280 +28.461
08290 +28.493
08300 +28.503
08310 +28.483
08320 +28.431
08330 +28.352
08340 +28.258
08350 +28.163
08360 +28.078
08370 +28.010
08380 +27.956
08390 +27.909
08400 +27.856
08410 +27.787
08420 +27.697
08430 +27.586
08440 +27.467
08450 +27.351
08460 +27.254
08470 +27.186
08480 +27.149
08490 +27.139
08500 +27.144
08510 +27.151
08520 +27.150
08530 +27.136
08540 +27.113
08550 +27.089
08560 +27.078
08570 +27.090
08580 +27.132
08590 +27.202
08600 +27.293
08610 +27.391
08620 +27.483
08630 +27.557
08640 +27.608
08650 +27.639
08660 +27.659
08670 +27.679
08680 +27.709
08690 +27.752
08700 +27.805
08710 +27.860
08720 +27.903
08730 +27.923
08740 +27.911
08750 +27.867
08760 +27.800
08770 +27.723
08780 +27.650
08790 +27.590
08800 +27.547
08810 +27.518
08820 +27.495
08830 +27.466
08840 +27.424
08850 +27.367
08860 +27.297
08870 +27.224
08880 +27.159
08890 +27.114
08900 +27.092
08910 +27.093
08920 +27.111
08930 +27.138
08940 +27.164
08950 +27.183
08960 +27.195
08970 +27.203
08980 +27.212
08990 +27.230
09000 +27.261
09010 +27.308
09020 +27.367
09030 +27.431
09040 +27.493
09050 +27.545
09060 +27.585
09070 +27.609
09080 +27.622
09090 +27.627
09100 +27.628
09110 +27.631
09120 +27.634
09130 +27.637
09140 +27.635
09150 +27.625
09160 +27.604
09170 +27.572
09180 +27.530
09190 +27.481
09200 +27.432
09210 +27.384
09220 +27.342
09230 +27.305
09240 +27.272
09250 +27.244
09260 +27.218
09270 +27.194
09280 +27.172
09290 +27.154
09300 +27.140
09310 +27.132
09320 +27.128
09330 +27.129
09340 +27.135
09350 +27.146
09360 +27.162
09370 +27.183
09380 +27.210
09390 +27.241
09400 +27.274
09410 +27.307
09420 +27.336
09430 +27.360
09440 +27.378
09450 +27.392
09460 +27.404
09470 +27.416
09480 +27.431
09490 +27.449
09500 +27.466
09510 +27.480
09520 +27.485
09530 +27.479
09540 +27.462
09550 +27.435
09560 +27.402
09570 +27.370
09580 +27.344
09590 +27.325
09600 +27.314
09610 +27.308
09620 +27.300
09630 +27.286
09640 +27.264
09650 +27.233
09660 +27.198
09670 +27.165
09680 +27.140
09690 +27.129
09700 +27.133
09710 +27.150
09720 +27.173
09730 +27.196
09740 +27.214
09750 +27.222
09760 +27.222
09770 +27.220
09780 +27.222
09790 +27.235
09800 +27.262
09810 +27.304
09820 +27.356
09830 +27.411
09840 +27.461
09850 +27.499
09860 +27.524
09870 +27.539
09880 +27.549
09890 +27.562
09900 +27.585
09910 +27.622
09920 +27.671
09930 +27.727
09940 +27.781
09950 +27.826
09960 +27.856
09970 +27.872
09980 +27.877
09990 +27.880
10000 +27.889
10010 +27.910
10020 +27.946
10030 +27.993
10040 +28.046
10050 +28.096
10060 +28.136
10070 +28.161
10080 +28.173
10090 +28.176
10100 +28.180
10110 +28.192
10120 +28.217
10130 +28.255
10140 +28.302
10150 +28.351
10160 +28.394
10170 +28.423
10180 +28.435
10190 +28.433
10200 +28.422
10210 +28.410
10220 +28.405
10230 +28.409
10240 +28.422
10250 +28.440
10260 +28.454
10270 +28.457
10280 +28.443
10290 +28.411
10300 +28.364
10310 +28.310
10320 +28.255
10330 +28.207
10340 +28.168
10350 +28.137
10360 +28.107
10370 +28.073
10380 +28.027
10390 +27.967
10400 +27.893
10410 +27.810
10420 +27.726
10430 +27.646
10440 +27.576
10450 +27.517
10460 +27.466
10470 +27.417
10480 +27.366
10490 +27.308
10500 +27.243
10510 +27.173
10520 +27.103
10530 +27.039
10540 +26.987
10550 +26.947
10560 +26.918
10570 +26.899
10580 +26.884
10590 +26.871
10600 +26.859
10610 +26.849
10620 +26.844
10630 +26.847
10640 +26.860
10650 +26.883
10660 +26.915
10670 +26.952
10680 +26.993
10690 +27.037
10700 +27.083
10710 +27.132
10720 +27.187
10730 +27.245
10740 +27.306
10750 +27.366
10760 +27.421
10770 +27.470
10780 +27.511
10790 +27.546
10800 +27.579
10810 +27.613
10820 +27.651
10830 +27.692
10840 +27.733
10850 +27.768
10860 +27.792
10870 +27.801
10880 +27.796
10890 +27.780
10900 +27.761
10910 +27.745
10920 +27.741
10930 +27.750
10940 +27.772
10950 +27.799
10960 +27.823
10970 +27.836
10980 +27.835
10990 +27.823
11000 +27.807
11010 +27.800
11020 +27.813
11030 +27.856
11040 +27.932
11050 +28.035
11060 +28.153
11070 +28.269
11080 +28.372
11090 +28.458
11100 +28.530
11110 +28.604
11120 +28.698
11130 +28.830
11140 +29.007
11150 +29.228
11160 +29.475
11170 +29.726
11180 +29.955
11190 +30.149
11200 +30.305
11210 +30.438
11220 +30.573
11230 +30.735
11240 +30.944
11250 +31.203
11260 +31.496
11270 +31.795
11280 +32.066
11290 +32.281
11300 +32.432
11310 +32.528
11320 +32.599
11330 +32.681
11340 +32.802
11350 +32.977
11360 +33.196
11370 +33.433
11380 +33.650
11390 +33.810
11400 +33.895
11410 +33.908
11420 +33.876
11430 +33.839
11440 +33.837
11450 +33.895
11460 +34.015
11470 +34.179
11480 +34.351
11490 +34.496
11500 +34.583
11510 +34.602
11520 +34.567
11530 +34.511
11540 +34.476
11550 +34.496
11560 +34.585
11570 +34.739
11580 +34.932
11590 +35.132
11600 +35.301
11610 +35.413
11620 +35.459
11630 +35.455
11640 +35.435
11650 +35.437
11660 +35.492
11670 +35.610
11680 +35.781
11690 +35.981
11700 +36.176
11710 +36.329
11720 +36.416
11730 +36.428
11740 +36.385
11750 +36.325
11760 +36.289
11770 +36.303
11780 +36.375
11790 +36.496
11800 +36.644
11810 +36.792
11820 +36.913
11830 +36.988
11840 +37.012
11850 +36.999
11860 +36.976
11870 +36.969
11880 +36.995
11890 +37.060
11900 +37.165
11910 +37.307
11920 +37.479
11930 +37.675
11940 +37.877
11950 +38.062
11960 +38.201
11970 +38.274
11980 +38.278
11990 +38.225
12000 +38.139
12010 +38.052
12020 +37.997
12030 +38.006
12040 +38.098
12050 +38.265
12060 +38.469
12070 +38.641
12080 +38.714
12090 +38.647
12100 +38.444
12110 +38.149
12120 +37.831
12130 +37.564
12140 +37.411
12150 +37.407
12160 +37.546
12170 +37.780
12180 +38.030
12190 +38.209
12200 +38.251
12210 +38.136
12220 +37.901
12230 +37.625
12240 +37.399
12250 +37.294
12260 +37.342
12270 +37.526
12280 +37.795
12290 +38.077
12300 +38.291
12310 +38.377
12320 +38.310
12330 +38.125
12340 +37.896
12350 +37.709
12360 +37.622
12370 +37.653
12380 +37.784
12390 +37.972
12400 +38.163
12410 +38.302
12420 +38.346
12430 +38.283
12440 +38.140
12450 +37.974
12460 +37.845
12470 +37.791
12480 +37.824
12490 +37.933
12500 +38.092
12510 +38.268
12520 +38.425
12530 +38.530
12540 +38.564
12550 +38.536
12560 +38.479
12570 +38.434
12580 +38.432
12590 +38.487
12600 +38.596
12610 +38.743
12620 +38.898
12630 +39.021
12640 +39.071
12650 +39.026
12660 +38.895
12670 +38.716
12680 +38.533
12690 +38.376
12700 +38.259
12710 +38.178
12720 +38.114
12730 +38.044
12740 +37.939
12750 +37.784
12760 +37.579
12770 +37.343
12780 +37.104
12790 +36.886
12800 +36.704
12810 +36.565
12820 +36.469
12830 +36.412
12840 +36.384
12850 +36.374
12860 +36.364
12870 +36.342
12880 +36.304
12890 +36.257
12900 +36.213
12910 +36.192
12920 +36.211
12930 +36.290
12940 +36.436
12950 +36.648
12960 +36.904
12970 +37.167
12980 +37.396
12990 +37.567
13000 +37.680
13010 +37.759
13020 +37.842
13030 +37.964
13040 +38.153
13050 +38.411
13060 +38.711
13070 +38.991
13080 +39.175
13090 +39.213
13100 +39.102
13110 +38.884
13120 +38.623
13130 +38.371
13140 +38.168
13150 +38.026
13160 +37.933
13170 +37.850
13180 +37.730
13190 +37.535
13200 +37.256
13210 +36.915
13220 +36.550
13230 +36.202
13240 +35.909
13250 +35.699
13260 +35.579
13270 +35.534
13280 +35.526
13290 +35.507
13300 +35.434
13310 +35.291
13320 +35.090
13330 +34.862
13340 +34.650
13350 +34.496
13360 +34.427
13370 +34.448
13380 +34.533
13390 +34.635
13400 +34.698
13410 +34.679
13420 +34.567
13430 +34.380
13440 +34.162
13450 +33.964
13460 +33.830
13470 +33.782
13480 +33.815
13490 +33.892
13500 +33.958
13510 +33.963
13520 +33.877
13530 +33.702
13540 +33.471
13550 +33.234
13560 +33.046
13570 +32.943
13580 +32.938
13590 +33.010
13600 +33.116
13610 +33.202
13620 +33.225
13630 +33.166
13640 +33.037
13650 +32.876
13660 +32.734
13670 +32.658
13680 +32.674
13690 +32.779
13700 +32.943
13710 +33.120
13720 +33.262
13730 +33.335
13740 +33.326
13750 +33.255
13760 +33.159
13770 +33.086
13780 +33.073
13790 +33.135
13800 +33.259
13810 +33.415
13820 +33.560
13830 +33.655
13840 +33.673
13850 +33.613
13860 +33.498
13870 +33.367
13880 +33.266
13890 +33.222
13900 +33.245
13910 +33.317
13920 +33.408
13930 +33.482
13940 +33.508
13950 +33.470
13960 +33.373
13970 +33.243
13980 +33.120
13990 +33.039
14000 +33.018
14010 +33.055
14020 +33.131
14030 +33.214
14040 +33.277
14050 +33.294
14060 +33.258
14070 +33.178
14080 +33.082
14090 +33.002
14100 +32.961
14110 +32.967
14120 +33.010
14130 +33.069
14140 +33.122
14150 +33.145
14160 +33.125
14170 +33.062
14180 +32.972
14190 +32.877
14200 +32.801
14210 +32.757
14220 +32.745
14230 +32.754
14240 +32.770
14250 +32.778
14260 +32.767
14270 +32.734
14280 +32.684
14290 +32.628
14300 +32.579
14310 +32.547
14320 +32.533
14330 +32.534
14340 +32.543
14350 +32.554
14360 +32.562
14370 +32.566
14380 +32.564
14390 +32.557
14400 +32.544
14410 +32.525
14420 +32.499
14430 +32.463
14440 +32.418
14450 +32.366
14460 +32.311
14470 +32.254
14480 +32.199
14490 +32.145
14500 +32.084
14510 +32.011
14520 +31.916
14530 +31.796
14540 +31.655
14550 +31.499
14560 +31.340
14570 +31.191
14580 +31.066
14590 +30.970
14600 +30.904
14610 +30.854
14620 +30.803
14630 +30.735
14640 +30.642
14650 +30.530
14660 +30.411
14670 +30.308
14680 +30.241
14690 +30.228
14700 +30.271
14710 +30.356
14720 +30.453
14730 +30.531
14740 +30.565
14750 +30.552
14760 +30.503
14770 +30.444
14780 +30.406
14790 +30.415
14800 +30.483
14810 +30.600
14820 +30.732
14830 +30.838
14840 +30.882
14850 +30.849
14860 +30.746
14870 +30.601
14880 +30.452
14890 +30.336
14900 +30.277
14910 +30.279
14920 +30.320
14930 +30.359
14940 +30.355
14950 +30.280
14960 +30.130
14970 +29.924
14980 +29.702
14990 +29.506
15000 +29.375
15010 +29.329
15020 +29.361
15030 +29.438
15040 +29.512
15050 +29.539
15060 +29.494
15070 +29.380
15080 +29.224
15090 +29.075
15100 +28.981
15110 +28.978
15120 +29.074
15130 +29.242
15140 +29.433
15150 +29.592
15160 +29.675
15170 +29.666
15180 +29.582
15190 +29.464
15200 +29.370
15210 +29.344
15220 +29.405
15230 +29.540
15240 +29.703
15250 +29.839
15260 +29.901
15270 +29.862
15280 +29.727
15290 +29.533
15300 +29.333
15310 +29.180
15320 +29.104
15330 +29.107
15340 +29.160
15350 +29.220
15360 +29.243
15370 +29.198
15380 +29.077
15390 +28.899
15400 +28.703
15410 +28.537
15420 +28.441
15430 +28.430
15440 +28.492
15450 +28.593
15460 +28.694
15470 +28.757
15480 +28.761
15490 +28.702
15500 +28.605
15510 +28.509
15520 +28.457
15530 +28.474
15540 +28.562
15550 +28.697
15560 +28.844
15570 +28.963
15580 +29.026
15590 +29.018
15600 +28.948
15610 +28.848
15620 +28.757
15630 +28.708
15640 +28.711
15650 +28.755
15660 +28.812
15670 +28.850
15680 +28.843
15690 +28.779
15700 +28.663
15710 +28.517
15720 +28.375
15730 +28.267
15740 +28.208
15750 +28.190
15760 +28.197
15770 +28.205
15780 +28.195
15790 +28.160
15800 +28.100
15810 +28.030
15820 +27.970
15830 +27.940
15840 +27.948
15850 +27.989
15860 +28.047
15870 +28.106
15880 +28.154
15890 +28.187
15900 +28.208
15910 +28.228
15920 +28.259
15930 +28.309
15940 +28.376
15950 +28.445
15960 +28.502
15970 +28.532
15980 +28.532
15990 +28.503
16000 +28.456
16010 +28.405
16020 +28.363
16030 +28.335
16040 +28.315
16050 +28.283
16060 +28.223
16070 +28.124
16080 +27.988
16090 +27.825
16100 +27.656
16110 +27.507
16120 +27.401
16130 +27.348
16140 +27.339
16150 +27.345
16160 +27.333
16170 +27.279
16180 +27.178
16190 +27.043
16200 +26.898
16210 +26.781
16220 +26.727
16230 +26.758
16240 +26.863
16250 +27.004
16260 +27.125
16270 +27.181
16280 +27.149
16290 +27.040
16300 +26.888
16310 +26.741
16320 +26.656
16330 +26.672
16340 +26.790
16350 +26.964
16360 +27.117
16370 +27.178
16380 +27.111
16390 +26.919
16400 +26.647
16410 +26.360
16420 +26.133
16430 +26.027
16440 +26.058
16450 +26.186
16460 +26.327
16470 +26.399
16480 +26.346
16490 +26.162
16500 +25.881
16510 +25.570
16520 +25.310
16530 +25.177
16540 +25.207
16550 +25.381
16560 +25.625
16570 +25.848
16580 +25.973
16590 +25.959
16600 +25.812
16610 +25.583
16620 +25.352
16630 +25.212
16640 +25.234
16650 +25.431
16660 +25.748
16670 +26.085
16680 +26.337
16690 +26.424
16700 +26.319
16710 +26.052
16720 +25.710
16730 +25.410
16740 +25.261
16750 +25.311
16760 +25.522
16770 +25.789
16780 +25.993
16790 +26.040
16800 +25.889
16810 +25.562
16820 +25.142
16830 +24.753
16840 +24.518
16850 +24.503
16860 +24.687
16870 +24.978
16880 +25.265
16890 +25.452
16900 +25.484
16910 +25.352
16920 +25.103
16930 +24.832
16940 +24.655
16950 +24.659
16960 +24.861
16970 +25.204
16980 +25.593
16990 +25.934
17000 +26.150
17010 +26.196
17020 +26.074
17030 +25.838
17040 +25.597
17050 +25.473
17060 +25.534
17070 +25.760
17080 +26.064
17090 +26.341
17100 +26.495
17110 +26.456
17120 +26.200
17130 +25.767
17140 +25.277
17150 +24.889
17160 +24.717
17170 +24.754
17180 +24.905
17190 +25.049
17200 +25.094
17210 +24.980
17220 +24.696
17230 +24.285
17240 +23.860
17250 +23.569
17260 +23.509
17270 +23.662
17280 +23.928
17290 +24.197
17300 +24.391
17310 +24.469
17320 +24.420
17330 +24.273
17340 +24.097
17350 +24.002
17360 +24.083
17370 +24.350
17380 +24.731
17390 +25.123
17400 +25.447
17410 +25.655
17420 +25.721
17430 +25.639
17440 +25.431
17450 +25.172
17460 +24.987
17470 +24.972
17480 +25.106
17490 +25.275
17500 +25.362
17510 +25.289
17520 +25.006
17530 +24.476
17540 +23.696
17550 +22.763
17560 +21.931
17570 +21.513
17580 +21.561
17590 +21.830
17600 +22.058
17610 +22.109
17620 +21.929
17630 +21.503
17640 +20.858
17650 +20.112
17660 +19.551
17670 +19.536
17680 +20.126
17690 +20.993
17700 +21.804
17710 +22.410
17720 +22.782
17730 +22.939
17740 +22.924
17750 +22.815
17760 +22.749
17770 +22.935
17780 +23.528
17790 +24.442
17800 +25.410
17810 +26.213
17820 +26.767
17830 +27.074
17840 +27.160
17850 +27.049
17860 +26.770
17870 +26.389
17880 +26.045
17890 +25.893
17900 +25.953
17910 +26.091
17920 +26.161
17930 +26.084
17940 +25.822
17950 +25.357
17960 +24.690
17970 +23.872
17980 +23.067
17990 +22.559
18000 +22.539
18010 +22.876
18020 +23.271
18030 +23.515
18040 +23.526
18050 +23.289
18060 +22.827
18070 +22.223
18080 +21.672
18090 +21.498
18100 +21.924
18110 +22.779
18120 +23.684
18130 +24.373
18140 +24.756
18150 +24.841
18160 +24.683
18170 +24.383
18180 +24.111
18190 +24.124
18200 +24.630
18210 +25.558
18220 +26.589
18230 +27.416
18240 +27.890
18250 +27.995
18260 +27.786
18270 +27.362
18280 +26.869
18290 +26.532
18300 +26.621
18310 +27.254
18320 +28.225
18330 +29.173
18340 +29.822
18350 +30.061
18360 +29.909
18370 +29.461
18380 +28.860
18390 +28.331
18400 +28.188
18410 +28.710
18420 +29.868
18430 +31.327
18440 +32.714
18450 +33.764
18460 +34.355
18470 +34.511
18480 +34.392
18490 +34.269
18500 +34.521
18510 +35.563
18520 +37.634
18530 +40.647
18540 +44.021
18550 +45.663
18560 +44.130
18570 +41.692
18580 +39.531
18590 +37.778
18600 +36.471
18610 +35.711
18620 +35.533
18630 +35.729
18640 +35.931
18650 +35.877
18660 +35.505
18670 +34.877
18680 +34.093
18690 +33.274
18700 +32.587
18710 +32.267
18720 +32.539
18730 +33.402
18740 +34.579
18750 +35.706
18760 +36.510
18770 +36.883
18780 +36.880
18790 +36.680
18800 +36.543
18810 +36.786
18820 +37.693
18830 +39.347
18840 +41.500
18850 +43.514
18860 +44.395
18870 +43.753
18880 +42.319
18890 +40.785
18900 +39.452
18910 +38.465
18920 +37.910
18930 +37.772
18940 +37.892
18950 +38.033
18960 +38.003
18970 +37.713
18980 +37.174
18990 +36.461
19000 +35.689
19010 +35.006
19020 +34.588
19030 +34.578
19040 +34.983
19050 +35.651
19060 +36.357
19070 +36.892
19080 +37.115
19090 +36.984
19100 +36.570
19110 +36.056
19120 +35.699
19130 +35.744
19140 +36.286
19150 +37.227
19160 +38.368
19170 +39.502
19180 +40.427
19190 +40.946
19200 +40.949
19210 +40.544
19220 +40.040
19230 +39.750
19240 +39.805
19250 +40.114
19260 +40.456
19270 +40.598
19280 +40.370
19290 +39.732
19300 +38.774
19310 +37.668
19320 +36.607
19330 +35.768
19340 +35.263
19350 +35.107
19360 +35.211
19370 +35.440
19380 +35.654
19390 +35.738
19400 +35.613
19410 +35.258
19420 +34.739
19430 +34.219
19440 +33.916
19450 +33.982
19460 +34.411
19470 +35.073
19480 +35.810
19490 +36.492
19500 +37.012
19510 +37.289
19520 +37.304
19530 +37.170
19540 +37.126
19550 +37.373
19560 +37.915
19570 +38.604
19580 +39.256
19590 +39.699
19600 +39.791
19610 +39.474
19620 +38.831
19630 +38.067
19640 +37.402
19650 +36.972
19660 +36.797
19670 +36.817
19680 +36.947
19690 +37.106
19700 +37.232
19710 +37.278
19720 +37.215
19730 +37.046
19740 +36.820
19750 +36.636
19760 +36.599
19770 +36.747
19780 +37.039
19790 +37.396
19800 +37.750
19810 +38.059
19820 +38.307
19830 +38.497
19840 +38.666
19850 +38.878
19860 +39.197
19870 +39.617
19880 +40.079
19890 +40.526
19900 +40.936
19910 +41.301
19920 +41.597
19930 +41.764
19940 +41.717
19950 +41.446
19960 +41.065
19970 +40.707
19980 +40.425
19990 +40.212
20000 +40.043
20010 +39.901
20020 +39.779
20030 +39.681
20040 +39.626
20050 +39.638
20060 +39.737
20070 +39.918
20080 +40.142
20090 +40.357
20100 +40.525
20110 +40.640
20120 +40.720
20130 +40.800
20140 +40.934
20150 +41.189
20160 +41.623
20170 +42.237
20180 +42.920
20190 +43.496
20200 +43.855
20210 +44.013
20220 +44.062
20230 +44.114
20240 +44.282
20250 +44.695
20260 +45.500
20270 +46.775
20280 +48.333
20290 +49.585
20300 +49.995
20310 +49.734
20320 +49.301
20330 +49.024
20340 +49.086
20350 +49.677
20360 +51.048
20370 +53.263
20380 +54.706
20390 +53.012
20400 +50.514
20410 +48.610
20420 +47.242
20430 +46.209
20440 +45.361
20450 +44.577
20460 +43.735
20470 +42.745
20480 +41.698
20490 +40.810
20500 +40.158
20510 +39.705
20520 +39.427
20530 +39.340
20540 +39.477
20550 +39.860
20560 +40.488
20570 +41.338
20580 +42.375
20590 +43.567
20600 +44.889
20610 +46.311
20620 +47.765
20630 +49.066
20640 +49.828
20650 +49.673
20660 +48.787
20670 +47.828
20680 +47.315
20690 +47.406
20700 +47.968
20710 +48.708
20720 +49.209
20730 +48.997
20740 +47.882
20750 +46.180
20760 +44.407
20770 +42.964
20780 +42.057
20790 +41.669
20800 +41.630
20810 +41.752
20820 +41.895
20830 +41.975
20840 +41.946
20850 +41.791
20860 +41.524
20870 +41.191
20880 +40.864
20890 +40.608
20900 +40.449
20910 +40.368
20920 +40.331
20930 +40.309
20940 +40.285
20950 +40.261
20960 +40.247
20970 +40.260
20980 +40.305
20990 +40.363
21000 +40.389
21010 +40.342
21020 +40.219
21030 +40.046
21040 +39.861
21050 +39.705
21060 +39.627
21070 +39.678
21080 +39.895
21090 +40.259
21100 +40.651
21110 +40.892
21120 +40.875
21130 +40.644
21140 +40.320
21150 +40.019
21160 +39.838
21170 +39.865
21180 +40.181
21190 +40.831
21200 +41.737
21210 +42.574
21220 +42.864
21230 +42.475
21240 +41.763
21250 +41.119
21260 +40.765
21270 +40.837
21280 +41.511
21290 +43.200
21300 +47.057
21310 +48.373
21320 +39.551
21330 +35.687
21340 +35.084
21350 +35.509
21360 +36.134
21370 +36.756
21380 +37.330
21390 +37.847
21400 +38.304
21410 +38.700
21420 +39.030
21430 +39.286
21440 +39.457
21450 +39.533
21460 +39.512
21470 +39.429
21480 +39.386
21490 +39.527
21500 +39.890
21510 +40.341
21520 +40.719
21530 +40.941
21540 +40.983
21550 +40.847
21560 +40.549
21570 +40.140
21580 +39.747
21590 +39.563
21600 +39.708
21610 +40.087
21620 +40.470
21630 +40.679
21640 +40.625
21650 +40.286
21660 +39.680
21670 +38.881
21680 +38.067
21690 +37.520
21700 +37.465
21710 +37.836
21720 +38.352
21730 +38.760
21740 +38.923
21750 +38.792
21760 +38.373
21770 +37.742
21780 +37.074
21790 +36.654
21800 +36.719
21810 +37.238
21820 +37.945
21830 +38.582
21840 +38.991
21850 +39.099
21860 +38.892
21870 +38.417
21880 +37.826
21890 +37.385
21900 +37.370
21910 +37.827
21920 +38.542
21930 +39.251
21940 +39.780
21950 +40.034
21960 +39.974
21970 +39.619
21980 +39.079
21990 +38.594
22000 +38.452
22010 +38.773
22020 +39.400
22030 +40.080
22040 +40.627
22050 +40.936
22060 +40.952
22070 +40.674
22080 +40.176
22090 +39.658
22100 +39.399
22110 +39.563
22120 +40.048
22130 +40.622
22140 +41.098
22150 +41.369
22160 +41.381
22170 +41.120
22180 +40.641
22190 +40.108
22200 +39.775
22210 +39.819
22220 +40.177
22230 +40.638
22240 +41.019
22250 +41.218
22260 +41.185
22270 +40.911
22280 +40.445
22290 +39.925
22300 +39.581
22310 +39.587
22320 +39.903
22330 +40.327
22340 +40.677
22350 +40.853
22360 +40.812
22370 +40.555
22380 +40.125
22390 +39.652
22400 +39.352
22410 +39.415
22420 +39.806
22430 +40.309
22440 +40.721
22450 +40.933
22460 +40.909
22470 +40.655
22480 +40.221
22490 +39.741
22500 +39.453
22510 +39.575
22520 +40.068
22530 +40.663
22540 +41.117
22550 +41.316
22560 +41.236
22570 +40.899
22580 +40.368
22590 +39.795
22600 +39.448
22610 +39.593
22620 +40.187
22630 +40.901
22640 +41.439
22650 +41.668
22660 +41.569
22670 +41.175
22680 +40.561
22690 +39.881
22700 +39.435
22710 +39.566
22720 +40.303
22730 +41.266
22740 +42.060
22750 +42.486
22760 +42.503
22770 +42.140
22780 +41.473
22790 +40.645
22800 +39.969
22810 +39.938
22820 +40.790
22830 +42.115
22840 +43.320
22850 +44.062
22860 +44.233
22870 +43.861
22880 +43.036
22890 +41.898
22900 +40.749
22910 +40.230
22920 +40.923
22930 +42.438
22940 +43.918
22950 +44.855
22960 +45.094
22970 +44.673
22980 +43.710
22990 +42.341
23000 +40.801
23010 +39.677
23020 +39.850
23030 +41.271
23040 +42.938
23050 +44.167
23060 +44.721
23070 +44.591
23080 +43.870
23090 +42.679
23100 +41.178
23110 +39.748
23120 +39.224
23130 +40.184
23140 +41.932
23150 +43.562
23160 +44.650
23170 +45.065
23180 +44.817
23190 +43.984
23200 +42.689
23210 +41.174
23220 +40.073
23230 +40.366
23240 +42.017
23250 +43.998
23260 +45.627
23270 +46.622
23280 +46.869
23290 +46.367
23300 +45.210
23310 +43.620
23320 +42.171
23330 +41.981
23340 +43.434
23350 +45.513
23360 +47.410
23370 +48.803
23380 +49.510
23390 +49.397
23400 +48.441
23410 +46.835
23420 +45.162
23430 +44.559
23440 +45.583
23450 +47.360
23460 +49.102
23470 +50.531
23480 +51.520
23490 +51.909
23500 +51.494
23510 +50.199
23520 +48.425
23530 +47.304
23540 +47.724
23550 +49.063
23560 +50.505
23570 +51.759
23580 +52.744
23590 +53.356
23600 +53.339
23610 +52.301
23620 +50.191
23630 +48.214
23640 +48.060
23650 +49.168
23660 +50.392
23670 +51.388
23680 +52.098
23690 +52.446
23700 +52.204
23710 +50.934
23720 +48.340
23730 +45.790
23740 +46.061
23750 +47.714
23760 +49.099
23770 +50.049
23780 +50.631
23790 +50.852
23800 +50.577
23810 +49.434
23820 +46.808
23830 +43.618
23840 +44.879
23850 +47.482
23860 +49.138
23870 +50.110
23880 +50.666
23890 +50.918
23900 +50.865
23910 +50.354
23920 +48.896
23930 +45.121
23940 +40.571
23950 +46.366
23960 +49.514
23970 +50.884
23980 +51.528
23990 +51.826
