-0.001401007778091333 -0.000227714105927096
-0.000624053280347953 -0.000282536388354302
-0.001329109969629270 -0.000229309343870629
-0.000421990535706959 -0.000277425681786690
-0.001570791843061399 -0.000165885892126595
-0.000318121831860626 -0.000241028433764099
-0.001441722944780457 -0.000041143186072333
-0.000284395420772828 -0.000128548503507867
-0.001318142157230105 -0.000092529633312709
-0.000601470059827822 -0.000161708468009150
-0.000995787481051049 -0.000120964912867512
-0.000590181193944458 -0.000122252771791577
-0.001040720592680570 -0.000162239851871268
-0.000561610047821237 -0.000203667756396203
-0.001509466340003598 -0.000170798464266608
-0.000231621720702850 -0.000212099769511461
-0.001790584735070828 -0.000100180432076474
+0.000095082853294726 -0.000191731105014453
-0.002121692262720744 -0.000099993077805919
+0.000295496897930778 -0.000158004764547462
-0.002259880073332375 -0.000019232605148056
+0.000511013517956921 -0.000101633621373009
-0.002391277523615249 -0.000005853620408138
+0.000373665323490990 -0.000085939548656310
-0.002368152817659290 -0.000032028905014990
+0.000509420733538390 -0.000033535974114140
-0.002397976571823587 -0.000025221535363976
+0.000697855742878440 -0.000073425353625472
-0.002993298239252398 -0.000045502930675491
+0.001212844563322536 -0.000135431576078436
-0.003562497165883844 -0.000012451063784957
+0.001887612384426206 -0.000167020504614863
-0.004408396163325897 -0.000017933129607777
+0.002610697216593389 -0.000199887261252974
-0.005244314036690449 +0.000018881099136731
+0.003716395662741082 -0.000182757936056944
-0.006388777979847508 +0.000053702795759069
+0.004787700772784444 -0.000163672796966846
-0.007891197215867571 +0.000062583697715344
+0.006945907962009563 -0.000112262856644289
-0.010753074459763215 +0.000081808250274545
+0.011284723880946059 -0.000156012108113895
-0.018208013166266631 +0.000102627553875656
+0.025064994352763961 -0.000209547875377970
-0.048352534920237625 +0.000120170236349511
+0.285371446213741664 -0.000202448261567969
+0.870188477248152736 +0.000229701944175523
+0.490027245031749437 -0.000516343326104109
+0.022664476111609974 +0.000272470599154676
-0.068930555651813136 -0.000416524514536923
-0.010207399902113612 +0.000895371177287613
-0.094610072491225494 -0.000256824216638508
-0.203312081035562420 +0.000865077994034909
-0.107545366798157543 -0.000517999439419146
+0.072293386103925827 +0.001869181541838101
+0.105048429019933609 -0.000139705846534599
-0.160431478643578929 +0.005308770675464921
-0.275274370465695639 +0.000468180115271067
-0.073086352862192575 +0.169551741468181749
+0.203886409470639518 +0.361213505045347438
+0.169854968590763156 +0.278019504534019801
+0.041367525858061041 +0.111006379303971350
+0.013971609759233143 +0.047118616853467216
+0.017664084295315213 -0.044415215725675979
-0.060326574048578316 -0.108425039731197451
-0.149165835622161458 -0.139134191323486867
-0.162610440860744276 -0.141879453483824414
-0.048237395990895986 -0.059348961148720486
+0.055154875269928225 +0.017876628631738882
+0.039284316161318701 +0.019164352290142961
-0.022424674282842266 +0.046277501252815718
-0.045068306732634011 +0.058415428904845218
-0.001065995838819211 +0.056433513002871152
+0.030732217860569275 +0.058779367862784329
+0.017590862086293024 +0.048964344325988236
-0.011382496056267621 +0.014127551270342913
-0.007293027562587305 -0.020271297925846910
+0.011814048416563699 -0.030642994808643159
+0.000167582987812373 -0.030486445092121242
-0.042020883878495646 -0.029261367599711877
-0.044014098434365163 -0.017396504777883220
-0.006457036809969370 +0.002818103004702188
+0.021424338178432215 +0.019639238199438115
+0.019055647987906078 +0.023940028191353289
-0.000322967540228292 +0.018134217230031273
-0.013127133527927118 +0.011426912918645862
-0.022223969888499662 +0.010614910487375884
-0.003898376876121404 +0.011047303199045426
+0.010742548398704543 +0.008662157819562741
+0.000344682961532137 +0.004324456011845741
+0.000067591988059627 -0.000467045941225147
+0.012679681361865851 -0.005573373930399719
+0.016270377815704947 +0.000227381882598101
-0.000943851330460536 +0.008078510743376642
-0.012351865937855930 +0.009996558920831032
-0.004182830156439499 +0.006210556486641037
+0.005999270102171592 -0.002757781804819540
-0.000279725452419855 -0.004845193804901074
-0.009486333315951497 -0.009066264025372351
-0.019121486651773708 -0.014279998489761263
-0.016875248476871038 -0.009916364205029646
-0.012233339473714754 -0.000686753739217479
-0.019760705577132838 +0.002880096092553629
-0.018205926589211739 +0.008229885146103882
+0.001099215550621328 +0.008516103439388295
+0.017338897709103355 +0.004594259116616270
+0.022303090247739379 +0.003706843373079749
+0.022038327566435364 +0.005451127846130175
+0.022194273177341642 +0.004026561080664490
+0.014336047001098057 +0.001480369443510903
+0.005134876542422839 -0.001055774651103647
-0.001036131961841241 -0.000850042425166702
-0.005053559172402019 -0.005801833384869748
-0.008819591116189881 -0.010697011552178557
-0.004551392111192403 -0.013385870514319866
-0.002654371184667790 -0.013833434763422813
-0.013442071257530316 -0.009541603026518729
-0.013241900615302100 -0.003938667109369505
-0.009808551497578970 -0.000892316753255026
-0.006634667357291263 +0.006093844981284835
-0.001474347272512345 +0.012904912925101311
-0.000608707535440260 +0.014341276793935924
-0.002144153873033486 +0.012367493897698147
+0.000931452949672255 +0.009547683809522062
+0.007156007343384662 +0.006941862897373552
-0.000632269393056827 +0.001971842233947506
+0.000532812159470904 -0.002749364418660461
+0.006216404668266366 -0.003627081873581729
+0.006887222572090001 -0.004047112310429745
+0.006779922656469138 -0.003790615779571933
-0.001339481545274139 -0.001770650216819791
-0.005575833915439627 -0.002886655487787491
-0.007112945929385548 -0.001730520131268166
-0.003226271962853054 +0.001374241233394862
-0.004520288670197383 +0.001233718918802097
-0.006985489433411982 -0.000612798614180640
-0.003824633731315942 +0.000513229621592294
-0.003007519898159726 +0.001914165089767532
-0.001923129584000733 +0.002703256494958168
-0.002742437398310379 +0.003597579370520233
+0.002466877081838434 +0.004511716530634948
+0.005306768997410278 +0.003218373773051769
+0.004663297863520999 +0.003930618365849895
+0.003271322031388431 +0.003802998466972953
-0.005330346480935031 +0.001279350134198774
-0.010930434119551611 +0.001049996229819775
-0.015264454803999971 +0.003581735695860802
-0.018738829792596293 +0.002715668522652932
-0.023985615340273186 +0.002323255165382640
-0.020324796173185632 +0.002476912121676287
-0.015435617410586338 +0.000973938584504249
-0.014372050317799189 +0.000132981700363454
-0.010353080411551129 -0.000504461448436087
-0.007438389870878090 -0.001239295984619915
+0.000549090687834564 +0.000333066021536683
+0.007833159679842380 +0.002544687836540264
+0.013021353500216250 +0.003775408751832389
+0.015210290490823470 +0.003523694664938870
+0.016104208943840764 +0.003733604381282022
+0.017612830830878414 +0.004716210369459291
+0.013093858900260175 +0.002940543915712879
+0.011392627527056156 -0.001453473647695454
+0.006658589804720265 -0.002854347912613130
+0.003126282130095900 -0.005283501015152800
+0.000884746815489006 -0.008915838327990477
+0.000003308456793368 -0.009018290626487485
-0.006673923243204664 -0.009172206122664350
+0.001856619211943351 -0.008172960751864040
+0.006327517732866333 -0.002847903203534915
-0.000491400474341164 +0.002928257369863353
+0.002732609213749761 +0.007027347600769300
+0.002698460237993148 +0.012090180825094134
-0.000722015017265919 +0.014934456174539801
+0.008346050501764696 +0.013294559457884828
+0.007605035598601317 +0.010482762829508378
+0.005781133433439938 +0.006730055531116145
+0.007602064008191863 +0.002010209053960264
+0.003731098591193682 -0.002442857841191449
-0.002690348532452528 -0.006375060003391175
-0.003355787203347256 -0.011428941478863834
-0.006007790472596176 -0.009097583250538910
-0.004887199321454497 -0.007910878280715142
-0.004545254570332696 -0.008892844445637678
-0.004418024212711143 -0.003654887024972602
-0.004437166477270167 -0.001312244019052072
-0.005126660449633086 -0.000158184593706969
-0.003991381590557116 +0.003496523213867966
-0.000905446036444726 +0.002466884363442549
-0.000597676772298876 +0.000733897335802581
+0.003481423947585081 +0.002452771221473821
+0.003984815851854151 +0.000420703344164549
+0.003070457092182253 -0.001027141822417794
+0.003467288181545514 +0.000476881716790441
+0.001330262990286185 -0.001968562612375303
+0.000397842850377264 -0.001302616125823289
+0.000244734172544364 -0.000481289230774576
-0.000547838008683086 -0.002449671078518783
-0.001637232793245930 -0.001587775944328219
-0.001683294898345981 -0.001465512878510541
-0.002972208715771264 -0.002080327824761427
-0.002697763777608580 -0.001007697056702660
-0.002050516717333001 -0.000903902113844880
-0.001003554539009678 -0.000109617193448903
+0.001333132864400240 +0.001225797070201331
+0.001632033385755537 +0.001846287302284349
+0.002547035224385081 +0.002854061710557797
+0.002719422405212429 +0.003362813999497602
+0.001154364328368161 +0.003307836787609305
+0.000156812510168687 +0.003541900525108151
+0.000106443682817938 +0.002351643214548489
-0.001538175962678721 +0.000970123490666545
-0.003089954347085744 +0.000049121827280136
-0.003192591175058056 -0.001700810938996173
-0.005410960674112935 -0.002508927023238343
-0.005260477244569310 -0.002431841197325184
-0.004621202446296548 -0.002561915920713747
-0.004665249867551810 -0.001342914405647624
-0.002541472822235420 -0.000133648500641542
-0.001203857923549182 +0.000785092776053747
+0.000564894293590048 +0.002312526424817252
+0.002205624239849207 +0.002627026234285778
+0.002764149871891874 +0.002661924393801339
+0.003787634179180899 +0.002861298351444524
+0.004425319063290977 +0.001422256806930085
+0.003950981392317108 +0.000317242410698506
+0.003809942386106791 -0.000506887588176753
+0.003344469686735556 -0.002508184168541247
+0.001697699312735552 -0.002950977059126463
+0.001540648857798952 -0.003088027429162960
+0.000185605152032889 -0.003425266355896853
-0.001166810586901173 -0.002261417492444548
-0.001489735181642721 -0.001347545533128128
-0.002364435989714885 -0.000613661688091306
-0.002050523788691583 +0.000930626074703589
-0.001926351247375144 +0.001422979852037892
-0.001505451776363672 +0.001812309500667732
-0.000611597893396645 +0.002371243867549961
+0.000065682793932233 +0.001912707237113354
+0.000506041007724167 +0.001801152259663463
+0.001324149412909613 +0.001502842224920144
+0.001447209061013710 +0.000568744482466803
+0.001460689880270207 +0.000461151912890230
+0.002042126168988003 -0.000128059284868720
+0.000968464788938553 -0.000707584551032080
+0.000452499399011555 -0.000772846152085413
+0.000194633572345207 -0.001304446843370049
-0.000848455783310869 -0.001564591345688008
-0.001027865321743497 -0.001588592729763384
-0.000934530748679332 -0.001913906207975050
-0.001007287275541268 -0.001757235257782773
-0.000546249830500036 -0.001386673481229179
+0.000466570897745941 -0.001190619960384874
+0.000614782240187152 -0.000503737492873492
+0.001417136603461673 -0.000036672780486431
+0.002198432972385816 +0.000427857224774546
+0.002388007656691563 +0.001036851652879269
+0.002680585125986355 +0.001050075053642781
+0.002158799207505502 +0.001082345387921522
+0.001671921587076204 +0.000978455906615151
+0.000696609728384369 +0.000460606456414446
-0.000404175867968545 +0.000073096634536534
-0.001254910223455785 -0.000369419313287130
-0.002242572062053841 -0.000924565599107910
-0.002788755789968977 -0.001105129585919852
-0.003038406495335152 -0.000976088972702623
-0.003099903189438022 -0.000991046025190401
-0.003217961553877585 -0.000459344458949748
-0.002645854730420264 +0.000148210587125441
-0.002088136829534372 +0.000628790604510598
-0.001576019324336955 +0.001190830414091897
-0.000748719473021712 +0.001538868017815816
-0.000207776106828459 +0.001572486701648081
+0.000210665401775492 +0.001395322612294128
+0.000343827780139759 +0.001064571344775317
+0.000432061941033706 +0.000401712204464623
+0.000135669894672803 -0.000221399074031037
-0.000172667657396698 -0.000757758127462731
-0.000297954636105473 -0.001303605533145056
-0.000642210630852335 -0.001549703003130292
-0.000923860489371478 -0.001664400400864763
-0.001004978007841227 -0.001455586710543087
-0.000984732142785780 -0.001062326157404135
-0.000942722228990314 -0.000596861894473482
-0.000464904324882782 -0.000054954555731882
-0.000050567493256043 +0.000509147693728249
+0.000273991580446290 +0.000874287129237055
+0.001014501270035639 +0.001133509772414588
+0.001309477169516769 +0.001333685522474055
+0.001428097712858579 +0.001114321350082984
+0.002012033325133887 +0.000971882488250382
+0.001547248543490063 +0.000792155291697134
+0.001316825683230196 +0.000358944407943424
+0.001236875951125672 +0.000074674729216447
+0.000255412200706113 -0.000146661118837118
-0.000180488411169018 -0.000454854157139062
-0.000321943070421140 -0.000594781370632257
-0.001344598329921071 -0.000568436873675282
-0.001226999018783458 -0.000627906314960497
-0.001250371879260609 -0.000496236290148628
-0.001729872607202256 -0.000234300321355754
-0.001044632380228483 -0.000102584803667310
-0.000895384454282791 +0.000108191615877807
-0.000758214975538379 +0.000464112649813501
+0.000068894753439422 +0.000473664441595052
+0.000061475367308154 +0.000578792353038402
+0.000369985851909220 +0.000729161081490845
+0.000595987741196833 +0.000388240168949645
+0.000372126466245078 +0.000278596154889762
+0.000348379578197333 +0.000092567383367774
+0.000246740928178592 -0.000483466522788161
-0.000168628870926085 -0.000620640569005587
-0.000095599886025664 -0.000857102290009166
-0.000418096386833863 -0.001215439676391780
-0.000533118679868827 -0.001019103177595594
-0.000291327882227424 -0.000983207307291470
-0.000484394138130409 -0.000902432687882787
-0.000103086653606699 -0.000362915568739686
+0.000142206089535173 -0.000178405228505832
+0.000181782859251484 +0.000107493207940419
+0.000585389179969954 +0.000560524667449068
+0.000609495735492918 +0.000530614453336534
+0.000538545017196024 +0.000633291126372934
+0.000601844174086319 +0.000666371128791296
+0.000328877482546182 +0.000320915779347855
+0.000055428589703005 +0.000232905009039976
-0.000112501351898463 -0.000018815915832344
-0.000625160465034247 -0.000309417905883479
-0.000864034353002620 -0.000327035402136650
-0.001088435167889601 -0.000461042296612892
-0.001474372631155116 -0.000408603079832370
-0.001360748228954777 -0.000234850079571310
-0.001416778640178123 -0.000161683900347211
-0.001375874792732963 +0.000088488170001701
-0.000970659878280799 +0.000259770541399341
-0.000824178253717632 +0.000308882400425092
-0.000579363768231492 +0.000464187366546760
-0.000122886719028619 +0.000412359852042510
-0.000011578559841671 +0.000295848273964357
+0.000170543920976127 +0.000275987444728139
+0.000438106351985964 +0.000014309056477311
+0.000244458712058162 -0.000128604673945245
+0.000280448347371524 -0.000227574841258124
+0.000191620435777330 -0.000468397110764125
-0.000167144858313951 -0.000468614046262787
-0.000176297611542762 -0.000507489155202658
-0.000438980044354356 -0.000573619009300489
-0.000606844315101866 -0.000398518603476817
-0.000538927097207936 -0.000343202398079891
-0.000663741424249450 -0.000257875366962526
-0.000572838595938462 +0.000019986488461824
-0.000369870044637710 +0.000077590360061094
-0.000358845484206402 +0.000229598115156771
-0.000139398557385182 +0.000447657044814944
+0.000022590595435876 +0.000387416116462159
-0.000039194704820548 +0.000483287868539534
+0.000124143744273994 +0.000490288776353826
+0.000021393995471156 +0.000284907536184930
-0.000141117498186456 +0.000264921395056659
-0.000153991109969817 +0.000083092424314454
-0.000436928652950009 -0.000147112147388620
-0.000562603009404600 -0.000187208870017952
-0.000635006069758505 -0.000366140634274029
-0.000824969207055639 -0.000451003504699641
-0.000770230207254472 -0.000365523246780931
-0.000717129115935437 -0.000412779769683297
-0.000697440584957673 -0.000280009537169034
-0.000454586237231019 -0.000116304237472539
-0.000305183044515975 -0.000085101036380035
-0.000185138816321803 +0.000105431996164996
+0.000099766089536976 +0.000159220816710646
+0.000151236212226747 +0.000130068867930060
+0.000220355824312727 +0.000189489260585493
+0.000333317724670287 +0.000063677019447202
+0.000200927042191037 -0.000046605292777699
+0.000146096832913163 -0.000100088865486632
+0.000066624632253071 -0.000279354112860465
-0.000150264649799332 -0.000339814064683777
-0.000245300114733409 -0.000353585254247888
-0.000361276555941373 -0.000425193379037065
-0.000510327247220025 -0.000329187848724759
-0.000520635786338167 -0.000253544708122849
-0.000561054289669634 -0.000194027230228812
-0.000570098968139396 -0.000015603547926884
-0.000468437669224888 +0.000052884571445240
-0.000458905056344816 +0.000127145681597796
-0.000372821585903031 +0.000229113071785929
-0.000294300711228619 +0.000199836308103908
-0.000325228862979764 +0.000188634780655171
-0.000284421031247991 +0.000168816750261939
-0.000335509871642258 +0.000045411425569062
-0.000438141699294939 -0.000017551583875542
-0.000490448850664755 -0.000092921364822658
-0.000612733894357368 -0.000212815722266643
-0.000720177382352443 -0.000238874101451428
-0.000772560302547820 -0.000282525626365004
-0.000840944986239256 -0.000311931719976520
-0.000847057376431948 -0.000263020393288487
-0.000792899756519949 -0.000241486256116302
-0.000741733566925345 -0.000183911170873357
-0.000606566542508914 -0.000101803374576031
-0.000483059460744332 -0.000053714474967214
-0.000369584675478667 +0.000009678806125227
-0.000210602765788208 +0.000056298844121058
-0.000153730281397930 +0.000057740110485656
-0.000086214647057353 +0.000063006746390636
-0.000047878601830355 +0.000031113647981468
-0.000109682557646556 -0.000028026542159348
-0.000153427650272923 -0.000074438867002881
-0.000227093965098802 -0.000144456835754850
-0.000367098473466602 -0.000197776091352168
-0.000448618821303236 -0.000227254143118059
-0.000520910292953773 -0.000246035234347856
-0.000646899312361464 -0.000224395385412591
-0.000633633537652280 -0.000185663166420298
-0.000660086571065038 -0.000125655894462930
-0.000686646628855872 -0.000045709009666548
-0.000586112323107378 +0.000020300641367519
-0.000583876865949754 +0.000088869316012154
-0.000546941081561058 +0.000137582175653983
-0.000450130928679291 +0.000144968026845361
-0.000479205169558358 +0.000141397510804595
-0.000460066239745111 +0.000104779411796580
-0.000428487705612190 +0.000029413115011330
-0.000523413238057564 -0.000033588054147907
-0.000524629964203338 -0.000111425132916655
-0.000551626217506579 -0.000200248326714037
-0.000658485810647660 -0.000234224900476610
-0.000621284589553377 -0.000275784446769585
-0.000664623198383897 -0.000298013153637555
-0.000682832832092587 -0.000257817458494570
-0.000599034964317929 -0.000242117343388454
-0.000601630760705220 -0.000201903826073288
-0.000530308615515208 -0.000127812572329748
-0.000436746446735105 -0.000105798043440293
-0.000418518911774627 -0.000065526642698980
-0.000336370836183437 -0.000023510632041574
-0.000298001031597557 -0.000048106178293332
-0.000323432819673189 -0.000040940131865209
-0.000291044554035086 -0.000054517432538528
-0.000356034797049588 -0.000113128975953511
-0.000424708327893437 -0.000117866878125712
-0.000456927604404050 -0.000154189773817272
-0.000580389679498413 -0.000192883123815032
-0.000637698834781833 -0.000175682447278662
-0.000684970043226200 -0.000191449225229474
-0.000777411819841489 -0.000182284485963451
-0.000766598976079894 -0.000135671228565313
-0.000783908754144954 -0.000128309864730154
-0.000794323828526178 -0.000086670546841614
-0.000729656751126503 -0.000044248316845526
-0.000718823842407970 -0.000041817214552986
-0.000684067808884845 -0.000009274307938886
-0.000621763776467657 -0.000011338453139259
-0.000627830806741406 -0.000035680689718653
-0.000612296539889824 -0.000040267200022159
-0.000587732958333970 -0.000090724934765347
-0.000658964961685787 -0.000128468089572965
-0.000641533240729310 -0.000159639300164383
-0.000694091861646456 -0.000213853534389167
-0.000741804585532253 -0.000232609145090786
-0.000748446788772474 -0.000245946521972944
-0.000768759251663786 -0.000264424963624325
-0.000806473580516946 -0.000234106350488971
-0.000745299897602209 -0.000218206419392574
-0.000773160613552259 -0.000192122877043988
-0.000726187322030187 -0.000135832172476748
-0.000680288055879684 -0.000116422873876923
-0.000674085534879576 -0.000082631428859474
-0.000638742652048984 -0.000049538890170491
-0.000606109126006447 -0.000061995644238984
-0.000648433347556986 -0.000053379667801837
-0.000619215209234646 -0.000066361907021629
-0.000673126182266998 -0.000108935691255680
-0.000715640795228467 -0.000117139322846044
-0.000746123145416196 -0.000152562421150002
-0.000804962541587996 -0.000186149789185151
-0.000867451561786806 -0.000179572484403341
-0.000865034012757088 -0.000200846630473064
-0.000941991534471174 -0.000196669850525774
-0.000922546127820851 -0.000164247215244629
-0.000926457105097880 -0.000167833734660049
-0.000937940342888707 -0.000133272816126044
-0.000885727766670326 -0.000106895869255491
-0.000880132602217155 -0.000109522000973327
-0.000848092314776614 -0.000086023102793315
-0.000821990087249785 -0.000087082540039185
-0.000791551882884497 -0.000114536912981538
-0.000823246559751306 -0.000108047547293633
-0.000754569984208761 -0.000148818813300834
-0.000847274598428907 -0.000173831016874653
-0.000784439454442385 -0.000187370261351439
-0.000874702818592765 -0.000222702952856194
-0.000831571175589579 -0.000236828085209723
-0.000935951526838185 -0.000229987572095475
-0.000829360396345541 -0.000255241015894330
-0.001008314832374520 -0.000223190252916868
-0.000798180877365544 -0.000220755378413413
-0.001038323887145516 -0.000202299644627537
-0.000755116494570699 -0.000177912117949919
-0.001059043372813676 -0.000153358208229388
-0.000668172220437046 -0.000159108729059989
-0.001139746952909667 -0.000113835646086693
-0.000541368206999474 -0.000148884045806557
-0.001382549664948085 -0.000120798568093327
-0.000625298682946644 -0.000149704435712167
-0.000865663661294228 -0.000179315401118606
-0.000680120081367134 -0.000196826474234843
-0.001341138815129367 -0.000207176929999712
-0.000497973719894612 -0.000203659329056593
-0.001073847603291318 -0.000081179314942943
-0.000891957518855908 -0.000148512028331607
-0.000826509189002430 -0.000320688005090210
