+0.007622847946624722 -0.000406244138209920
-0.009659970881781475 +0.000496641086921949
+0.007278316467124384 -0.000334281172214225
-0.008857453772518668 +0.000707598511349304
+0.008138228367557969 +0.000963446335882046
-0.009236296816125608 +0.002012348657058201
+0.008679667637678197 +0.000156663467921032
-0.010686793664009243 +0.001431396498106115
+0.008478976546596396 -0.000716093622486505
-0.010816021680950381 +0.000318042735335484
+0.008617935685879104 -0.001025578148019764
-0.010230535315965926 +0.000259853304931571
+0.008493976827353058 -0.000430578420260166
-0.009597424584827405 +0.000422113026791842
+0.007900933909202108 +0.000557850209402234
-0.009925599255750888 +0.000973357850165735
+0.007828134346404548 -0.000033019801116013
-0.010903792605013826 +0.000762439689660760
+0.008484022791864679 -0.000462349245155417
-0.011426699314781848 +0.000764703770120874
+0.009514787318775099 -0.000485625786329960
-0.011830577912964192 +0.001009419112281036
+0.010356814290260061 -0.000339790341042850
-0.012094894049942987 +0.001062326162780942
+0.010335238186801318 -0.000259786120820255
-0.012061646029721797 +0.001039408386463124
+0.010096801296094384 -0.000485954471428751
-0.011861218291932651 +0.000819487724782063
+0.009809988318861330 -0.000284830384475576
-0.011874163711053374 +0.000645505860316401
+0.009936211678569305 +0.000073143517149281
-0.012644308379918777 +0.000637128622419368
+0.010898042290789870 +0.000108417043432468
-0.013995066714482383 +0.000819435879319652
+0.012457750458679348 -0.000291106575314953
-0.015738352031093462 +0.001039224917677203
+0.014349642949599985 -0.000720044890240626
-0.017818666864877163 +0.001302937553544127
+0.016572647215285497 -0.000693492489821063
-0.020609352493573832 +0.001344636799048173
+0.020179389932854126 -0.000356355991648367
-0.026915081859460864 +0.001108168698360925
+0.031662245828721382 -0.000111254091406788
-0.054029336202930142 +0.000858361022928674
+0.240869712142654790 -0.000044861121352529
+0.858793749478261481 +0.000703146335885061
+0.660637572526862060 -0.000289264098710305
+0.024089671582559556 +0.000831546451680696
-0.310229634413028865 -0.000713753283855565
-0.074696170577432955 +0.001040748841735298
+0.050911076735816019 -0.000736110042107074
+0.042804086937072251 +0.002401085448725800
-0.015049609840775349 -0.000553695102407794
-0.136778304732585454 +0.002524219894889236
-0.195494938536001750 -0.001702801539455717
-0.112649706660993401 +0.003518160652050408
-0.030588646640796899 -0.000898000085211025
-0.051919127408059616 +0.007030065374710048
-0.014415998602629699 +0.000373033265772816
+0.095561888779809201 +0.169247897915132950
+0.151803349271997151 +0.356526218229762937
+0.068657156918382256 +0.269968747237158968
-0.041677586823561034 +0.109781099240770688
-0.074057882343057629 +0.031728498270407253
-0.028971492629075488 -0.021483834477887945
-0.019414805428794972 -0.115352184428666363
-0.029923016729689025 -0.138631817726888928
+0.016032706283742870 -0.096927287933928491
+0.053518506580795586 -0.073816398374618258
+0.032287814680767454 +0.013665036767309752
-0.002990898368361634 +0.091619081862016893
-0.027801884889608698 +0.070722676404150309
-0.061305993763734905 +0.015594286979086516
-0.072806963005787012 -0.003784746096307616
-0.052227064765184697 +0.014557591996331911
-0.048914403753964629 +0.013157026991751045
-0.034004462781354439 -0.000535689993672249
+0.000184201784029038 -0.004950600942820712
+0.018134917416193282 +0.006232415603208462
+0.008376125855740154 +0.022596804787007978
-0.005816180219310767 +0.019471371366111611
-0.003499719568785747 -0.002265437007030619
+0.012351450916227344 -0.002794214563686526
+0.003276771006349097 +0.003847085079715341
-0.008267245560698413 +0.010720228241466487
-0.017389313786290540 +0.022126468152620350
-0.008640744937585033 +0.028545842425865438
-0.004144016545508148 +0.031804836817706711
-0.008889418926718042 +0.031821832068235523
-0.006626047605082979 +0.023704749038125306
+0.005736885937163590 +0.001206042580631529
+0.007351519081872458 -0.019782900552285279
+0.010154526997141993 -0.022568501850927292
+0.006009369328934465 -0.017704302518142957
-0.001202638859381547 -0.010518292474494293
-0.009116173671392582 -0.007842305130558707
-0.009746913550967835 -0.005804820278948762
-0.011576585896582919 -0.000970796344643883
-0.010702507213845421 +0.005634341584718110
-0.009443705644154938 +0.006396840325491774
+0.005322806486085734 -0.004206268748308882
+0.014477122199125798 -0.011611002814120596
+0.012942040452980471 -0.010939681443524949
+0.006450312531433381 -0.001019971046573501
+0.004477012588630003 +0.002891167520079611
-0.001050489363619787 +0.000612803050892102
+0.000420654182664210 -0.001546539945292320
-0.009396015528578713 -0.003191889737018169
-0.008513713613666860 +0.001842030543021666
-0.009765190635996457 +0.006365462971353510
-0.004344277739848079 -0.002192142854641558
-0.000630407500783787 -0.005368114995223873
-0.000865305149173088 -0.000724986016452727
+0.003007102848425093 +0.002538646666118079
+0.004309471586494857 +0.003126201911765396
+0.004005137236387813 +0.000365151341322553
+0.003467465386083903 -0.001293451542572901
-0.005029393575550227 -0.001630225265248663
-0.004329774162408287 -0.001300397105805964
-0.005302859356917052 -0.001030455907031456
-0.001709375050834574 -0.003708815581749518
-0.010302663562949319 -0.000858127238261398
-0.005112916572694628 +0.003155844619062290
-0.005238163802589087 +0.004619708049522307
-0.004253491305520845 +0.003743718183657267
-0.004119046631795211 +0.002663203463968452
-0.002063758502372184 +0.002540698593789162
+0.004066971526275144 -0.000411745286468563
+0.001125945687654038 -0.001365401526364180
-0.003037726639391361 -0.002315999750636800
-0.007644971777093045 -0.003289719229541127
-0.010694329823602099 -0.002313806038595006
-0.007135793213117018 -0.001744061948168976
-0.026748333871501370 -0.000526200791900448
-0.033533430281277136 +0.001529675582800235
-0.032156932449292720 +0.003461847093962525
-0.010520346523301905 +0.002028185346323638
+0.004546360532905264 +0.002259158271522769
+0.014168432201736379 +0.001366602488077787
+0.020286257036844432 +0.000222145336471102
+0.017329721061741594 -0.001733490371785297
+0.014161711770909011 -0.004523475301405484
+0.006907376538601870 -0.003202259580117236
+0.000822727045219710 -0.003813333210111030
+0.001988165491912210 -0.003095666008903725
+0.000359142489643368 -0.003810774657123344
-0.004169231841632221 -0.003393451153793589
-0.018837509009401787 -0.001582481049497254
-0.015163621116324300 -0.005279646317447160
-0.012664997749559403 -0.007025132758587278
-0.008346932643559041 -0.007571283605061568
-0.009263979808376519 -0.002955174013538542
-0.004036302593506466 +0.001186566543512891
+0.002159231206216194 +0.005335186916303294
+0.004368780367789763 +0.008943054394261477
+0.002509489984497180 +0.009273487154785563
-0.004327797970655967 +0.009454524536050507
-0.009134168541288712 +0.005761349063150970
-0.009624050275741503 +0.002835301810892605
-0.012308400997195558 +0.001174910993572879
-0.009993631348893733 +0.000808558255646797
-0.008719469363246631 +0.001828582327416158
-0.004067612450981624 +0.000049599482609272
-0.003945752207583772 +0.001529555153772635
+0.002298699447760321 +0.000188633856408380
-0.010156734271461087 -0.001820958210135802
-0.009784730081288611 -0.004719432294570574
+0.008528257374659867 -0.006412831699527372
+0.009863007337832550 -0.005075577114082616
+0.016040720214539912 -0.002720305824202228
+0.012951425633093670 +0.002170888062246058
+0.011519843327847187 +0.005538555145791439
+0.010793047639373290 +0.007878596017059062
+0.001943699724730311 +0.009501350937475703
+0.009493661453755339 +0.009788243737193442
+0.006105921660411787 +0.007508101022533902
+0.002345448269355791 +0.002543979394010640
+0.010347336674602123 -0.002335539807029503
+0.004570973929316975 -0.005825657321793973
+0.001111762784691047 -0.007520270427298121
-0.000579055897831112 -0.009157803021899362
-0.004566289785047797 -0.006492070912042209
-0.000482797920534236 -0.004193017467514943
-0.002046313469084311 -0.000973673128131747
+0.000951382878888166 +0.000924298073987817
+0.000580656372747439 +0.002271409360708469
-0.000517223217786517 +0.003822909389698332
+0.000906371660095581 +0.001196529680813079
-0.000643941304432905 +0.002039583208288037
-0.000901866861707592 +0.000735135465316158
-0.000658639805168486 -0.002129757339611344
-0.000541865071999286 -0.000376381380375497
+0.000241727073850628 -0.000647214264706790
-0.000063683331898602 +0.000039006214860990
-0.001260930378173426 +0.000663492831100596
-0.002505417129097991 -0.000394581956583668
-0.001875096376144223 +0.000268893990481316
-0.003515544170321485 -0.000735618294056936
-0.000886013966598475 -0.000696342489715181
-0.002272246436682199 +0.000159576947654429
+0.000884660436413217 -0.001176516262344294
+0.000828548881438122 +0.000219552457982192
+0.001297493424604799 +0.000242427412971172
+0.002404902048779564 -0.000069637873010965
+0.000437092892895081 +0.001142163269266724
+0.002531486341617489 -0.000374404510198911
+0.000883988278297095 +0.000478024586716295
+0.001176172737995774 -0.000059016230977009
+0.000471605528815978 -0.000049864183390436
-0.001202151204929484 +0.000736541335707693
+0.001728600654028863 -0.000575714116156762
-0.001793410383013421 +0.000336517161663645
+0.001571767438334072 -0.000904890339701870
-0.001562110948305718 -0.000747245047233356
+0.000368466648957414 -0.001227456890573830
-0.000003672533987975 -0.001756347948095650
-0.001691988504081610 -0.001018675857150665
-0.000070683325287422 -0.000998498129046677
-0.003158731149850187 +0.000306276868722945
-0.000485360956776553 +0.000267696837879900
-0.002296869110615949 +0.001302833019634282
-0.002311870401702657 +0.001537794117131009
-0.000433928769403619 +0.001652213564165851
-0.001789187825094035 +0.001407175846922737
+0.001775924170400480 +0.000433352366778681
-0.001557736999108530 +0.000636897170846204
+0.001459894109313258 -0.000510914406408939
-0.001177715254296893 +0.000118527395270227
+0.000101847784217474 -0.000711136400661589
-0.000368666621989569 -0.000474569816865234
-0.001349677385126747 -0.000320338013445723
+0.000267693592111827 -0.000358436763705441
-0.001821518980209290 +0.000181741387803979
+0.000397173016618038 -0.000440604806320915
-0.001091520608139650 +0.000589718285553114
-0.000027219808462638 -0.000183302069684974
+0.001987250003629072 +0.000484123577765326
+0.000611441579697142 +0.000443820323504156
+0.003960726376157894 +0.000211050979988922
+0.000683334024774148 +0.000823566606495101
+0.003392275310190339 -0.000258845016687188
+0.001298844959705333 +0.000626011742107923
+0.001433592657777036 -0.000570150017444956
+0.000594500755084737 -0.000107863724955274
-0.000850556633600493 -0.000304184609632713
-0.000300262178760216 -0.000663711977600290
-0.001768104505629556 -0.000005258847354191
-0.001593088478697255 -0.000690298620435009
-0.001843136770684330 +0.000107516031971286
-0.002001162866909865 -0.000670768011361401
-0.000554072262413253 -0.000246395293523918
-0.001537723119764758 -0.000245390406053647
+0.000324051034253445 -0.000353859691920110
-0.000594173648334698 +0.000376594737777445
+0.001663388536615761 +0.000001685266341760
+0.000593597503029614 +0.000915844191910784
+0.000871462094942897 +0.000593264103925565
-0.000182011284419475 +0.001039161577453879
-0.000540416420262051 +0.000637478143499699
-0.000886851244741080 +0.000343779111684587
-0.000666430309280740 +0.000143910515003209
-0.000961352825390087 -0.000453216722678532
-0.000027027356947069 -0.000463380498386576
-0.000878415093190889 -0.001016774522622292
+0.000458440368990047 -0.000710175718882341
-0.000785267778258994 -0.000816431229345333
+0.000090081974564192 -0.000375614409281700
+0.000105531459056389 -0.000095689141143519
+0.000449945051188361 +0.000150904179243908
+0.000746742953338185 +0.000764085393040515
+0.000676171410960916 +0.000599723248857314
+0.000451553776960192 +0.001002713820734314
+0.001125101714000064 +0.000489863419925282
-0.000563006698803184 +0.000587933242059249
+0.001236426086754235 +0.000135309070946798
-0.001344129096606048 +0.000055280508115485
+0.000817043535951152 -0.000178773556332511
-0.001033110353995910 -0.000415165383906361
-0.000046470141348808 -0.000331297743948477
-0.000462783419723576 -0.000587831557589010
-0.001110930021360419 -0.000384598878714334
-0.000237760198743273 -0.000659234908150556
-0.001300528241499787 -0.000330384786169963
-0.000218098405016010 -0.000311610295965993
-0.000274339533159094 -0.000052476129417808
-0.000634158241057508 +0.000320196881595308
+0.001563388448316102 +0.000339045833088356
-0.001285924278658879 +0.000835951370213788
+0.001808842261817530 +0.000434330501038837
-0.001259531346496668 +0.000829697642347512
+0.000923759643154456 +0.000155903205203071
-0.000653197091581550 +0.000306583178261459
+0.000024239948242152 -0.000090147064981269
+0.000029179924131543 -0.000242448020089134
-0.000605587929015845 -0.000111855414229366
-0.000069520621318468 -0.000587559530726623
-0.000622602326134594 +0.000053616421930398
-0.000158904577126136 -0.000497937851816944
-0.000365080105252591 +0.000092793041928550
-0.000327617725874970 -0.000126490255799942
+0.000789326286764154 -0.000093394646646480
-0.001134882236596052 +0.000326081178500220
+0.002109337555804086 -0.000341967211405960
-0.001796917941150896 +0.000599338868790399
+0.002042750219934719 -0.000284704094213212
-0.001310346150657601 +0.000503527976339569
+0.000704365204389289 +0.000026761350874394
+0.000116724257352839 +0.000096760471997306
-0.000885890852859015 +0.000395583685840954
+0.000875181785191456 -0.000374521186025883
-0.001095507365328000 +0.000431218233367239
+0.000087316058661066 -0.000478827919427176
-0.000051839161374955 +0.000015568414314159
-0.001435720929798219 -0.000212820477565265
+0.001119821365718726 -0.000351438484012081
-0.002184928142887933 +0.000109424383615706
+0.001488164727521529 -0.000398829438288367
-0.001882379302516675 +0.000357933298464508
+0.000941508391373878 -0.000194643637192057
-0.001012257356555468 +0.000429120536770737
+0.000251178856387606 +0.000018521375014494
-0.000308269417852789 +0.000361190903850533
-0.000089018704337616 +0.000192899791462878
-0.000030463147571562 +0.000075220785315133
+0.000055257585136484 +0.000348648019859815
-0.000292211428482379 -0.000289060048461230
+0.000397997867311230 +0.000351761596874285
-0.000907032114801623 -0.000377056340999611
+0.000836967808655477 +0.000044293850359537
-0.001418083479173382 -0.000098392879211342
+0.001025677428529038 -0.000369706542767544
-0.001598078081526420 +0.000323376950273237
+0.000944505391565615 -0.000518118379208508
-0.001301236736708934 +0.000466755917304805
+0.000683408408824642 -0.000255787535562011
-0.000816037516947522 +0.000264177679229021
+0.000503461385808053 +0.000163732302662756
-0.000499185097790872 -0.000032410782111934
+0.000572988076614887 +0.000374495446039433
-0.000632706878111000 -0.000147585318697863
+0.000730592361250749 +0.000288942932200849
-0.000990526877357379 -0.000075875578866854
+0.000803533162717880 +0.000048027267528969
-0.001329962367019605 +0.000044580634100178
+0.000611187481785114 -0.000141623597817907
-0.001360112275070637 +0.000107698185567941
+0.000449363944605936 -0.000233684739408501
-0.001272498413520957 +0.000134118892409040
+0.000552239248637859 -0.000240447797693044
-0.001354231630021853 +0.000167808653020179
+0.000927835658896693 -0.000158363598251244
-0.001520997138309394 +0.000173504804163307
+0.001261658725983878 +0.000006752096578803
-0.001499781405243308 +0.000140579335676369
+0.001216586812867626 +0.000176596904463843
-0.001134200123109426 +0.000056806105386091
+0.000749714686210698 +0.000265900273581829
-0.000798415116728305 -0.000016866314068909
+0.000324711951740799 +0.000185645741224666
-0.000775288497649609 -0.000018460834237218
+0.000367780318274191 -0.000019352556338769
-0.001197623718091564 +0.000061263434898324
+0.000852667733902131 -0.000226299576835722
-0.001814997188856419 +0.000165079391567653
+0.001474342173418554 -0.000326112664866881
-0.002242192214699873 +0.000221961923974919
+0.001769192086262167 -0.000244024878697562
-0.002156560803442881 +0.000206994667239459
+0.001515461674666881 -0.000041736964615448
-0.001528378299825440 +0.000140034555765250
+0.000825430668827615 +0.000190138307183447
-0.000799026055721066 +0.000031422382921098
+0.000237305275772257 +0.000307255159731245
-0.000571609134809247 -0.000060909550776650
+0.000258398565303659 +0.000222432778651720
-0.001161635044251318 -0.000049569564848863
+0.000987579358964821 -0.000029614699611172
-0.002161557956226132 +0.000091509362926371
+0.001876867621532828 -0.000299992004546657
-0.002862243524487011 +0.000289774372722196
+0.002195028971533855 -0.000409243105367111
-0.002767061321029313 +0.000372682554353047
+0.001724116799925400 -0.000278704706853860
-0.001950349404441125 +0.000263565034248766
+0.000893821991569871 +0.000024373725909290
-0.001068997896378740 +0.000032035609482761
+0.000381589451399669 +0.000306311295775610
-0.000809155695630633 -0.000142671363850601
+0.000544169201286144 +0.000377502271212696
-0.001357309061758323 -0.000114736049593969
+0.001281286992683840 +0.000173394463360133
-0.002312977496510334 +0.000109576106639819
+0.002078714168844884 -0.000173159304356883
-0.003011963031153163 +0.000365668963200188
+0.002395618951763899 -0.000429153243702386
-0.003031214771644120 +0.000455511729450513
+0.002043808879006879 -0.000421298182867072
-0.002421122151507068 +0.000314932874846642
+0.001319658296351274 -0.000157923060939012
-0.001677709314471454 +0.000049929764589022
+0.000806927708538440 +0.000174942037542638
-0.001381605278540528 -0.000139059284688671
+0.000912758808590042 +0.000349731184270342
-0.001772908883914077 -0.000122983969242840
+0.001531997731054164 +0.000253965379149779
-0.002540349299264738 +0.000083235165831157
+0.002192042380541282 -0.000036184786379720
-0.003118665142525649 +0.000333924256912779
+0.002456927864215699 -0.000309478785926189
-0.003173609398546367 +0.000462593273679936
+0.002209578615349105 -0.000391843237145661
-0.002794004776327268 +0.000393162429357954
+0.001735548768452018 -0.000253126032668001
-0.002405967786102601 +0.000182047445262888
+0.001479787099349169 -0.000002820956445431
-0.002331193635748077 -0.000021622864289891
+0.001626234331098725 +0.000192776503581882
-0.002582530423901515 -0.000085175517577163
+0.001974949140569853 +0.000221902770316586
-0.002877029947574369 +0.000026272807303241
+0.002210838987049611 +0.000076756215203611
-0.003011562483415142 +0.000234609308963683
+0.002275113650089747 -0.000139358893118186
-0.003081592974089410 +0.000404194062541162
+0.002337351229876989 -0.000290458146931271
-0.003219811414693358 +0.000433666696688822
+0.002446794092323340 -0.000288281238143175
-0.003384829519511930 +0.000320156450859496
+0.002507608660049551 -0.000154365388709708
-0.003425900412003843 +0.000151010010081705
+0.002437833165120237 +0.000012675546418486
-0.003327731314209333 +0.000036785318606340
+0.002322502627456837 +0.000109183882099312
-0.003216507103814645 +0.000040736785186051
+0.002282690490374996 +0.000087398378128322
-0.003211994941362092 +0.000144077921431682
+0.002361950806276101 -0.000013168036203349
-0.003358352356368966 +0.000269378417981189
+0.002584097955523803 -0.000126638865357856
-0.003678383170094241 +0.000360373884585664
+0.002936642475740358 -0.000211961499834545
-0.004114294955371918 +0.000399875014632550
+0.003297519392362021 -0.000250930366154961
-0.004447130693410935 +0.000381115698508498
+0.003409314880230233 -0.000214609629176354
-0.004402128185248485 +0.000287903215648297
+0.003148643729232691 -0.000086838758853900
-0.003969527006696399 +0.000141501533381931
+0.002633751611168557 +0.000071970400734688
-0.003526477287697092 +0.000041708064219556
+0.002388551296077119 +0.000135731403345270
-0.003568163901421431 +0.000089070751105241
+0.002785587296876186 +0.000032961883094101
-0.004222588332890569 +0.000278657425046385
+0.003599740677942583 -0.000172087422233062
-0.005075550422722505 +0.000482653634058881
+0.004274077139915750 -0.000334802855425069
-0.005532655968786999 +0.000559657104220255
+0.004351316317045793 -0.000346380443856710
-0.005335503466174778 +0.000466032933874632
+0.003852305862175057 -0.000208249555969198
-0.004735050424142078 +0.000279699515702763
+0.003214399424717572 -0.000016270833637258
-0.004254102766787076 +0.000100773635186738
+0.002961798649768478 +0.000120729073088756
-0.004325768165511996 +0.000042410041172124
+0.003350497936417059 +0.000110476436873097
-0.004986327018742768 +0.000168793389256703
+0.004179590283465317 -0.000061794126863618
-0.005850824061085320 +0.000419493131241515
+0.004932796788325454 -0.000301537510684219
-0.006403503959380675 +0.000642917299137238
+0.005155350938939567 -0.000448236616556029
-0.006346268355238566 +0.000672989683725285
+0.004772611560319280 -0.000380408376342467
-0.005829618552413518 +0.000480962065956474
+0.004156150957981163 -0.000139196609926612
-0.005341343627537624 +0.000207015688510430
+0.003844473552856672 +0.000096529391540094
-0.005344728565837788 +0.000051474161341085
+0.004134553107276359 +0.000150030828738917
-0.005920633922156705 +0.000130977521999151
+0.004875385699636131 -0.000016201270443421
-0.006719101684214511 +0.000388555320004213
+0.005590633657518119 -0.000276916280789528
-0.007261290192749358 +0.000647843827642396
+0.005875986821633318 -0.000455037596299792
-0.007315446844731750 +0.000743862256547862
+0.005692155598726273 -0.000441072275945005
-0.007036582450384922 +0.000628207477086828
+0.005335826624947609 -0.000259674814587366
-0.006784430164122392 +0.000394842632860717
+0.005167214271942229 -0.000040599548064858
-0.006832276443570873 +0.000207007078527212
+0.005350361310652960 +0.000071095221983399
-0.007203835576494914 +0.000186564625923203
+0.005797718317963815 +0.000006104819293879
-0.007726515156364517 +0.000341646119930265
+0.006284674220320981 -0.000185969273827188
-0.008160915902676215 +0.000565390767632811
+0.006426074288853913 -0.000371544015399482
-0.005707278963431685 +0.000710917858710645
+0.010890886203337648 -0.000420505901759004
-0.008457045413553431 +0.000665732667291103
+0.007401907807959385 -0.000223919695636219
-0.009596864949250741 +0.000493468133172684
+0.005958028693833231 -0.000194896073510418
-0.008106424904289146 +0.000423833376536682
+0.007559967264857218 -0.000289046994889553
-0.008689734644578315 +0.000548424523066206
+0.006849070696147050 -0.000209871730246669
-0.009595495911906504 +0.000538723654780023
