-0.001532748179506807 -0.000933105317993479
-0.001450378890057760 -0.001619195073820800
-0.000747887055108351 -0.000673752823186823
-0.001140301399401347 -0.001772336749775199
-0.000531506347341670 -0.001181929383495991
-0.000793023094431241 -0.001176127539307321
-0.000666103174434537 -0.002118062965983685
-0.001112498200205408 -0.001036453942960168
-0.001471289852108810 -0.001981688475360176
-0.001161431284520668 -0.001647509147243208
-0.001420166163697007 -0.001706123459327426
-0.001181481484796121 -0.002135299599993029
-0.001472627911799712 -0.001582382698235966
-0.001395093530567177 -0.001731059383885162
-0.001329429403381526 -0.001396432224503021
-0.001233657371507047 -0.001351277279360663
-0.000980470989534881 -0.001514707423258402
-0.001228496771797115 -0.001644043588013692
-0.000910936732469105 -0.001446267717199087
-0.001266608634691097 -0.002092050350861911
-0.000942536677830109 -0.001387686405915600
-0.001483548884385325 -0.002105468469014007
-0.001172169658297903 -0.001546511137931649
-0.001584524101949070 -0.001784195907442007
-0.001181126299976238 -0.001859503963769461
-0.001447227370023407 -0.001600514659765173
-0.001179653900906145 -0.002138213183021774
-0.001316329945298152 -0.001579924087040881
-0.001317725361147847 -0.002054795415806804
-0.001232217911810876 -0.001749769847842749
-0.001407572711795663 -0.001814567986701869
-0.001316872459555830 -0.002208810518239531
-0.001317753664303540 -0.001568584207328701
-0.001594609323253287 -0.002513446795933847
-0.001043716036468266 -0.001332572884453667
-0.001897418795603434 -0.002603270281885046
-0.000841084816844533 -0.001220692196581030
-0.002097912204052567 -0.002471554142316284
-0.000660151209454863 -0.001507951309406327
-0.002081372266533614 -0.002332008451185599
-0.000716804758814192 -0.001705344151339839
-0.002079425910848225 -0.002451365277046689
-0.000879124740395718 -0.001585047380823714
-0.002111545674319631 -0.002907349269935737
-0.000894362871090906 -0.001040091079247369
-0.002448803714125439 -0.003721930695278199
-0.000453220727392289 +0.000561168404839078
-0.002961687279200010 -0.006626786741148084
+0.001375325379224590 +0.005949569969160503
-0.004861156674866540 -0.015464380482322591
+0.005712443592951472 +0.170453249304899274
-0.010348876133428941 +0.578167400403179599
+0.103330370536673405 +0.468568021041302019
+0.460582384929821731 +0.209869069936726549
+0.477359110167694112 +0.032396210894051133
+0.241966341332680857 -0.035631890284046293
+0.083749180182376190 -0.079189389523099493
+0.045461954111820760 -0.201155791974000991
-0.042993475541108481 -0.137572295704394443
-0.186156450435599974 -0.098944920417073298
-0.264042031630130014 -0.162630498468335105
-0.232657880764330277 -0.075263813309659977
-0.099828932244466373 +0.020042342322843385
-0.003145209545371251 +0.050136221778738263
+0.037297399064770760 +0.083145799725040465
+0.055988758332944408 +0.085021688890440067
+0.100137447511993299 +0.118245296927193405
+0.110214554767736200 +0.071618540500815925
+0.089787242445058743 -0.023751849949249067
+0.045346119704503834 -0.073825369191782272
-0.016861353193556732 -0.088903335173820236
-0.054682107627493523 -0.059658734718359932
-0.054630655573622823 -0.052032929270824937
-0.055360350575146253 -0.037778766004605210
-0.068431110277916998 -0.002299285768348951
-0.053077509200374406 -0.003158623937990678
-0.018326556495742205 -0.003994373440083094
+0.017331330073327437 -0.000509974292925047
+0.020321121142945073 -0.000454163010369707
+0.013064637247583437 +0.005700802566478290
+0.011855042985664508 +0.004209661192822422
+0.010105716303935117 +0.002390878459447133
+0.008011451106694854 -0.003771185636979324
-0.004961625593150045 -0.010840503941325415
-0.014618144315927336 -0.008926095336192675
-0.013997971070466398 -0.004968308353005602
-0.006152056401609983 +0.001155713503888476
+0.000262989020829404 +0.001333505960916018
+0.002969512375131352 +0.003119829660545587
-0.001743130283171125 -0.002972972325866635
+0.000925272687334164 -0.002174123962661465
+0.006844842712581735 -0.009808139344892913
+0.008100685589243629 -0.016622837117073894
-0.004722538793725639 +0.000977263443133174
-0.010499159890685308 +0.008103044089815842
+0.002952695584768819 +0.010553178951830713
+0.010287837565841475 +0.008322312744250656
+0.009678201807260487 +0.008572538515048970
+0.003341750041669900 +0.007687781887745229
+0.002943934860616869 +0.001092492341128889
+0.001234494034750219 -0.000569862508031406
-0.001826559933131334 -0.006669195728763313
-0.005211899819813089 -0.006184414526007929
-0.012897901497245018 -0.008673337385025195
-0.008379971194061317 -0.005661754064636390
-0.005149894634786337 -0.008066577953374513
-0.000822624195103314 -0.007743683601235504
-0.002919730667128932 -0.001816693258117176
-0.005100720963417873 -0.005460185366810892
-0.001150137834976961 +0.001057083858991953
-0.001557502460232327 -0.003401288029249269
+0.001981956272790499 -0.005116633275765632
-0.000001249644488197 -0.009091872899310720
-0.001368267362841455 -0.016807999580335936
-0.006606500674519837 -0.013291287729930197
-0.011314415560930997 -0.018509916757026533
-0.013364432612682976 -0.005976538238437652
-0.017869103495961526 +0.001362380538968049
-0.012527821148796903 +0.007603502974267035
-0.004987655707263507 +0.013299047324252748
+0.006002205144002149 +0.012215783277243153
+0.011697807047162979 +0.010028832369004918
+0.017252669794524507 +0.000097577632244431
+0.015045577367131783 -0.003364453054829932
+0.006814023544245064 -0.009224306762384015
+0.002730879873110650 -0.007256957566701647
-0.007502751957080197 -0.010477780870386182
-0.008728440995975579 -0.011494110342814832
-0.011808399482390470 -0.006805791168471230
-0.012205427498853078 -0.007567245295906887
-0.008684394811782931 -0.001726613843261764
-0.005724023135075914 -0.003056061367706962
-0.000072777644589570 +0.001040114013674515
-0.001502409099690754 +0.000525890658238142
+0.000732206433997245 -0.001315764443272529
+0.000419983389442049 -0.001796561245132864
+0.001263517702586102 -0.007557574684018941
-0.000081632132760370 -0.007122767754266272
-0.003174575640566929 -0.008227722155268458
-0.004757406125010098 -0.004285582829645822
-0.006273733659919163 -0.003375339952972452
-0.003564116936761940 -0.002411481295488018
-0.004065483594885738 -0.001927565480085973
-0.003239222388820317 -0.003863933207265351
-0.002959636153004863 -0.002771062799088733
-0.001841689398402911 -0.003678925912211457
-0.000046897180113550 -0.003449608528597245
+0.001739350145584228 -0.001336481937612663
+0.001960909627663920 -0.001934623279633489
+0.002103712375394773 -0.001165042686802349
+0.004718399838666580 +0.001070848523320634
+0.005476370475437869 +0.001225071666708563
+0.005610630814513205 +0.003635873158644228
+0.004768032532961092 +0.001388021024822154
+0.004873908966203599 +0.003741025748466536
+0.000618579701002838 +0.004273375342342164
-0.000462497263736922 -0.001904148338616499
-0.002376812732495167 -0.006903330921946609
-0.008277063070914067 -0.013521516351771939
-0.013637007404633771 -0.015194232605556463
-0.018677424431978368 -0.018939764296678499
-0.018041936767692970 -0.017992167287200298
-0.019243736783063292 -0.014094692317451567
-0.015998914480136815 -0.010361889612826899
-0.010897062506246471 -0.003421804356412624
-0.003030097914527148 +0.000811788239596784
+0.005461201188745927 +0.007600635757816150
+0.008025225035206730 +0.006401064144305258
+0.011443976215533089 +0.005013474898105327
+0.008614475379552133 -0.001967183297960572
+0.005021285883790061 -0.008987258767293494
-0.003392691065994548 -0.007823572356046703
-0.010658553011460733 +0.002213783189261906
-0.013419106073823083 +0.000840555087026409
-0.004832369051794903 +0.002693043615445452
-0.002050801939089055 +0.007219409143136728
-0.001350335713147199 +0.000780440201228106
+0.005238564285211981 +0.013486697252678422
+0.003156623320770499 +0.005954590134487292
+0.012932973997409426 +0.010363916493397539
+0.011094960013250645 +0.006957392157558744
+0.009883657188829598 -0.003178135291645935
+0.006281022037046016 +0.004225678731195851
-0.000361621474878261 -0.005686683167961113
+0.001266262183641727 -0.002659809747090236
-0.002883304012209322 -0.000677555945400397
-0.003450404033816303 -0.002495618891555716
-0.001486926973567297 +0.006009863027793157
-0.000922423334117538 +0.002255868674426148
+0.002239507810018998 +0.004370863136765438
+0.002664483050125403 +0.000971248236975922
+0.001801248610359531 -0.001159693807475001
+0.000300337752826774 -0.001321293327470240
+0.000780331371001872 -0.002032201150291336
-0.001909054159029623 -0.003454121542773719
-0.000977463536924690 -0.001478901255125169
-0.004124137626594438 -0.003866621478590166
-0.002456043767920099 -0.002514151812119050
-0.002669444070452596 -0.001553491704723804
-0.001965153688837324 -0.003347570557927526
-0.000154545829886587 +0.000772011256355823
-0.001292838741943230 -0.001468885774799948
+0.001085543891865189 +0.001446908709423462
+0.000115101015597505 -0.000207303200880186
+0.001090739456938053 -0.001074281627274456
-0.000607100528288431 -0.000330490949989666
-0.000982210701079109 -0.002882911823055399
-0.001211914626790834 -0.000090234247573455
-0.001781349849811967 -0.001561561848181739
-0.000473106216123020 +0.000844811704491490
-0.001230083978515769 +0.000421490684126611
+0.000695606831111647 +0.000951741925069053
+0.000508038525344345 +0.000624031318978455
+0.001925628027970021 -0.000741395844850852
+0.001018385945721561 +0.000370457853436105
+0.000747884489029770 -0.000664397172125288
+0.000656012945156032 -0.000399159676370920
+0.000229138761168887 -0.000620718431313136
+0.000072904006925897 -0.001057022868561257
-0.000719914931545492 -0.001124177090163108
-0.000520134561247936 -0.000402234434090992
-0.001379674870052573 -0.000912751182439441
-0.000001538989891636 +0.000342277927256100
-0.000813267275246958 -0.000762579697747143
-0.000000513635062532 +0.000002491777758947
-0.000676345366643750 -0.000335347310473237
-0.000609445951209563 -0.002357547670553020
-0.000626424239293233 -0.001348291910497217
-0.002405424441634298 -0.004175241895673548
-0.002012405001810183 -0.002222954178019232
-0.004105942190577375 -0.003326676590430783
-0.002639674079391668 -0.001689560035815305
-0.003245472815237576 -0.000879577768933023
-0.001332547796516985 -0.000738426526015977
-0.000536991225021674 +0.001222483031918950
+0.000451786316673849 -0.000379538365249880
+0.002264287502056451 +0.001573983464790263
+0.001126989985905833 -0.000509520461574783
+0.002588239889931819 +0.001462247588803223
+0.000282890108450410 +0.000062423965286830
+0.001410482705450561 +0.000825882117510350
-0.000115746298397385 +0.001292346012176813
-0.000046996622280832 -0.000477705319635843
+0.000245097851486983 +0.001687666649838868
-0.001104860806507962 -0.001180266875950488
+0.000445433087538384 +0.001374128223594730
-0.001168796517061915 -0.000516205874251833
+0.000485408546686396 +0.000406791291046866
-0.000532178472451618 +0.000221739339398710
+0.000425004743302450 -0.000809211238683081
+0.000117447683220329 +0.000462937972735551
+0.000046942305314237 -0.001621821599457443
+0.000572248175875394 +0.000414895604143119
-0.000571822206159929 -0.001504206040667329
+0.000546381355267399 +0.000445886919582343
-0.001115506974422668 -0.000667476763091595
+0.000224154361698672 -0.000183930223798884
-0.001093745351827915 -0.000122196295406376
-0.000487979433745451 -0.001476071328660137
-0.000795388820808288 +0.000269348112897336
-0.001395210383257166 -0.001871254095241183
-0.000328723076471322 +0.000486915666257878
-0.001490215526488575 -0.001164037172570115
+0.000186733554284752 +0.000290993937993003
-0.000883790889720518 +0.000053435147787861
+0.000547614642184937 -0.000226895292337674
+0.000204741706861913 +0.001142004269686332
+0.000611349594186633 -0.000419586853219336
+0.001151081316424582 +0.001500667722528357
+0.000427741890398202 -0.000231150924774671
+0.001307522987106037 +0.000922666721846648
+0.000029915453349597 -0.000017762593434430
+0.000777703674249795 -0.000215545636531291
-0.000417107808792778 -0.000065854483479960
-0.000060899017737414 -0.000972978815102952
-0.000581747001586340 +0.000082903524732058
-0.000684202464021328 -0.000468853478799559
-0.000197257614795665 +0.000421387582250861
-0.000342077949690546 -0.000111600421311252
+0.000531772935908447 +0.000350458082142865
-0.000047892265617066 -0.000275577656416795
+0.000730764645038092 -0.000061610350134335
-0.000112876773799938 -0.000759284051444958
+0.000304601997869715 -0.000747669755499921
-0.000569672969057580 -0.000983353478124270
-0.000600098422991211 -0.001445927325376544
-0.000852522878251082 -0.000471530786983985
-0.001218149602964187 -0.001462059348442068
-0.000456987458862680 +0.000226718666894829
-0.001198967092958493 -0.000940482535776817
+0.000142143965363937 +0.000134422885272419
-0.000775025390932284 -0.000549953875103445
+0.000193786315395463 -0.000726711486784955
-0.000525980603916330 +0.000121216727970126
-0.000514863418138968 -0.001398687833986242
-0.000125793639842900 +0.000116688078202768
-0.001015477693740547 -0.001338313974126516
-0.000105213042957814 -0.000577576882415297
-0.001116566171796108 -0.000622751804106125
-0.000355283784551368 -0.000622656379032580
-0.000703046463034501 -0.000076084311962541
-0.000022795920235422 -0.000065310585310552
-0.000131741653614982 -0.000067120288636011
+0.000244278563805943 +0.000175365633323853
+0.000239014301489137 +0.000109834357219196
+0.000034085709431903 -0.000639868073004771
+0.000527403669627718 +0.000622583765969603
-0.000653016458451643 -0.001311104528094631
+0.000556585922357376 +0.000664082647438335
-0.000897068014349550 -0.000604444169125196
+0.000199541998079977 -0.000390327404470561
-0.000279827876112429 +0.000645118602182894
-0.000531760484742669 -0.001595670562740667
+0.000355206994389515 +0.001153206639568527
-0.001014326980678812 -0.001601883721969399
+0.000506249166552300 +0.000361692357331758
-0.000943040088179081 -0.000578425002825497
+0.000063337561179683 -0.000990853231888335
-0.000599813586401134 +0.000266366681436810
-0.000555936586945954 -0.001656759075919900
-0.000247875438809213 +0.000292714562858225
-0.000906518790945974 -0.001333139269201776
-0.000028299630200228 -0.000021698964894450
-0.000909368471485116 -0.000553918725635316
+0.000151571261842426 -0.000292286820132066
-0.000607489363256886 -0.000051510130424634
+0.000102812751852584 -0.000552611144268848
-0.000275446852406654 +0.000055905577822129
-0.000244015883160635 -0.000793834564062748
-0.000040874493393669 +0.000119195559478123
-0.000635988982000915 -0.000893937755961216
+0.000103973182439796 +0.000149258947858870
-0.000815928225123634 -0.000698774667063154
+0.000163720487788174 -0.000046634115570171
-0.000598020637452009 -0.000260918975565303
+0.000096025087179208 -0.000408515597407498
-0.000155352453771680 +0.000304674327583929
-0.000102374063446821 -0.000755004515617858
+0.000305157714555445 +0.000572778400016476
-0.000369072463693953 -0.000886876581246767
+0.000457746329618443 +0.000179601634834108
-0.000609106847574878 -0.000651401376224899
+0.000127630558679874 -0.000564163500117162
-0.000640599860950562 -0.000218940308433611
-0.000377668553662344 -0.001089140851788035
-0.000460358207709957 +0.000072879516516927
-0.000731697755130060 -0.001061031697391989
-0.000170660709963432 -0.000046984173164284
-0.000755100608984148 -0.000740562782532133
+0.000016853549022409 -0.000410065624224393
-0.000625901287953335 -0.000500670411050889
-0.000042631202453462 -0.000669336312960608
-0.000506046993921332 -0.000393951671070864
-0.000264003237843421 -0.000765321379077552
-0.000370835081454335 -0.000309242415381822
-0.000530472009097589 -0.000796596771026765
-0.000204273375631828 -0.000216993717456857
-0.000691868075655632 -0.000817286855970326
-0.000074024606961664 -0.000212323079028634
-0.000722046269424857 -0.000697726406316850
-0.000082701481570832 -0.000367683336781754
-0.000600069527060582 -0.000414482426236627
-0.000221370781887264 -0.000631516673531042
-0.000349002495147326 -0.000153629689345069
-0.000437356678210389 -0.000889708491840614
-0.000093007928244756 -0.000034140649406057
-0.000662170846157154 -0.000964422602303297
+0.000068835366562132 -0.000098314660791742
-0.000752123800961396 -0.000749199701354905
+0.000036363550078012 -0.000396959783058438
-0.000590262532778107 -0.000345748531957271
-0.000230381502320794 -0.000840189709117019
-0.000261398293853136 -0.000014867824908113
-0.000600975591152125 -0.001148279289265088
-0.000002195419720265 +0.000019669318329538
-0.000854704415196394 -0.001054271604841044
+0.000018266308251439 -0.000272545963859284
-0.000825232258216382 -0.000646930792842570
-0.000186581111240647 -0.000732110639754270
-0.000568784681225201 -0.000248614604679048
-0.000495991524092031 -0.001083163889203193
-0.000275179461467301 -0.000062951565563225
-0.000756553038552782 -0.001158681793904545
-0.000080592967197958 -0.000148317838176049
-0.000869964450202265 -0.000967552700112920
-0.000079965770228276 -0.000459036116098668
-0.000790688375840325 -0.000625935137708454
-0.000274057793124629 -0.000855372526892553
-0.000550256116278505 -0.000254927989315942
-0.000565034953396407 -0.001135439898079447
-0.000242251050119527 -0.000015714290049389
-0.000795373931457939 -0.001129066609628783
-0.000017418814354341 -0.000091817919038642
-0.000829032136655879 -0.000831929669221900
-0.000025278978326569 -0.000503034716630013
-0.000653615275452370 -0.000400958049482893
-0.000279736022628563 -0.000991147264642896
-0.000378660659494891 -0.000056412761773654
-0.000623545579544603 -0.001217381643624681
-0.000130035291083503 -0.000040486305968227
-0.000834883183406081 -0.001050932331248923
-0.000051517568261725 -0.000371503843185347
-0.000804634526983400 -0.000632951416542405
-0.000184800392454584 -0.000814334380720178
-0.000578818641781173 -0.000269413085108067
-0.000446463426511027 -0.001094649610170418
-0.000324877135189492 -0.000200347617283852
-0.000699653484712360 -0.001087736345128181
-0.000196610118317609 -0.000403523471839475
-0.000819447241050374 -0.000893211674766363
-0.000234570693930737 -0.000676670252252618
-0.000784373775350414 -0.000685933404198971
-0.000380240113480696 -0.000874362026351199
-0.000644610795092964 -0.000551951887878663
-0.000561828323156917 -0.000972522925714724
-0.000472847883445695 -0.000479174813809065
-0.000717285052557150 -0.001032061660497910
-0.000324471840198470 -0.000459646190794451
-0.000820171681939804 -0.001039245531398560
-0.000263988920811352 -0.000557124545890835
-0.000829981930938622 -0.000871430784143870
-0.000346762651327695 -0.000819326311496951
-0.000676768011934677 -0.000544734340384891
-0.000556402294168141 -0.001115641161119603
-0.000421030607765487 -0.000304715763307247
-0.000774968029097732 -0.001195547128367246
-0.000238552492059988 -0.000398238006975271
-0.000859172481013057 -0.000969484313675260
-0.000264532328789539 -0.000751768829850947
-0.000773068302452387 -0.000651371626436973
-0.000455681088617498 -0.001043361348138458
-0.000605086360345276 -0.000521695983917933
-0.000660650292522749 -0.001104806191089482
-0.000467641764245353 -0.000593582568465635
-0.000800887005245504 -0.001039733463585990
-0.000388505395053880 -0.000682213629745097
-0.000864549292668763 -0.000992623305805622
-0.000367410037202188 -0.000729479233204135
-0.000839441052653225 -0.000936213573023173
-0.000449190720179772 -0.000867463387043430
-0.000708432835154201 -0.000761811806087836
-0.000657495210652956 -0.001149371930838080
-0.000508786935498122 -0.000534945778776143
-0.000908512408436214 -0.001365166875998487
-0.000361709099499737 -0.000491948669298456
-0.001031499944693481 -0.001266500819719654
-0.000381586313319780 -0.000768359296111736
-0.000929637397184555 -0.000880243436586491
-0.000577879260184048 -0.001202183147773893
-0.000672712144927015 -0.000504385000318460
-0.000837683584764888 -0.001458428362756378
-0.000431153288186138 -0.000436616710619758
-0.001004739508969196 -0.001359292603018000
-0.000356252118311992 -0.000702883342815487
-0.000992918606507466 -0.001028560788104496
-0.000473098410018241 -0.001094244001039977
-0.000833323663094904 -0.000713266342222447
-0.000705555377352323 -0.001356874875254875
-0.000624582959637085 -0.000584865127747633
-0.000919869784077511 -0.001377139170383218
-0.000472199385826896 -0.000673918375685071
-0.001013226415345106 -0.001222740384687796
-0.000451991828675044 -0.000897451418599641
-0.000970539715963777 -0.001010242115908601
-0.000567832432132358 -0.001152288439735436
-0.000827780117914880 -0.000827060257511914
-0.000773809705793628 -0.001344662304526729
-0.000655873601383859 -0.000729114427742282
-0.000972583985491405 -0.001413395054536316
-0.000532244133288792 -0.000772510863644471
-0.001069393439689433 -0.001321579328600719
-0.000531191694700590 -0.000981467297848357
-0.001021171957492932 -0.001089147740578790
-0.000671213805107202 -0.001275023892199895
-0.000855219222979562 -0.000846579833022461
-0.000885972342141478 -0.001490166011656943
-0.000674161692881648 -0.000762061064201283
-0.001061414852982865 -0.001495534102320852
-0.000583250906077397 -0.000907162437515912
-0.001110158274460308 -0.001299702288377060
-0.000633698634151816 -0.001187899087855630
-0.001022401932929930 -0.001046540348718813
-0.000793428952834088 -0.001428447973283320
-0.000857713763786997 -0.000898375784746153
-0.000976024679328967 -0.001516123341164524
-0.000709348375617581 -0.000924428321534877
-0.001099888446100213 -0.001448537859431968
-0.000653736664905878 -0.001082284333157474
-0.001119006130157039 -0.001295250169225036
-0.000714330964822413 -0.001277663998246048
-0.001038261078403485 -0.001145625603938793
-0.000854503597622753 -0.001431268100672554
-0.000908406686536915 -0.001063710907835699
-0.001008557944193485 -0.001505694034502395
-0.000795866272766535 -0.001074231054110944
-0.001118684262609007 -0.001492002371576874
-0.000754181502165022 -0.001173818811252933
-0.001145793964036674 -0.001396974029979736
-0.000810569512085082 -0.001346181879182553
-0.001075393563877951 -0.001247326429220798
-0.000960112013935344 -0.001553087608830901
-0.000931482246653894 -0.001100805182092589
-0.001155992548749755 -0.001713005047150746
-0.000779803356369782 -0.001046290124091544
-0.001305356048266221 -0.001700252768671370
-0.000822802634813736 -0.001600977866633914
-0.001220925635871270 -0.001067714476579179
-0.001057757296670606 -0.002350363400894799
-0.000795500340988200 -0.002605892160862921
-0.001601665258994779 -0.002138990084364858
-0.002127431702928934 -0.002151581237245133
-0.002019275051232882 -0.001567851235546642
