-0.000923287240917403 -0.000505265446196276
-0.000748930737180869 +0.000109598713305824
-0.000107626023075077 -0.000151155135829279
-0.000502947488587279 +0.000340581624114968
-0.000284158429469698 +0.000560232420370310
-0.000402737035946326 +0.000615252987589065
-0.000171268502693497 +0.000319459603418860
-0.000369054765028529 +0.000747874592969885
-0.000314257433140514 +0.000408173968377735
-0.000617033441397267 +0.000666061371626178
-0.000680312862273344 +0.000502145515348760
-0.000705470147085263 +0.000326186534102082
-0.000635431651277704 +0.000259826895323555
-0.000593269938494850 +0.000388267293272114
-0.000352338947133306 +0.000148172680371724
-0.000430214032911775 +0.000625099323146634
-0.000142010894071392 +0.000305863930991428
-0.000667979978428906 +0.000761753712004294
-0.000332647808617431 +0.000460542906765672
-0.000611203708782712 +0.000580672908482173
-0.000436719590816936 +0.000369323858268725
-0.000566632409572870 +0.000599862207258429
-0.000597676302752755 +0.000369378092669216
-0.000530056298551021 +0.000494277763240920
-0.000551532433498005 +0.000440277756931386
-0.000363126517493874 +0.000446197481738142
-0.000509281862245419 +0.000574638611780871
-0.000402882015736357 +0.000607056032400261
-0.000433348437541245 +0.000592492534837008
-0.000333376040221444 +0.000702275415108790
-0.000339075493864371 +0.000627644336644339
-0.000479663307574323 +0.000750226792450365
-0.000567664550189878 +0.000640983062053017
-0.000519488572908606 +0.000521926438176015
-0.000679596331490872 +0.000654716906015761
-0.000331396380116832 +0.000323924099831017
-0.000910168848569063 +0.000780228266095875
-0.000266934607917797 +0.000227555946952297
-0.001025864170482741 +0.000904708951421269
+0.000117860323182734 +0.000109944298793466
-0.001115341204029950 +0.001581216642300128
+0.000174392789173837 +0.000099380680032089
-0.000940764904534999 +0.001753257740405259
+0.000664725390885015 -0.000119086970186604
-0.000427080208186803 +0.002166800705289676
+0.000981917276026332 +0.000376326697310122
-0.000277686525058180 +0.003492959260791475
-0.001212146930506819 -0.000757447654969320
+0.033314427237923161 +0.005101381969604748
+0.267507988648335693 -0.005863490741316008
+0.413791462177357849 +0.062320685590060314
+0.575584347660434537 +0.226848201817008988
+0.454014995725044113 +0.365366875170364591
-0.076138679089370248 +0.506538126580962422
-0.513708542783458455 +0.383176651870729967
-0.351988981826989566 -0.160658898161555402
-0.085186389883641730 -0.447333295516925356
-0.033241361681106120 -0.178368029074822854
-0.063689032453139977 -0.055499622725614699
-0.043216933819475695 -0.047309130199838505
+0.112140894237530736 -0.036825723321029083
+0.155678516204051515 +0.045012423036848881
+0.102158148037297572 +0.098360188851632918
+0.041803950639591400 +0.085366739434588806
+0.036276337791189744 +0.051095069315233575
+0.001276792569333687 +0.049094319283677121
-0.051965405296222678 +0.013963394800572824
-0.100478677095270696 -0.031732298181339720
-0.074865169213095550 -0.053914664663120795
-0.038450166322152896 -0.032385767371775905
+0.022719704550929101 -0.040030617263588725
+0.043766649782425573 -0.024834928232605174
+0.018775137174305130 +0.001897891044803707
-0.007608230087573721 +0.046740720052310218
+0.019408457766113149 +0.027115499539318126
+0.026821739275841458 -0.001962256438777884
-0.001523889422726032 +0.008394856057987347
-0.030944187240740835 +0.028501508949602614
-0.014457251092524381 +0.000896864372123066
+0.002354775854348093 -0.008944650603026667
+0.003583731477615260 -0.017128159761994111
-0.005711837928685189 -0.005962150109386639
+0.001474881077102570 +0.002425178755935288
+0.025485528440251516 +0.010415530208431865
+0.043676650565082797 +0.016250941744310271
+0.031971865687524706 +0.031904421418873632
+0.011876910978786761 +0.034989180007967975
-0.012535126755554949 +0.027455039377563523
-0.017495338382551465 -0.001944557462961848
-0.015294291729742756 -0.010097311752364540
-0.002700975490541948 -0.023081806957161340
+0.010301837789440254 -0.017237405625367814
+0.016985812491570239 +0.006007576229025481
+0.020176454749947895 +0.024918409751868376
+0.023004496206316439 +0.023513756723833878
+0.013960302852251943 +0.028418160826510948
+0.009593589842735836 +0.018186051887494763
-0.005332606436450053 +0.018454292227719458
-0.023491974078488957 +0.012618350707687916
-0.027127261434486096 -0.003033233271312738
-0.015384715797144091 -0.023749134795630074
-0.010299701854533713 -0.017901686805427891
+0.001309346800011196 -0.015846744111829188
+0.007232768297412715 -0.010559135545413715
+0.001947671618266997 -0.011456050713649085
-0.003719733493485661 +0.000403351504704316
-0.013627341685520638 +0.006089376952162405
-0.012675677127659697 +0.002707751665895244
-0.012078816939287232 -0.003505712267182515
-0.015893045458531700 -0.005974879342987173
-0.015389856013426035 -0.008041684917452555
-0.008893465893407924 -0.000018017265957639
+0.003747686517532105 +0.002493455175830057
+0.013895092966494434 +0.001486496774844304
+0.005672182524658070 -0.003864681272468969
-0.007074399527019549 -0.002508341800516864
-0.003057407066806719 +0.003377499091452040
+0.000178890949787072 +0.001427247710481557
-0.001902557741486240 -0.008529126891958522
-0.010026458375972887 -0.004645545386345193
-0.012942328702348765 -0.000401352189052171
-0.007154115319865473 -0.001424274837762595
-0.001453499266760237 -0.001339711287539945
+0.004116004076055771 +0.003214877015779836
+0.006148514806427940 +0.008259456642571904
+0.008867392869375821 +0.009805722780314179
+0.010023119721982268 +0.004913426058991966
+0.007565161011461907 +0.001925386089220631
+0.002497699379628414 -0.000425089269385511
-0.003281694028670838 -0.001610630069249602
-0.006508476178740574 -0.005639966733786823
-0.009120549807545338 -0.005680747527571029
-0.009665773349542196 -0.004387767481878314
-0.008421061846676627 -0.000427865673366882
-0.005185377858951873 +0.002825567293372823
+0.000794687724690660 +0.006121957210199556
+0.005886766104312475 +0.007292532470757008
+0.009330794383515665 +0.006178164386819699
+0.007910633747658873 +0.006229911164718115
+0.005359135196833037 +0.004593549148347863
-0.000778669530023762 +0.002296980889541034
-0.005562409611218035 -0.000865147522678464
-0.007793763627980801 -0.005942740781948209
-0.010461350371138985 -0.006828710499158203
-0.010651189372822962 -0.005954817443126198
-0.011922014970175646 -0.003284234485056731
-0.008785116470402185 -0.003388174004001168
-0.003990616356081909 -0.001207535183354940
+0.000569234851010503 +0.003020841811037497
+0.008365085213493240 +0.004133890536247003
+0.009979072868091301 +0.004560164427282444
+0.009341479334199631 +0.003332669437336872
+0.006384761334498233 +0.004742189726266980
+0.004341615704979585 +0.004559421575431769
-0.001290137498075483 +0.002783377712097484
-0.006233286664811045 +0.000244248425473516
-0.010193334773558025 -0.002309162884757800
-0.013733002209192539 +0.000518567196419568
-0.013221656171672015 +0.002381763836577276
-0.014171534449306113 +0.000791311671789546
-0.010072318069258193 -0.000464215981349857
-0.001571055253451565 +0.002331718082155563
+0.004997489818416642 +0.004787595559670767
+0.009934151960417682 +0.005938728393669563
+0.008469658735391121 +0.007663167742992400
+0.008141913651695178 +0.005718822256229665
+0.003322490384499917 +0.007578470884067464
-0.001333595678782519 +0.004013932526556051
-0.005167875695459412 -0.001188967312752272
-0.009878414573450255 -0.004846454115159359
-0.016235521605858068 -0.006405939040769499
-0.016596431537002930 -0.009047609653431614
-0.013365772661378981 -0.008959424517773281
-0.002615663057024098 -0.008290536591684376
+0.019677270824534864 -0.013072436331972888
+0.020117284403648152 -0.001177236176965063
+0.015295104852085024 +0.007248709407053891
+0.013176800522582712 +0.005879282537763636
+0.002483208787654498 +0.005265126447576499
-0.002368853236115659 +0.003043105145888673
-0.000883388028219006 -0.003018923785290326
-0.006400347132855692 -0.001927114634668770
-0.003847569100662016 -0.000418515142886863
-0.000668933893267096 -0.002529775071260426
+0.000611185573378378 +0.000119225080044361
+0.004786481890935173 +0.000889698762337791
+0.006553816905128169 +0.000360092131181947
+0.006501071594035363 +0.003098478483048775
+0.005881943385318784 +0.002418076232325780
+0.001358303010870816 +0.001783052363696207
-0.002098102646565856 +0.001919824059386687
-0.003878207367398117 -0.001148710600431906
-0.005829431240739657 -0.001856354544589062
-0.003241962287243107 -0.002676808840355123
-0.002449863644497089 -0.002583894335600314
-0.001367974184687312 -0.000568058992452506
+0.001693435772604633 +0.000643306877265907
+0.002258057442312078 +0.000574329864100311
+0.003145296410099521 +0.002237905865939031
+0.002775828920481610 +0.002768454370459956
+0.001673756598854408 +0.001573352775088073
+0.000778769012713881 +0.001673210176006678
-0.001318775090254461 +0.000259320774991039
-0.002619977114669023 -0.001566603136266124
-0.003946370492178545 -0.001569015554053637
-0.003874114667075978 -0.003575839947077747
-0.002992709823841302 -0.003080323767857799
-0.001179969142471756 -0.002706850142049738
+0.000263681996127973 -0.001389511054607018
+0.001545650163053807 +0.000333422593159021
+0.002263270122301275 +0.000963541163890521
+0.001801761586571395 +0.001849139504560046
+0.001612390766638000 +0.001700488261538078
+0.000928695584806901 +0.000470076610298926
-0.000070980740133422 +0.000633736628845172
-0.000671899999523112 -0.000342108371621911
-0.001184335288760438 -0.001008920125146174
-0.001476093776471239 -0.000415886055903521
-0.001118441965936121 -0.000620554259096998
-0.000186973670651722 -0.000860945395875716
-0.000663731039913064 +0.001049889770812872
+0.000198998583905255 +0.000599667317847079
+0.000097670856068194 +0.001442957689169678
-0.000184985609898876 +0.001627219618893326
+0.000237816693716539 +0.001064960662901032
+0.000017937731688917 +0.001117900844010398
-0.000102243079973843 +0.000552425268218334
-0.000076656361251837 -0.000071160769295473
-0.000615313661623701 +0.000331327424553322
-0.000792534471577260 -0.000421134711600701
-0.000725040854323533 -0.000372965405703779
-0.001199128461010252 -0.000404899707997746
-0.000984341344141542 -0.000659175251919380
-0.000590297937401521 -0.000691295883472806
-0.000761848560261771 -0.000111113075646325
+0.000636656735430896 -0.000548494114522211
+0.000683626864397228 +0.000304596634870003
+0.000775620380871503 -0.000101637707371909
+0.001144513837524474 +0.000145614462990759
+0.000663195870726313 +0.000228613292808807
+0.000796645355185524 -0.000258814112456894
+0.000497573099709344 -0.000027395916226833
-0.000109400417371110 -0.000136107981957942
-0.000386882692883371 -0.000592701314929621
-0.000794791551465628 -0.000262170524837774
-0.000863746319048079 -0.000437226039821423
-0.000717839273336442 -0.000099602320659755
-0.000258920513448269 +0.000094204079401781
+0.000000953333046505 +0.000545515050832289
+0.000681267960773244 +0.000587199560754371
+0.000687919650579819 +0.001167345269145162
+0.000801042822399640 +0.000888629794864765
+0.000737546895583161 +0.000934584996336277
+0.000303592472925660 +0.000640978462557016
+0.000028472278542441 +0.000320604468716705
-0.000649773693171195 +0.000118799590902626
-0.001062557922254434 -0.000246714233545617
-0.001385709576116303 -0.000401185995693948
-0.001359260699728785 -0.000409633669817813
-0.001055722263118852 -0.000534248653383200
-0.000793524594787446 -0.000174035185846041
+0.000001752056963586 -0.000294175398865901
+0.000235648601204480 +0.000154835319033058
+0.000664887104830722 +0.000228651663921183
+0.000734958911915725 +0.000423348642102271
+0.000650594809539834 +0.000244508244440816
+0.000641139574938298 +0.000283979547737777
+0.000208947049149940 +0.000082285999581171
-0.000078577737024165 -0.000047855384755218
-0.000460325299628414 -0.000159515387024830
-0.000714615343745915 -0.000298425145380572
-0.000609426502469314 -0.000355574520164277
-0.000431430010834762 -0.000397258746969828
-0.000219633015190646 -0.000395773839339009
+0.000065871196771886 -0.000179541052204353
+0.000471353877821238 -0.000282023284398544
+0.000418229753850986 +0.000037923267626341
+0.000631024014853347 +0.000033063254281691
+0.000618522711468720 +0.000081972098276997
+0.000396259181100290 +0.000057372090382746
+0.000394913120828455 +0.000287495613638580
-0.000047950439946881 +0.000193531129201655
-0.000296250429611536 +0.000251178839529282
-0.000415830678716741 +0.000310323078351345
-0.000531226139267178 +0.000107329018742762
-0.000330813600193155 +0.000170674813457502
-0.000184380468798355 +0.000166316187852988
-0.000006480419075200 -0.000008162330284212
+0.000130630927062798 +0.000238006398658756
+0.000188752429259210 +0.000107235159490924
+0.000261491904697617 +0.000080124395918888
+0.000273220922137067 +0.000094507523202035
-0.000047187244462756 +0.000091370008718759
-0.000246171693780100 -0.000070907980655971
-0.000597010722352265 +0.000004274221638668
-0.001190839126780395 +0.000062427757072724
-0.000494358028305861 -0.000399371289252668
-0.000463236961221268 -0.000182199005617751
-0.000209044537613728 -0.000016853484090586
+0.000767088122673909 -0.000214588154222102
+0.000248365747043900 +0.000357367134279393
+0.000429145320266528 +0.000304454767751830
+0.000609433247402361 +0.000113742304180300
-0.000177882445120158 +0.000204972899421771
-0.000101208274737620 +0.000109630359279093
-0.000225069697865260 -0.000263199668237229
-0.000848317600420173 +0.000004516635790160
-0.000427573909307422 -0.000183724199544280
-0.000478034338836447 -0.000303581474401488
-0.000460676510624668 +0.000072052102938591
+0.000250924148452236 -0.000097888899210086
+0.000086685889285398 +0.000112500330800652
+0.000287823165700238 +0.000414406970880438
+0.000476252393912059 +0.000209216501200038
-0.000054000363635565 +0.000425971485400557
+0.000111380600389104 +0.000315493518063363
-0.000181181886504310 +0.000109304921766949
-0.000483671155747184 +0.000126035279442580
-0.000314587412333076 +0.000043744372560793
-0.000520687472850057 -0.000147962353065495
-0.000439016420171297 +0.000013284882289077
-0.000202746317214955 -0.000037814577212858
-0.000225422125190066 -0.000061407379165304
+0.000014377385380508 +0.000174872875844563
+0.000129981459949961 +0.000094268373013337
+0.000044423450389391 +0.000159267209453355
+0.000141077070017169 +0.000262546754136235
-0.000036029160772416 +0.000081173527386773
-0.000173413398037857 +0.000116019994861078
-0.000163516905137673 +0.000013628588272953
-0.000364656390112759 -0.000098104864804389
-0.000274160853234312 -0.000069181968043687
-0.000241596585117961 -0.000098179177978389
-0.000231311495764918 -0.000073616000316081
-0.000059950067451128 +0.000065775463712246
-0.000012837991346326 +0.000017618541829870
+0.000036194883268341 +0.000147046811666622
+0.000097060296799766 +0.000196815837982197
+0.000071573234026832 +0.000080658189285024
-0.000026642083521605 +0.000228712786485259
-0.000043109659748233 +0.000092966864112394
-0.000129977572054863 +0.000010323132211771
-0.000231204274729466 +0.000119117054439798
-0.000186525298318924 -0.000065490092260284
-0.000259209618343250 +0.000014548725396316
-0.000230612934227008 +0.000071897202826632
-0.000166833104062991 -0.000006560425547748
-0.000171351768032384 +0.000135779972103701
-0.000105677722383489 +0.000142915897469907
-0.000061326171851669 +0.000096051996898191
-0.000068391065410618 +0.000222202214987586
-0.000067154311935957 +0.000154232600572422
-0.000044973322888384 +0.000113125482428891
-0.000151893960927429 +0.000210360993177900
-0.000138702002991213 +0.000048275177504179
-0.000178553328521370 +0.000086360477208040
-0.000287624852052032 +0.000094842028602295
-0.000195628544134847 -0.000036333162439434
-0.000263641435472042 +0.000075906527156923
-0.000235325994330501 +0.000015449668390176
-0.000151348025438547 +0.000003610193458770
-0.000200656614987755 +0.000102333144800526
-0.000113438430435441 +0.000019389464561188
-0.000094059212994480 +0.000086433683766275
-0.000102260162735480 +0.000109312997922095
-0.000070703936355033 +0.000065460145230026
-0.000085033521794104 +0.000109958972611187
-0.000136894463722704 +0.000110843346561063
-0.000130553701491857 +0.000057236333475907
-0.000172478671575564 +0.000114722896045861
-0.000209360878797893 +0.000074517937363398
-0.000165563274499069 +0.000060917212937014
-0.000211722843475012 +0.000118414231242293
-0.000176004971780656 +0.000067628359470687
-0.000153043511335042 +0.000104932787645301
-0.000174154320753911 +0.000123617343648603
-0.000116934978298936 +0.000080489477691862
-0.000147086338166705 +0.000138127425212703
-0.000134075066231135 +0.000095563882751675
-0.000159096804970604 +0.000115134594452867
-0.000179257823692041 +0.000112107108398422
-0.000196713300106610 +0.000102485279226397
-0.000228184859789742 +0.000112179980476166
-0.000209398289235002 +0.000109656702713811
-0.000230472896099215 +0.000108080770862061
-0.000201004482470123 +0.000120799550726590
-0.000192358499822652 +0.000125549650224545
-0.000189273340770885 +0.000118822624021984
-0.000160213304055354 +0.000130143466930017
-0.000177107167541272 +0.000120176722567324
-0.000164149950612112 +0.000099609155062614
-0.000186817768050104 +0.000120518687248505
-0.000200944216656571 +0.000075050352099673
-0.000227467273126706 +0.000106119341028003
-0.000227969553646619 +0.000077998025664180
-0.000243892875693977 +0.000085765421352469
-0.000240988684470246 +0.000104410283013775
-0.000206217707452001 +0.000091469865652558
-0.000224976870118762 +0.000120586237620486
-0.000183099121211719 +0.000129947454264214
-0.000178158683532091 +0.000129529554553310
-0.000189908923632946 +0.000139956338159764
-0.000159574925464741 +0.000141513373296006
-0.000192809418845111 +0.000133425414190525
-0.000198941641059794 +0.000124896717884440
-0.000215944880080153 +0.000146736806715888
-0.000243416178548546 +0.000100921259236035
-0.000259500660236231 +0.000139550455239328
-0.000255478257613967 +0.000117602079442772
-0.000268717242026276 +0.000112914524507141
-0.000254003813860011 +0.000143201493616464
-0.000238054730210890 +0.000126904305088497
-0.000244357876362733 +0.000141778502327267
-0.000203164191516016 +0.000154032179483772
-0.000218785583890403 +0.000148933600924825
-0.000207038396288981 +0.000152702650988182
-0.000197608828094492 +0.000153448503068850
-0.000266028723939246 +0.000161883860377403
-0.000239056217269881 +0.000133855722961213
-0.000282837236920859 +0.000150283302334865
-0.000320751175897107 +0.000133911234047954
-0.000254829433288721 +0.000119030331219801
-0.000301743452994954 +0.000135247616402877
-0.000280335751427291 +0.000141805988532010
-0.000211293464290101 +0.000127913259695584
-0.000275197367239749 +0.000162066671756777
-0.000225427590014632 +0.000159580608502300
-0.000203257044250917 +0.000141465321344771
-0.000290620995843640 +0.000176498770701126
-0.000228790368812665 +0.000153845617135952
-0.000274202980229138 +0.000137388777138835
-0.000334799328120256 +0.000175368589468583
-0.000256243585309227 +0.000126986811319207
-0.000331839872589414 +0.000147631091510747
-0.000306534432761643 +0.000164941256510107
-0.000250057585734292 +0.000139202091569667
-0.000315639162531290 +0.000172797425685003
-0.000250597282378633 +0.000184667160382734
-0.000253048669699343 +0.000162668136923047
-0.000301818783681781 +0.000197881921527199
-0.000251217175545560 +0.000186877487085346
-0.000299685935509013 +0.000167420876755718
-0.000325422093618940 +0.000194978409012531
-0.000293002032019100 +0.000168102766312449
-0.000351986392128058 +0.000161307216826443
-0.000334857131022610 +0.000185860057769114
-0.000314974571381623 +0.000155843968614001
-0.000354842638892395 +0.000176125421434501
-0.000302981541770352 +0.000187639769003874
-0.000314858812636023 +0.000175667067062268
-0.000325527120633389 +0.000196469266637985
-0.000288786660880395 +0.000201922814555143
-0.000330593036993662 +0.000189213752164382
-0.000321187925340657 +0.000207804078638248
-0.000326242392034265 +0.000195719826656410
-0.000360531191703687 +0.000188731643971858
-0.000344051582405140 +0.000197592622081666
-0.000359863524763946 +0.000183125997498761
-0.000365014715702031 +0.000186382464476007
-0.000353005630520516 +0.000203738872370372
-0.000354535884452479 +0.000179750931854721
-0.000362813143609511 +0.000216893382748696
-0.000339819524516983 +0.000199454118319085
-0.000360493834755278 +0.000205900203471636
-0.000355546728364274 +0.000222722732794684
-0.000353372904987322 +0.000207602588711497
-0.000377079560491886 +0.000214460984901498
-0.000371217899840442 +0.000226966457049348
-0.000379183440034862 +0.000201569255969597
-0.000393249644208888 +0.000226883225287603
-0.000382838129542840 +0.000219697948752419
-0.000396277232747487 +0.000215463163112415
-0.000391519171372343 +0.000232757887681461
-0.000397623374634927 +0.000231578524100421
-0.000390475167595112 +0.000219013351675061
-0.000405875942990962 +0.000253792328321882
-0.000395302007609503 +0.000220607937942154
-0.000407143888672370 +0.000241962560282194
-0.000416865704963048 +0.000245819904763155
-0.000409260395305785 +0.000224616022438465
-0.000430359697311932 +0.000250045482452155
-0.000425409696654164 +0.000238764170869657
-0.000429421663617473 +0.000235168173645735
-0.000438192442825986 +0.000255519319833526
-0.000434700665561336 +0.000242844320823147
-0.000436846553015427 +0.000248996398301110
-0.000444082467936865 +0.000264973604309034
-0.000438719088436260 +0.000246919702771500
-0.000446117880118229 +0.000266882179243479
-0.000448965355498209 +0.000261205316811471
-0.000454647085473445 +0.000262396916443616
-0.000453114116268338 +0.000261171078139883
-0.000476633930452181 +0.000278146604920324
-0.000453824975282884 +0.000243941779704371
-0.000493606783862583 +0.000297772615212312
-0.000463368583244684 +0.000240468748754795
-0.000496558487616624 +0.000302241879615790
-0.000476172298677247 +0.000252985526550844
-0.000497342310967967 +0.000307196078346655
-0.000482301061959146 +0.000255085194933651
-0.000500336643824541 +0.000327675912300802
-0.000491638076963150 +0.000244798694317635
-0.000494166019846385 +0.000353938053776068
-0.000534236085285825 +0.000232016413995461
-0.000457134837428893 +0.000382756603624485
+0.000050010070980364 +0.000087509491657707
+0.000146289305519411 +0.000196668172346272
+0.000531513441235087 +0.000700450535144798
+0.000537980186186096 +0.000988271654277592
-0.000083097444885683 +0.001118398498031420
-0.001187902051071452 +0.001467366710058976
-0.001201881210045176 +0.000535714522093794
