00000 -1.139
00010 -0.890
00020 -0.321
00030 +0.265
00040 +0.698
00050 +0.935
00060 +0.993
00070 +0.909
00080 +0.739
00090 +0.570
00100 +0.518
00110 +0.684
00120 +1.069
00130 +1.560
00140 +2.017
00150 +2.354
00160 +2.551
00170 +2.634
00180 +2.651
00190 +2.662
00200 +2.725
00210 +2.883
00220 +3.144
00230 +3.471
00240 +3.797
00250 +4.063
00260 +4.237
00270 +4.319
00280 +4.332
00290 +4.316
00300 +4.311
00310 +4.352
00320 +4.458
00330 +4.619
00340 +4.805
00350 +4.970
00360 +5.078
00370 +5.113
00380 +5.081
00390 +5.006
00400 +4.921
00410 +4.863
00420 +4.858
00430 +4.911
00440 +5.009
00450 +5.117
00460 +5.199
00470 +5.230
00480 +5.202
00490 +5.128
00500 +5.039
00510 +4.969
00520 +4.948
00530 +4.992
00540 +5.095
00550 +5.234
00560 +5.375
00570 +5.490
00580 +5.565
00590 +5.607
00600 +5.640
00610 +5.692
00620 +5.794
00630 +5.964
00640 +6.200
00650 +6.488
00660 +6.801
00670 +7.113
00680 +7.406
00690 +7.674
00700 +7.923
00710 +8.168
00720 +8.424
00730 +8.706
00740 +9.016
00750 +9.349
00760 +9.688
00770 +10.006
00780 +10.278
00790 +10.482
00800 +10.609
00810 +10.668
00820 +10.678
00830 +10.669
00840 +10.667
00850 +10.685
00860 +10.721
00870 +10.760
00880 +10.777
00890 +10.751
00900 +10.676
00910 +10.558
00920 +10.421
00930 +10.294
00940 +10.207
00950 +10.173
00960 +10.192
00970 +10.250
00980 +10.324
00990 +10.392
01000 +10.441
01010 +10.474
01020 +10.505
01030 +10.558
01040 +10.657
01050 +10.817
01060 +11.042
01070 +11.324
01080 +11.648
01090 +11.995
01100 +12.350
01110 +12.707
01120 +13.067
01130 +13.438
01140 +13.834
01150 +14.264
01160 +14.734
01170 +15.240
01180 +15.766
01190 +16.286
01200 +16.766
01210 +17.168
01220 +17.460
01230 +17.631
01240 +17.689
01250 +17.663
01260 +17.584
01270 +17.476
01280 +17.345
01290 +17.186
01300 +16.984
01310 +16.728
01320 +16.421
01330 +16.078
01340 +15.727
01350 +15.398
01360 +15.113
01370 +14.883
01380 +14.705
01390 +14.567
01400 +14.450
01410 +14.338
01420 +14.223
01430 +14.108
01440 +14.008
01450 +13.943
01460 +13.930
01470 +13.984
01480 +14.107
01490 +14.293
01500 +14.529
01510 +14.801
01520 +15.089
01530 +15.379
01540 +15.657
01550 +15.914
01560 +16.143
01570 +16.334
01580 +16.479
01590 +16.565
01600 +16.579
01610 +16.510
01620 +16.353
01630 +16.114
01640 +15.810
01650 +15.467
01660 +15.116
01670 +14.782
01680 +14.484
01690 +14.226
01700 +14.004
01710 +13.803
01720 +13.608
01730 +13.408
01740 +13.199
01750 +12.986
01760 +12.783
01770 +12.604
01780 +12.459
01790 +12.351
01800 +12.276
01810 +12.221
01820 +12.174
01830 +12.124
01840 +12.066
01850 +12.003
01860 +11.945
01870 +11.902
01880 +11.884
01890 +11.896
01900 +11.934
01910 +11.991
01920 +12.055
01930 +12.116
01940 +12.168
01950 +12.209
01960 +12.241
01970 +12.269
01980 +12.298
01990 +12.330
02000 +12.359
02010 +12.379
02020 +12.380
02030 +12.354
02040 +12.296
02050 +12.204
02060 +12.084
02070 +11.942
02080 +11.786
02090 +11.623
02100 +11.456
02110 +11.286
02120 +11.111
02130 +10.931
02140 +10.745
02150 +10.553
02160 +10.359
02170 +10.165
02180 +9.976
02190 +9.797
02200 +9.628
02210 +9.471
02220 +9.324
02230 +9.184
02240 +9.051
02250 +8.925
02260 +8.807
02270 +8.700
02280 +8.605
02290 +8.526
02300 +8.462
02310 +8.412
02320 +8.377
02330 +8.355
02340 +8.346
02350 +8.350
02360 +8.368
02370 +8.400
02380 +8.443
02390 +8.496
02400 +8.554
02410 +8.614
02420 +8.673
02430 +8.729
02440 +8.784
02450 +8.836
02460 +8.885
02470 +8.932
02480 +8.973
02490 +9.005
02500 +9.027
02510 +9.036
02520 +9.031
02530 +9.012
02540 +8.983
02550 +8.946
02560 +8.903
02570 +8.857
02580 +8.807
02590 +8.751
02600 +8.686
02610 +8.610
02620 +8.520
02630 +8.417
02640 +8.302
02650 +8.180
02660 +8.053
02670 +7.927
02680 +7.801
02690 +7.675
02700 +7.544
02710 +7.405
02720 +7.253
02730 +7.091
02740 +6.923
02750 +6.758
02760 +6.607
02770 +6.481
02780 +6.388
02790 +6.331
02800 +6.309
02810 +6.319
02820 +6.359
02830 +6.428
02840 +6.526
02850 +6.653
02860 +6.804
02870 +6.972
02880 +7.146
02890 +7.315
02900 +7.470
02910 +7.604
02920 +7.713
02930 +7.797
02940 +7.856
02950 +7.894
02960 +7.914
02970 +7.920
02980 +7.917
02990 +7.904
03000 +7.884
03010 +7.854
03020 +7.813
03030 +7.757
03040 +7.687
03050 +7.603
03060 +7.508
03070 +7.406
03080 +7.302
03090 +7.200
03100 +7.100
03110 +7.002
03120 +6.900
03130 +6.792
03140 +6.675
03150 +6.549
03160 +6.418
03170 +6.286
03180 +6.161
03190 +6.049
03200 +5.952
03210 +5.870
03220 +5.801
03230 +5.740
03240 +5.683
03250 +5.630
03260 +5.583
03270 +5.546
03280 +5.524
03290 +5.520
03300 +5.535
03310 +5.567
03320 +5.611
03330 +5.660
03340 +5.708
03350 +5.752
03360 +5.791
03370 +5.826
03380 +5.861
03390 +5.898
03400 +5.941
03410 +5.988
03420 +6.038
03430 +6.086
03440 +6.128
03450 +6.161
03460 +6.183
03470 +6.196
03480 +6.203
03490 +6.209
03500 +6.217
03510 +6.230
03520 +6.247
03530 +6.265
03540 +6.282
03550 +6.292
03560 +6.295
03570 +6.290
03580 +6.281
03590 +6.271
03600 +6.267
03610 +6.270
03620 +6.281
03630 +6.299
03640 +6.320
03650 +6.340
03660 +6.358
03670 +6.374
03680 +6.388
03690 +6.406
03700 +6.431
03710 +6.466
03720 +6.511
03730 +6.564
03740 +6.623
03750 +6.683
03760 +6.742
03770 +6.799
03780 +6.855
03790 +6.910
03800 +6.966
03810 +7.026
03820 +7.089
03830 +7.153
03840 +7.219
03850 +7.282
03860 +7.342
03870 +7.398
03880 +7.450
03890 +7.500
03900 +7.548
03910 +7.598
03920 +7.652
03930 +7.710
03940 +7.772
03950 +7.839
03960 +7.910
03970 +7.985
03980 +8.064
03990 +8.147
04000 +8.235
04010 +8.330
04020 +8.433
04030 +8.544
04040 +8.663
04050 +8.790
04060 +8.923
04070 +9.062
04080 +9.204
04090 +9.350
04100 +9.497
04110 +9.645
04120 +9.794
04130 +9.943
04140 +10.090
04150 +10.237
04160 +10.380
04170 +10.521
04180 +10.659
04190 +10.791
04200 +10.919
04210 +11.041
04220 +11.156
04230 +11.266
04240 +11.369
04250 +11.468
04260 +11.563
04270 +11.654
04280 +11.744
04290 +11.832
04300 +11.919
04310 +12.005
04320 +12.089
04330 +12.172
04340 +12.254
04350 +12.335
04360 +12.417
04370 +12.502
04380 +12.591
04390 +12.685
04400 +12.784
04410 +12.889
04420 +12.999
04430 +13.111
04440 +13.226
04450 +13.342
04460 +13.461
04470 +13.582
04480 +13.708
04490 +13.840
04500 +13.979
04510 +14.123
04520 +14.270
04530 +14.419
04540 +14.567
04550 +14.711
04560 +14.852
04570 +14.990
04580 +15.126
04590 +15.263
04600 +15.400
04610 +15.540
04620 +15.679
04630 +15.815
04640 +15.947
04650 +16.072
04660 +16.188
04670 +16.298
04680 +16.403
04690 +16.505
04700 +16.608
04710 +16.712
04720 +16.819
04730 +16.927
04740 +17.033
04750 +17.134
04760 +17.230
04770 +17.320
04780 +17.404
04790 +17.487
04800 +17.571
04810 +17.658
04820 +17.749
04830 +17.842
04840 +17.936
04850 +18.024
04860 +18.104
04870 +18.174
04880 +18.232
04890 +18.282
04900 +18.325
04910 +18.365
04920 +18.403
04930 +18.440
04940 +18.472
04950 +18.496
04960 +18.508
04970 +18.506
04980 +18.490
04990 +18.463
05000 +18.429
05010 +18.395
05020 +18.362
05030 +18.334
05040 +18.309
05050 +18.285
05060 +18.260
05070 +18.231
05080 +18.197
05090 +18.161
05100 +18.126
05110 +18.096
05120 +18.075
05130 +18.065
05140 +18.068
05150 +18.080
05160 +18.099
05170 +18.122
05180 +18.145
05190 +18.169
05200 +18.194
05210 +18.225
05220 +18.264
05230 +18.315
05240 +18.378
05250 +18.453
05260 +18.536
05270 +18.624
05280 +18.711
05290 +18.795
05300 +18.876
05310 +18.954
05320 +19.034
05330 +19.117
05340 +19.205
05350 +19.298
05360 +19.394
05370 +19.488
05380 +19.575
05390 +19.652
05400 +19.717
05410 +19.770
05420 +19.815
05430 +19.856
05440 +19.895
05450 +19.934
05460 +19.974
05470 +20.013
05480 +20.047
05490 +20.073
05500 +20.091
05510 +20.100
05520 +20.103
05530 +20.103
05540 +20.104
05550 +20.110
05560 +20.122
05570 +20.141
05580 +20.164
05590 +20.188
05600 +20.211
05610 +20.230
05620 +20.247
05630 +20.263
05640 +20.281
05650 +20.305
05660 +20.337
05670 +20.379
05680 +20.430
05690 +20.486
05700 +20.545
05710 +20.603
05720 +20.658
05730 +20.710
05740 +20.762
05750 +20.816
05760 +20.876
05770 +20.945
05780 +21.023
05790 +21.108
05800 +21.197
05810 +21.285
05820 +21.371
05830 +21.452
05840 +21.529
05850 +21.605
05860 +21.684
05870 +21.768
05880 +21.861
05890 +21.962
05900 +22.070
05910 +22.180
05920 +22.290
05930 +22.396
05940 +22.498
05950 +22.597
05960 +22.695
05970 +22.797
05980 +22.907
05990 +23.025
06000 +23.152
06010 +23.285
06020 +23.421
06030 +23.554
06040 +23.681
06050 +23.802
06060 +23.917
06070 +24.030
06080 +24.146
06090 +24.266
06100 +24.394
06110 +24.526
06120 +24.659
06130 +24.788
06140 +24.908
06150 +25.016
06160 +25.112
06170 +25.198
06180 +25.280
06190 +25.362
06200 +25.448
06210 +25.539
06220 +25.633
06230 +25.726
06240 +25.813
06250 +25.892
06260 +25.960
06270 +26.021
06280 +26.080
06290 +26.141
06300 +26.211
06310 +26.293
06320 +26.386
06330 +26.488
06340 +26.596
06350 +26.704
06360 +26.808
06370 +26.908
06380 +27.005
06390 +27.102
06400 +27.204
06410 +27.315
06420 +27.437
06430 +27.566
06440 +27.698
06450 +27.824
06460 +27.936
06470 +28.029
06480 +28.099
06490 +28.149
06500 +28.182
06510 +28.206
06520 +28.223
06530 +28.234
06540 +28.234
06550 +28.218
06560 +28.180
06570 +28.114
06580 +28.023
06590 +27.910
06600 +27.784
06610 +27.655
06620 +27.530
06630 +27.412
06640 +27.302
06650 +27.196
06660 +27.090
06670 +26.979
06680 +26.862
06690 +26.741
06700 +26.620
06710 +26.505
06720 +26.401
06730 +26.313
06740 +26.242
06750 +26.184
06760 +26.135
06770 +26.088
06780 +26.039
06790 +25.985
06800 +25.926
06810 +25.864
06820 +25.805
06830 +25.754
06840 +25.713
06850 +25.680
06860 +25.653
06870 +25.625
06880 +25.591
06890 +25.544
06900 +25.484
06910 +25.412
06920 +25.334
06930 +25.254
06940 +25.178
06950 +25.108
06960 +25.043
06970 +24.982
06980 +24.917
06990 +24.846
07000 +24.765
07010 +24.675
07020 +24.579
07030 +24.482
07040 +24.391
07050 +24.309
07060 +24.239
07070 +24.180
07080 +24.129
07090 +24.082
07100 +24.033
07110 +23.979
07120 +23.921
07130 +23.861
07140 +23.802
07150 +23.751
07160 +23.711
07170 +23.684
07180 +23.669
07190 +23.662
07200 +23.655
07210 +23.644
07220 +23.622
07230 +23.591
07240 +23.554
07250 +23.514
07260 +23.480
07270 +23.456
07280 +23.443
07290 +23.439
07300 +23.438
07310 +23.434
07320 +23.419
07330 +23.391
07340 +23.353
07350 +23.310
07360 +23.270
07370 +23.239
07380 +23.224
07390 +23.224
07400 +23.235
07410 +23.251
07420 +23.265
07430 +23.271
07440 +23.267
07450 +23.257
07460 +23.248
07470 +23.246
07480 +23.261
07490 +23.294
07500 +23.345
07510 +23.407
07520 +23.472
07530 +23.530
07540 +23.575
07550 +23.606
07560 +23.627
07570 +23.646
07580 +23.673
07590 +23.714
07600 +23.770
07610 +23.837
07620 +23.906
07630 +23.965
07640 +24.003
07650 +24.016
07660 +24.007
07670 +23.985
07680 +23.961
07690 +23.946
07700 +23.947
07710 +23.961
07720 +23.982
07730 +23.998
07740 +24.000
07750 +23.980
07760 +23.940
07770 +23.888
07780 +23.837
07790 +23.799
07800 +23.783
07810 +23.790
07820 +23.818
07830 +23.855
07840 +23.889
07850 +23.910
07860 +23.913
07870 +23.901
07880 +23.882
07890 +23.868
07900 +23.868
07910 +23.889
07920 +23.925
07930 +23.967
07940 +23.999
07950 +24.004
07960 +23.971
07970 +23.899
07980 +23.795
07990 +23.672
08000 +23.545
08010 +23.423
08020 +23.307
08030 +23.190
08040 +23.059
08050 +22.902
08060 +22.713
08070 +22.490
08080 +22.245
08090 +21.993
08100 +21.748
08110 +21.523
08120 +21.322
08130 +21.141
08140 +20.972
08150 +20.802
08160 +20.623
08170 +20.431
08180 +20.229
08190 +20.028
08200 +19.838
08210 +19.670
08220 +19.530
08230 +19.418
08240 +19.327
08250 +19.246
08260 +19.164
08270 +19.073
08280 +18.971
08290 +18.862
08300 +18.756
08310 +18.664
08320 +18.593
08330 +18.546
08340 +18.521
08350 +18.507
08360 +18.492
08370 +18.467
08380 +18.424
08390 +18.366
08400 +18.300
08410 +18.236
08420 +18.185
08430 +18.154
08440 +18.140
08450 +18.138
08460 +18.137
08470 +18.126
08480 +18.098
08490 +18.052
08500 +17.996
08510 +17.939
08520 +17.892
08530 +17.862
08540 +17.851
08550 +17.855
08560 +17.864
08570 +17.870
08580 +17.866
08590 +17.849
08600 +17.822
08610 +17.792
08620 +17.767
08630 +17.756
08640 +17.760
08650 +17.778
08660 +17.804
08670 +17.830
08680 +17.848
08690 +17.854
08700 +17.848
08710 +17.834
08720 +17.818
08730 +17.806
08740 +17.804
08750 +17.812
08760 +17.827
08770 +17.842
08780 +17.852
08790 +17.852
08800 +17.840
08810 +17.819
08820 +17.793
08830 +17.770
08840 +17.753
08850 +17.746
08860 +17.748
08870 +17.756
08880 +17.765
08890 +17.771
08900 +17.773
08910 +17.770
08920 +17.766
08930 +17.765
08940 +17.771
08950 +17.787
08960 +17.813
08970 +17.849
08980 +17.890
08990 +17.933
09000 +17.976
09010 +18.016
09020 +18.054
09030 +18.091
09040 +18.129
09050 +18.169
09060 +18.214
09070 +18.262
09080 +18.311
09090 +18.358
09100 +18.400
09110 +18.433
09120 +18.456
09130 +18.469
09140 +18.473
09150 +18.469
09160 +18.460
09170 +18.447
09180 +18.430
09190 +18.408
09200 +18.379
09210 +18.343
09220 +18.298
09230 +18.245
09240 +18.185
09250 +18.121
09260 +18.055
09270 +17.989
09280 +17.925
09290 +17.864
09300 +17.804
09310 +17.746
09320 +17.689
09330 +17.632
09340 +17.577
09350 +17.523
09360 +17.472
09370 +17.424
09380 +17.381
09390 +17.344
09400 +17.313
09410 +17.287
09420 +17.267
09430 +17.251
09440 +17.240
09450 +17.231
09460 +17.223
09470 +17.218
09480 +17.215
09490 +17.215
09500 +17.219
09510 +17.227
09520 +17.239
09530 +17.255
09540 +17.272
09550 +17.290
09560 +17.307
09570 +17.320
09580 +17.331
09590 +17.339
09600 +17.346
09610 +17.353
09620 +17.362
09630 +17.372
09640 +17.384
09650 +17.395
09660 +17.403
09670 +17.408
09680 +17.409
09690 +17.405
09700 +17.400
09710 +17.394
09720 +17.391
09730 +17.390
09740 +17.394
09750 +17.400
09760 +17.406
09770 +17.412
09780 +17.415
09790 +17.415
09800 +17.414
09810 +17.412
09820 +17.412
09830 +17.416
09840 +17.424
09850 +17.438
09860 +17.454
09870 +17.471
09880 +17.486
09890 +17.498
09900 +17.507
09910 +17.513
09920 +17.519
09930 +17.527
09940 +17.539
09950 +17.554
09960 +17.573
09970 +17.593
09980 +17.611
09990 +17.626
10000 +17.636
10010 +17.640
10020 +17.642
10030 +17.642
10040 +17.644
10050 +17.650
10060 +17.659
10070 +17.670
10080 +17.681
10090 +17.690
10100 +17.695
10110 +17.695
10120 +17.691
10130 +17.685
10140 +17.680
10150 +17.679
10160 +17.682
10170 +17.690
10180 +17.702
10190 +17.714
10200 +17.724
10210 +17.730
10220 +17.733
10230 +17.732
10240 +17.732
10250 +17.734
10260 +17.740
10270 +17.752
10280 +17.768
10290 +17.787
10300 +17.805
10310 +17.820
10320 +17.830
10330 +17.836
10340 +17.837
10350 +17.838
10360 +17.841
10370 +17.848
10380 +17.858
10390 +17.871
10400 +17.884
10410 +17.894
10420 +17.898
10430 +17.895
10440 +17.886
10450 +17.873
10460 +17.859
10470 +17.847
10480 +17.840
10490 +17.837
10500 +17.836
10510 +17.834
10520 +17.830
10530 +17.820
10540 +17.805
10550 +17.785
10560 +17.765
10570 +17.747
10580 +17.734
10590 +17.727
10600 +17.725
10610 +17.725
10620 +17.724
10630 +17.719
10640 +17.709
10650 +17.693
10660 +17.673
10670 +17.652
10680 +17.633
10690 +17.618
10700 +17.607
10710 +17.599
10720 +17.591
10730 +17.579
10740 +17.560
10750 +17.534
10760 +17.502
10770 +17.465
10780 +17.428
10790 +17.394
10800 +17.364
10810 +17.338
10820 +17.315
10830 +17.291
10840 +17.264
10850 +17.233
10860 +17.197
10870 +17.159
10880 +17.122
10890 +17.090
10900 +17.067
10910 +17.053
10920 +17.049
10930 +17.051
10940 +17.059
10950 +17.068
10960 +17.080
10970 +17.093
10980 +17.111
10990 +17.137
11000 +17.173
11010 +17.220
11020 +17.280
11030 +17.349
11040 +17.426
11050 +17.507
11060 +17.589
11070 +17.671
11080 +17.753
11090 +17.836
11100 +17.922
11110 +18.013
11120 +18.111
11130 +18.213
11140 +18.319
11150 +18.425
11160 +18.529
11170 +18.626
11180 +18.717
11190 +18.802
11200 +18.881
11210 +18.959
11220 +19.036
11230 +19.115
11240 +19.195
11250 +19.275
11260 +19.350
11270 +19.419
11280 +19.480
11290 +19.533
11300 +19.578
11310 +19.619
11320 +19.660
11330 +19.702
11340 +19.748
11350 +19.798
11360 +19.849
11370 +19.899
11380 +19.946
11390 +19.989
11400 +20.029
11410 +20.067
11420 +20.106
11430 +20.149
11440 +20.199
11450 +20.256
11460 +20.321
11470 +20.391
11480 +20.463
11490 +20.534
11500 +20.604
11510 +20.671
11520 +20.738
11530 +20.807
11540 +20.880
11550 +20.960
11560 +21.047
11570 +21.141
11580 +21.237
11590 +21.334
11600 +21.429
11610 +21.518
11620 +21.601
11630 +21.681
11640 +21.760
11650 +21.842
11660 +21.929
11670 +22.021
11680 +22.117
11690 +22.215
11700 +22.311
11710 +22.400
11720 +22.482
11730 +22.557
11740 +22.627
11750 +22.698
11760 +22.772
11770 +22.853
11780 +22.942
11790 +23.037
11800 +23.134
11810 +23.229
11820 +23.319
11830 +23.402
11840 +23.480
11850 +23.558
11860 +23.638
11870 +23.727
11880 +23.827
11890 +23.937
11900 +24.056
11910 +24.178
11920 +24.299
11930 +24.414
11940 +24.523
11950 +24.627
11960 +24.732
11970 +24.842
11980 +24.962
11990 +25.095
12000 +25.240
12010 +25.392
12020 +25.546
12030 +25.694
12040 +25.834
12050 +25.963
12060 +26.086
12070 +26.208
12080 +26.335
12090 +26.474
12100 +26.625
12110 +26.787
12120 +26.952
12130 +27.113
12140 +27.263
12150 +27.400
12160 +27.523
12170 +27.639
12180 +27.755
12190 +27.880
12200 +28.020
12210 +28.174
12220 +28.339
12230 +28.508
12240 +28.671
12250 +28.824
12260 +28.964
12270 +29.094
12280 +29.224
12290 +29.362
12300 +29.518
12310 +29.696
12320 +29.897
12330 +30.114
12340 +30.340
12350 +30.563
12360 +30.779
12370 +30.985
12380 +31.187
12390 +31.394
12400 +31.620
12410 +31.874
12420 +32.162
12430 +32.482
12440 +32.827
12450 +33.184
12460 +33.540
12470 +33.887
12480 +34.224
12490 +34.557
12500 +34.903
12510 +35.280
12520 +35.700
12530 +36.171
12540 +36.687
12550 +37.230
12560 +37.773
12570 +38.288
12580 +38.754
12590 +39.169
12600 +39.551
12610 +39.927
12620 +40.320
12630 +40.733
12640 +41.143
12650 +41.495
12660 +41.721
12670 +41.770
12680 +41.646
12690 +41.401
12700 +41.105
12710 +40.819
12720 +40.569
12730 +40.349
12740 +40.128
12750 +39.869
12760 +39.542
12770 +39.145
12780 +38.699
12790 +38.242
12800 +37.810
12810 +37.426
12820 +37.095
12830 +36.805
12840 +36.532
12850 +36.248
12860 +35.931
12870 +35.574
12880 +35.185
12890 +34.786
12900 +34.399
12910 +34.044
12920 +33.728
12930 +33.448
12940 +33.191
12950 +32.941
12960 +32.679
12970 +32.395
12980 +32.091
12990 +31.775
13000 +31.463
13010 +31.172
13020 +30.913
13030 +30.689
13040 +30.496
13050 +30.323
13060 +30.156
13070 +29.982
13080 +29.796
13090 +29.599
13100 +29.397
13110 +29.205
13120 +29.034
13130 +28.892
13140 +28.781
13150 +28.694
13160 +28.621
13170 +28.549
13180 +28.465
13190 +28.364
13200 +28.247
13210 +28.124
13220 +28.004
13230 +27.899
13240 +27.813
13250 +27.747
13260 +27.692
13270 +27.635
13280 +27.565
13290 +27.472
13300 +27.356
13310 +27.220
13320 +27.076
13330 +26.936
13340 +26.808
13350 +26.696
13360 +26.596
13370 +26.501
13380 +26.402
13390 +26.288
13400 +26.157
13410 +26.012
13420 +25.858
13430 +25.708
13440 +25.570
13450 +25.451
13460 +25.351
13470 +25.268
13480 +25.192
13490 +25.118
13500 +25.038
13510 +24.950
13520 +24.858
13530 +24.768
13540 +24.688
13550 +24.625
13560 +24.582
13570 +24.558
13580 +24.549
13590 +24.546
13600 +24.543
13610 +24.532
13620 +24.512
13630 +24.485
13640 +24.455
13650 +24.430
13660 +24.414
13670 +24.408
13680 +24.410
13690 +24.414
13700 +24.413
13710 +24.400
13720 +24.371
13730 +24.324
13740 +24.266
13750 +24.201
13760 +24.136
13770 +24.077
13780 +24.025
13790 +23.977
13800 +23.930
13810 +23.879
13820 +23.820
13830 +23.754
13840 +23.681
13850 +23.606
13860 +23.535
13870 +23.473
13880 +23.423
13890 +23.386
13900 +23.360
13910 +23.342
13920 +23.328
13930 +23.316
13940 +23.301
13950 +23.286
13960 +23.272
13970 +23.261
13980 +23.257
13990 +23.262
14000 +23.275
14010 +23.294
14020 +23.316
14030 +23.336
14040 +23.349
14050 +23.352
14060 +23.343
14070 +23.324
14080 +23.299
14090 +23.269
14100 +23.238
14110 +23.205
14120 +23.171
14130 +23.131
14140 +23.081
14150 +23.018
14160 +22.942
14170 +22.853
14180 +22.755
14190 +22.653
14200 +22.551
14210 +22.452
14220 +22.358
14230 +22.270
14240 +22.186
14250 +22.105
14260 +22.026
14270 +21.948
14280 +21.872
14290 +21.801
14300 +21.737
14310 +21.684
14320 +21.644
14330 +21.620
14340 +21.611
14350 +21.616
14360 +21.631
14370 +21.650
14380 +21.669
14390 +21.685
14400 +21.696
14410 +21.704
14420 +21.712
14430 +21.722
14440 +21.737
14450 +21.755
14460 +21.770
14470 +21.778
14480 +21.770
14490 +21.743
14500 +21.693
14510 +21.625
14520 +21.543
14530 +21.453
14540 +21.359
14550 +21.266
14560 +21.171
14570 +21.073
14580 +20.967
14590 +20.848
14600 +20.715
14610 +20.571
14620 +20.420
14630 +20.268
14640 +20.123
14650 +19.989
14660 +19.872
14670 +19.771
14680 +19.683
14690 +19.605
14700 +19.532
14710 +19.461
14720 +19.392
14730 +19.328
14740 +19.274
14750 +19.235
14760 +19.218
14770 +19.225
14780 +19.252
14790 +19.295
14800 +19.343
14810 +19.386
14820 +19.417
14830 +19.431
14840 +19.431
14850 +19.422
14860 +19.412
14870 +19.406
14880 +19.405
14890 +19.403
14900 +19.390
14910 +19.355
14920 +19.286
14930 +19.179
14940 +19.037
14950 +18.870
14960 +18.691
14970 +18.513
14980 +18.347
14990 +18.196
15000 +18.055
15010 +17.918
15020 +17.776
15030 +17.622
15040 +17.460
15050 +17.299
15060 +17.155
15070 +17.045
15080 +16.982
15090 +16.973
15100 +17.013
15110 +17.088
15120 +17.180
15130 +17.273
15140 +17.356
15150 +17.430
15160 +17.505
15170 +17.592
15180 +17.704
15190 +17.847
15200 +18.016
15210 +18.196
15220 +18.368
15230 +18.513
15240 +18.619
15250 +18.681
15260 +18.708
15270 +18.715
15280 +18.718
15290 +18.728
15300 +18.747
15310 +18.769
15320 +18.778
15330 +18.756
15340 +18.691
15350 +18.580
15360 +18.432
15370 +18.262
15380 +18.093
15390 +17.944
15400 +17.826
15410 +17.739
15420 +17.676
15430 +17.625
15440 +17.572
15450 +17.513
15460 +17.452
15470 +17.399
15480 +17.373
15490 +17.386
15500 +17.447
15510 +17.553
15520 +17.693
15530 +17.851
15540 +18.007
15550 +18.149
15560 +18.270
15570 +18.374
15580 +18.468
15590 +18.565
15600 +18.674
15610 +18.798
15620 +18.932
15630 +19.066
15640 +19.186
15650 +19.282
15660 +19.344
15670 +19.375
15680 +19.381
15690 +19.376
15700 +19.372
15710 +19.377
15720 +19.395
15730 +19.420
15740 +19.446
15750 +19.463
15760 +19.467
15770 +19.459
15780 +19.447
15790 +19.440
15800 +19.452
15810 +19.493
15820 +19.567
15830 +19.671
15840 +19.803
15850 +19.956
15860 +20.124
15870 +20.304
15880 +20.494
15890 +20.694
15900 +20.905
15910 +21.129
15920 +21.365
15930 +21.610
15940 +21.863
15950 +22.119
15960 +22.373
15970 +22.620
15980 +22.853
15990 +23.066
16000 +23.254
16010 +23.418
16020 +23.558
16030 +23.679
16040 +23.784
16050 +23.875
16060 +23.952
16070 +24.013
16080 +24.052
16090 +24.066
16100 +24.052
16110 +24.013
16120 +23.955
16130 +23.886
16140 +23.814
16150 +23.748
16160 +23.693
16170 +23.652
16180 +23.628
16190 +23.623
16200 +23.637
16210 +23.669
16220 +23.720
16230 +23.790
16240 +23.880
16250 +23.993
16260 +24.131
16270 +24.299
16280 +24.497
16290 +24.726
16300 +24.981
16310 +25.253
16320 +25.531
16330 +25.803
16340 +26.060
16350 +26.301
16360 +26.530
16370 +26.755
16380 +26.984
16390 +27.222
16400 +27.462
16410 +27.692
16420 +27.892
16430 +28.042
16440 +28.129
16450 +28.154
16460 +28.129
16470 +28.071
16480 +27.997
16490 +27.914
16500 +27.826
16510 +27.727
16520 +27.608
16530 +27.465
16540 +27.298
16550 +27.117
16560 +26.934
16570 +26.768
16580 +26.632
16590 +26.540
16600 +26.497
16610 +26.504
16620 +26.556
16630 +26.642
16640 +26.749
16650 +26.865
16660 +26.983
16670 +27.102
16680 +27.226
16690 +27.367
16700 +27.532
16710 +27.732
16720 +27.964
16730 +28.223
16740 +28.490
16750 +28.745
16760 +28.970
16770 +29.156
16780 +29.307
16790 +29.435
16800 +29.562
16810 +29.705
16820 +29.875
16830 +30.067
16840 +30.263
16850 +30.436
16860 +30.558
16870 +30.610
16880 +30.593
16890 +30.525
16900 +30.431
16910 +30.338
16920 +30.262
16930 +30.204
16940 +30.153
16950 +30.087
16960 +29.988
16970 +29.844
16980 +29.662
16990 +29.461
17000 +29.269
17010 +29.111
17020 +29.009
17030 +28.972
17040 +28.999
17050 +29.078
17060 +29.193
17070 +29.324
17080 +29.457
17090 +29.585
17100 +29.711
17110 +29.845
17120 +30.000
17130 +30.191
17140 +30.426
17150 +30.701
17160 +31.005
17170 +31.315
17180 +31.604
17190 +31.850
17200 +32.039
17210 +32.175
17220 +32.276
17230 +32.366
17240 +32.466
17250 +32.581
17260 +32.703
17270 +32.806
17280 +32.854
17290 +32.816
17300 +32.678
17310 +32.451
17320 +32.167
17330 +31.865
17340 +31.581
17350 +31.337
17360 +31.143
17370 +30.998
17380 +30.894
17390 +30.821
17400 +30.770
17410 +30.738
17420 +30.724
17430 +30.735
17440 +30.780
17450 +30.866
17460 +31.000
17470 +31.181
17480 +31.401
17490 +31.643
17500 +31.887
17510 +32.112
17520 +32.304
17530 +32.456
17540 +32.576
17550 +32.680
17560 +32.788
17570 +32.915
17580 +33.067
17590 +33.238
17600 +33.411
17610 +33.562
17620 +33.667
17630 +33.710
17640 +33.689
17650 +33.619
17660 +33.522
17670 +33.425
17680 +33.342
17690 +33.281
17700 +33.238
17710 +33.201
17720 +33.156
17730 +33.094
17740 +33.011
17750 +32.915
17760 +32.821
17770 +32.748
17780 +32.714
17790 +32.732
17800 +32.803
17810 +32.921
17820 +33.071
17830 +33.230
17840 +33.376
17850 +33.492
17860 +33.572
17870 +33.624
17880 +33.666
17890 +33.720
17900 +33.801
17910 +33.915
17920 +34.055
17930 +34.200
17940 +34.322
17950 +34.393
17960 +34.393
17970 +34.324
17980 +34.204
17990 +34.060
18000 +33.916
18010 +33.786
18020 +33.668
18030 +33.547
18040 +33.404
18050 +33.217
18060 +32.978
18070 +32.694
18080 +32.386
18090 +32.079
18100 +31.798
18110 +31.560
18120 +31.373
18130 +31.235
18140 +31.138
18150 +31.070
18160 +31.019
18170 +30.973
18180 +30.926
18190 +30.879
18200 +30.836
18210 +30.809
18220 +30.808
18230 +30.838
18240 +30.901
18250 +30.992
18260 +31.099
18270 +31.206
18280 +31.296
18290 +31.360
18300 +31.397
18310 +31.416
18320 +31.432
18330 +31.461
18340 +31.515
18350 +31.597
18360 +31.701
18370 +31.809
18380 +31.901
18390 +31.958
18400 +31.969
18410 +31.937
18420 +31.877
18430 +31.808
18440 +31.748
18450 +31.705
18460 +31.679
18470 +31.661
18480 +31.634
18490 +31.581
18500 +31.493
18510 +31.370
18520 +31.225
18530 +31.075
18540 +30.941
18550 +30.838
18560 +30.776
18570 +30.752
18580 +30.756
18590 +30.771
18600 +30.779
18610 +30.765
18620 +30.723
18630 +30.661
18640 +30.595
18650 +30.541
18660 +30.516
18670 +30.528
18680 +30.573
18690 +30.638
18700 +30.703
18710 +30.747
18720 +30.757
18730 +30.730
18740 +30.677
18750 +30.619
18760 +30.576
18770 +30.565
18780 +30.592
18790 +30.651
18800 +30.724
18810 +30.789
18820 +30.825
18830 +30.820
18840 +30.778
18850 +30.714
18860 +30.651
18870 +30.613
18880 +30.613
18890 +30.653
18900 +30.721
18910 +30.796
18920 +30.855
18930 +30.875
18940 +30.852
18950 +30.792
18960 +30.718
18970 +30.656
18980 +30.625
18990 +30.637
19000 +30.686
19010 +30.755
19020 +30.820
19030 +30.854
19040 +30.839
19050 +30.775
19060 +30.677
19070 +30.572
19080 +30.485
19090 +30.433
19100 +30.419
19110 +30.430
19120 +30.443
19130 +30.428
19140 +30.360
19150 +30.228
19160 +30.040
19170 +29.819
19180 +29.596
19190 +29.392
19200 +29.219
19210 +29.074
19220 +28.937
19230 +28.786
19240 +28.597
19250 +28.356
19260 +28.071
19270 +27.764
19280 +27.467
19290 +27.209
19300 +27.010
19310 +26.876
19320 +26.798
19330 +26.757
19340 +26.729
19350 +26.692
19360 +26.635
19370 +26.560
19380 +26.482
19390 +26.421
19400 +26.394
19410 +26.410
19420 +26.466
19430 +26.549
19440 +26.636
19450 +26.703
19460 +26.730
19470 +26.706
19480 +26.640
19490 +26.549
19500 +26.456
19510 +26.380
19520 +26.330
19530 +26.300
19540 +26.278
19550 +26.241
19560 +26.167
19570 +26.042
19580 +25.867
19590 +25.658
19600 +25.442
19610 +25.243
19620 +25.080
19630 +24.960
19640 +24.883
19650 +24.839
19660 +24.816
19670 +24.798
19680 +24.778
19690 +24.756
19700 +24.739
19710 +24.742
19720 +24.776
19730 +24.851
19740 +24.971
19750 +25.130
19760 +25.313
19770 +25.499
19780 +25.663
19790 +25.788
19800 +25.868
19810 +25.913
19820 +25.944
19830 +25.983
19840 +26.048
19850 +26.145
19860 +26.270
19870 +26.404
19880 +26.518
19890 +26.581
19900 +26.577
19910 +26.512
19920 +26.408
19930 +26.294
19940 +26.198
19950 +26.138
19960 +26.114
19970 +26.115
19980 +26.114
19990 +26.080
20000 +25.992
20010 +25.853
20020 +25.684
20030 +25.519
20040 +25.390
20050 +25.321
20060 +25.323
20070 +25.390
20080 +25.500
20090 +25.618
20100 +25.708
20110 +25.750
20120 +25.743
20130 +25.706
20140 +25.668
20150 +25.654
20160 +25.682
20170 +25.757
20180 +25.866
20190 +25.980
20200 +26.062
20210 +26.079
20220 +26.021
20230 +25.899
20240 +25.740
20250 +25.577
20260 +25.439
20270 +25.344
20280 +25.292
20290 +25.269
20300 +25.240
20310 +25.173
20320 +25.043
20330 +24.848
20340 +24.609
20350 +24.358
20360 +24.129
20370 +23.953
20380 +23.846
20390 +23.809
20400 +23.821
20410 +23.847
20420 +23.849
20430 +23.804
20440 +23.711
20450 +23.592
20460 +23.481
20470 +23.418
20480 +23.432
20490 +23.536
20500 +23.720
20510 +23.948
20520 +24.169
20530 +24.338
20540 +24.431
20550 +24.454
20560 +24.441
20570 +24.437
20580 +24.486
20590 +24.614
20600 +24.819
20610 +25.066
20620 +25.288
20630 +25.418
20640 +25.412
20650 +25.269
20660 +25.030
20670 +24.752
20680 +24.493
20690 +24.290
20700 +24.152
20710 +24.060
20720 +23.976
20730 +23.860
20740 +23.690
20750 +23.466
20760 +23.209
20770 +22.954
20780 +22.736
20790 +22.585
20800 +22.516
20810 +22.526
20820 +22.591
20830 +22.673
20840 +22.732
20850 +22.737
20860 +22.677
20870 +22.563
20880 +22.425
20890 +22.300
20900 +22.226
20910 +22.221
20920 +22.284
20930 +22.389
20940 +22.493
20950 +22.550
20960 +22.530
20970 +22.424
20980 +22.254
20990 +22.060
21000 +21.891
21010 +21.786
21020 +21.762
21030 +21.805
21040 +21.874
21050 +21.915
21060 +21.882
21070 +21.750
21080 +21.529
21090 +21.258
21100 +20.995
21110 +20.795
21120 +20.691
21130 +20.680
21140 +20.729
21150 +20.782
21160 +20.787
21170 +20.715
21180 +20.568
21190 +20.381
21200 +20.210
21210 +20.107
21220 +20.107
21230 +20.210
21240 +20.385
21250 +20.587
21260 +20.766
21270 +20.885
21280 +20.928
21290 +20.904
21300 +20.846
21310 +20.796
21320 +20.794
21330 +20.862
21340 +20.997
21350 +21.171
21360 +21.343
21370 +21.469
21380 +21.514
21390 +21.467
21400 +21.344
21410 +21.187
21420 +21.050
21430 +20.977
21440 +20.987
21450 +21.065
21460 +21.173
21470 +21.258
21480 +21.274
21490 +21.195
21500 +21.028
21510 +20.815
21520 +20.618
21530 +20.495
21540 +20.477
21550 +20.555
21560 +20.690
21570 +20.832
21580 +20.935
21590 +20.970
21600 +20.938
21610 +20.867
21620 +20.803
21630 +20.790
21640 +20.853
21650 +20.989
21660 +21.173
21670 +21.367
21680 +21.534
21690 +21.645
21700 +21.682
21710 +21.651
21720 +21.575
21730 +21.491
21740 +21.436
21750 +21.429
21760 +21.471
21770 +21.539
21780 +21.602
21790 +21.625
21800 +21.579
21810 +21.453
21820 +21.257
21830 +21.028
21840 +20.811
21850 +20.645
21860 +20.541
21870 +20.487
21880 +20.449
21890 +20.391
21900 +20.280
21910 +20.104
21920 +19.874
21930 +19.627
21940 +19.414
21950 +19.273
21960 +19.218
21970 +19.229
21980 +19.276
21990 +19.325
22000 +19.353
22010 +19.350
22020 +19.322
22030 +19.292
22040 +19.284
22050 +19.319
22060 +19.400
22070 +19.517
22080 +19.647
22090 +19.770
22100 +19.868
22110 +19.931
22120 +19.956
22130 +19.951
22140 +19.930
22150 +19.914
22160 +19.915
22170 +19.935
22180 +19.966
22190 +19.990
22200 +19.992
22210 +19.957
22220 +19.880
22230 +19.766
22240 +19.631
22250 +19.500
22260 +19.395
22270 +19.323
22280 +19.275
22290 +19.230
22300 +19.168
22310 +19.078
22320 +18.959
22330 +18.827
22340 +18.711
22350 +18.642
22360 +18.639
22370 +18.695
22380 +18.782
22390 +18.870
22400 +18.935
22410 +18.973
22420 +18.989
22430 +19.003
22440 +19.037
22450 +19.111
22460 +19.228
22470 +19.373
22480 +19.518
22490 +19.634
22500 +19.702
22510 +19.717
22520 +19.688
22530 +19.630
22540 +19.569
22550 +19.529
22560 +19.527
22570 +19.561
22580 +19.609
22590 +19.636
22600 +19.614
22610 +19.527
22620 +19.378
22630 +19.187
22640 +18.986
22650 +18.817
22660 +18.719
22670 +18.710
22680 +18.768
22690 +18.843
22700 +18.883
22710 +18.858
22720 +18.769
22730 +18.642
22740 +18.528
22750 +18.485
22760 +18.561
22770 +18.766
22780 +19.061
22790 +19.376
22800 +19.644
22810 +19.826
22820 +19.920
22830 +19.953
22840 +19.967
22850 +20.012
22860 +20.129
22870 +20.336
22880 +20.616
22890 +20.918
22900 +21.181
22910 +21.356
22920 +21.421
22930 +21.385
22940 +21.281
22950 +21.160
22960 +21.078
22970 +21.082
22980 +21.190
22990 +21.375
23000 +21.573
23010 +21.711
23020 +21.736
23030 +21.635
23040 +21.433
23050 +21.191
23060 +20.987
23070 +20.899
23080 +20.977
23090 +21.209
23100 +21.523
23110 +21.821
23120 +22.023
23130 +22.099
23140 +22.071
23150 +22.001
23160 +21.974
23170 +22.067
23180 +22.326
23190 +22.738
23200 +23.242
23210 +23.748
23220 +24.176
23230 +24.480
23240 +24.654
23250 +24.734
23260 +24.783
23270 +24.875
23280 +25.072
23290 +25.405
23300 +25.862
23310 +26.383
23320 +26.882
23330 +27.274
23340 +27.504
23350 +27.569
23360 +27.519
23370 +27.440
23380 +27.431
23390 +27.566
23400 +27.864
23410 +28.271
23420 +28.669
23430 +28.919
23440 +28.927
23450 +28.689
23460 +28.282
23470 +27.827
23480 +27.442
23490 +27.212
23500 +27.158
23510 +27.227
23520 +27.308
23530 +27.290
23540 +27.110
23550 +26.772
23560 +26.332
23570 +25.874
23580 +25.483
23590 +25.232
23600 +25.150
23610 +25.216
23620 +25.358
23630 +25.482
23640 +25.507
23650 +25.391
23660 +25.143
23670 +24.808
23680 +24.463
23690 +24.193
23700 +24.070
23710 +24.123
23720 +24.317
23730 +24.559
23740 +24.736
23750 +24.758
23760 +24.587
23770 +24.256
23780 +23.857
23790 +23.522
23800 +23.383
23810 +23.510
23820 +23.865
23830 +24.312
23840 +24.682
23850 +24.851
23860 +24.781
23870 +24.533
23880 +24.241
23890 +24.065
23900 +24.121
23910 +24.428
23920 +24.898
23930 +25.387
23940 +25.756
23950 +25.913
23960 +25.840
23970 +25.593
23980 +25.281
23990 +25.026
