+0.000194039969177862 +0.000334933591133140
-0.001565449680054121 +0.000391903608829678
+0.000007966804020309 +0.000348921673522920
-0.001355557443072222 +0.000377584522032910
+0.000407459658804841 +0.000366962222151291
-0.001716556229299452 +0.000393648134431140
+0.000547644515479510 +0.000406732948513026
-0.001857303324399934 +0.000400933326855794
+0.000815914051750385 +0.000347235871395106
-0.002335361903738369 +0.000344771650256667
+0.000821184576904147 +0.000322951539959042
-0.002549295637333555 +0.000394183795774788
+0.001113083657962181 +0.000467708284339200
-0.002772489872011446 +0.000581742826211670
+0.001222536229224826 +0.000543970576515855
-0.002956531882950820 +0.000547875817653388
+0.001519288370331716 +0.000391983325059308
-0.003075682309886672 +0.000381950510894380
+0.001607767727818593 +0.000351565883993422
-0.003463907922450105 +0.000436454794075138
+0.001968042580271251 +0.000431634411195959
-0.003705229750342716 +0.000504323264140710
+0.002427997915677759 +0.000468727024623160
-0.004433534060533185 +0.000491772673995755
+0.002969868855022085 +0.000438118430411763
-0.004979716154708769 +0.000464297646847352
+0.003588988345855246 +0.000392805819880080
-0.005799933707675298 +0.000477927332787410
+0.004181945560737687 +0.000428238771074177
-0.006668943732164576 +0.000531344057169997
+0.005231188110910456 +0.000439976593017838
-0.007492497063446320 +0.000529222292954379
+0.005989293875444366 +0.000416398188525803
-0.008731719952107803 +0.000530309981336424
+0.007495795093430095 +0.000399376377810750
-0.010557995816284284 +0.000512248617083625
+0.009692320166293013 +0.000412702146400418
-0.013799344920212106 +0.000538006825601503
+0.013910437446383364 +0.000413483606269226
-0.020252738914679120 +0.000553857256087958
+0.025013454056622288 +0.000391049722327921
-0.041859347241554962 +0.000568718081181595
+0.634480264612919509 +0.000463167484259784
+1.200763741565184395 +0.000572499587787025
+0.858325941326416264 +0.000295759938914794
-0.180536639847999780 +0.000498479267144497
-0.821067616378686527 +0.000313239634607482
-0.498184931101491479 +0.000653596980547999
-0.044057006459180044 +0.000414762764988268
+0.111687518136654063 +0.000813746394136968
-0.117348373902067704 +0.000601343852256409
-0.218066764995225870 +0.001038565693180731
+0.102481469641329939 +0.000745729973386654
+0.265963182550733701 +0.000964716115091989
+0.016447752658378251 +0.000340022657191390
-0.239489626787716292 +0.000861254677729151
-0.100221626862343455 -0.000117022449688597
+0.090631155080764456 +0.000741755134691088
+0.098349559719195775 -0.000401618064850217
+0.009334894099722713 +0.000609324144331117
-0.101220909836157696 +0.001139736953454076
-0.070030999383299708 +0.003352369525542111
+0.060682744443358659 +0.003611852389922350
+0.078423318270417125 +0.003122108119279137
-0.033804170666217548 +0.000401664901105073
-0.047290177529782408 -0.000407574062425178
-0.016104957295818866 +0.004829490265945688
+0.020881438923054288 +0.090593886750670594
+0.015861006783492101 +0.209768929367734225
-0.007316433020336746 +0.253476521445378467
+0.003083725169084937 +0.172899094965814210
+0.028601332116672398 +0.035258780717242998
+0.009071770147189412 -0.051757625830179649
-0.024089894824908201 -0.033651791030260780
-0.017715766705214214 -0.010715879006542767
+0.029751554655789266 -0.021064192792722206
+0.056622301375052544 -0.010434345449100532
+0.035987405076373054 +0.026158227201939104
-0.023707592440259485 +0.044708757094334028
-0.024566004222315353 +0.022153440651611324
-0.012653581872318761 -0.000896922899788820
-0.031980142270769507 +0.000382251363414455
-0.046289810023405875 +0.015495821131821710
-0.066459561156984176 +0.023348939759082064
-0.076525870867581919 +0.022702036127741118
-0.020623591416896937 +0.017729139623780331
+0.031741109486897200 +0.007523078208470051
+0.015088371895657551 -0.005633724589511635
-0.008815183760882037 -0.006613950343631573
-0.017974617792077208 -0.004261136349245529
-0.011182350731417885 -0.000437549311986843
+0.006162188397012834 +0.003586355366059721
+0.004941116636895543 +0.006049453276573310
-0.026864635883691791 +0.007526018578789012
-0.022489367280024344 +0.009102644126945104
+0.005256632286989327 +0.006713538742829811
+0.011579945731924116 +0.000946402441868788
+0.002781974323583429 -0.003191652128857941
-0.011845717017771347 -0.000627035224246812
-0.005498206159004356 +0.001798059064812563
+0.012914038247480641 +0.002908421452746579
+0.023434759763253647 +0.002582211615033251
+0.005447481199555794 +0.002543811963380317
-0.015805195360839273 +0.005500120353066556
-0.005499371997542546 +0.006609456527678975
+0.010991546127741014 +0.000469029215041307
+0.003093850337583637 -0.005506537139244405
-0.012865632992984155 -0.007731365084074747
-0.010506385698264675 -0.005621897430603207
+0.000479271915940549 -0.000803102172070495
+0.008510348269700430 -0.000120376974226490
+0.003467802459983627 -0.001635319713391802
-0.005403569509848740 -0.001365829409536040
+0.001631423598618215 -0.002229502671773434
+0.011197450343663703 -0.002495379098833346
+0.012686668221557063 -0.001526940811661366
-0.006476448045361515 -0.000243851312800568
-0.006761980095614254 -0.000213328953107605
-0.000659527704762447 -0.001259170043973763
-0.005996156234114597 -0.002784959225528467
-0.012278035658907480 -0.002387254856023219
-0.015262184547699623 -0.002952785011518330
-0.007370856395471798 -0.004985224266260323
+0.003436814169092517 -0.007662318716622872
+0.009162703957102832 -0.007586254650242093
+0.004965792775667574 -0.003915483589298459
+0.003662836001741027 +0.000241155015921519
+0.009657655218046624 +0.002356007236321236
+0.001331555876098759 +0.003912465500610365
-0.004700606220362169 +0.004000630488611657
-0.003828617079132771 +0.003534722594947066
-0.002983069115196966 +0.000227056317268169
-0.012828390069944027 -0.004697229919799794
-0.013414996066224576 -0.006914132916928158
-0.012863591149453370 -0.006417268922458330
-0.011489643346185741 -0.004813624206350608
-0.006973847299954901 -0.003208515095066328
-0.002116034083931057 -0.001892441530700271
+0.005966884450309497 +0.001023339327173102
+0.009393891034380111 +0.004383504995236190
+0.013467864309092855 +0.005509665743267496
+0.006852524284925238 +0.006465094305197263
+0.000214548557285048 +0.007443019412740041
+0.002385227376126649 +0.006032260995735841
-0.006930329473049487 +0.002710739693506130
-0.019166208884023955 -0.000555034756893926
-0.020283489808660644 -0.002747609598481636
-0.015828948658789817 -0.002631990766966242
-0.015279821648253969 -0.002127866402712880
-0.011115865644858686 -0.001212956948870315
-0.005464745717540007 +0.000934064839607575
+0.003117711309386389 +0.003028096275487746
+0.008340390265256712 +0.002962043466657404
+0.006066086459943689 +0.003307535199705632
+0.004685931185388069 +0.003773650021271880
+0.001730020856141544 +0.003340156271490340
+0.006028922330175898 +0.002763819143924858
-0.006044853443165070 +0.002200634013001454
-0.017949211452922560 +0.000492864746466689
-0.020679091846758108 -0.000793959775004135
-0.019948754539248548 -0.000929763209926237
-0.016846773113529952 -0.000322919122108148
-0.018968736843414102 +0.000406740697508222
-0.011588937558744922 +0.000690870778828307
-0.008834191466582791 +0.001351156818711799
+0.003717370681858029 +0.002703418733127030
+0.024090236754524694 +0.002297776024687228
+0.026759723303352523 +0.002094985094047075
+0.026093224069141968 +0.002495549802063810
+0.019086600874076730 +0.002626434140893007
+0.002492597912908318 +0.002157103492533622
-0.009875396563869168 +0.002009626057513751
-0.000255618755713314 +0.002189115462644806
-0.003416494047084290 +0.002272604963273787
+0.005129685337893090 +0.000548923996448663
+0.014035747969397501 -0.001333561422712824
+0.007026455412806243 -0.001512461296602533
+0.007395183240007522 -0.001798362167309083
+0.000597867694111100 -0.002131057036612488
-0.005666447819511922 -0.001652531341330317
-0.004829375139789163 +0.000294450003132732
-0.008721932100850600 +0.002165517643967477
-0.005153503271368589 +0.003171353800648902
-0.001691751758653476 +0.003784387974176494
-0.003569915769699658 +0.002970830106001751
+0.000124093561502437 +0.001113224105188169
+0.004614519660856125 -0.000589211676771244
+0.003054824634746251 -0.002342234056166268
+0.006246922692408407 -0.003416212611910186
+0.006290582819790596 -0.003969985619274454
+0.002149720375685353 -0.003815563621395800
+0.002738602080190009 -0.002566246542134506
-0.000675674653871344 -0.000785601368769200
-0.002695388120849020 +0.000647075800065262
-0.003529331337494565 +0.001053379173810283
-0.004737313674925735 +0.000272034585198608
-0.004479419040307693 -0.001055097793279419
-0.003802340063383341 -0.001423754836360126
-0.002364035576448559 -0.001641254004681054
+0.000239788336360416 -0.001151835521375070
+0.002489737872848756 -0.000127165685981921
+0.002947490207169009 +0.000506546781543949
+0.003934841331237997 +0.001022892998517737
+0.003048011647839379 +0.001080164774279693
+0.002462636519627743 +0.000510793346074851
+0.001278201226773971 +0.000027123598327478
-0.001535137641133860 -0.000277827396611362
-0.002625341813412833 -0.000426241096111557
-0.002769919061626645 -0.000410461597522679
-0.001657234905635534 -0.000389267861648624
-0.001394469104685738 -0.000592277111010769
-0.000352686502339422 -0.000576612232383525
+0.000378938487879129 -0.000399627081695195
+0.001028933677508914 -0.000236800979095073
+0.000740284822123713 +0.000129344139336814
-0.000045360657531305 +0.000553727059061139
-0.000548775301581781 +0.000845985589538964
-0.001998960353391343 +0.000985388134473595
-0.001340825324870791 +0.000698782281518765
-0.002458611605002690 +0.000271756723829854
-0.002662152668540129 -0.000123606422465769
-0.001420396634845463 -0.000489336372059476
-0.001313385137140528 -0.000750533160686861
-0.000913504845853194 -0.000824725734618173
-0.000091356000406916 -0.000613003023358914
+0.000693606872650839 -0.000268720570350678
+0.000669162003681143 +0.000075997695989482
+0.001304767278332580 +0.000523562077578292
+0.000353238716415746 +0.000816975186088394
-0.000153803601161838 +0.000923806255658228
-0.000166073870782347 +0.000853195881044184
-0.001304495771807307 +0.000566243864522970
-0.001094748313637395 +0.000322951106785910
-0.001216200673192097 +0.000140313463791014
-0.000259439649701515 -0.000098995891827878
+0.000264602651022475 -0.000133316605995644
+0.000910573082300314 -0.000163526296347737
+0.001300240309833420 -0.000142998296966121
+0.002147980789464134 +0.000141352734530786
+0.002402263983737087 +0.000315169067977459
+0.001599271921279316 +0.000414781931034491
+0.001927486043416859 +0.000574140129285482
+0.000489387036345224 +0.000597376628324840
-0.000402770457945619 +0.000533700644022701
-0.001221355446553215 +0.000342349948005394
-0.002615602927568878 +0.000091476005313987
-0.002627606101355213 -0.000061786721836717
-0.002374640328440233 -0.000245965073631177
-0.001975837043122223 -0.000431942552655710
-0.001614626305122522 -0.000371663344467639
-0.000225900416116764 -0.000246904856942667
+0.000134691331635629 -0.000065448387046755
+0.000768358595231265 +0.000156009881446017
+0.001305974595737777 +0.000291759062929801
+0.001271187229703653 +0.000444242598865270
+0.001581031563364730 +0.000404911257466647
+0.001169762258718689 +0.000242257050978209
+0.000783615201641556 +0.000115189526549638
-0.000062621953695852 -0.000081466251466898
-0.000325838401903560 -0.000228397330325449
-0.000747266061430532 -0.000274305572825701
-0.000797305737667888 -0.000308248817750819
-0.000533709497698852 -0.000276558119399491
-0.000334721369619296 -0.000175609623726364
+0.000413028388023051 -0.000059660112816539
+0.000235022385742736 +0.000111352114231352
+0.000582391026513124 +0.000229130668852194
+0.000708463793922394 +0.000293959013452059
+0.000362637962140225 +0.000379492112819925
+0.000288281129517597 +0.000309688102266886
+0.000147500387063651 +0.000182388649858077
-0.000174506930706838 +0.000102059467271662
-0.000222247844420946 +0.000008702515554530
+0.000082094102616973 -0.000081206852499414
-0.000300217200171852 -0.000124518800676421
+0.000047088713829732 -0.000156199589908642
-0.000185319826891940 -0.000146769084588487
-0.000335585147367251 -0.000117420133720578
-0.000243006979570656 -0.000119855756111724
-0.000400699656316777 -0.000059400445952554
-0.000228274987235886 +0.000022520108330997
-0.000497367784812729 +0.000045774011099742
-0.000321703748219856 +0.000057224236119863
-0.000431631744501629 +0.000070168684727244
-0.000267182586634807 +0.000051424607218456
-0.000169302023449464 +0.000022991773285421
-0.000034093257812956 +0.000013982609561193
+0.000296668949726745 +0.000003231816616058
-0.000025411961542938 +0.000023694740684499
+0.000492107668842945 +0.000026275517852839
+0.000472896156719107 +0.000021533801908213
+0.000276249789305467 +0.000027811287249851
+0.000338339521431366 +0.000002051751970589
-0.000050690864655346 -0.000005100789812975
-0.000722252449345869 +0.000010610204929682
-0.000789517646592157 +0.000020295369321080
-0.000833955276172838 +0.000056471987697160
-0.001139967586666875 +0.000104536124890773
-0.000192601512846224 +0.000120500086382471
-0.000069866265855312 +0.000149705739838104
+0.000222171447338854 +0.000154741009955722
+0.000856752159023963 +0.000130814112543546
+0.000344711945570897 +0.000117269383640104
+0.000552123488642600 +0.000078027327361582
+0.000301221646376588 +0.000071485427010277
-0.000198074010874329 +0.000067894734269040
-0.000136067043195326 +0.000060357072786500
-0.000444300067889855 +0.000072374252346711
-0.000655128924549261 +0.000033902891900838
-0.000403210149981376 +0.000018049521303548
-0.000572766593489519 +0.000000957931214799
-0.000525850473577769 -0.000026370947963991
-0.000040298035999316 -0.000007179924338319
-0.000322916098349293 +0.000014760165858529
-0.000018580360310577 +0.000047256524748628
+0.000066431210231136 +0.000113068145187644
-0.000175356412845558 +0.000169884863568071
+0.000054652715449299 +0.000195312525989545
-0.000170916613263843 +0.000208182192451605
-0.000217652557470686 +0.000159690243333111
-0.000133397347879035 +0.000105196834254074
-0.000188709316952702 +0.000048361382679420
-0.000109264940432266 -0.000026496501272986
+0.000068387922411713 -0.000031188649808549
+0.000017467222061331 -0.000018804595052976
+0.000202500905012253 +0.000001207186385410
+0.000251205397849236 +0.000062747962827875
+0.000035355245769194 +0.000101341683678528
+0.000186710023515569 +0.000129674091159149
-0.000104701369886096 +0.000155990295897065
-0.000236357372101204 +0.000147505754923079
-0.000261698327919658 +0.000135498059074712
-0.000472274378482809 +0.000125751428281922
-0.000405605368143637 +0.000090741292415368
-0.000331022136802608 +0.000066258861722845
-0.000291049331340335 +0.000047368459273466
-0.000158151825326916 +0.000023900389712158
+0.000030528528120111 +0.000023532178347742
-0.000012750817673874 +0.000038368975902194
+0.000144065976023303 +0.000055414554659487
+0.000061962289083520 +0.000082811434023077
-0.000049785557315705 +0.000107122563449483
+0.000010335824841291 +0.000115989051534091
-0.000257539586372149 +0.000115151195941430
-0.000248285795790827 +0.000095488560665355
-0.000286563336286843 +0.000074412363615835
-0.000382990940836310 +0.000056064662935331
-0.000304377354108083 +0.000032831092221927
-0.000239678592541179 +0.000027774760243849
-0.000237148091306035 +0.000032855270746518
-0.000098657325330716 +0.000049629252316458
+0.000008315002467604 +0.000073413620655354
-0.000067978236090531 +0.000094572211904741
+0.000096437380353274 +0.000119004727716223
-0.000009208494193968 +0.000131869044475762
-0.000054688808305947 +0.000129070833347671
-0.000033210081252166 +0.000124639380727007
-0.000188893623844444 +0.000109221464838781
-0.000174684550336311 +0.000088563748021534
-0.000216831644038623 +0.000078073233550180
-0.000254515137655784 +0.000060926113017224
-0.000256818372144888 +0.000058289945547920
-0.000205511975979566 +0.000066658242331666
-0.000252832397730940 +0.000069071978743190
-0.000183479259140557 +0.000089656751360142
-0.000151899416549861 +0.000104664308372170
-0.000222957871475526 +0.000112437235826695
-0.000109420935980251 +0.000126526768513704
-0.000191625403344760 +0.000126577756210086
-0.000185234260047283 +0.000119568424962451
-0.000150749367519403 +0.000115151986672285
-0.000186188041844434 +0.000100972928802292
-0.000168538187648335 +0.000090730436632139
-0.000146398438362379 +0.000086516102223036
-0.000146171665264253 +0.000076880014375417
-0.000177812207571256 +0.000084120269368137
-0.000138760837364632 +0.000090425265737227
-0.000214004807571503 +0.000094428382363171
-0.000205543041141141 +0.000109498728635447
-0.000225863242511125 +0.000113430548986235
-0.000267490693938339 +0.000118567725055271
-0.000243897185165475 +0.000122764294166707
-0.000277846689259426 +0.000118377848478283
-0.000243827607439845 +0.000120032871175619
-0.000244894626878034 +0.000120581348843137
-0.000196318797990924 +0.000117177179217719
-0.000172359596357964 +0.000121459459088885
-0.000131191489341394 +0.000123595184931006
-0.000104991376158354 +0.000122837339522402
-0.000119718011468151 +0.000128545463211820
-0.000099923630382553 +0.000126910687542292
-0.000162910593048507 +0.000126932977243203
-0.000185081144258619 +0.000127780078752684
-0.000235072184920463 +0.000121487834867584
-0.000271914782446203 +0.000120922483333706
-0.000303832535004780 +0.000118883806063716
-0.000301602089847521 +0.000115909604663096
-0.000293045765164527 +0.000119985816467157
-0.000288505029635658 +0.000123998917614060
-0.000225766717168690 +0.000127712350615811
-0.000238413237228252 +0.000136334148589828
-0.000193142586770598 +0.000141162896965705
-0.000191630028538843 +0.000144247403359927
-0.000195434330453941 +0.000148547430875466
-0.000191367853599997 +0.000146423880123556
-0.000225821495194285 +0.000144768851185131
-0.000227413769678576 +0.000141498332145775
-0.000264477826411520 +0.000135341587630987
-0.000261613006174899 +0.000131789914439306
-0.000287191710276551 +0.000128839459682714
-0.000271158454836696 +0.000127910199221336
-0.000271235023107470 +0.000131492799262627
-0.000268589114446961 +0.000137358654843289
-0.000230411931803095 +0.000144059819441902
-0.000252289608449453 +0.000153024624212242
-0.000221885633814606 +0.000158665717496361
-0.000228866634069228 +0.000163004567842840
-0.000243465301353190 +0.000165491985686838
-0.000257333691618358 +0.000163083155343972
-0.000263111265039384 +0.000161541900016684
-0.000290028282348663 +0.000158576359026823
-0.000296122455512660 +0.000154550957257531
-0.000270546773721036 +0.000153127474164062
-0.000304316027951492 +0.000153236924055889
-0.000254220548987100 +0.000153486182815907
-0.000265083264383682 +0.000156819147430694
-0.000275674238485929 +0.000160015583415898
-0.000250976714163062 +0.000163447839409827
-0.000296314583610648 +0.000169447202431912
-0.000294926283024789 +0.000171291145739452
-0.000308306122266060 +0.000175381639085214
-0.000336927576948219 +0.000177731984676746
-0.000333016282042789 +0.000176144980844946
-0.000326890062311272 +0.000177367693882935
-0.000345357036790010 +0.000174947493012112
-0.000309238530246503 +0.000173298789554539
-0.000304809611306869 +0.000174325321702897
-0.000312309111125640 +0.000174036629336606
-0.000264690228545852 +0.000176528764372305
-0.000302996533830871 +0.000181364928015588
-0.000285731843511362 +0.000184042838570381
-0.000291872418542529 +0.000189030632368947
-0.000328252460303901 +0.000193041154904006
-0.000324244522916824 +0.000193066153260367
-0.000345708907875924 +0.000195510932471181
-0.000368498965363343 +0.000194576006861323
-0.000355775657623928 +0.000193185068178875
-0.000370939615646918 +0.000194931795932482
-0.000369719008931579 +0.000194207936030582
-0.000345860262370363 +0.000197044260571243
-0.000358733812690793 +0.000201044099788006
-0.000345110460283798 +0.000203332220388813
-0.000326941679297917 +0.000208028011117689
-0.000361782985059935 +0.000211802853279992
-0.000332171348325714 +0.000212884162018754
-0.000358969257651925 +0.000215699569302190
-0.000370989442937549 +0.000216096272918949
-0.000364919290802751 +0.000215459324951530
-0.000384333979318384 +0.000216665347619312
-0.000392857149424806 +0.000215630688316604
-0.000381090638819368 +0.000216269283542631
-0.000398859173611738 +0.000218108093211595
-0.000396934956215608 +0.000219455808147628
-0.000383789034792623 +0.000222970073468207
-0.000413071213283463 +0.000226851593808838
-0.000392106603875841 +0.000230197323671336
-0.000407211402026528 +0.000234178917731458
-0.000416302955232234 +0.000237202427065432
-0.000410332728157133 +0.000239058720082736
-0.000414959821780163 +0.000241118546136290
-0.000432606643610492 +0.000241802337270976
-0.000402813012372254 +0.000242241957585609
-0.000437506159717495 +0.000243900220535180
-0.000411356557977712 +0.000244019942274555
-0.000429484111112884 +0.000246782165694971
-0.000416847909582984 +0.000248728953646380
-0.000447683631960987 +0.000251669290451620
-0.000409388014814985 +0.000254753103218096
-0.000478374291997341 +0.000257865971501970
-0.000418894791117740 +0.000260138049920139
-0.000492572333155193 +0.000263338856997914
-0.000437866127037690 +0.000264552365365145
-0.000506749755590102 +0.000267120060328109
-0.000433034999364457 +0.000268665040625074
-0.000529812368078143 +0.000270565691328071
-0.000413241328692603 +0.000272443760696083
-0.000543449250070445 +0.000275866244312398
-0.000404810504375642 +0.000276819816990844
-0.000551350700432251 +0.000281900373828884
-0.000399112025690347 +0.000282356442812875
-0.000580976318984600 +0.000286980920573628
-0.000385765188802081 +0.000287840982341407
-0.000628003893739303 +0.000291415818289542
-0.000375243281506340 +0.000291576685844962
-0.000671742670926935 +0.000295766960453091
-0.000358961561272901 +0.000294857979803484
-0.000729146048075011 +0.000299990087711616
-0.000290959226068578 +0.000299688546276109
-0.000898057915998806 +0.000305162247541228
+0.000347049569967114 +0.000305804516694800
-0.000159833905636174 +0.000312426358643444
+0.000070294276244027 +0.000311749323316222
-0.001012171429616735 +0.000320721878417814
-0.000705324638072881 +0.000316285260623932
-0.001206711528119023 +0.000333784103843777
-0.001464899505418175 +0.000272517458939822
+0.000073431381413273 +0.000272561607530543
-0.001066074555209471 +0.000336206477388171
-0.000206374320975288 +0.000339477253178889
-0.001113906961897338 +0.000352589888392171
+0.000294673821305871 +0.000329312238516206
-0.001815153477780781 +0.000356288244559286
