-0.000348000789676327 +0.000801404431973935
-0.000662588210345663 -0.000330143669040949
-0.000257909820640306 +0.000596045958079340
+0.000126167434822942 -0.000267431333465383
-0.000482291461156784 +0.000226639286984236
-0.000027337372302115 +0.000363999488456816
-0.000625826224502655 +0.000304268921817508
-0.000469513845003025 +0.000060799551431399
-0.000771201636643833 +0.000525893733951031
-0.000484636362623954 -0.000543645306376759
-0.000832194112150261 +0.000166533321455770
-0.000582657863048228 +0.000039812214919236
-0.000272282196217576 -0.000454225446676306
-0.000455644581584227 +0.000486181445873377
-0.000378528127607058 -0.000090143878199841
-0.000308955208664516 +0.000359406368478861
-0.000311932048793125 +0.000114261274148303
-0.000379774165364173 -0.000023156115446718
-0.000319062201764385 +0.000264336482878657
-0.000607583217746259 -0.000073057931765981
-0.000573708152451806 +0.000365435567809245
-0.000665860282802504 -0.000250133678562272
-0.000588109464507816 +0.000395296138214485
-0.000722581674322451 -0.000522408937323853
-0.000551522558348319 +0.000514005339662366
-0.000515163672510528 -0.000505842574726618
-0.000391113065662627 +0.000271281653744432
-0.000570831385486759 +0.000149989507228183
-0.000359454573098926 -0.000154160108027410
-0.000742788527351139 +0.000684866120824404
-0.000294411814700088 -0.000455230072400205
-0.000822966985307403 +0.000414662190633290
-0.000349143036784361 -0.000061873206135652
-0.000926914003854960 -0.000297095372113654
-0.000416676290677036 +0.000872756790398556
-0.000858997651088567 -0.001399075013953694
-0.000425461593591705 +0.001663124584226834
-0.000893699954079402 -0.001905721171550381
-0.000319859286601938 +0.001928485417805484
-0.000852453312749139 -0.001927141286171166
-0.000242953826196779 +0.001668651251717376
-0.000963804687496932 -0.001986785577032910
-0.000235016012624813 +0.002771254197703849
-0.001272414347835175 -0.004886599968919590
-0.000011219160954298 +0.009673148960027024
-0.001549556408744312 -0.010825296040377427
+0.000180529579652745 +0.531802504232746664
-0.001844501439880881 +0.827896972959333066
+0.000038117934800973 +0.216530003241933777
-0.001628875608817471 +0.001461866368820324
+0.001234348940112756 +0.013244737860042387
-0.001772068205592660 -0.061060689457246790
+0.001975356474495836 -0.174197808970020518
-0.002763157481992570 -0.254358461217672804
+0.005264688639928473 -0.097053215999504741
-0.006245299066842401 +0.116078043716296639
+0.048517907702368981 +0.052515820784570254
+0.276261937827847137 -0.101450266230457192
+0.361904871551586071 -0.111779272254809880
+0.227215046029286383 +0.020119746022638160
+0.069508324731518037 +0.117793518939376424
+0.048028050952629034 +0.052246339751431906
-0.039474874879093860 +0.061892707686716966
-0.109948684939943614 +0.002328979686908670
-0.185175436194090770 -0.074169764921155457
-0.179595889559848343 -0.086919257809666348
-0.060123875831510784 -0.099466570015267569
+0.057979589349116137 -0.063858071753877269
+0.023679852913239631 -0.019659057411388521
+0.020047717154864603 +0.024038976665668961
+0.084290758630379242 +0.033765684030646455
+0.115283531103372042 +0.003706911964767082
+0.071892968856799452 -0.007626996270912650
+0.010103545214060802 -0.016375845403341867
-0.027958281945783689 +0.009781401302619931
-0.030539105333402899 +0.015813324132093780
-0.024512122792444614 -0.006380759514665689
-0.045584889955402733 -0.008665015360691038
-0.057929849760511673 -0.009381344097175701
-0.018407121336401169 -0.015490454095980946
+0.021915720217988759 -0.015025576808322547
+0.026046605565134676 -0.007221100238188078
+0.016893326795511938 +0.007649285013910168
+0.008028622157132077 +0.012540247968487055
+0.017435261527969065 +0.008787059072984341
+0.023146426929393917 -0.006546624016606759
+0.008076634862398688 -0.024423917548945052
-0.012165621355797795 -0.001671972350228071
-0.016936282959212880 +0.012991177228908650
+0.000958222025092075 -0.000006232689853660
+0.006017955209223135 +0.004864663720164381
-0.006245534283232360 +0.002609867739253945
-0.004799474230830913 +0.005132910283702063
+0.012002126366707312 -0.006952807390234550
+0.020240302501817076 -0.019034737761946828
+0.016449618929591656 -0.005202420622780453
+0.001051586712662712 -0.008567098546868013
-0.006495780784262932 -0.010507157311560444
-0.002238926181847883 -0.002491422622668278
-0.001641484996658246 -0.000956999028561383
-0.007024722651686616 +0.011765950393361689
-0.010131451155161833 +0.025308688041189829
-0.001920590937167871 +0.019705438813036338
+0.005246403238116558 +0.014648600295792975
+0.001898281709193943 +0.016894802193462202
-0.005967340833266188 +0.009012564892478736
-0.011910934596109642 +0.000342248166099271
-0.010518977024904641 -0.007372900833073309
-0.005943915890898500 -0.006914212097171833
-0.003759334832756599 -0.011310362437140687
-0.000106137576681505 -0.012005473125238364
+0.004938791550980956 -0.005877384198452018
+0.010744643289587845 -0.008854655609601313
+0.014337314119393967 -0.002949377330605248
+0.012692490621993728 -0.000581221082692892
+0.007041230460786791 +0.006938804263430434
+0.002495525252012952 +0.008535658237659840
-0.001734575834989432 +0.006528740344664108
-0.005872327987288869 +0.005402545915014481
-0.010054643702899060 -0.002461219957770145
-0.012505544865710035 +0.001468256357217748
-0.013076233023560145 -0.003166629096405149
-0.011118436473366728 -0.002479172474612878
-0.003972930397020132 -0.008980764056982298
+0.000119423476903786 -0.010646239950685419
+0.002135442523530006 -0.000063747708643888
+0.005412889236020490 -0.003914651661081825
+0.008770159951245055 +0.003615329662556803
+0.009064217281889332 +0.004106719247483016
+0.005303348090843388 +0.013359889759851386
+0.003304389493492220 +0.015848670058598843
+0.001734110202296117 +0.005751812473862034
+0.001004617944157168 +0.008073936373128508
-0.000426425052113273 +0.000810467219885801
-0.003997347684541682 +0.002337959066781217
-0.005332166917033278 -0.007037854585038309
-0.005213496741010250 -0.011245927921275056
-0.002418788526126309 -0.015278453678179343
-0.001583708855693223 -0.020843855681405933
+0.001315297695911639 -0.015408353856359875
+0.006276114647321506 -0.021399438724452716
+0.007764252244814484 -0.010792311062614348
+0.006712051474664422 -0.004883532822395023
+0.003858360551142358 +0.006236373234564185
+0.004383399316474879 +0.014533926479171405
+0.001806722649874441 +0.012456326914720810
-0.001716082608122685 +0.021851825082106320
-0.005283913778449462 +0.017442840300198298
-0.010265196468448982 +0.017273338150772963
-0.010954118547600250 +0.012093503027572092
-0.012075860606562822 +0.008103009274143241
-0.012092993307397722 +0.005515686401639518
-0.010886696384051672 +0.002118509068063928
-0.005757209370919350 +0.006414773988880840
+0.000132700300198725 +0.003053572091005753
+0.001590461027406395 +0.013346333170598232
+0.003375307400583230 +0.011842147247575124
+0.004659583682958143 +0.013587755434809012
+0.005324808227915363 +0.015932731641170882
+0.001091889942982206 +0.008738756555050374
-0.003669767457729515 +0.004890998184980584
-0.006852513687294733 -0.006955886077138353
-0.009997318990511921 -0.007587445662653288
-0.009256132148566200 -0.013820629425426671
-0.009097496803722925 -0.016175057874016567
-0.006565091979132871 -0.016498676591197758
-0.002392763483911569 -0.022200354928878438
+0.003703850457805209 -0.006590167292362130
+0.007547866580975704 +0.002540973130424015
+0.008092224169554711 +0.007616902987677039
+0.009890345669773537 +0.013148916955984961
+0.007305964239842233 +0.010261709198307777
+0.002980514262881446 +0.004813486870687635
-0.002080530120265222 -0.002389530602535907
-0.006618177941708579 -0.000863435635389445
-0.010434875523229265 -0.009253635983927436
-0.012993791343650515 +0.000277065829495523
-0.011417386799785618 -0.002854422490103203
-0.004968836784540813 -0.005938505673526822
+0.002591432059298884 -0.003562865920700724
+0.008198676609172225 -0.007676681772394917
+0.011389607705940051 -0.001667284338025425
+0.010336273721360039 +0.000284487800280720
+0.007435130523894213 +0.002984525158711948
+0.006167169726260181 +0.006671361534237997
+0.001345594427156699 +0.003491779913942651
-0.001482443859752040 +0.004043409117144266
-0.002820708755090481 +0.001543463444030737
-0.004860330317493632 +0.000178087722813046
-0.004928533426336614 +0.000566033714162341
-0.005360213437241225 +0.002360814829385443
-0.002422478480803800 +0.000763706908688262
-0.000417451263359701 +0.001161399663550885
+0.002305740799493028 -0.001995642884779103
+0.004267682583736688 -0.004178197807417131
+0.003870022585331945 -0.004055271557425745
+0.003596684078532790 -0.006369079204920166
+0.002848958960350494 -0.004073210807866731
+0.001437488794641215 -0.004575816443541464
+0.000613037625052250 -0.003289971031942343
+0.000712773615060878 -0.001476801121188226
+0.000639598739598148 -0.001514781688462507
+0.001060344907577926 +0.000268305366639437
+0.000803193618735242 +0.001044297503496535
+0.000212547729930648 +0.002295916809255251
+0.000021343001349626 +0.001986287175345009
-0.000553209093711190 +0.001565907058300009
-0.000687174979897036 -0.001519122873204545
-0.001515589809006291 -0.000616103866576326
-0.001640867966375117 -0.002148685026412827
-0.001198136163160228 -0.001696449711962469
-0.000863601481477832 +0.000668222159715029
-0.000231445205778261 +0.000047037178777483
+0.000425302908616595 +0.004366447787266608
+0.001215092465492582 +0.003097467255736740
+0.001499503514771571 +0.005677354548588336
+0.001569813732366891 +0.005348289944692338
+0.000393174505057083 +0.004404320711025159
-0.000785526057648924 +0.005313148917531716
-0.001616962417251915 +0.000945827790111221
-0.002442869319779553 +0.001973439825027960
-0.002646230948573270 -0.002617762071155819
-0.002860945254652881 -0.001551883561999163
-0.001649339370394801 -0.003338131820102464
-0.000756114584984573 -0.004140448642194993
+0.000675152997323883 -0.001272081106566058
+0.001656899400212978 -0.004065241800155849
+0.001983110027392537 +0.000763717581802466
+0.002439087146700043 -0.001614698275388686
+0.001626406096238393 +0.001411992649767478
+0.001250564740938543 +0.001268020787480966
-0.000265079721521656 +0.000048207774112430
-0.000967996989870256 +0.002436960195089564
-0.001557414630900111 -0.002412350511959370
-0.002150815457039189 +0.000882085118940442
-0.001634142662086479 -0.003597057596557491
-0.001653254821010898 -0.001832679428985944
-0.000261558015647509 -0.002307902880072076
+0.000301678464259189 -0.003632721479428710
+0.001494669617486125 +0.000266151299052178
+0.002319558299609768 -0.003537154901822001
+0.002334304605848805 +0.001985136552502024
+0.002743106697937133 -0.000940087217447223
+0.001662912453589854 +0.001844065953575110
+0.001521851629941687 +0.001927410215865693
+0.000239586029406820 -0.000632435753827442
-0.000309468115704513 +0.002670416174632202
-0.000783337709816538 -0.003530517327203246
-0.001427144641976138 +0.000312548947421623
-0.000769367755935653 -0.004088877289851897
-0.001026299531596794 -0.002729444944013835
+0.000230272520143174 -0.001661914699216943
+0.000490076587503764 -0.004022786821145056
+0.001482385892831957 +0.001410068354635509
+0.002193851692984328 -0.002349699335507889
+0.001866758105889796 +0.003452152893849150
+0.002262791800471788 +0.001542711797197372
+0.000867681958883287 +0.003149439836431817
+0.000566306889187158 +0.004348516181729751
-0.000844461807584584 +0.000538511903423307
-0.001610915428491091 +0.004070223694780530
-0.001938417957531000 -0.002152171334117261
-0.002655876082588802 +0.000840392463635066
-0.001731406574667258 -0.002332642008753640
-0.001865807819602911 -0.002113483685558863
-0.000408998876422443 +0.000042165159587599
+0.000256836006727981 -0.002831366923487122
+0.001202684721177838 +0.002524411800038630
+0.002035262988674099 -0.000871472840936343
+0.001481431771264494 +0.003215612149736240
+0.001803192564547240 +0.001956378862848177
+0.000319095560050960 +0.001670190494660618
-0.000213568719485286 +0.003256731144337668
-0.001459484504523142 -0.000655989177663395
-0.002251637566668049 +0.002393513669251056
-0.002215639066610517 -0.002013751430357203
-0.002659388342450956 +0.000109239825217443
-0.001472730578287115 -0.001281997745390752
-0.001282470283104830 -0.001752037398481316
+0.000063089518545080 +0.000599928820946739
+0.000723015583392396 -0.001934619730676311
+0.001126559218492855 +0.001674491530304889
+0.001606034756011650 -0.000865070824642171
+0.000829993024668299 +0.001211872871483258
+0.000945751732691663 +0.000608637049155013
-0.000245940696742128 -0.000087902472222883
-0.000590067722428484 +0.001419212035421675
-0.001171980858122704 -0.001136095659867945
-0.001562396001074503 +0.001138069222240317
-0.001136538520574149 -0.000889153607995777
-0.001301513913944167 +0.000311604105151193
-0.000334297574220641 +0.000202733340704105
-0.000277322522848114 -0.000356823768116028
+0.000360670981367067 +0.000728337958772866
+0.000589805195998873 -0.000888019220182347
+0.000472831497241207 +0.000348532365158836
+0.000640866578308005 -0.000998042969656631
+0.000037293722689304 -0.000162599852315624
+0.000111485842958022 -0.000249368064836561
-0.000359950125902380 -0.000376070057979426
-0.000259227468246387 +0.000550186016216955
-0.000236196833899637 -0.000195689054552242
-0.000167293855025029 +0.000710621855202542
+0.000121207260096537 +0.000062476844125886
-0.000010899937830223 +0.000360766492519871
+0.000240895472356382 -0.000050861516078125
-0.000018751380503152 -0.000265543336339433
+0.000066617673702768 -0.000731471887378675
-0.000028566389382644 -0.000952644280070428
-0.000089306034165296 -0.001322349969048120
+0.000039728447641377 -0.001311544322561906
-0.000017678283222354 -0.000878145069415706
+0.000241438083902482 -0.001048013544998082
+0.000240360592482475 +0.000285900186399117
+0.000437542453254613 -0.000325144963456363
+0.000415294362594729 +0.001017761875193698
+0.000354501304618587 +0.000468247233022405
+0.000179043635499049 +0.000666615810239763
-0.000107645984233174 +0.001022682165913225
-0.000354378946042296 -0.000364951189047763
-0.000637886347625349 +0.001036551675444801
-0.000654630463079675 -0.001033566535392438
-0.000752282858921861 +0.000474143278510870
-0.000449661199119985 -0.000605036611993348
-0.000350038190994445 -0.000247399653341198
+0.000011103141215576 +0.000840550660073896
+0.000195826969280971 -0.000553888493790525
+0.000265838225679368 +0.002119024721944691
+0.000402656427068451 -0.000235021151398087
+0.000046569046514751 +0.001979213619246904
+0.000067024328940610 +0.000590154793955981
-0.000468118734576266 +0.000360701256022476
-0.000555530813204086 +0.001364085405230717
-0.000818334829988148 -0.001452564234314732
-0.000950697195707392 +0.001367495331106371
-0.000665210187797098 -0.001957493386588134
-0.000768924323468407 +0.000373621676706809
-0.000113336156448894 -0.000742963348788436
-0.000171187305096221 -0.000961279326877978
+0.000305237803368260 +0.001227363909605115
+0.000360057549272499 -0.001619054273425315
+0.000247187275153801 +0.002248803670382767
+0.000415229041494878 -0.001043817961068083
-0.000216815984824691 +0.001392438008999586
-0.000020375346728785 +0.000388094746078989
-0.000664782124968003 -0.000725570277466684
-0.000574483715878328 +0.001556260923364256
-0.000691106735960390 -0.002384667765024173
-0.000814490898308993 +0.001421405915671053
-0.000269522552424473 -0.002197332213658735
-0.000529706163311608 -0.000010426409959157
+0.000258828712997023 -0.000308096202114748
+0.000055000535237159 -0.001591237874017235
+0.000467633815213274 +0.001743497819234991
+0.000523605871480602 -0.002026719337423925
+0.000218114918046726 +0.002267159010312618
+0.000530313526241103 -0.000915079400184469
-0.000256493168908348 +0.000856302863499544
+0.000074007687814510 +0.000884810390635693
-0.000560803583773992 -0.001290830700751465
-0.000484395060659512 +0.001932559874288514
-0.000455692470995177 -0.002412719808124156
-0.000721500017289999 +0.001367969983295327
-0.000046377317374081 -0.001617807396894568
-0.000455241519783408 -0.000349839851798770
+0.000314685075175161 +0.000404478834965404
+0.000094956697608536 -0.001823817229824831
+0.000347485309768122 +0.001971132085881705
+0.000503166075644764 -0.001896804722421081
+0.000040386472553503 +0.001805492754038804
+0.000454007175967346 -0.000529071894662432
-0.000345972250404927 +0.000131567424265745
-0.000010348493329729 +0.001177776234477795
-0.000507660245666279 -0.001581154087502471
-0.000524109302699592 +0.001862485231422338
-0.000336683943013033 -0.001934553375368277
-0.000701294301337866 +0.001044165656231830
-0.000007504539520256 -0.000712076665885519
-0.000442765579728056 -0.000527183055971000
+0.000169050845736818 +0.001003295575575991
+0.000003581718118839 -0.001562857408326261
+0.000047747493397936 +0.001800871646287809
+0.000272813222183444 -0.001294803321797837
-0.000256701880561882 +0.001122339896924588
+0.000168398191782851 -0.000001676306278357
-0.000487855650359331 -0.000307985878132501
-0.000207481914371342 +0.001263803163584878
-0.000465544148716297 -0.001230656766201185
-0.000544387454373873 +0.001531754744168682
-0.000238669493582125 -0.000964387403842710
-0.000607126443278718 +0.000697917647468872
-0.000034698294937914 +0.000112921015512661
-0.000403458659752825 -0.000479583614132450
-0.000046500239056374 +0.001004977491236729
-0.000133592437777836 -0.001067181726059765
-0.000244786447004073 +0.001019161815905196
-0.000000248944794817 -0.000719250840016677
-0.000431003119021773 +0.000292975894411710
-0.000064256166848354 +0.000150706592962103
-0.000441931383197447 -0.000448659684024439
-0.000240600509341575 +0.000796534638680907
-0.000284668160798739 -0.000605841845366641
-0.000387585093574651 +0.000763518209972563
-0.000124404564818019 -0.000216938517329171
-0.000423906611859745 +0.000210580931737905
-0.000106695193078947 +0.000215206377573519
-0.000355555341471735 -0.000334427788552369
-0.000226313217682645 +0.000285860675484149
-0.000241149357047574 -0.000480791358779001
-0.000344454528315224 +0.000043528086824935
-0.000142657755794015 -0.000267050817571356
-0.000335520154838310 -0.000142787785308149
-0.000097734335038327 -0.000008925461812335
-0.000217882883098889 -0.000035845710900325
-0.000122865399817124 +0.000061811912174565
-0.000118342892440331 +0.000182966289313171
-0.000203612707800219 -0.000006723587013235
-0.000136895861323596 +0.000141911106547623
-0.000294955774509643 -0.000009298140328404
-0.000241246474844282 -0.000245959693002363
-0.000340610025122648 +0.000116387365873496
-0.000305896699609659 -0.000632552527156680
-0.000301164483224112 +0.000192540420776353
-0.000251791159581575 -0.000558448965310986
-0.000193535905649544 +0.000009884432257140
-0.000138402448552711 +0.000069722554433931
-0.000095485896685114 -0.000370960118912850
-0.000103182586535412 +0.000784790309599774
-0.000087467380737101 -0.000593408892119914
-0.000207755697872404 +0.000909704249343358
-0.000187074059375720 -0.000329709921198754
-0.000370195657453639 +0.000209955428931888
-0.000334005393488110 +0.000347909860197141
-0.000437574805653711 -0.000792637175072608
-0.000431886517153667 +0.000914008619966811
-0.000337146561325801 -0.001206384659347011
-0.000415303854126708 +0.000808411789645469
-0.000157472147870244 -0.000563775540211732
-0.000301120533200716 -0.000006698875747290
-0.000078001547472387 +0.000701190158562702
-0.000179550971158692 -0.000904711084979143
-0.000199467209612858 +0.001545396766883735
-0.000144333788805941 -0.001079347388285900
-0.000435999318928779 +0.001188791405935237
-0.000228904722787936 -0.000274401984094563
-0.000586321646567783 -0.000162450343869892
-0.000384508158794032 +0.000917351580092775
-0.000514745249578992 -0.001418319086937727
-0.000510460281873813 +0.001490972031572928
-0.000279511133078517 -0.001500286893680078
-0.000519350920058474 +0.000885484876150460
-0.000087560264327697 -0.000288220540359889
-0.000400691999562479 -0.000479331321534297
-0.000114840042449301 +0.001256172569626778
-0.000238404735352520 -0.001502366558121576
-0.000348200911904364 +0.001846678153142293
-0.000153376303252171 -0.001284883464014071
-0.000593487656612917 +0.000936035675124550
-0.000215595393150703 +0.000059426288693213
-0.000643464398320627 -0.000754748750178180
-0.000390649739091783 +0.001432706038971695
-0.000454106130158835 -0.001817109366371884
-0.000560525187876548 +0.001668772174112480
-0.000184704270638004 -0.001359442893136203
-0.000593462646382715 +0.000542805380181833
-0.000070372841315365 +0.000231688219526719
-0.000451781529445099 -0.001023650390934515
-0.000209371721264666 +0.001629297070625209
-0.000241365299582959 -0.001740373662095121
-0.000482504822379088 +0.001692957769461377
-0.000125606189525697 -0.001030253466520615
-0.000661558028408771 +0.000393800886842515
-0.000199938981396463 +0.000517060223450860
-0.000599795663744899 -0.001189924150034291
-0.000413879834143819 +0.001633037508009998
-0.000356285307138542 -0.001763224338166020
-0.000602545269587224 +0.001405430569817501
-0.000141616022904635 -0.000883599533742815
-0.000619805960096515 +0.000036834343556936
-0.000136353427974646 +0.000681310677475609
-0.000453653063998626 -0.001327101904069859
-0.000343451686241942 +0.001620266523295669
-0.000238073373433666 -0.001569374143018352
-0.000589187372747215 +0.001197169189745488
-0.000147153267453741 -0.000543517089388693
-0.000673886459773280 -0.000155876950233825
-0.000255143908436762 +0.000846622460589093
-0.000541075068431310 -0.001270090173589134
-0.000478581693338456 +0.001459371409675750
-0.000317755156711112 -0.001261932591779316
-0.000646006379717543 +0.000865233752756441
-0.000201258881549135 -0.000229061898855523
-0.000636082892768072 -0.000361184737859179
-0.000289849944580473 +0.000914888737582420
-0.000471992079523187 -0.001182764516045695
-0.000507193641087081 +0.001255762044610240
-0.000295965371023117 -0.000981977798696851
-0.000675848309290523 +0.000622086464489321
-0.000252399311200846 -0.000027926288878483
-0.000670133916446673 -0.000349638488509803
-0.000375260504043458 +0.000828527613769772
-0.000519692350016779 -0.000832065221633896
-0.000563985522559245 +0.000918624343669499
-0.000373785958859484 -0.000407792556290647
-0.000665378436099532 +0.001920425785776201
-0.000444030590253207 +0.000072194048334088
-0.000596964058934080 -0.000059927371897904
-0.000360586318396859 +0.001054203461525086
-0.000604152276968762 -0.001425208341634740
-0.000468006929093363 +0.000815775934946042
-0.000529585374339365 -0.000401506349162424
-0.000554724724959398 -0.000263787354065899
