+0.000455621064307895 +0.000108338670704915
-0.000720795994125111 -0.001589292688861333
+0.000884660177647018 -0.000534054526850468
+0.000942125900604002 -0.001334155943615061
+0.001630542881197849 +0.000414540590072247
+0.000282893663292055 -0.000759885669184627
+0.001139187271901953 +0.000113342818211210
-0.001063741809067501 -0.000684946085080535
+0.000424559598463477 -0.001107127628250461
-0.001805103990879115 -0.001331294520127309
+0.000409144891671857 -0.000663030432568023
-0.001150274300978973 -0.000789447821540910
+0.000839315576277692 -0.000033788976091766
+0.000009079105043329 -0.001030461856990574
+0.000955561321375727 +0.000347169909687479
-0.000282376767112987 -0.002108111357646525
+0.000570121833212385 +0.000100402235884160
-0.000663499552200701 -0.002310847575013535
+0.000483298407976785 -0.000392663303484675
-0.000615286032713066 -0.001701951391725894
+0.000671056135169460 -0.000468527227772496
-0.000550145548116863 -0.000956869373787466
+0.000875348575243720 -0.000479587968666631
-0.000659314483720046 -0.000678840039930863
+0.000976503558835100 -0.000779926934570032
-0.000998396976562982 -0.000768546245368148
+0.001060482446656932 -0.000623523875280156
-0.001047573696987820 -0.001120781309508199
+0.000987610924183552 -0.000233530675525550
-0.000783941957943641 -0.001646669746264155
+0.000773508344836154 +0.000207172008952438
-0.000453443971315949 -0.002106215811100284
+0.000570621759137592 +0.000120056637839257
-0.000287252030468900 -0.001838784873267827
+0.000627083887711573 -0.000547422352486809
-0.000468612189951402 -0.000973119347435016
+0.000937009670072952 -0.001509509348075308
-0.000818149049660185 -0.000050594658508628
+0.001283948752363419 -0.002417518179962073
-0.001077682997500260 +0.000707996314474137
+0.001431971657079651 -0.003234514629788612
-0.001087056619488235 +0.001371731639336256
+0.001308570306123901 -0.005109586286838497
-0.000877575828391232 +0.005186361135722089
+0.000973584518920381 -0.001717326543302298
-0.000502241838038807 +0.523628980764346941
+0.000712703323601765 +0.888184615371348518
-0.000662376448610001 +0.292936688710551063
+0.000651777411820058 -0.249181165722166476
-0.001363590299947806 -0.148111205825429720
+0.001379684134768974 +0.020255038927655580
+0.000416976124508985 +0.046927614437529130
+0.002930122646806195 +0.082581939435917115
-0.000616811481629682 -0.058691975455470190
+0.002414821879062713 -0.265238943495502200
+0.000323584283223954 -0.157561845441157478
+0.004230949030293406 +0.001527031571898265
+0.017468834972861634 -0.027835393529507844
+0.240916484702279166 -0.091179436771375952
+0.361248714122233416 +0.030161751547941110
+0.278020230794545964 +0.165837616004478217
+0.112497719354586745 +0.121292415008698848
+0.031781310621875891 +0.016036455706956589
-0.035839257828993415 -0.068270295218160762
-0.147425114209401548 -0.089778217932754922
-0.182772647232880725 -0.061696809567074587
-0.137203885643983642 -0.000462673483732211
-0.045779062368782333 +0.048145172049890481
+0.041874437535381705 +0.055160213915602163
+0.086731940152407136 +0.046742217404574425
+0.066729531062533112 -0.007121021253469809
+0.032686223664278848 -0.033782576045050590
+0.013565046639130683 -0.051408778172861908
+0.010933711517574655 -0.083338364306623197
+0.007885632072487107 -0.063237606154263271
-0.006954994673809419 -0.041674246955312404
-0.014866233784105041 -0.028596262022316923
-0.001107379751786713 +0.006020167706985718
+0.015477602648613109 +0.018185086410581589
+0.005791460995232017 +0.003652910330926653
-0.004701972851197823 -0.001550000727156915
+0.000346722794544824 -0.004835999105748915
+0.010560810234528779 -0.002410250637677806
+0.011504752475019813 -0.003870064265622412
+0.007879503228342950 -0.001592669203599489
+0.010113891641455919 -0.001248466626741364
+0.019404000285599105 -0.010099663835702778
+0.023683262472618052 -0.005736815130336626
+0.025778311746676247 -0.005829644829879283
+0.021666424658818087 -0.003939765745031203
+0.013079222520493643 +0.000870942432280240
+0.002339566425029179 +0.003210232151789189
-0.004492499335001282 +0.010202584323904999
-0.009600792964756601 +0.006076579455359562
-0.019644636244342810 +0.001889344803139695
-0.021947404394626540 -0.003102257307572859
-0.018322674164331101 -0.009682402350763718
-0.007385386592077072 -0.006315460194019705
-0.001218412270995408 -0.004700720826530938
-0.002216509951853378 -0.004514179364586088
+0.000140530341218236 +0.000877011183454211
-0.000574700806100401 +0.009773773332643173
+0.003720490537071215 +0.011544412247611335
+0.003877322037448628 +0.004707714492119755
-0.001874649169381139 +0.002179399344443161
-0.006434972444329405 -0.003656751622516800
-0.004593796336488444 -0.008122173095957896
+0.000165294095614749 -0.005467106969796529
+0.001105313157305647 -0.005865847825262585
-0.001079215864783560 -0.005002646132374555
-0.001512107669078568 -0.004787186092885309
+0.001585698420584210 +0.001496111587360349
+0.002930618299992242 +0.005311222019748302
+0.000571033880526906 +0.000591814251652591
-0.001348602296277136 +0.003675582728902130
-0.001314980763174742 +0.001715504482644686
-0.000350733327744507 -0.001473005593396965
+0.000114046656564744 -0.004664703385779307
-0.000682150299110174 -0.006615330080188747
-0.001150164763194791 -0.004651093005291188
+0.000312298432968862 -0.003526631208653510
+0.002051504837349098 -0.004198249954386085
+0.003225064060532915 -0.008124080874986228
+0.000644672821160225 -0.005077765291029572
+0.001495737889222019 -0.002838431077630584
+0.001687887270363613 -0.000261631084620721
+0.001681451925424192 -0.000190270070438152
-0.000306336666864767 +0.000323102021134659
-0.002287184693871067 +0.003680190417570413
-0.001114417893156401 -0.001814900310853833
-0.001348903558404188 -0.003868467242642096
-0.001868131123368236 -0.010353209384275783
-0.002112429526518519 -0.010498381518059104
+0.000457180751507323 -0.014847901964699737
+0.002572352427802267 -0.030120559540494210
+0.002285206679186636 -0.029595431655117247
+0.003035093301211352 -0.021597632865936491
+0.001629751765988580 -0.001548343705103867
+0.001939396639833043 +0.010722580266139431
-0.001788439091375328 +0.015677391822063479
-0.003548717591149344 +0.019805697412020578
-0.004956708444197617 +0.013423368128246800
-0.005591080953688167 +0.011796839327004312
-0.004644311155683674 +0.005018571248957138
-0.006037032094845185 +0.000518544483773103
-0.003145422401497677 -0.000439143408939964
-0.003957051999765935 -0.003226086673612369
-0.006469701756198900 -0.011084119350658507
-0.008550589231577374 -0.019319009290645492
-0.007362296555229650 -0.013890060441618682
-0.000634918962846878 -0.011532342000272800
+0.002786263520913759 -0.007815577631632032
+0.008613657358610803 -0.005476668186352195
+0.010030081603756695 -0.000065165003083534
+0.011420306687938055 +0.004513271633048935
+0.009581053925513620 +0.001997903868962204
+0.003915890297097662 +0.000767559418716601
+0.000199924609576014 -0.009027782995892833
-0.001930762035425503 -0.012066927603262036
+0.000437416033360916 -0.010432893667000037
+0.000072465420381146 -0.009858176634487535
+0.000262632104913523 -0.006265745813526658
+0.001827002660030948 -0.005304862495431729
+0.001039209899652004 -0.002611744534203011
-0.000719053707123992 -0.001231979983031908
-0.005199523154256821 -0.001964459580498231
-0.005804716438478312 -0.013671291329993018
-0.005509229093242090 -0.001373247626691311
-0.002234244237112897 +0.011857276124874633
+0.000515426946865143 +0.007385419228527475
+0.003193124347958517 +0.015996492299229132
+0.007028254698233675 +0.013874112341679911
+0.009480833380844458 +0.008814419510545363
+0.011184539616301146 +0.007810761049010635
+0.008700608874957445 +0.005863102516466316
+0.005169845086839387 +0.007174852305628851
-0.000654695045706661 +0.003767140955302076
-0.004068136576428838 +0.004664889199184910
-0.008152768846324428 +0.008853066435600663
-0.012361507228037359 +0.002328361424738365
-0.008919464253670094 -0.000980493718988095
-0.006288955016784016 -0.000837342321643822
-0.001522877762285486 -0.003481346385960211
+0.001970413063524717 -0.001419960792049160
+0.003756330048496951 +0.000841186237788729
+0.005777301639994837 +0.001137750073501785
+0.003481648032711740 +0.000332104967817362
+0.003093785646467964 -0.001482103959702101
+0.000285617444124413 -0.000371540164085561
-0.001608874928144630 -0.001198990801300107
-0.000750144063316100 -0.001191553723011338
-0.000689873743502547 +0.001096218318922672
+0.000075437118225774 -0.000040817798936030
+0.000132204998995585 +0.000377410815256041
-0.000440948936125689 +0.000532645472953627
-0.000658516468614576 -0.002388544342297459
-0.001215238735372702 -0.001604619865237846
-0.001234675188306779 -0.002885671749137394
-0.000839281102035978 -0.002998679049332425
-0.001136708157606635 -0.000055664487849765
+0.000229560377807282 -0.001533909603363448
+0.000014537375616109 +0.001437707147468284
+0.000826899524436151 +0.001109521513144784
+0.000880409707984794 +0.000846047650625676
+0.000655893426753367 +0.002423820315811249
+0.001060750535654526 -0.000498051237528262
+0.000160084723089521 +0.002481219207801002
+0.000788038208199435 +0.000431706741507300
-0.000165175905654576 +0.000709324775637387
-0.000422889832562978 +0.000772237450303626
-0.000843464939505020 -0.000749339198352744
-0.001313548215080601 +0.001622310479451074
-0.000935124383785267 -0.000906689696338663
-0.001750240427511494 +0.000825134706580925
-0.000954663401740391 -0.000607631165857533
-0.001335506142983149 -0.000562238589021196
-0.000205601303078264 -0.000291532472494905
-0.000020532320801603 -0.001921905015225866
+0.000382295403149202 -0.001185417877068604
+0.001229954997474190 -0.002846107476857985
+0.001093193492449919 -0.000823597259462614
+0.002047596505437573 -0.002695052138086377
+0.000993924218657187 -0.001082121767054948
+0.001211841830587082 -0.000544870105904573
+0.000344886270874592 -0.000311915990789626
+0.000103733183225828 +0.001261680742625264
-0.000068951631881868 -0.000675053506853689
-0.001158281144219721 +0.001339541854230520
-0.000269526523496678 -0.001367687885864751
-0.001330358721653908 +0.000231242606597601
-0.000031268011633082 -0.000653330649828233
-0.000705447958850030 -0.001490651187762430
-0.000131266667185384 +0.000121770449528168
+0.000455929474510784 -0.002081960897389834
-0.000149449228559357 +0.000921112523589506
+0.001130860930484924 -0.001393487725621379
-0.000022629907006667 +0.001264771328939225
+0.001098197383793784 +0.001828820404338682
+0.000252457711918355 +0.001314181093550769
+0.000213269707521415 +0.003478999061003005
+0.000287735126619902 +0.000831622535504903
-0.000826175378272913 +0.003001069591682714
+0.000194500181042334 +0.000923294132310127
-0.001153951850831215 +0.001001431840917811
-0.000023367586495506 +0.000296991186238191
-0.000755024075781778 -0.001249267014033320
-0.000264875856011317 -0.000214996554254704
-0.000074305421529367 -0.002221310665470296
-0.000748003328470372 -0.001090218195873425
+0.000270784332292480 -0.002260912279841445
-0.000708726673487331 -0.001181941092552870
+0.000447402336363851 -0.000969435324030335
-0.000062773414589536 -0.000833970582086615
+0.000385416284141080 +0.000241057982642275
+0.000849390655977193 +0.000104469376971820
+0.000420214854194209 +0.001607103522283745
+0.001205697850996911 +0.000394558365519822
+0.000059869166354468 +0.000680212489944023
+0.000612904148536889 -0.000351130496864550
-0.000299242329881373 -0.000768466638515824
-0.000289865259715627 -0.000357703245252340
-0.000677807066736104 -0.001140342535832916
-0.001116240376967094 -0.000061242243025490
-0.000686884631162950 -0.000778216831405854
-0.001048246139476610 -0.000085163193224505
-0.000254927879687036 -0.000077851915284294
-0.000383825833411457 -0.000484129763275778
+0.000389592992816127 +0.000166732461496644
+0.000700757649327756 +0.000262093047840156
+0.000781273334596971 +0.000479240799008225
+0.001015052417082618 +0.000800130440148491
+0.000434786334970084 +0.000461361204594604
+0.000639855129159929 +0.000768718887491880
-0.000024643191323422 +0.000426175499023538
+0.000103788857115134 +0.000023600711499779
-0.000356717950412457 +0.000406815812993193
-0.000325799991341828 -0.000553120638602235
-0.000410650972650668 +0.000168865410105578
-0.000509334668954287 -0.000354923363616260
-0.000585124416017617 -0.000501265758860740
-0.000704908496294576 -0.000341350144251058
-0.000505409069772450 -0.001263913178746913
-0.000459429578425131 -0.000229520673036661
-0.000017585917291510 -0.001236014722484668
+0.000102024999928747 +0.000102085063450448
+0.000633722611124102 -0.000490197335841008
+0.000651038677627163 +0.000324822854166617
+0.000791111497329560 +0.000721226194761094
+0.000727787585195509 -0.000529657710417747
+0.000229323899987851 +0.001102032974216703
+0.000452796970858370 -0.000728573725060974
-0.000418089811837086 +0.000343235967551613
+0.000034594888351779 -0.000163137570882948
-0.000732528147093235 -0.000270833506163837
-0.000365563093044536 +0.000288422394288294
-0.000453176535474907 -0.000872304987990436
-0.000540554099602928 +0.000471387194502637
+0.000109430962679435 -0.001063439848764766
-0.000509645812586410 +0.000390762221932985
+0.000484054962390818 -0.000747299252415484
-0.000166757262240569 +0.000310392065552250
+0.000253900842183306 +0.000149011417793693
+0.000281254564511946 -0.000349559892963813
-0.000178286514318984 +0.001247745677788126
+0.000583223309043501 -0.001017137982975688
-0.000392870782064091 +0.001198579421889029
+0.000568888091594651 -0.000612656306259283
-0.000281389934197975 +0.000229647715067127
+0.000192949190569208 +0.000462269988428285
-0.000073315324833465 -0.001025440966482209
-0.000336643674697810 +0.001164836738769603
+0.000017229227221361 -0.001486745007706666
-0.000675035346593717 +0.000694247666088438
+0.000099318928827285 -0.000855577508718328
-0.000614417411096468 -0.000424306892819540
+0.000128710748727834 +0.000083023678374823
-0.000102414845236876 -0.001072650981160495
-0.000024292279409886 +0.000571232035992811
+0.000500270366965632 -0.001074236372014292
-0.000291395905523878 +0.000415712527998005
+0.000824585358869478 -0.000564930336650303
-0.000382742709217801 -0.000022800270481363
+0.000591979164494938 +0.000125444792497939
-0.000165789025771714 -0.000504250893282602
-0.000056374564708757 +0.000752127975679293
+0.000185717841194796 -0.000809756758044157
-0.000628431316491471 +0.000837113801546179
+0.000308690004274075 -0.000740026625912542
-0.000717951137631324 +0.000254505200898199
+0.000114880442505398 -0.000159775023595765
-0.000265767602802908 -0.000584569812371726
-0.000244881680492675 +0.000375082970506514
+0.000306163854740387 -0.001010600271043112
-0.000454397765708607 +0.000441026121894823
+0.000598519021644968 -0.000643019899646009
-0.000369157743199046 +0.000014559103272988
+0.000465938049501694 +0.000129497305234896
-0.000091869252910208 -0.000436580877048495
+0.000101577359905119 +0.000647224067133650
+0.000158475978764103 -0.000499992324148990
-0.000242696180175331 +0.000485013605184635
+0.000210622473616535 -0.000298972293056227
-0.000365664212815493 +0.000035525416928191
+0.000076801255229327 -0.000193952545175368
-0.000258969279042756 -0.000360738833183736
-0.000147876762972633 -0.000269249754094296
-0.000026754863223696 -0.000439277568573082
-0.000308384515253983 -0.000338027759949680
+0.000187596465898080 -0.000351822982919989
-0.000335770624785001 -0.000267423876959741
+0.000288036163251892 -0.000312528667812100
-0.000214823570156085 -0.000086340516161545
+0.000258385207376628 -0.000224916806454653
-0.000044478529121136 -0.000008560380834525
+0.000121090206693723 -0.000046709862489846
+0.000087702614563085 -0.000106072266457734
-0.000043557521299513 +0.000189409843988663
+0.000090688036508224 -0.000395173652935068
-0.000160486068112070 +0.000279273509527271
-0.000003879817068601 -0.000573944681397634
-0.000174911435634781 +0.000166996639818452
-0.000130867037338197 -0.000517984498955014
-0.000108995986658383 -0.000100301708727717
-0.000239883504799510 -0.000292794395303147
+0.000027030064254439 -0.000387243572746607
-0.000287947580213987 +0.000022204667888021
+0.000187744240419944 -0.000588583994431846
-0.000273025975455993 +0.000214734864824401
+0.000310469983993149 -0.000529129616246582
-0.000175743486310806 +0.000121677906684443
+0.000272366794163233 -0.000130408959634949
-0.000041588219727859 -0.000341745426784431
+0.000050731667714620 +0.000415201619062349
+0.000074963667000743 -0.000868442824827968
-0.000218707796170662 +0.000673730539676918
+0.000090184798555852 -0.001016313448300872
-0.000337683496029681 +0.000346766377283689
-0.000019821586108836 -0.000551003406791152
-0.000186872150565998 -0.000388809198895178
-0.000229849867481858 +0.000164628292782580
+0.000133205977316656 -0.001005177601435974
-0.000427252275928402 +0.000496515861138194
+0.000418094902585089 -0.000993451835334843
-0.000465664657885395 +0.000179404506039477
+0.000450752529317968 -0.000324984946972744
-0.000282806158904117 -0.000524334877505160
+0.000196928537453877 +0.000491088463572823
+0.000035500671758495 -0.001060596079762765
-0.000177255639417415 +0.000835210324082407
+0.000266506190790400 -0.001082789295044218
-0.000388285065730731 +0.000514662677211692
+0.000226152578608449 -0.000591462240479273
-0.000276662559547047 -0.000225230645136814
-0.000100312310832841 +0.000075448370368314
+0.000069610617736545 -0.000873388725632153
-0.000498133980713355 +0.000447400248645509
+0.000400507878721535 -0.001009942439295882
-0.000679692984627521 +0.000251525516640681
+0.000477835928777165 -0.000532866339641373
-0.000501433326399682 -0.000402292376096423
+0.000262913620559687 +0.000245639325619207
-0.000094351041176307 -0.001038397538123032
-0.000089471183740834 +0.000739112392609217
+0.000248677946761961 -0.001178798144543983
-0.000325523325360010 +0.000570944901633412
+0.000290008415987572 -0.000746047682585943
-0.000279642741172875 -0.000088373043811301
+0.000014883951706276 -0.000107598806045317
+0.000010676850731518 -0.000697303923900729
-0.000384290693134618 +0.000256632512469513
+0.000332180998683774 -0.000862881741408300
-0.000647838959231794 +0.000113056632062045
+0.000458948575296813 -0.000526673802374015
-0.000606879051204339 -0.000413215293587544
+0.000313448770839449 +0.000011448323713373
-0.000303101334796700 -0.000887763130599087
+0.000015686462560565 +0.000345034372390432
+0.000045682269617887 -0.000988104063573949
-0.000215447197016300 +0.000292689316510449
+0.000199259422026749 -0.000741437092356287
-0.000224298385064221 -0.000003575039470123
+0.000069697589571761 -0.000410618432329535
-0.000020944017502760 -0.000275824855341738
-0.000240584707156608 -0.000220971109742265
+0.000235311620310165 -0.000406652185725378
-0.000510442016122875 -0.000192171434644841
+0.000362501501216192 -0.000412278402102082
-0.000573436763944080 -0.000303830487027889
+0.000297856153317112 -0.000310641013973278
-0.000426611044569526 -0.000499765579982360
+0.000126075066235875 -0.000140549056479748
-0.000206782353326628 -0.000694461432582186
-0.000019773529793121 +0.000016284224572574
-0.000062545752022977 -0.000792217894846806
-0.000064828646820299 +0.000076792641003864
-0.000046283312689315 -0.000764546011384417
-0.000024016916484081 +0.000031288474079466
-0.000129715566709610 -0.000675434075424282
+0.000065246611699814 -0.000065777003027810
-0.000265298014727504 -0.000565133600245141
+0.000171539247061483 -0.000216028934147413
-0.000409345644853154 -0.000426485612229820
+0.000263772351002681 -0.000414289341976245
-0.000503283274931474 -0.000296788892611477
+0.000294685970169052 -0.000545358609235692
-0.000490480702988325 -0.000322990584644370
+0.000231257163525289 -0.000413888968418640
-0.000364414707554767 -0.000582942918090797
+0.000098752422729137 -0.000048024448149293
-0.000194646519827389 -0.001009264352792329
-0.000026301533296148 +0.000335542075016419
-0.000087227744076449 -0.001248242987133609
-0.000058840272842276 +0.000390133403177612
-0.000112347478840839 -0.001034719570308641
+0.000025644825933518 -0.000004686014022152
-0.000264342176707870 -0.000535324178418692
+0.000188609570511194 -0.000546213359769341
-0.000472927902159751 -0.000114570247947206
+0.000351398193399457 -0.000834372703928400
-0.000626285976941106 -0.000101949139163291
+0.000426748233517982 -0.000651325658298795
-0.000632410005574304 -0.000526574200513741
+0.000332497515700493 -0.000128827757708044
-0.000453813928421136 -0.001113804557195324
+0.000097449762007344 +0.000384648443981397
-0.000184649118259124 -0.001491872939330527
-0.000119528838790249 +0.000535940051790057
-0.000022427543603492 -0.001385299650208912
-0.000141903641967507 +0.000191998915750627
-0.000114284230459609 -0.000847202013629199
+0.000078324477607145 -0.000433516121064664
-0.000426551981188920 -0.000254749521215137
+0.000397142941090113 -0.000907765786334013
-0.000741752678342781 -0.000045354931605775
+0.000589256725292929 -0.000863771305376886
-0.000835363929330647 -0.000415009863474509
+0.000516566022387739 -0.000314189830294449
-0.000647694892236016 -0.001113698672331733
+0.000228488267674779 +0.000330213516455441
-0.000319417088267019 -0.001632666764174986
-0.000070331954613124 +0.000580852418267961
-0.000087013557207992 -0.001608710621239758
-0.000165930674294509 +0.000271753644993961
-0.000114581242011743 -0.001098158351965784
+0.000011817393081627 -0.000334352151998996
-0.000388344312362720 -0.000518568036232684
+0.000344886853053560 -0.000783870471258954
-0.000725765891081010 -0.000288720456394283
+0.000607482847410618 -0.000789500860895102
-0.000903610158402676 -0.000534914422972137
+0.000627083807771521 -0.000402784571275815
-0.000811124373050224 -0.001052385909436565
+0.000400080228839566 +0.000080059493453845
-0.000527732448767229 -0.001495642140485337
+0.000091613723797058 +0.000344277163527563
-0.000262563254091281 -0.001613947379159389
-0.000080643450491297 +0.000251935994619207
-0.000203277162453647 -0.001385610212849055
-0.000003545076694086 -0.000110138099750608
-0.000382251267480352 -0.000978326572410477
+0.000258877792617616 -0.000598002916742255
-0.000666515465417152 -0.000177071069203165
+0.000524335876785134 +0.003549100132449818
-0.000879854595991013 +0.001432543597343692
+0.000671822646630204 -0.000929898203911425
-0.000653571164975142 -0.001199723956376773
+0.000263732127064851 -0.001128035189471600
-0.000424445882390473 -0.001848831308272716
+0.000237248872378677 +0.000964967372360143
-0.000408044768809105 -0.000625006693732991
+0.000382383368668547 -0.000676406155678529
-0.000713639888813277 -0.001999208002845442
