00000 +0.852
00010 +0.820
00020 +0.748
00030 +0.672
00040 +0.609
00050 +0.561
00060 +0.523
00070 +0.492
00080 +0.463
00090 +0.433
00100 +0.399
00110 +0.359
00120 +0.314
00130 +0.267
00140 +0.222
00150 +0.178
00160 +0.136
00170 +0.095
00180 +0.055
00190 +0.018
00200 -0.013
00210 -0.036
00220 -0.051
00230 -0.058
00240 -0.063
00250 -0.070
00260 -0.081
00270 -0.098
00280 -0.118
00290 -0.138
00300 -0.155
00310 -0.163
00320 -0.161
00330 -0.148
00340 -0.127
00350 -0.104
00360 -0.085
00370 -0.073
00380 -0.068
00390 -0.067
00400 -0.065
00410 -0.056
00420 -0.034
00430 +0.003
00440 +0.054
00450 +0.113
00460 +0.171
00470 +0.219
00480 +0.256
00490 +0.282
00500 +0.304
00510 +0.331
00520 +0.368
00530 +0.420
00540 +0.482
00550 +0.541
00560 +0.584
00570 +0.601
00580 +0.592
00590 +0.563
00600 +0.527
00610 +0.491
00620 +0.464
00630 +0.448
00640 +0.439
00650 +0.433
00660 +0.423
00670 +0.404
00680 +0.378
00690 +0.347
00700 +0.318
00710 +0.297
00720 +0.288
00730 +0.295
00740 +0.316
00750 +0.349
00760 +0.386
00770 +0.421
00780 +0.448
00790 +0.468
00800 +0.483
00810 +0.498
00820 +0.520
00830 +0.553
00840 +0.599
00850 +0.652
00860 +0.702
00870 +0.738
00880 +0.753
00890 +0.746
00900 +0.723
00910 +0.692
00920 +0.662
00930 +0.640
00940 +0.627
00950 +0.620
00960 +0.612
00970 +0.598
00980 +0.575
00990 +0.544
01000 +0.509
01010 +0.476
01020 +0.451
01030 +0.437
01040 +0.435
01050 +0.444
01060 +0.460
01070 +0.476
01080 +0.490
01090 +0.497
01100 +0.500
01110 +0.502
01120 +0.506
01130 +0.517
01140 +0.538
01150 +0.568
01160 +0.606
01170 +0.647
01180 +0.686
01190 +0.719
01200 +0.745
01210 +0.763
01220 +0.778
01230 +0.794
01240 +0.814
01250 +0.841
01260 +0.873
01270 +0.907
01280 +0.936
01290 +0.954
01300 +0.959
01310 +0.949
01320 +0.929
01330 +0.903
01340 +0.877
01350 +0.855
01360 +0.837
01370 +0.820
01380 +0.801
01390 +0.776
01400 +0.741
01410 +0.698
01420 +0.651
01430 +0.603
01440 +0.561
01450 +0.528
01460 +0.507
01470 +0.496
01480 +0.493
01490 +0.494
01500 +0.496
01510 +0.497
01520 +0.498
01530 +0.500
01540 +0.508
01550 +0.525
01560 +0.553
01570 +0.594
01580 +0.644
01590 +0.699
01600 +0.752
01610 +0.793
01620 +0.820
01630 +0.829
01640 +0.825
01650 +0.812
01660 +0.796
01670 +0.782
01680 +0.768
01690 +0.750
01700 +0.724
01710 +0.686
01720 +0.636
01730 +0.579
01740 +0.522
01750 +0.471
01760 +0.433
01770 +0.409
01780 +0.397
01790 +0.393
01800 +0.391
01810 +0.387
01820 +0.378
01830 +0.366
01840 +0.353
01850 +0.345
01860 +0.346
01870 +0.359
01880 +0.382
01890 +0.413
01900 +0.448
01910 +0.482
01920 +0.512
01930 +0.536
01940 +0.557
01950 +0.578
01960 +0.604
01970 +0.637
01980 +0.679
01990 +0.727
02000 +0.777
02010 +0.824
02020 +0.861
02030 +0.886
02040 +0.897
02050 +0.897
02060 +0.891
02070 +0.882
02080 +0.873
02090 +0.864
02100 +0.851
02110 +0.832
02120 +0.802
02130 +0.762
02140 +0.712
02150 +0.658
02160 +0.605
02170 +0.560
02180 +0.524
02190 +0.499
02200 +0.483
02210 +0.473
02220 +0.464
02230 +0.454
02240 +0.442
02250 +0.430
02260 +0.419
02270 +0.415
02280 +0.419
02290 +0.431
02300 +0.453
02310 +0.479
02320 +0.508
02330 +0.535
02340 +0.558
02350 +0.576
02360 +0.591
02370 +0.606
02380 +0.623
02390 +0.644
02400 +0.670
02410 +0.698
02420 +0.725
02430 +0.748
02440 +0.762
02450 +0.765
02460 +0.759
02470 +0.746
02480 +0.729
02490 +0.713
02500 +0.698
02510 +0.687
02520 +0.676
02530 +0.662
02540 +0.643
02550 +0.617
02560 +0.586
02570 +0.551
02580 +0.518
02590 +0.490
02600 +0.470
02610 +0.459
02620 +0.456
02630 +0.457
02640 +0.459
02650 +0.460
02660 +0.458
02670 +0.456
02680 +0.456
02690 +0.460
02700 +0.473
02710 +0.495
02720 +0.525
02730 +0.560
02740 +0.597
02750 +0.631
02760 +0.661
02770 +0.683
02780 +0.700
02790 +0.714
02800 +0.725
02810 +0.735
02820 +0.744
02830 +0.749
02840 +0.745
02850 +0.729
02860 +0.700
02870 +0.659
02880 +0.610
02890 +0.559
02900 +0.512
02910 +0.473
02920 +0.446
02930 +0.428
02940 +0.419
02950 +0.415
02960 +0.413
02970 +0.411
02980 +0.411
02990 +0.415
03000 +0.425
03010 +0.444
03020 +0.473
03030 +0.511
03040 +0.557
03050 +0.607
03060 +0.658
03070 +0.707
03080 +0.755
03090 +0.803
03100 +0.853
03110 +0.907
03120 +0.967
03130 +1.034
03140 +1.105
03150 +1.177
03160 +1.247
03170 +1.309
03180 +1.362
03190 +1.404
03200 +1.435
03210 +1.457
03220 +1.471
03230 +1.477
03240 +1.474
03250 +1.460
03260 +1.431
03270 +1.386
03280 +1.325
03290 +1.251
03300 +1.167
03310 +1.079
03320 +0.992
03330 +0.910
03340 +0.835
03350 +0.768
03360 +0.707
03370 +0.651
03380 +0.598
03390 +0.547
03400 +0.499
03410 +0.457
03420 +0.423
03430 +0.397
03440 +0.382
03450 +0.376
03460 +0.377
03470 +0.382
03480 +0.390
03490 +0.398
03500 +0.405
03510 +0.414
03520 +0.426
03530 +0.442
03540 +0.464
03550 +0.493
03560 +0.528
03570 +0.565
03580 +0.604
03590 +0.642
03600 +0.677
03610 +0.710
03620 +0.741
03630 +0.774
03640 +0.810
03650 +0.849
03660 +0.890
03670 +0.933
03680 +0.974
03690 +1.010
03700 +1.038
03710 +1.057
03720 +1.067
03730 +1.069
03740 +1.063
03750 +1.052
03760 +1.034
03770 +1.009
03780 +0.973
03790 +0.925
03800 +0.864
03810 +0.788
03820 +0.702
03830 +0.608
03840 +0.512
03850 +0.418
03860 +0.332
03870 +0.254
03880 +0.186
03890 +0.128
03900 +0.078
03910 +0.036
03920 +0.003
03930 -0.021
03940 -0.034
03950 -0.033
03960 -0.018
03970 +0.012
03980 +0.053
03990 +0.104
04000 +0.162
04010 +0.223
04020 +0.287
04030 +0.352
04040 +0.420
04050 +0.492
04060 +0.568
04070 +0.649
04080 +0.732
04090 +0.817
04100 +0.899
04110 +0.976
04120 +1.044
04130 +1.103
04140 +1.151
04150 +1.191
04160 +1.224
04170 +1.249
04180 +1.268
04190 +1.280
04200 +1.284
04210 +1.277
04220 +1.260
04230 +1.231
04240 +1.194
04250 +1.149
04260 +1.102
04270 +1.053
04280 +1.007
04290 +0.963
04300 +0.922
04310 +0.883
04320 +0.843
04330 +0.803
04340 +0.762
04350 +0.722
04360 +0.684
04370 +0.651
04380 +0.625
04390 +0.606
04400 +0.592
04410 +0.583
04420 +0.577
04430 +0.571
04440 +0.564
04450 +0.557
04460 +0.550
04470 +0.546
04480 +0.546
04490 +0.551
04500 +0.561
04510 +0.574
04520 +0.587
04530 +0.599
04540 +0.609
04550 +0.617
04560 +0.622
04570 +0.627
04580 +0.634
04590 +0.643
04600 +0.655
04610 +0.669
04620 +0.685
04630 +0.700
04640 +0.713
04650 +0.723
04660 +0.732
04670 +0.739
04680 +0.748
04690 +0.760
04700 +0.775
04710 +0.795
04720 +0.818
04730 +0.843
04740 +0.869
04750 +0.894
04760 +0.919
04770 +0.944
04780 +0.970
04790 +1.000
04800 +1.034
04810 +1.074
04820 +1.118
04830 +1.167
04840 +1.217
04850 +1.268
04860 +1.318
04870 +1.366
04880 +1.415
04890 +1.463
04900 +1.514
04910 +1.567
04920 +1.623
04930 +1.680
04940 +1.736
04950 +1.789
04960 +1.837
04970 +1.880
04980 +1.916
04990 +1.948
05000 +1.977
05010 +2.005
05020 +2.031
05030 +2.056
05040 +2.079
05050 +2.099
05060 +2.114
05070 +2.124
05080 +2.128
05090 +2.128
05100 +2.125
05110 +2.121
05120 +2.119
05130 +2.119
05140 +2.119
05150 +2.120
05160 +2.120
05170 +2.116
05180 +2.108
05190 +2.096
05200 +2.082
05210 +2.066
05220 +2.052
05230 +2.039
05240 +2.028
05250 +2.017
05260 +2.005
05270 +1.989
05280 +1.968
05290 +1.941
05300 +1.909
05310 +1.876
05320 +1.842
05330 +1.810
05340 +1.782
05350 +1.756
05360 +1.731
05370 +1.705
05380 +1.678
05390 +1.649
05400 +1.620
05410 +1.593
05420 +1.569
05430 +1.552
05440 +1.543
05450 +1.541
05460 +1.545
05470 +1.553
05480 +1.563
05490 +1.575
05500 +1.589
05510 +1.604
05520 +1.624
05530 +1.649
05540 +1.680
05550 +1.719
05560 +1.763
05570 +1.812
05580 +1.862
05590 +1.911
05600 +1.960
05610 +2.007
05620 +2.054
05630 +2.103
05640 +2.154
05650 +2.209
05660 +2.265
05670 +2.323
05680 +2.379
05690 +2.431
05700 +2.477
05710 +2.518
05720 +2.552
05730 +2.583
05740 +2.611
05750 +2.638
05760 +2.664
05770 +2.689
05780 +2.711
05790 +2.728
05800 +2.739
05810 +2.743
05820 +2.742
05830 +2.737
05840 +2.729
05850 +2.723
05860 +2.718
05870 +2.715
05880 +2.714
05890 +2.713
05900 +2.710
05910 +2.704
05920 +2.695
05930 +2.683
05940 +2.671
05950 +2.660
05960 +2.652
05970 +2.647
05980 +2.646
05990 +2.647
06000 +2.646
06010 +2.642
06020 +2.634
06030 +2.622
06040 +2.606
06050 +2.588
06060 +2.572
06070 +2.558
06080 +2.546
06090 +2.535
06100 +2.523
06110 +2.508
06120 +2.487
06130 +2.460
06140 +2.429
06150 +2.395
06160 +2.363
06170 +2.333
06180 +2.308
06190 +2.286
06200 +2.266
06210 +2.246
06220 +2.223
06230 +2.197
06240 +2.169
06250 +2.140
06260 +2.114
06270 +2.093
06280 +2.079
06290 +2.072
06300 +2.069
06310 +2.069
06320 +2.069
06330 +2.068
06340 +2.063
06350 +2.058
06360 +2.054
06370 +2.053
06380 +2.057
06390 +2.068
06400 +2.083
06410 +2.100
06420 +2.115
06430 +2.126
06440 +2.132
06450 +2.132
06460 +2.129
06470 +2.125
06480 +2.124
06490 +2.125
06500 +2.130
06510 +2.135
06520 +2.139
06530 +2.137
06540 +2.129
06550 +2.114
06560 +2.095
06570 +2.075
06580 +2.056
06590 +2.043
06600 +2.034
06610 +2.029
06620 +2.026
06630 +2.020
06640 +2.011
06650 +1.998
06660 +1.981
06670 +1.964
06680 +1.950
06690 +1.941
06700 +1.938
06710 +1.941
06720 +1.948
06730 +1.955
06740 +1.959
06750 +1.958
06760 +1.952
06770 +1.944
06780 +1.936
06790 +1.931
06800 +1.930
06810 +1.935
06820 +1.943
06830 +1.950
06840 +1.954
06850 +1.951
06860 +1.940
06870 +1.924
06880 +1.905
06890 +1.887
06900 +1.873
06910 +1.863
06920 +1.857
06930 +1.852
06940 +1.845
06950 +1.833
06960 +1.814
06970 +1.790
06980 +1.764
06990 +1.739
07000 +1.719
07010 +1.705
07020 +1.698
07030 +1.695
07040 +1.693
07050 +1.688
07060 +1.679
07070 +1.666
07080 +1.650
07090 +1.634
07100 +1.623
07110 +1.618
07120 +1.620
07130 +1.627
07140 +1.637
07150 +1.644
07160 +1.648
07170 +1.646
07180 +1.639
07190 +1.631
07200 +1.623
07210 +1.620
07220 +1.623
07230 +1.630
07240 +1.640
07250 +1.648
07260 +1.652
07270 +1.649
07280 +1.639
07290 +1.626
07300 +1.611
07310 +1.600
07320 +1.593
07330 +1.592
07340 +1.594
07350 +1.596
07360 +1.596
07370 +1.590
07380 +1.578
07390 +1.561
07400 +1.543
07410 +1.526
07420 +1.514
07430 +1.507
07440 +1.505
07450 +1.505
07460 +1.504
07470 +1.499
07480 +1.487
07490 +1.471
07500 +1.451
07510 +1.430
07520 +1.412
07530 +1.399
07540 +1.391
07550 +1.386
07560 +1.382
07570 +1.375
07580 +1.364
07590 +1.345
07600 +1.323
07610 +1.298
07620 +1.274
07630 +1.256
07640 +1.244
07650 +1.238
07660 +1.236
07670 +1.233
07680 +1.228
07690 +1.218
07700 +1.203
07710 +1.187
07720 +1.172
07730 +1.162
07740 +1.160
07750 +1.166
07760 +1.177
07770 +1.191
07780 +1.203
07790 +1.211
07800 +1.214
07810 +1.213
07820 +1.211
07830 +1.212
07840 +1.217
07850 +1.228
07860 +1.244
07870 +1.263
07880 +1.279
07890 +1.291
07900 +1.295
07910 +1.292
07920 +1.283
07930 +1.272
07940 +1.262
07950 +1.256
07960 +1.254
07970 +1.254
07980 +1.253
07990 +1.247
08000 +1.234
08010 +1.212
08020 +1.182
08030 +1.148
08040 +1.114
08050 +1.083
08060 +1.059
08070 +1.042
08080 +1.028
08090 +1.013
08100 +0.995
08110 +0.969
08120 +0.938
08130 +0.904
08140 +0.871
08150 +0.844
08160 +0.827
08170 +0.820
08180 +0.820
08190 +0.824
08200 +0.825
08210 +0.821
08220 +0.811
08230 +0.795
08240 +0.779
08250 +0.767
08260 +0.762
08270 +0.765
08280 +0.776
08290 +0.790
08300 +0.802
08310 +0.807
08320 +0.804
08330 +0.792
08340 +0.777
08350 +0.761
08360 +0.751
08370 +0.749
08380 +0.755
08390 +0.767
08400 +0.780
08410 +0.790
08420 +0.792
08430 +0.788
08440 +0.780
08450 +0.774
08460 +0.775
08470 +0.788
08480 +0.814
08490 +0.852
08500 +0.896
08510 +0.942
08520 +0.984
08530 +1.022
08540 +1.058
08550 +1.094
08560 +1.137
08570 +1.191
08580 +1.256
08590 +1.331
08600 +1.412
08610 +1.493
08620 +1.570
08630 +1.639
08640 +1.701
08650 +1.757
08660 +1.813
08670 +1.872
08680 +1.936
08690 +2.007
08700 +2.082
08710 +2.155
08720 +2.222
08730 +2.280
08740 +2.326
08750 +2.363
08760 +2.395
08770 +2.424
08780 +2.456
08790 +2.492
08800 +2.532
08810 +2.571
08820 +2.606
08830 +2.633
08840 +2.647
08850 +2.651
08860 +2.646
08870 +2.637
08880 +2.627
08890 +2.621
08900 +2.618
08910 +2.617
08920 +2.614
08930 +2.604
08940 +2.584
08950 +2.553
08960 +2.511
08970 +2.463
08980 +2.412
08990 +2.363
09000 +2.317
09010 +2.274
09020 +2.233
09030 +2.188
09040 +2.136
09050 +2.074
09060 +2.002
09070 +1.922
09080 +1.838
09090 +1.754
09100 +1.674
09110 +1.601
09120 +1.533
09130 +1.468
09140 +1.401
09150 +1.328
09160 +1.248
09170 +1.161
09180 +1.069
09190 +0.979
09200 +0.895
09210 +0.821
09220 +0.758
09230 +0.704
09240 +0.656
09250 +0.607
09260 +0.554
09270 +0.496
09280 +0.434
09290 +0.374
09300 +0.320
09310 +0.279
09320 +0.254
09330 +0.242
09340 +0.240
09350 +0.242
09360 +0.243
09370 +0.239
09380 +0.230
09390 +0.222
09400 +0.218
09410 +0.225
09420 +0.247
09430 +0.284
09440 +0.332
09450 +0.385
09460 +0.436
09470 +0.481
09480 +0.519
09490 +0.550
09500 +0.582
09510 +0.618
09520 +0.663
09530 +0.720
09540 +0.786
09550 +0.855
09560 +0.921
09570 +0.977
09580 +1.022
09590 +1.055
09600 +1.080
09610 +1.102
09620 +1.129
09630 +1.161
09640 +1.200
09650 +1.240
09660 +1.277
09670 +1.304
09680 +1.316
09690 +1.314
09700 +1.299
09710 +1.276
09720 +1.252
09730 +1.229
09740 +1.211
09750 +1.195
09760 +1.176
09770 +1.149
09780 +1.109
09790 +1.054
09800 +0.984
09810 +0.904
09820 +0.819
09830 +0.734
09840 +0.652
09850 +0.574
09860 +0.499
09870 +0.421
09880 +0.338
09890 +0.244
09900 +0.139
09910 +0.025
09920 -0.094
09930 -0.212
09940 -0.324
09950 -0.426
09960 -0.519
09970 -0.604
09980 -0.688
09990 -0.773
10000 -0.865
10010 -0.963
10020 -1.065
10030 -1.167
10040 -1.262
10050 -1.346
10060 -1.416
10070 -1.474
10080 -1.524
10090 -1.571
10100 -1.622
10110 -1.679
10120 -1.742
10130 -1.809
10140 -1.874
10150 -1.929
10160 -1.972
10170 -2.001
10180 -2.019
10190 -2.032
10200 -2.046
10210 -2.067
10220 -2.096
10230 -2.133
10240 -2.173
10250 -2.208
10260 -2.234
10270 -2.245
10280 -2.242
10290 -2.231
10300 -2.217
10310 -2.207
10320 -2.207
10330 -2.218
10340 -2.234
10350 -2.251
10360 -2.260
10370 -2.256
10380 -2.235
10390 -2.201
10400 -2.160
10410 -2.120
10420 -2.089
10430 -2.070
10440 -2.062
10450 -2.060
10460 -2.054
10470 -2.038
10480 -2.007
10490 -1.961
10500 -1.907
10510 -1.853
10520 -1.808
10530 -1.779
10540 -1.764
10550 -1.762
10560 -1.764
10570 -1.761
10580 -1.747
10590 -1.721
10600 -1.684
10610 -1.646
10620 -1.616
10630 -1.600
10640 -1.603
10650 -1.623
10660 -1.652
10670 -1.683
10680 -1.708
10690 -1.721
10700 -1.723
10710 -1.719
10720 -1.718
10730 -1.729
10740 -1.758
10750 -1.805
10760 -1.865
10770 -1.932
10780 -1.994
10790 -2.044
10800 -2.079
10810 -2.101
10820 -2.117
10830 -2.136
10840 -2.165
10850 -2.209
10860 -2.264
10870 -2.325
10880 -2.380
10890 -2.420
10900 -2.439
10910 -2.436
10920 -2.416
10930 -2.387
10940 -2.361
10950 -2.344
10960 -2.337
10970 -2.337
10980 -2.334
10990 -2.320
11000 -2.284
11010 -2.223
11020 -2.142
11030 -2.047
11040 -1.952
11050 -1.864
11060 -1.790
11070 -1.729
11080 -1.673
11090 -1.614
11100 -1.540
11110 -1.445
11120 -1.329
11130 -1.199
11140 -1.066
11150 -0.942
11160 -0.836
11170 -0.750
11180 -0.679
11190 -0.614
11200 -0.544
11210 -0.459
11220 -0.356
11230 -0.242
11240 -0.125
11250 -0.018
11260 +0.069
11270 +0.132
11280 +0.173
11290 +0.200
11300 +0.226
11310 +0.261
11320 +0.311
11330 +0.375
11340 +0.446
11350 +0.513
11360 +0.567
11370 +0.601
11380 +0.616
11390 +0.618
11400 +0.617
11410 +0.623
11420 +0.646
11430 +0.687
11440 +0.743
11450 +0.805
11460 +0.864
11470 +0.912
11480 +0.943
11490 +0.960
11500 +0.971
11510 +0.985
11520 +1.012
11530 +1.058
11540 +1.123
11550 +1.200
11560 +1.279
11570 +1.349
11580 +1.403
11590 +1.439
11600 +1.460
11610 +1.477
11620 +1.501
11630 +1.538
11640 +1.594
11650 +1.662
11660 +1.735
11670 +1.801
11680 +1.850
11690 +1.878
11700 +1.888
11710 +1.887
11720 +1.888
11730 +1.900
11740 +1.929
11750 +1.975
11760 +2.031
11770 +2.085
11780 +2.130
11790 +2.159
11800 +2.173
11810 +2.178
11820 +2.184
11830 +2.200
11840 +2.236
11850 +2.291
11860 +2.364
11870 +2.444
11880 +2.524
11890 +2.595
11900 +2.655
11910 +2.706
11920 +2.754
11930 +2.810
11940 +2.880
11950 +2.970
11960 +3.078
11970 +3.199
11980 +3.322
11990 +3.440
12000 +3.547
12010 +3.640
12020 +3.723
12030 +3.804
12040 +3.891
12050 +3.991
12060 +4.105
12070 +4.230
12080 +4.359
12090 +4.481
12100 +4.589
12110 +4.679
12120 +4.752
12130 +4.813
12140 +4.871
12150 +4.934
12160 +5.005
12170 +5.086
12180 +5.172
12190 +5.253
12200 +5.323
12210 +5.375
12220 +5.408
12230 +5.425
12240 +5.435
12250 +5.446
12260 +5.464
12270 +5.493
12280 +5.531
12290 +5.571
12300 +5.607
12310 +5.630
12320 +5.638
12330 +5.631
12340 +5.614
12350 +5.594
12360 +5.581
12370 +5.578
12380 +5.587
12390 +5.605
12400 +5.624
12410 +5.636
12420 +5.634
12430 +5.617
12440 +5.586
12450 +5.548
12460 +5.510
12470 +5.481
12480 +5.465
12490 +5.459
12500 +5.459
12510 +5.455
12520 +5.441
12530 +5.411
12540 +5.366
12550 +5.310
12560 +5.252
12570 +5.201
12580 +5.161
12590 +5.135
12600 +5.120
12610 +5.108
12620 +5.091
12630 +5.062
12640 +5.020
12650 +4.968
12660 +4.911
12670 +4.858
12680 +4.817
12690 +4.791
12700 +4.779
12710 +4.776
12720 +4.774
12730 +4.765
12740 +4.745
12750 +4.713
12760 +4.673
12770 +4.632
12780 +4.598
12790 +4.576
12800 +4.570
12810 +4.575
12820 +4.585
12830 +4.591
12840 +4.586
12850 +4.566
12860 +4.533
12870 +4.492
12880 +4.452
12890 +4.420
12900 +4.401
12910 +4.394
12920 +4.395
12930 +4.394
12940 +4.385
12950 +4.360
12960 +4.319
12970 +4.266
12980 +4.208
12990 +4.155
13000 +4.115
13010 +4.089
13020 +4.076
13030 +4.067
13040 +4.055
13050 +4.033
13060 +3.997
13070 +3.949
13080 +3.895
13090 +3.845
13100 +3.808
13110 +3.789
13120 +3.788
13130 +3.802
13140 +3.820
13150 +3.835
13160 +3.840
13170 +3.835
13180 +3.821
13190 +3.808
13200 +3.804
13210 +3.818
13220 +3.851
13230 +3.902
13240 +3.962
13250 +4.019
13260 +4.064
13270 +4.092
13280 +4.104
13290 +4.107
13300 +4.110
13310 +4.122
13320 +4.151
13330 +4.194
13340 +4.244
13350 +4.292
13360 +4.327
13370 +4.342
13380 +4.338
13390 +4.319
13400 +4.297
13410 +4.280
13420 +4.279
13430 +4.295
13440 +4.324
13450 +4.358
13460 +4.386
13470 +4.401
13480 +4.399
13490 +4.385
13500 +4.366
13510 +4.352
13520 +4.354
13530 +4.376
13540 +4.418
13550 +4.473
13560 +4.531
13570 +4.582
13580 +4.620
13590 +4.643
13600 +4.657
13610 +4.669
13620 +4.691
13630 +4.730
13640 +4.788
13650 +4.860
13660 +4.935
13670 +5.000
13680 +5.046
13690 +5.067
13700 +5.066
13710 +5.050
13720 +5.032
13730 +5.022
13740 +5.024
13750 +5.038
13760 +5.054
13770 +5.062
13780 +5.052
13790 +5.017
13800 +4.959
13810 +4.885
13820 +4.806
13830 +4.735
13840 +4.679
13850 +4.640
13860 +4.614
13870 +4.592
13880 +4.563
13890 +4.518
13900 +4.456
13910 +4.379
13920 +4.297
13930 +4.221
13940 +4.161
13950 +4.124
13960 +4.110
13970 +4.113
13980 +4.120
13990 +4.121
14000 +4.109
14010 +4.081
14020 +4.044
14030 +4.008
14040 +3.988
14050 +3.994
14060 +4.029
14070 +4.087
14080 +4.155
14090 +4.219
14100 +4.264
14110 +4.286
14120 +4.288
14130 +4.282
14140 +4.282
14150 +4.301
14160 +4.344
14170 +4.407
14180 +4.478
14190 +4.543
14200 +4.587
14210 +4.606
14220 +4.600
14230 +4.580
14240 +4.559
14250 +4.553
14260 +4.570
14270 +4.610
14280 +4.666
14290 +4.725
14300 +4.774
14310 +4.803
14320 +4.810
14330 +4.802
14340 +4.790
14350 +4.789
14360 +4.812
14370 +4.863
14380 +4.941
14390 +5.032
14400 +5.120
14410 +5.191
14420 +5.235
14430 +5.253
14440 +5.255
14450 +5.256
14460 +5.270
14470 +5.306
14480 +5.363
14490 +5.427
14500 +5.482
14510 +5.510
14520 +5.501
14530 +5.456
14540 +5.384
14550 +5.302
14560 +5.225
14570 +5.165
14580 +5.122
14590 +5.090
14600 +5.054
14610 +4.999
14620 +4.917
14630 +4.804
14640 +4.666
14650 +4.512
14660 +4.358
14670 +4.212
14680 +4.083
14690 +3.967
14700 +3.858
14710 +3.745
14720 +3.618
14730 +3.470
14740 +3.300
14750 +3.115
14760 +2.925
14770 +2.746
14780 +2.596
14790 +2.486
14800 +2.420
14810 +2.392
14820 +2.391
14830 +2.399
14840 +2.407
14850 +2.411
14860 +2.421
14870 +2.454
14880 +2.526
14890 +2.649
14900 +2.821
14910 +3.025
14920 +3.237
14930 +3.432
14940 +3.596
14950 +3.725
14960 +3.827
14970 +3.920
14980 +4.020
14990 +4.142
15000 +4.288
15010 +4.450
15020 +4.612
15030 +4.755
15040 +4.867
15050 +4.940
15060 +4.979
15070 +4.994
15080 +5.000
15090 +5.015
15100 +5.046
15110 +5.098
15120 +5.162
15130 +5.223
15140 +5.266
15150 +5.276
15160 +5.246
15170 +5.180
15180 +5.093
15190 +5.009
15200 +4.953
15210 +4.942
15220 +4.980
15230 +5.054
15240 +5.138
15250 +5.205
15260 +5.240
15270 +5.243
15280 +5.233
15290 +5.238
15300 +5.288
15310 +5.402
15320 +5.577
15330 +5.793
15340 +6.017
15350 +6.220
15360 +6.386
15370 +6.514
15380 +6.619
15390 +6.729
15400 +6.871
15410 +7.066
15420 +7.321
15430 +7.624
15440 +7.951
15450 +8.278
15460 +8.581
15470 +8.850
15480 +9.091
15490 +9.320
15500 +9.563
15510 +9.843
15520 +10.176
15530 +10.554
15540 +10.954
15550 +11.333
15560 +11.643
15570 +11.847
15580 +11.928
15590 +11.899
15600 +11.798
15610 +11.672
15620 +11.560
15630 +11.480
15640 +11.423
15650 +11.364
15660 +11.273
15670 +11.132
15680 +10.944
15690 +10.729
15700 +10.522
15710 +10.364
15720 +10.283
15730 +10.294
15740 +10.388
15750 +10.536
15760 +10.706
15770 +10.868
15780 +11.008
15790 +11.131
15800 +11.261
15810 +11.435
15820 +11.693
15830 +12.070
15840 +12.588
15850 +13.252
15860 +14.056
15870 +14.991
15880 +16.053
15890 +17.255
15900 +18.637
15910 +20.269
15920 +22.231
15930 +24.479
15940 +26.293
15950 +26.015
15960 +23.899
15970 +21.575
15980 +19.610
15990 +18.033
16000 +16.784
16010 +15.816
16020 +15.101
16030 +14.613
16040 +14.321
16050 +14.180
16060 +14.132
16070 +14.128
16080 +14.133
16090 +14.142
16100 +14.172
16110 +14.256
16120 +14.436
16130 +14.750
16140 +15.218
16150 +15.839
16160 +16.583
16170 +17.405
16180 +18.244
16190 +19.033
16200 +19.695
16210 +20.126
16220 +20.193
16230 +19.782
16240 +18.901
16250 +17.693
16260 +16.350
16270 +15.015
16280 +13.764
16290 +12.628
16300 +11.611
16310 +10.715
16320 +9.942
16330 +9.299
16340 +8.797
16350 +8.440
16360 +8.216
16370 +8.100
16380 +8.051
16390 +8.031
16400 +8.015
16410 +7.997
16420 +7.987
16430 +8.012
16440 +8.101
16450 +8.273
16460 +8.531
16470 +8.854
16480 +9.204
16490 +9.539
16500 +9.826
16510 +10.053
16520 +10.227
16530 +10.368
16540 +10.490
16550 +10.594
16560 +10.656
16570 +10.632
16580 +10.476
16590 +10.167
16600 +9.718
16610 +9.166
16620 +8.559
16630 +7.943
16640 +7.359
16650 +6.839
16660 +6.407
16670 +6.077
16680 +5.843
16690 +5.687
16700 +5.578
16710 +5.489
16720 +5.401
16730 +5.310
16740 +5.226
16750 +5.169
16760 +5.163
16770 +5.222
16780 +5.346
16790 +5.514
16800 +5.694
16810 +5.852
16820 +5.966
16830 +6.030
16840 +6.057
16850 +6.072
16860 +6.104
16870 +6.176
16880 +6.295
16890 +6.446
16900 +6.597
16910 +6.710
16920 +6.752
16930 +6.709
16940 +6.584
16950 +6.394
16960 +6.160
16970 +5.899
16980 +5.621
16990 +5.321
17000 +4.985
17010 +4.596
17020 +4.145
17030 +3.634
17040 +3.074
17050 +2.491
17060 +1.918
17070 +1.398
17080 +0.975
17090 +0.685
17100 +0.544
17110 +0.537
17120 +0.623
17130 +0.752
17140 +0.878
17150 +0.977
17160 +1.050
17170 +1.118
17180 +1.213
17190 +1.368
17200 +1.596
17210 +1.886
17220 +2.203
17230 +2.501
17240 +2.738
17250 +2.888
17260 +2.948
17270 +2.934
17280 +2.879
17290 +2.814
17300 +2.761
17310 +2.715
17320 +2.642
17330 +2.481
17340 +2.161
17350 +1.620
17360 +0.813
17370 -0.285
17380 -1.692
17390 -3.415
17400 -5.431
17410 -7.579
17420 -9.315
17430 -9.793
17440 -9.001
17450 -7.765
17460 -6.598
17470 -5.606
17480 -4.737
17490 -3.911
17500 -3.074
17510 -2.213
17520 -1.354
17530 -0.543
17540 +0.170
17550 +0.749
17560 +1.179
17570 +1.473
17580 +1.675
17590 +1.851
17600 +2.076
17610 +2.409
17620 +2.867
17630 +3.424
17640 +4.017
17650 +4.566
17660 +4.998
17670 +5.263
17680 +5.354
17690 +5.319
17700 +5.250
17710 +5.247
17720 +5.354
17730 +5.531
17740 +5.667
17750 +5.655
17760 +5.451
17770 +5.089
17780 +4.657
17790 +4.259
17800 +3.980
17810 +3.871
17820 +3.930
17830 +4.115
17840 +4.361
17850 +4.600
17860 +4.773
17870 +4.849
17880 +4.824
17890 +4.724
17900 +4.599
17910 +4.510
17920 +4.510
17930 +4.623
17940 +4.835
17950 +5.102
17960 +5.361
17970 +5.551
17980 +5.623
17990 +5.562
18000 +5.388
18010 +5.157
18020 +4.944
18030 +4.818
18040 +4.817
18050 +4.925
18060 +5.080
18070 +5.182
18080 +5.125
18090 +4.819
18100 +4.224
18110 +3.369
18120 +2.360
18130 +1.365
18140 +0.581
18150 +0.137
18160 +0.007
18170 +0.034
18180 +0.045
18190 -0.056
18200 -0.255
18210 -0.446
18220 -0.485
18230 -0.273
18240 +0.184
18250 +0.797
18260 +1.453
18270 +2.057
18280 +2.541
18290 +2.864
18300 +3.011
18310 +3.006
18320 +2.913
18330 +2.826
18340 +2.836
18350 +2.990
18360 +3.275
18370 +3.634
18380 +3.994
18390 +4.288
18400 +4.464
18410 +4.494
18420 +4.390
18430 +4.227
18440 +4.136
18450 +4.253
18460 +4.636
18470 +5.253
18480 +6.033
18490 +6.925
18500 +7.912
18510 +9.001
18520 +10.178
18530 +11.357
18540 +12.370
18550 +13.077
18560 +13.489
18570 +13.712
18580 +13.830
18590 +13.862
18600 +13.783
18610 +13.553
18620 +13.152
18630 +12.611
18640 +12.005
18650 +11.424
18660 +10.937
18670 +10.572
18680 +10.322
18690 +10.154
18700 +10.024
18710 +9.888
18720 +9.710
18730 +9.469
18740 +9.169
18750 +8.841
18760 +8.527
18770 +8.271
18780 +8.094
18790 +7.990
18800 +7.936
18810 +7.900
18820 +7.848
18830 +7.753
18840 +7.603
18850 +7.406
18860 +7.188
18870 +6.988
18880 +6.839
18890 +6.755
18900 +6.729
18910 +6.738
18920 +6.752
18930 +6.743
18940 +6.691
18950 +6.590
18960 +6.450
18970 +6.301
18980 +6.175
18990 +6.097
19000 +6.076
19010 +6.101
19020 +6.147
19030 +6.189
19040 +6.203
19050 +6.174
19060 +6.102
19070 +6.002
19080 +5.900
19090 +5.824
19100 +5.793
19110 +5.807
19120 +5.855
19130 +5.914
19140 +5.961
19150 +5.977
19160 +5.954
19170 +5.895
19180 +5.815
19190 +5.740
19200 +5.690
19210 +5.679
19220 +5.705
19230 +5.753
19240 +5.804
19250 +5.838
19260 +5.842
19270 +5.811
19280 +5.750
19290 +5.675
19300 +5.608
19310 +5.567
19320 +5.562
19330 +5.590
19340 +5.637
19350 +5.686
19360 +5.718
19370 +5.722
19380 +5.694
19390 +5.643
19400 +5.588
19410 +5.554
19420 +5.558
19430 +5.605
19440 +5.684
19450 +5.775
19460 +5.857
19470 +5.913
19480 +5.935
19490 +5.929
19500 +5.910
19510 +5.899
19520 +5.918
19530 +5.972
19540 +6.057
19550 +6.158
19560 +6.256
19570 +6.334
19580 +6.383
19590 +6.402
19600 +6.401
19610 +6.397
19620 +6.406
19630 +6.442
19640 +6.505
19650 +6.588
19660 +6.675
19670 +6.751
19680 +6.802
19690 +6.819
19700 +6.805
19710 +6.767
19720 +6.720
19730 +6.679
19740 +6.657
19750 +6.654
19760 +6.663
19770 +6.669
19780 +6.655
19790 +6.609
19800 +6.526
19810 +6.410
19820 +6.279
19830 +6.157
19840 +6.066
19850 +6.017
19860 +6.005
19870 +6.015
19880 +6.025
19890 +6.016
19900 +5.978
19910 +5.914
19920 +5.837
19930 +5.770
19940 +5.734
19950 +5.742
19960 +5.788
19970 +5.857
19980 +5.926
19990 +5.977
20000 +5.997
20010 +5.985
20020 +5.951
20030 +5.912
20040 +5.886
20050 +5.886
20060 +5.912
20070 +5.950
20080 +5.985
20090 +5.997
20100 +5.974
20110 +5.912
20120 +5.817
20130 +5.703
20140 +5.587
20150 +5.488
20160 +5.415
20170 +5.368
20180 +5.338
20190 +5.311
20200 +5.275
20210 +5.222
20220 +5.151
20230 +5.068
20240 +4.988
20250 +4.927
20260 +4.898
20270 +4.904
20280 +4.935
20290 +4.978
20300 +5.014
20310 +5.030
20320 +5.022
20330 +4.991
20340 +4.950
20350 +4.916
20360 +4.904
20370 +4.922
20380 +4.968
20390 +5.029
20400 +5.088
20410 +5.130
20420 +5.144
20430 +5.131
20440 +5.098
20450 +5.062
20460 +5.040
20470 +5.046
20480 +5.083
20490 +5.143
20500 +5.207
20510 +5.257
20520 +5.276
20530 +5.257
20540 +5.204
20550 +5.131
20560 +5.060
20570 +5.011
20580 +4.995
20590 +5.004
20600 +5.018
20610 +5.018
20620 +4.990
20630 +4.931
20640 +4.853
20650 +4.774
20660 +4.711
20670 +4.679
20680 +4.680
20690 +4.710
20700 +4.752
20710 +4.792
20720 +4.817
20730 +4.818
20740 +4.795
20750 +4.755
20760 +4.709
20770 +4.673
20780 +4.656
20790 +4.663
20800 +4.689
20810 +4.723
20820 +4.752
20830 +4.762
20840 +4.745
20850 +4.702
20860 +4.641
20870 +4.575
20880 +4.519
20890 +4.486
20900 +4.478
20910 +4.491
20920 +4.509
20930 +4.516
20940 +4.498
20950 +4.448
20960 +4.370
20970 +4.275
20980 +4.182
20990 +4.110
21000 +4.072
21010 +4.068
21020 +4.084
21030 +4.100
21040 +4.096
21050 +4.061
21060 +3.992
21070 +3.903
21080 +3.816
21090 +3.754
21100 +3.735
21110 +3.762
21120 +3.820
21130 +3.886
21140 +3.935
21150 +3.952
21160 +3.935
21170 +3.894
21180 +3.846
21190 +3.815
21200 +3.816
21210 +3.852
21220 +3.912
21230 +3.978
21240 +4.028
21250 +4.047
21260 +4.030
21270 +3.981
21280 +3.911
21290 +3.839
21300 +3.784
21310 +3.755
21320 +3.755
21330 +3.772
21340 +3.789
21350 +3.787
21360 +3.752
21370 +3.682
21380 +3.582
21390 +3.469
21400 +3.365
21410 +3.290
21420 +3.255
21430 +3.255
21440 +3.273
21450 +3.284
21460 +3.269
21470 +3.216
21480 +3.127
21490 +3.020
21500 +2.917
21510 +2.845
21520 +2.819
21530 +2.836
21540 +2.880
21550 +2.923
21560 +2.940
21570 +2.919
21580 +2.858
21590 +2.771
21600 +2.679
21610 +2.606
21620 +2.568
21630 +2.571
21640 +2.601
21650 +2.637
21660 +2.656
21670 +2.641
21680 +2.587
21690 +2.498
21700 +2.390
21710 +2.287
21720 +2.209
21730 +2.169
21740 +2.166
21750 +2.187
21760 +2.208
21770 +2.207
21780 +2.170
21790 +2.093
21800 +1.988
21810 +1.876
21820 +1.785
21830 +1.737
21840 +1.739
21850 +1.782
21860 +1.840
21870 +1.885
21880 +1.894
21890 +1.859
21900 +1.789
21910 +1.704
21920 +1.634
21930 +1.603
21940 +1.623
21950 +1.685
21960 +1.765
21970 +1.834
21980 +1.870
21990 +1.860
22000 +1.810
22010 +1.737
22020 +1.666
22030 +1.620
22040 +1.615
22050 +1.650
22060 +1.709
22070 +1.769
22080 +1.807
22090 +1.807
22100 +1.768
22110 +1.699
22120 +1.620
22130 +1.554
22140 +1.521
22150 +1.531
22160 +1.580
22170 +1.648
22180 +1.711
22190 +1.748
22200 +1.747
22210 +1.708
22220 +1.648
22230 +1.590
22240 +1.560
22250 +1.576
22260 +1.639
22270 +1.734
22280 +1.835
22290 +1.914
22300 +1.952
22310 +1.946
22320 +1.906
22330 +1.857
22340 +1.824
22350 +1.829
22360 +1.880
22370 +1.964
22380 +2.059
22390 +2.136
22400 +2.175
22410 +2.167
22420 +2.119
22430 +2.049
22440 +1.982
22450 +1.940
22460 +1.937
22470 +1.971
22480 +2.026
22490 +2.077
22500 +2.103
22510 +2.089
22520 +2.033
22530 +1.945
22540 +1.849
22550 +1.767
22560 +1.722
22570 +1.722
22580 +1.760
22590 +1.814
22600 +1.858
22610 +1.870
22620 +1.838
22630 +1.768
22640 +1.677
22650 +1.595
22660 +1.547
22670 +1.550
22680 +1.600
22690 +1.678
22700 +1.753
22710 +1.798
22720 +1.795
22730 +1.746
22740 +1.668
22750 +1.589
22760 +1.537
22770 +1.531
22780 +1.570
22790 +1.637
22800 +1.706
22810 +1.748
22820 +1.746
22830 +1.697
22840 +1.615
22850 +1.523
22860 +1.449
22870 +1.413
22880 +1.420
22890 +1.461
22900 +1.515
22910 +1.556
22920 +1.566
22930 +1.535
22940 +1.469
22950 +1.388
22960 +1.316
22970 +1.279
22980 +1.289
22990 +1.343
23000 +1.424
23010 +1.507
23020 +1.565
23030 +1.585
23040 +1.567
23050 +1.526
23060 +1.488
23070 +1.481
23080 +1.522
23090 +1.611
23100 +1.730
23110 +1.851
23120 +1.946
23130 +1.999
23140 +2.005
23150 +1.979
23160 +1.948
23170 +1.941
23180 +1.975
23190 +2.053
23200 +2.157
23210 +2.261
23220 +2.337
23230 +2.366
23240 +2.343
23250 +2.279
23260 +2.199
23270 +2.134
23280 +2.107
23290 +2.123
23300 +2.173
23310 +2.232
23320 +2.270
23330 +2.264
23340 +2.202
23350 +2.088
23360 +1.946
23370 +1.812
23380 +1.723
23390 +1.697
23400 +1.731
23410 +1.800
23420 +1.865
23430 +1.892
23440 +1.856
23450 +1.754
23460 +1.612
23470 +1.476
23480 +1.401
23490 +1.423
23500 +1.541
23510 +1.721
23520 +1.913
23530 +2.068
23540 +2.156
23550 +2.167
23560 +2.126
23570 +2.086
23580 +2.109
23590 +2.241
23600 +2.485
23610 +2.808
23620 +3.156
23630 +3.480
23640 +3.746
23650 +3.939
23660 +4.070
23670 +4.176
23680 +4.310
23690 +4.524
23700 +4.843
23710 +5.254
23720 +5.722
23730 +6.201
23740 +6.653
23750 +7.050
23760 +7.381
23770 +7.652
23780 +7.896
23790 +8.163
23800 +8.505
23810 +8.946
23820 +9.477
23830 +10.061
23840 +10.659
23850 +11.234
23860 +11.758
23870 +12.214
23880 +12.600
23890 +12.940
23900 +13.281
23910 +13.665
23920 +14.106
23930 +14.585
23940 +15.068
23950 +15.524
23960 +15.927
23970 +16.259
23980 +16.506
23990 +16.659
