+0.000459761505557668 -0.000773109411401279
+0.000587378127746177 +0.002258374090928595
+0.000465235740759873 -0.000422427516314947
+0.000601819552426885 +0.000757546618084498
+0.000510386888822612 +0.001521461720330250
+0.000586418116270293 +0.000557738317332219
+0.000563995358258505 +0.001203954918528252
+0.000508908610501364 -0.000455397739142108
+0.000582651688652729 +0.002387152634033613
+0.000318936226407324 -0.001700145570954887
+0.000347121783304765 +0.001697584083653060
+0.000089495318251412 -0.000998125927473375
+0.000128377416126261 +0.002430041002067927
+0.000052053483866103 -0.001023449026831557
+0.000020741952744832 +0.003227370990844122
+0.000155740524747606 -0.000985427888001237
+0.000141105683061044 +0.002072213253063339
+0.000306891972276320 -0.000216565533287867
+0.000321265712733764 +0.001468496646637989
+0.000385491268348977 +0.000142209540838368
+0.000382491210556208 +0.001068769521168375
+0.000469688604972904 +0.000107648936434302
+0.000319763492398924 +0.001848485449385413
+0.000314062396320512 -0.002101487924484858
+0.000291916347879396 +0.004531242596105885
+0.000296474772406354 -0.004270547810399528
+0.000351791640044922 +0.006759726583109764
+0.000296848672940159 -0.005074841430490019
+0.000419014483112506 +0.007416913650274269
+0.000343551108060573 -0.004811418617307363
+0.000502467141579142 +0.006669775820383955
+0.000454166362457250 -0.004181244675615259
+0.000443207339579029 +0.005839384763019097
+0.000511921394981141 -0.004776607688341235
+0.000443661328287043 +0.007018704751036211
+0.000589441921516842 -0.007307043394174158
+0.000491543576480520 +0.010595592372321074
+0.000789462834426506 -0.011253396325534692
+0.000700791986524201 +0.016982496164523506
+0.000877239331403206 -0.019606871949593572
+0.000766379955944948 +0.029325063532174733
+0.000848872619043131 -0.025836921462325545
+0.000880914328776744 +0.945015583575996576
+0.000652224845840351 +1.040807109773585815
+0.000635983680917561 +0.399320651086810863
+0.000472979386597946 -0.354480688618480255
+0.000562445875546551 -0.245866290380878649
+0.000365035294633743 -0.243858760646958300
+0.000411823711660093 -0.367967075281515066
+0.000488201900587641 -0.212598640098609348
+0.000457526403577495 -0.167293197432199836
+0.000701239493234033 +0.208146322158277497
+0.000374932979175826 +0.519688651249853750
+0.000557530909323755 +0.136196561862935051
+0.000372025007586481 -0.152105323400999054
+0.000706192982775506 +0.023405341755833604
+0.000420474004674067 -0.041229223395503264
+0.000568225723316701 -0.084713330220246102
+0.000673830939389958 -0.100463979716311144
+0.001326440745987303 -0.039287929076566426
+0.001520517415900339 -0.090910577934384326
+0.001816162434125330 -0.040904721847151264
+0.001532176766450856 +0.015937134351030221
+0.004751232963751429 -0.066677483585697833
+0.022398666088474302 -0.002767146317598067
+0.048216197849250166 +0.045928186462247181
+0.069608041932585685 +0.001514238614267554
+0.077639578533810483 +0.007159970138218023
+0.084510001207624710 -0.023921885510755463
+0.092676448417115004 -0.037349856431725031
+0.083820028992569184 -0.031998473019324958
+0.064474186063297162 +0.007029557820117293
+0.043592261236641276 -0.002951647795496368
+0.024066826852141759 -0.029440050361957106
+0.017324466743017884 +0.000557079537863849
+0.007155855773793992 +0.013628190047765613
-0.004237781462734787 -0.014989415748176091
-0.000963836094450282 +0.002545473770544053
+0.015621151948924996 +0.004258891332925855
+0.018010330816894755 +0.007809986699477964
+0.013895919724948740 -0.002859343537267995
+0.016018568523347605 -0.013596698168117188
+0.021793707252601720 -0.017872476972010883
+0.021849186432874972 -0.029849772190233069
+0.016136786795779318 -0.025853567805351592
+0.008143928565548832 -0.027224259562891956
+0.006195764519472251 -0.018031175050168484
+0.012703552440109855 +0.007555462153969540
+0.015868729002827625 +0.020870493302336354
+0.013776178966059987 +0.036983157401985184
+0.014033818627968474 +0.031825534134892752
+0.011081881164064231 +0.040546702585312622
-0.002344433647057166 +0.005807961142386272
-0.014757300488882984 -0.002544329774236318
-0.014132394873859035 -0.003705384012586997
-0.008854945219340427 +0.005038354499851835
-0.003001254914258364 +0.003907340172579024
+0.000172524818836557 -0.012850466512823891
+0.002159663987595906 +0.004001144174599904
+0.003454297076293283 -0.015671895879557415
+0.005412270186966663 +0.007268344987162364
+0.004675385491470919 -0.004064001567234905
+0.000315783475249768 -0.012207532300596119
-0.002087040497839095 +0.010336619766156675
-0.003538541342014766 +0.006208805924814270
-0.005879359774802574 +0.024208267875651591
-0.009252554073537022 -0.010990013937979715
-0.010730765122996243 +0.002890276896449162
-0.009709402012466516 -0.007477438907102396
-0.005933103480293814 -0.009803472440563982
-0.002238310499713313 -0.004263930359414511
-0.001048614752153033 -0.018078434896441925
+0.001005877160246961 +0.011371801178294004
+0.003241778706964325 +0.004738293841961137
+0.005641655082647284 +0.026648465645250162
+0.005810704519848393 +0.005066826581132330
+0.005448765241991674 +0.011334849708945141
+0.005195119313109871 +0.020454995701462551
+0.004422916799643328 +0.000138427097468154
+0.003670410686472751 -0.001073672822694939
+0.002431410301884188 -0.031278009585451981
+0.001375619178737140 -0.015640932247702834
+0.001130038730426358 -0.031937330520799570
+0.002365566628445219 -0.021901634628782932
+0.002480805145779408 -0.020317719482342803
+0.003080032153820144 -0.009941645775099426
+0.002646594456763499 +0.028656230137302584
+0.002823327412200348 +0.023485251358189380
+0.002764074947463119 +0.033929841261515672
+0.002193319057902505 +0.018787727586294597
+0.001672615648530230 +0.026469666375703069
-0.000048261212963593 +0.013438674261327931
-0.000591655124006838 -0.000786861760236647
-0.000500186849817810 +0.001169147299370695
+0.000562302251691414 -0.006091728944500485
+0.002508348365090923 +0.001546415819439386
+0.004866588306644125 -0.001111735955195865
+0.006975769976608728 +0.007500515892991549
+0.008235110520656770 +0.013524810566274491
+0.009757201522183664 +0.028781546248993626
+0.009485274038290872 +0.032597522970224890
+0.009605679056638585 +0.028066920996872070
+0.008385751133879208 +0.022482770717274354
+0.006865831282193206 +0.017117389769295444
+0.005187376357274361 +0.002368606532557343
+0.002987035662805709 -0.016108996953825234
+0.001589498508876488 -0.015615410683546096
-0.000686765978952075 -0.023169643317604620
-0.001666856183341864 -0.016755261941435048
-0.002495324748452398 -0.014630275645721249
-0.002324840416340927 -0.003360416299234982
-0.001403204879495785 +0.002843734047185804
-0.000307956642547971 +0.019839459477380205
-0.000270970821793885 +0.021850074894950541
-0.000386164895890424 +0.007918346412963564
+0.000547348189677537 +0.004019665790251098
+0.000737327351853376 -0.007860748580643487
+0.000937925214024525 -0.004721297804460239
+0.000420720642222148 -0.014676579939767152
+0.000163557196400873 -0.008253799122968116
-0.000489525545076783 -0.010914665634750549
-0.000656745880336028 -0.016019080159069610
-0.000132482270522018 +0.002181186754000810
-0.000422252167674171 +0.008175359120053214
+0.000501796853425697 +0.011000640041943449
+0.001662876258921532 +0.015651678714705738
+0.002940363585049156 +0.004070158266059375
+0.003628546367005244 -0.003782002833533457
+0.004303663599360313 +0.003732746052925672
+0.005655205414189783 -0.011636435859411067
+0.006549046148579254 -0.005741874533681177
+0.006556659894952002 -0.011837311938368109
+0.005860547862587270 -0.012855541868770685
+0.004710335649497296 +0.007969757814899656
+0.002775236418419830 -0.014017004591088841
+0.001243410219705129 +0.014642714067033373
-0.000003479993856796 -0.004374876814657612
-0.000009545224940050 +0.004109205703439311
+0.000512899904055693 +0.008154216369168972
+0.000979525356254994 -0.009262919229985310
+0.001983912534681795 +0.007673715697057944
+0.002220949144666026 -0.017838965225346778
+0.001929369686412982 +0.000399785075792522
-0.000183493883594623 -0.013205507634612583
-0.002747498403691389 -0.009307096148413622
-0.005155629702055020 -0.000722656808078924
-0.006516833461941495 -0.007342677912007605
-0.006989924046799250 +0.010579171155307324
-0.006303629273937503 -0.000343127216444720
-0.004757474798479993 +0.013085411692118000
-0.002618369726713348 +0.001986379078987304
+0.000157373248166495 +0.007970415666919761
+0.000064206405091282 +0.002390154345380826
-0.000429571455481664 -0.002189106362681074
-0.001280236304259760 -0.000026821730773421
-0.001996300892936675 -0.008367228084757542
-0.001966033847144551 +0.000958273315746726
-0.001803013742625908 -0.008303394869396311
-0.001036447835265457 +0.004095064016939754
-0.000535084901471011 -0.001388240970210539
+0.000199156114910721 +0.005224233444177841
+0.000308991155536542 +0.006810918689787473
+0.000538507147737890 +0.001946570057621843
+0.000546684572113807 +0.008365081039066257
+0.000682357994837231 -0.002897716694275992
+0.000265157114039344 +0.004239866675724256
-0.000624399989466349 -0.006598515814921237
-0.000968558459222037 -0.003168357467760250
-0.001781549099530316 -0.005501303912056734
-0.001643946631436894 -0.006790400184367179
-0.001818039619051841 -0.001664834554367071
-0.001267149911563029 -0.004633180724694099
-0.000767580032564322 +0.002195725625149795
-0.000563906157743974 -0.001004465358217637
-0.000112316851568654 +0.002841519997453665
-0.000546252504526587 -0.000243450756147018
-0.000308646491111824 -0.000442821738569127
-0.000752577385176899 -0.002234218153790470
-0.000867237915388465 -0.004766097226579837
-0.001386015371806418 -0.005927729759131162
-0.001839068155168950 -0.007288666629825720
-0.001924212417061220 -0.005798999080091999
-0.002211680794874849 -0.005690873161641803
-0.001716463268625213 -0.002016436172583509
-0.001502194218508030 -0.001032394474883291
-0.000590000415823196 +0.003805382968621354
-0.000018831151492825 +0.003173568653015621
+0.000623738586185732 +0.007033810654061911
+0.000952481210015990 +0.003403560857368235
+0.000974063496344910 +0.004882013709096018
+0.001099070648171122 +0.001870032617951916
+0.000745594373555036 -0.000706779187100847
+0.000741621351761831 +0.000313379526604574
+0.000378734216061328 -0.005353759967847482
+0.000502308081198497 +0.001830980647806471
+0.000476305889161913 -0.005101652630953482
+0.000728938968476255 +0.003417586039137797
+0.000959430567100718 -0.000406447271036892
+0.001051582450456414 +0.003052514528094654
+0.001284939177243764 +0.005741212662623056
+0.001048608674270710 -0.000327248884019265
+0.000982669488840603 +0.007665246869377510
+0.000438133687908411 -0.004443854617679132
+0.000134376431123519 +0.005020602533145613
-0.000441019755475107 -0.005545805475097155
-0.000866957375749632 -0.001196039996480060
-0.001238428921068043 -0.002044256353611211
-0.001594475394472673 -0.005383146399927171
-0.001615140822273388 +0.004376107352259843
-0.001701056811223037 -0.005783985913374357
-0.001364801891824071 +0.008341298122123340
-0.001223591146949908 -0.002485656775649625
-0.000742320895242260 +0.006956931760852561
-0.000540604986380608 +0.002206867809844235
-0.000256266846868550 +0.000467293903268270
-0.000093632496228816 +0.005618334099282161
-0.000040740250966673 -0.005771550573404664
+0.000139514689762506 +0.006424502050364381
+0.000016758767310636 -0.007192298178143357
+0.000255373976472459 +0.004363719437419193
+0.000152235746293173 -0.002190393360670748
+0.000460044894241230 +0.000864083424561238
+0.000530726090485929 +0.004913016750425611
+0.000810124845163706 -0.002390114817694563
+0.001071848394296382 +0.008612177204938015
+0.001196463888967253 -0.003942416957940150
+0.001493896971527611 +0.006208086732559237
+0.001320644361144412 -0.003345071891584077
+0.001503470339648167 -0.000012368753914188
+0.001146653991118944 -0.000663955983102816
+0.001140089498969907 -0.005219290588800010
+0.000837868129256837 +0.002126462440653105
+0.000661174090726295 -0.006191529586609776
+0.000595760066349390 +0.003643804644594340
+0.000292960404237270 -0.002979344276663277
+0.000436328499443513 +0.002683494283627345
+0.000092592598907493 +0.000911820266612245
+0.000303574437358639 -0.000294381048255716
+0.000088639614424349 +0.002470097792932976
+0.000152683683231473 -0.003032274029126106
+0.000076730184298391 +0.001612196577817217
-0.000103513160830604 -0.003916118610354648
-0.000021717204652998 -0.000163873524711020
-0.000354433111372599 -0.002641824596375167
-0.000164532640886386 -0.000763347498781593
-0.000404370461349261 +0.000149685053163303
-0.000127597712205026 +0.000202476796886642
-0.000105439007276756 +0.002517017680010616
+0.000094582481384510 +0.001059781654358258
+0.000358249413240187 +0.003238225833749512
+0.000367545252466993 +0.000963146344072906
+0.000721973114356802 +0.002181576175590987
+0.000537252101590025 +0.000011093795623928
+0.000776708452059683 +0.000567133991896788
+0.000545530522911588 -0.000809598749818572
+0.000583463194854933 +0.000000731576670602
+0.000484817141626131 -0.000679550221529731
+0.000363370641257326 +0.000547229561517897
+0.000490535156516357 +0.000519986258332245
+0.000313674602689799 +0.001055307376402803
+0.000542552727468208 +0.002261001869361179
+0.000344922170100507 +0.000139161098472659
+0.000479241825019571 +0.003316456012596627
+0.000307904962128339 -0.001687744064814603
+0.000225965254855998 +0.002567499585253014
+0.000094166608232909 -0.002478674594446173
-0.000171749550449084 -0.000099753801450109
-0.000196455412152901 -0.000807842115726709
-0.000476209649096881 -0.003137861164711264
-0.000402761329152224 +0.002439059357605133
-0.000561179709282333 -0.004539454768968582
-0.000412531244460769 +0.004372062204486337
-0.000381119356166805 -0.003091885999689282
-0.000260997511548546 +0.002973657602448984
-0.000147182383234097 +0.000370948785724037
-0.000154288418361584 -0.001188831430049185
-0.000047583951103062 +0.003605211519881649
-0.000167185071282800 -0.005068631940253414
-0.000079284918713936 +0.004555668757786825
-0.000223438753234682 -0.005633010736353583
-0.000118755440820427 +0.002684169813796573
-0.000164726381063469 -0.002163761909896301
-0.000050791616803152 -0.000705026613413767
+0.000056610774758929 +0.003003209360236428
+0.000150762096571472 -0.003578655594512830
+0.000391308045075783 +0.006321338634382430
+0.000406893556489256 -0.004220988938630054
+0.000646974665474420 +0.005486751629403186
+0.000549863836977908 -0.002308298575990752
+0.000663420495457310 +0.001099550583769425
+0.000512844188984684 +0.001025319887796961
+0.000462547791578486 -0.003805836831167798
+0.000367702759562297 +0.003761414136391838
+0.000205240482744117 -0.005966499585223316
+0.000246390944521066 +0.004210315584143024
+0.000043482558911064 -0.004152304812253778
+0.000183667747150190 +0.002012346000407670
+0.000005228061268221 +0.000057474681399328
+0.000135771641137437 -0.001433071094498654
+0.000033264499801761 +0.003646361290742476
+0.000026390325071643 -0.003953632665665100
+0.000021056612854394 +0.004373474479845897
-0.000165111867028844 -0.003966658954232655
-0.000074823991701634 +0.002259666046637512
-0.000351097807289941 -0.001573946797362926
-0.000206396124549844 -0.000800980475665933
-0.000405462255411349 +0.001596474552720436
-0.000278116291692138 -0.002598961887513756
-0.000272208367440926 +0.003555659060177342
-0.000244831607033278 -0.002272204751025167
-0.000033578834626598 +0.003286195893984185
-0.000125786986668549 -0.000502280084053610
+0.000175777924362330 +0.001345974971360939
+0.000026794962789103 +0.001225953468981260
+0.000254748802374820 -0.000703944258405098
+0.000159626541616354 +0.001911723731779943
+0.000209771715733031 -0.001489179931654861
+0.000255781766193989 +0.001544173056937209
+0.000133636598593406 -0.000841887694033478
+0.000317737326510264 +0.000854534604572646
+0.000122740382114155 +0.000339789530362398
+0.000345922992151772 +0.000514604853594168
+0.000193021426826771 +0.000909137062864412
+0.000319208206122709 +0.000559588755985607
+0.000280057937734959 +0.000578379193945933
+0.000230930464444419 +0.000492459326099606
+0.000304949868289981 -0.000008877648492903
+0.000106305533440032 -0.000126186931643582
+0.000233432601572094 +0.000034263067386959
+0.000000310330699227 -0.001089617816473459
+0.000103544774501343 +0.000835833340773128
-0.000037568481318907 -0.001664010133070058
-0.000011642997334038 +0.001551626669262228
+0.000003645817269799 -0.001132989555040793
-0.000058369705635285 +0.001161720242880827
+0.000077707612731375 +0.000469288156151370
-0.000039687337336361 -0.000488394678536449
+0.000125067480183820 +0.002251878356441567
+0.000014241940009376 -0.002302376238864245
+0.000123478780410221 +0.002978747751192387
+0.000077755820016185 -0.002703151677882301
+0.000100596976793704 +0.001963202821265848
+0.000149165871354361 -0.000939904490637545
+0.000107785950908152 -0.000353093269131885
+0.000234834442783875 +0.002088918365899825
+0.000174591793150908 -0.002556124078166166
+0.000330204290328320 +0.004323225229783936
+0.000285729854063087 -0.003117324955817255
+0.000403751955939237 +0.004006993728085419
+0.000386821669619606 -0.001454572888707124
+0.000419407265794953 +0.001117524285552301
+0.000431774845269078 +0.001557908877224421
+0.000371173765646801 -0.002481509052727163
+0.000413500206150517 +0.004028672253608969
+0.000293787249631212 -0.004297478378863176
+0.000361729477273079 +0.004276512254258260
+0.000236279657020809 -0.003007632954503835
+0.000304557103820385 +0.002004106350457827
+0.000223809849061227 +0.000527655998165896
+0.000250257948973344 -0.001406209779452757
+0.000241734920932461 +0.003882500399088243
+0.000187318768085049 -0.003752045070506210
+0.000247404280539044 +0.004801875775064206
+0.000112445512441376 -0.003499671016635899
+0.000208465980549536 +0.002770321491354343
+0.000048580471233938 -0.000842465045344469
+0.000131244760151221 -0.000696043433612327
+0.000035351376983994 +0.002448609746355854
+0.000058867764332077 -0.003225216661642952
+0.000091337906942770 +0.004246826036948009
+0.000034714826794650 -0.003270636591712167
+0.000188639906361341 +0.003513177938576512
+0.000074778623136273 -0.001059771468175959
+0.000269371558002998 +0.000930252803154436
+0.000160358318195817 +0.001752198547031066
+0.000288227453854819 -0.001677665320791698
+0.000256237727511656 +0.003361247519326056
+0.000249022279734085 -0.002653204556029287
+0.000331942624058379 +0.002992904396905058
+0.000203595806413559 -0.001590531736065929
+0.000374841310074434 +0.001236909935560219
+0.000211022358467282 +0.000536778528412426
+0.000383481405136083 -0.000571810232203937
+0.000286584073324052 +0.002193201439651942
+0.000361697309429858 -0.001352992965677749
+0.000389136611007874 +0.002407833010366027
+0.000318442179345705 -0.000930293352921260
+0.000450036256261355 +0.001356264503739810
+0.000271359463976417 +0.000045385571037566
+0.000426087221032224 +0.000054987636797316
+0.000242492714525876 +0.000744898801809845
+0.000328196760533159 -0.000546367738669076
+0.000244771350728590 +0.000810621576674463
+0.000213306913975417 -0.000287467425016230
+0.000271771748390243 +0.000534081781709488
+0.000142415044149749 +0.000227448008390897
+0.000296220410611494 +0.000451531283108146
+0.000141000855440940 +0.000312602341308092
+0.000290320032061578 +0.000771924089284936
+0.000191512000090595 -0.000099599119904086
+0.000249226848486663 +0.001143807368624926
+0.000255057137584244 -0.000400687006078719
+0.000199453058460146 +0.000996953357186468
+0.000300759016760580 +0.000061741235854065
+0.000180088977958747 +0.000178158524207430
+0.000320473079330149 +0.001299677779538717
+0.000214800540476145 -0.000948129946821192
+0.000325128221722500 +0.002437868479746665
+0.000293644197076508 -0.001396012278831315
+0.000327312274537782 +0.002382004212757258
+0.000378668906248714 -0.000428708739940684
+0.000332211416562450 +0.000809088599837681
+0.000429729240393455 +0.001477038866864119
+0.000337469681718581 -0.001287208684444184
+0.000430925330545402 +0.003072033243842276
+0.000343337391139859 -0.002420183235693586
+0.000395925117083852 +0.003156480358696913
+0.000353162969772910 -0.001584887674463673
+0.000350794681627645 +0.001496383781706415
+0.000366530347992697 +0.000798317036876859
+0.000316334046993165 -0.000943970933281590
+0.000376171502207173 +0.003157136296998521
+0.000297736038596764 -0.002618865563232706
+0.000370359091653649 +0.003946448410449734
+0.000290402773555969 -0.002378319498667026
+0.000342249856468336 +0.002503046240638531
+0.000290357047745518 -0.000208259017457748
+0.000299673288285469 -0.000308168165101092
+0.000298918192467054 +0.002544281363713442
+0.000261449000017186 -0.002657078600705156
+0.000318458937342148 +0.004105338758800700
+0.000247889943520674 -0.002969387957068179
+0.000344423090513394 +0.003411342706961074
+0.000269329194941212 -0.000988683078498547
+0.000364192540524409 +0.000861549742227471
+0.000321209949165989 +0.001960913254385256
+0.000365833486016444 -0.001813859455718470
+0.000387088715100629 +0.003925853956232263
+0.000351065018925776 -0.002841840040253625
+0.000444206780051126 +0.003693098412665307
+0.000343724183070918 -0.001586608587927663
+0.000472258639759950 +0.001549877277221702
+0.000368013670413096 +0.001004288748998784
+0.000467023183142748 -0.000947890709521650
+0.000428030879723223 +0.003129723556687180
+0.000440931608347741 -0.002148059403122410
+0.000499454545286530 +0.003469689475353827
+0.000414609630681470 -0.001457663070522302
+0.000542781568612086 +0.002013971984912964
+0.000408171495946815 +0.000431436967781403
+0.000532629868970224 -0.000067711544798996
+0.000426611262755425 +0.002153654498832605
+0.000475624296394181 -0.001371633872898632
+0.000461849973149627 +0.002705331023121496
+0.000405168781256424 -0.001258671512694095
+0.000494540410051911 +0.002032030898530074
+0.000363531028658714 -0.000097810134944231
+0.000504445984409509 +0.000774026455879274
+0.000372936989736014 +0.001675311198010855
+0.000480980822815557 -0.006023902464969994
+0.000424213581943327 -0.003276985623339857
+0.000436095303489038 -0.000303626017082607
+0.000483956724888844 -0.000610145733043551
+0.000395689697480564 +0.005039744517230889
+0.000523943514058655 +0.000324775655557196
+0.000348143783714078 +0.000126855431404324
+0.000446847242543101 +0.001456725786000687
+0.000358800121335882 -0.000283631870099936
+0.000463034704055830 -0.000702889451315754
+0.000464046315534601 -0.001827731400064809
+0.000482141238574440 +0.000503247682063321
+0.000541145304366863 +0.001273842828060506
