-0.003097180013812834 -0.007321849493977994
+0.000698600901322894 +0.004224358496989891
-0.003166260119179551 -0.007387078323819097
+0.000862760196241362 +0.004058772112687587
-0.002988098214133723 -0.007556182771791365
+0.000424534292183149 +0.004918147032911492
-0.002962965572908065 -0.008220419529922933
+0.000205720707568909 +0.004722396322681589
-0.002853525014159272 -0.008230533735729540
+0.000637785678129142 +0.004567792576774678
-0.003518330962712276 -0.008009406619577426
+0.000606611120027437 +0.004432806649566473
-0.003378389235949368 -0.008192560795228610
+0.000514585716957824 +0.004770578912887089
-0.003315719792234677 -0.008437523680852065
+0.000316423076505356 +0.005027914849567230
-0.003297365657822314 -0.008746599556313440
+0.000492609070899591 +0.005003878281818860
-0.003335489876577460 -0.008789121591264876
+0.000443517474758815 +0.005293278648425477
-0.003522555613153447 -0.009098676145066296
+0.000406585110035944 +0.005536488221575111
-0.003367070286340305 -0.009343761334586283
+0.000421300462055687 +0.005771615223321079
-0.003642374290813155 -0.009356633810298762
+0.000657994314287898 +0.005574806139420228
-0.003764294095657383 -0.009413973724885382
+0.000806295261592526 +0.005636839877790133
-0.003837538474300578 -0.009674632907027369
+0.000652638583507199 +0.005806971391794777
-0.003770067127636100 -0.010199055372434252
+0.000658056074460397 +0.006162206296342618
-0.003814734588920351 -0.010595944363797599
+0.000461849467363185 +0.006534275645811739
-0.003927249772096473 -0.011261667823246588
+0.000452712412592559 +0.006985746344246990
-0.003994013264273361 -0.011866298062858285
+0.000371082616929965 +0.007604557136259312
-0.004246420413884428 -0.012583225894938897
+0.000491034648244612 +0.008157638421623285
-0.004397471667425626 -0.013480915910574038
+0.000622074225139170 +0.009258846656237298
-0.004659152387825585 -0.015267839007358666
+0.000559816609442077 +0.011478610281517631
-0.004701973223912729 -0.018098078751074567
+0.000326218136932222 +0.016371949230642727
-0.004452232634495537 -0.025043390007384824
+0.000460174401107293 +0.029342625537632290
-0.003809379248977660 -0.043174462649815004
-0.000104450809112981 +0.541906721880890396
-0.001868611090382726 +0.693001698313338133
-0.004254255104560600 +0.381985299131921918
+0.039616751949704293 +0.350019678661792732
+0.447569047814659782 +0.325861650891891785
+0.378309218146620385 -0.225361053257977784
+0.286928524003080998 -0.945702658823178055
+0.318985624677415203 -0.541949333442636183
+0.319223434482746704 -0.074564425144995852
-0.264884172296435572 -0.012400259613082491
-0.529453241068502223 +0.001009619976285314
-0.305794300078577386 +0.160833772263577424
-0.128683096867126950 +0.197408856143153622
-0.066803981846311714 +0.199813741646238108
-0.037310072515760989 +0.098623852723490557
+0.059921375804535201 -0.052381558939142377
+0.164360527389445010 -0.086618282850994807
+0.216650328070061293 +0.000199149260518692
+0.061456872596581870 +0.084524795971115993
-0.070779326711896434 +0.005151613112288653
-0.047216615592337023 -0.101503859172397307
+0.062406160634311050 -0.094087829566278050
+0.035474302250612960 -0.053519010079825735
-0.068537421766273726 -0.012868835995923981
-0.079445757553625096 +0.003146610484893243
-0.020024854296367432 -0.006640780864857255
+0.011742809474088636 -0.006885251245697783
+0.011435883073874210 +0.024588407171180632
-0.028285436401737162 +0.034720886846994002
-0.018812743207910345 -0.016247469943446953
+0.037087126393794356 -0.037168678845661607
+0.043227186772521638 -0.036578548954162723
-0.003681097564252888 -0.023155579359001505
-0.025052903633485120 -0.007770497600281670
-0.016476923310819701 -0.008861404130777283
-0.005374019506086147 -0.016586943416138748
+0.000861010576801066 -0.006746145643297501
-0.021668408314605599 +0.000191215354141875
-0.019837151450739651 +0.000655123249314674
+0.000511545188793550 -0.002169452578646403
+0.006796172675278912 -0.010449225980053815
-0.004094704598098227 -0.010116586926235462
-0.011113012900037593 -0.001858522198164871
-0.009019102929979523 +0.003317921913887641
+0.003764729975100811 +0.000503925283812576
+0.005430186731569579 -0.002800151024504626
-0.007230691170953488 +0.007477851397831066
-0.007958015049864198 +0.004748765656258407
-0.004065240854572024 +0.003634012279583963
+0.000765914733147772 -0.001904458549253011
-0.004220944262166882 -0.001595774513545213
-0.014229774707315439 -0.007645535147812035
-0.009774410857274948 -0.004602842272906251
-0.002752356936529559 +0.000910499595895568
-0.001809017866283745 -0.003393754450392155
-0.006458596502817579 -0.006636790310669728
+0.000864612660681394 -0.004196249517394566
+0.005627314662326288 +0.003028253960822925
+0.004906203346093214 -0.001653077044892360
-0.001298304824608565 -0.007593524273872046
-0.002630975107612449 -0.008105814697096526
-0.005501839172065439 -0.007983440031698350
-0.008851794479325364 -0.001149390341619845
-0.008240185852021929 -0.010087382691468774
-0.012641361899723563 -0.006152545814086035
-0.007654033095774967 -0.005845857766999905
-0.000658181960706793 +0.000151911544570189
-0.000260132409473954 -0.002640115202539734
-0.000444099043215355 -0.004117469802484057
+0.000484608507711078 -0.000744408620054050
+0.008684366549319002 -0.007343103163404630
+0.000857969790973119 -0.004717433107634337
-0.000884203280734239 -0.009540756545096630
-0.003215833787865920 -0.010406639016424945
-0.005927545142488657 -0.014421893702683514
-0.008875190159671097 -0.015625207438235519
-0.011650860285652032 -0.016686998775329094
-0.012294413611231059 -0.030403904776792924
-0.014593955927769830 -0.017563775539053049
-0.010007139513422485 -0.012517264848138686
-0.015792081432151842 +0.004224987767380959
-0.016955309318586256 +0.015832368891393465
-0.011307882555987048 +0.032123218094186654
-0.007700199807518703 +0.034364624575598302
+0.003570415720367777 +0.014865234443097801
+0.007272374158167988 +0.007189073889846889
+0.018652100079901261 -0.012053112388015458
+0.016773496559588881 -0.020274859961856968
+0.011693496790864386 -0.023975383624195601
+0.000275275584533397 -0.023121944861984253
-0.007730420208643770 -0.018010727685980985
-0.009034546843183923 -0.016262342865912268
-0.013345390023101419 -0.004982451609724292
-0.010757151669983389 -0.009740527546431087
-0.009686804853237075 -0.006184513317162237
-0.005298581821201249 -0.004801678692956241
-0.003796673871154404 +0.000844022013772320
-0.008385396858004818 -0.000117956645562722
-0.007068746800593648 -0.003324856869492979
-0.008425424846855021 +0.000133529306233359
-0.004642826484474554 -0.001607956181414011
-0.006482291842321925 -0.002947868838756500
-0.003037556032908555 -0.008319862226896632
-0.002877295078692889 -0.000689364460854444
+0.001337338659611152 +0.002372601296484017
+0.003010211866373194 -0.001233728254935293
+0.002772257893052155 -0.000382022203380219
+0.007156368171881190 -0.002575298772524079
+0.009091951902476426 -0.002764267610066926
+0.007378143919160167 -0.008127560320555310
+0.001563594130211618 -0.008629460551771807
-0.001316625355430745 -0.013274699147088023
-0.003821782703523344 -0.008821094535496562
-0.010424964448035326 -0.005970232985015727
-0.012457354834541870 -0.005705600093585022
-0.013657273470243321 -0.003086261066259065
-0.008068182262290634 +0.001753669681598079
-0.009315595662962214 +0.003919038566960022
-0.006531801624753765 -0.001208085917203440
-0.005676361137117768 -0.004081873679328679
-0.001136153185440392 -0.010531227455813355
-0.002708459314778099 -0.021494134763257546
-0.004013854318202243 -0.014946661984747520
-0.008587344419583441 -0.001991722740406401
-0.011606439590974266 -0.005032493963428514
-0.016419633161560573 +0.021301066103462010
-0.005613967362616266 +0.029157903277874601
-0.003671896718149179 +0.029027316560349549
+0.001276886238653765 +0.020592718640192863
+0.020111595055370073 +0.008333546270743925
+0.026255791707361822 -0.000212881502496348
+0.024113282748072881 +0.002221360106813203
+0.016749610803280551 -0.002746359807171236
+0.004174163073250553 +0.004438086298105354
-0.000492102605339786 +0.003174410116359959
-0.000021124709339418 -0.000715035347508174
-0.004088607894832980 +0.006563694669038615
+0.002020858639166831 -0.004274881083808320
+0.000102173488608609 -0.004047957141839980
+0.002781054351787351 -0.003623672642802070
+0.004298905485741418 -0.001678177811051382
-0.001821896335117224 +0.001704762715427768
-0.001600838168536543 +0.002444351212647793
-0.000020930911373321 +0.001357950456788732
+0.000004854191851079 +0.001127849016488436
+0.000724452233362614 -0.001200829258160550
+0.000753006651442177 -0.001435083600519711
-0.001272903134384940 +0.000237708754426190
+0.000511701781127496 -0.002304349482059096
-0.001733691055696573 +0.001688761374632969
-0.001706477681618452 +0.001827440586254094
-0.001405692182728593 +0.000032702346884795
-0.000850249697393498 +0.002583211566938066
+0.002335520328990531 -0.001941649888081573
+0.000873293005160542 -0.001043025623304979
+0.001689762318227934 -0.002725304009768448
+0.001074461968269453 -0.003215185014625402
-0.000204763115195765 -0.003648881031475856
+0.000035371981950875 -0.003381278699914407
-0.002004121805302599 -0.003055576502214165
-0.002068257866874774 -0.001847397485614102
-0.002529813872738531 +0.000768032014135034
-0.001888747078953102 +0.000437788503633901
-0.002403512993904755 +0.002698839501327365
-0.000700193508619033 +0.001927743901911427
-0.000366298951380035 +0.002085484329592974
+0.000513033096976094 +0.002760437460953269
+0.001627300855376131 -0.000436387202266877
+0.000609110869732314 +0.001504971904611179
+0.001878010117771293 -0.000730683355452273
+0.000670662896882553 +0.000069237127151862
+0.000511872579399841 -0.000859798451854629
+0.000716586777547605 -0.001077608217061542
-0.000177695514538306 -0.001558213119831417
+0.000588491224055306 -0.002087563373871553
-0.000320733352745322 -0.001594726218559265
-0.000041109593768226 -0.002764272710041969
-0.001145315219960623 -0.001967363999105627
-0.000754542495371324 -0.002243045546382491
-0.001620676871644931 -0.001616925788662522
-0.002027623197119510 -0.001032954730554184
-0.002054440534077026 -0.001359757978586207
-0.002346506169153545 +0.000893144428186297
-0.001874640994875023 -0.000169257815471727
-0.002253950658390014 +0.001993265071797155
-0.001257426139865632 +0.001100353858944131
-0.000820479152299310 +0.001646701892315291
-0.000096303466888873 +0.001139993576313203
+0.001138134722666645 +0.000382071371903847
+0.000979536768495234 -0.000090279526976213
+0.001972826147121337 -0.001048665790799504
+0.001334453358811865 -0.000797477876215838
+0.001650386039580808 -0.001429662856337574
+0.000628803817773006 -0.001096763247716376
+0.000470434668402922 -0.000353187125870216
+0.000196757641070956 +0.000088649013121092
-0.000316635857128300 +0.001670803642633435
-0.000323200284864334 +0.001414321031867005
-0.000366988075158003 +0.003024966700663510
+0.000120172399487238 +0.001066606346062896
+0.000137876193977269 +0.001530975032981292
+0.000614236405109985 -0.000900186483556391
+0.000562078064847984 -0.002029961167693124
+0.000043273245884268 -0.002609789371704676
+0.000113313364915484 -0.002861537201526192
-0.001541701339899236 -0.001661997734333678
-0.001485174450536731 -0.001557094425303776
-0.002293414262605334 -0.000418693429709088
-0.001557599934665887 +0.000179889783402776
-0.001077437158106261 -0.000151944119631721
-0.000521300678220257 +0.000855575339692571
+0.000096487511699873 +0.000137890062650769
+0.000246980899593174 +0.001505878505465634
+0.000411842552920540 +0.000832033806152462
+0.000173283786720578 +0.002102328608285857
+0.000325341386297512 +0.000898940323352443
+0.000457925514775652 +0.001468917763491922
+0.000675387278235478 +0.000455994154755276
+0.001001524263306011 +0.000300528387851624
+0.000457979747166784 -0.000068230661412614
+0.001024335619877815 -0.000641731367398993
+0.000213331046945411 -0.000388949455211060
+0.000577415995324319 -0.000749661946541992
-0.000029539918346384 -0.000854517583997415
+0.000089761269266907 -0.000669452531602180
-0.000102025999384516 -0.001227942844606839
-0.000227066041639288 -0.000008912719779470
-0.000194976121754812 -0.000935210502631472
-0.000549088913669068 +0.000725564774289869
-0.000321585592896527 -0.000308997084111537
-0.000272897170263280 +0.001126215185198540
-0.000136556103550139 +0.000234453324547681
+0.000045061945706254 +0.000772876952061695
-0.000086178463694137 -0.000122290058971267
+0.000467851474478368 -0.000249706179513375
-0.000243910447550018 -0.000625756796486339
+0.000150713440563876 -0.001403790376868830
-0.000776767530197049 -0.001496815743870822
-0.000360568053687593 -0.001610092664369988
-0.000972094850018478 -0.001524675386465948
-0.000994895476958436 -0.000546078361130853
-0.001055695872911020 -0.000860373102535019
-0.001067323828902778 +0.000765723598631985
-0.000527426042707734 -0.000617966542164200
-0.000358317700579283 +0.000852984852539878
+0.000077993949209450 -0.000378442350679752
+0.000229263587675229 -0.000062339516455333
+0.000006022701001286 -0.000408858173405850
+0.000281152376059997 +0.000364402682613417
-0.000400246755870790 -0.000184061683785050
-0.000439751350534132 +0.000955164865659007
-0.000526462632489957 +0.000124506746203326
-0.000069879591926140 +0.000328738022105642
-0.000253488030268982 +0.000007595794676753
+0.000653621096346973 -0.000384421604475074
+0.000040098225012046 -0.000635713424509719
+0.000408812482770016 +0.000040289119725589
+0.000264750611319755 -0.001469325753543527
-0.000291296788738618 +0.000706957564260369
+0.000108714259840315 -0.001457185403090477
-0.000351935793652419 +0.000162984722699072
-0.000381970000899956 -0.000848540796151265
+0.000063414882970875 -0.000401840828260169
-0.000789025859502412 -0.000540094712691008
-0.000165324560244900 +0.000054396375363544
-0.000707301528342558 -0.000469355730814782
-0.000505639651313394 +0.000571020701926987
-0.000591095729314872 -0.000401113457766847
-0.000249584762749250 +0.000301866549940147
-0.000574864498447097 -0.000384168681215949
+0.000101676928162975 -0.000124887149742646
-0.000418850856747744 -0.000895591407809461
-0.000093065591008676 +0.000104665699888304
-0.000175363647338819 -0.001533414515864850
-0.000425656981392748 +0.000478804079945147
-0.000152287600873900 -0.001395517295353121
-0.000290926923461485 +0.000337640071332232
-0.000398882985620685 -0.000625538127822498
+0.000118532426227256 +0.000247958707474332
-0.000518169205891990 -0.000198452511841698
+0.000245529358883778 +0.000467916744128249
-0.000321843978963539 -0.000353166813971835
+0.000140102294638266 +0.000555234831203823
-0.000189573951566433 -0.000530635762006579
+0.000066736391202971 +0.000370394755617585
-0.000333035036322347 -0.000696100495726154
-0.000000715406454743 +0.000308104076444975
-0.000390566987702019 -0.001095289668772686
-0.000179619364868423 +0.000429821788604547
-0.000271284468853443 -0.001536881365648675
-0.000261398495754797 +0.000306518506027248
-0.000280761427570526 -0.001477165468501173
-0.000147275699680561 -0.000011699821693075
-0.000573016921201301 -0.001116403402303455
-0.000049704886786649 -0.000037789316256720
-0.000769302007140533 -0.000862827673485394
-0.000130106521138994 +0.000253448814955300
-0.000724987296628944 -0.000731608386740193
-0.000221748997315605 +0.000528136575085618
-0.000606427837908245 -0.000688560440779580
-0.000170422697018473 +0.000663814906387913
-0.000480181576204643 -0.000855958079778713
-0.000105713163483178 +0.000667984788048903
-0.000329463425720666 -0.001260933883321705
-0.000075459231511466 +0.000555223101639386
-0.000278779903748247 -0.001567319820215753
-0.000087395082299211 +0.000286503719489494
-0.000424838955426466 -0.001493460581121034
-0.000071397582362281 +0.000109739914772555
-0.000657591834562363 -0.001203796504212817
-0.000057465806871716 +0.000235767779362171
-0.000734408903376125 -0.000973218747004934
-0.000047786673746044 +0.000535424032812368
-0.000615847339441585 -0.000855337397216148
-0.000022250441367440 +0.000741391528581205
-0.000473172608603823 -0.000966373618269714
+0.000001035845068470 +0.000745591509787352
-0.000379561628669055 -0.001287308566331645
-0.000039410744179419 +0.000638623078818393
-0.000424144180178490 -0.001629446827860461
-0.000143325648752106 +0.000537422698937575
-0.000565027134329034 -0.001725746580530526
-0.000223632245281502 +0.000423313033035828
-0.000735413214757739 -0.001577895645761745
-0.000180906858317375 +0.000268562078358743
-0.000826189328756678 -0.001450948984222775
-0.000073147304501624 +0.000258323082093715
-0.000817424589878004 -0.001413201496485656
-0.000086824189916292 +0.000465986262347422
-0.000765033450527411 -0.001402180497597633
-0.000173876884964989 +0.000767722668802142
-0.000699861215645008 -0.001419240943580897
-0.000198277235818692 +0.000931163306832800
-0.000633064881411550 -0.001509081207573663
-0.000129962573726147 +0.000924819683110642
-0.000591279704465460 -0.001637644948151849
-0.000079434873128644 +0.000842375531449507
-0.000621748381837992 -0.001724529409359926
-0.000048720788495328 +0.000694318061119705
-0.000700425343029782 -0.001718024526063996
+0.000006348925503945 +0.000535268295822552
-0.000794414919967893 -0.001689636170459802
+0.000037004968333772 +0.000508883145558734
-0.000820396903702510 -0.001698334462156536
-0.000023337969666144 +0.000693246394076571
-0.000784432553794956 -0.001761048091685303
-0.000113223361980389 +0.000943142296310753
-0.000733857520994962 -0.001843866507259698
-0.000140783544042496 +0.001075910269928963
-0.000726828901652368 -0.001920307544786376
-0.000121769591680708 +0.001045048899176490
-0.000777171783532169 -0.001994800316209113
-0.000096677574518811 +0.000924962735787423
-0.000857886790118135 -0.002043120086087979
-0.000085752029379337 +0.000796716533380634
-0.000947432032013199 -0.002059031913174445
-0.000056961941488190 +0.000731610503076774
-0.001000717883421221 -0.002054746091114172
-0.000047079447243495 +0.000778349737997083
-0.000988085553702038 -0.002115333661444297
-0.000074896898265392 +0.000934575342986846
-0.000918538615965037 -0.002239886493142973
-0.000122608019336785 +0.001125680066955799
-0.000879988742825458 -0.002321080406287406
-0.000144937439178836 +0.001269658997924653
-0.000912720427754013 -0.002309368091558981
-0.000111903787398670 +0.001299805009195195
-0.000969575040893529 -0.002259886019643788
-0.000040577867274289 +0.001216610502215683
-0.001004516135067804 -0.002294721913020189
+0.000027705195624956 +0.001130176036881915
-0.001023490884276260 -0.002413531726596457
+0.000034440944926620 +0.001090388214260677
-0.001056060818985192 -0.002513567224272354
+0.000004238523182571 +0.001094635098596698
-0.001094603552474701 -0.002602893645843436
-0.000037883455221105 +0.001187645407878512
-0.001092071014307159 -0.002736830621050940
-0.000101025216685309 +0.001382418383089970
-0.001068707668955934 -0.002853062914745853
-0.000142015564077351 +0.001539150941243205
-0.001103476041603239 -0.002826775208970600
-0.000093785006510239 +0.001524859068108332
-0.001199172013169167 -0.002731336306651977
+0.000003130509675308 +0.001433641116444052
-0.001261272292051349 -0.002771348948444913
+0.000033203435604109 +0.001419769687447475
-0.001253934120592619 -0.002945190837105233
-0.000006795374746210 +0.001458973256241683
-0.001258106721674673 -0.003093209695915672
-0.000027364196041921 +0.001488392618505786
-0.001299031265746028 -0.003174196040787659
-0.000028993600924426 +0.001572898304321727
-0.001309139712855914 -0.003278180412649568
-0.000059179160341788 +0.001751701563080757
-0.001282277702529252 -0.003384569410320545
-0.000075762110335796 +0.001888446689601100
-0.001307273680162832 -0.003383204110092543
-0.000013179652291018 +0.001874361725512440
-0.001400252927201634 -0.003319185888978411
+0.000074975562256479 +0.001825713334958019
-0.001468717196695855 -0.003362587603061068
+0.000090046380892465 +0.001865509569073974
-0.001464849951641124 -0.003539470291521444
+0.000051241527692574 +0.001936101559503653
-0.001456810789734647 -0.003724620192348789
+0.000031641505074438 +0.001971255344190556
-0.001493862411774540 -0.003867035532221550
+0.000025908386057611 +0.002034459654502340
-0.001539043858868731 -0.003996191897661528
-0.000003836887489586 +0.002163372306121982
-0.001570587873376953 -0.004083373370064453
-0.000015041819851205 +0.002259772068224994
-0.001625965771680823 -0.004074273944280334
+0.000039236364445745 +0.002277200554215189
-0.001706301823368987 -0.004048615932856008
+0.000107413129947680 +0.002299369416543197
-0.001749645854529503 -0.004129622847099338
+0.000121239347338363 +0.002377551138961737
-0.001744832500276107 -0.004306545098557388
+0.000096066079364117 +0.002462070542832241
-0.001746703349420308 -0.004492426723388092
+0.000081313369724725 +0.002529298990217912
-0.001782131581103009 -0.004650176585143970
+0.000077386475265395 +0.002617551474774868
-0.001826161969052329 -0.004780917917952392
+0.000077895268588734 +0.002721840864227294
-0.001870305450941192 -0.004857596225931425
+0.000103853865157067 +0.002791093525856087
-0.001931839232133369 -0.004878793663601560
+0.000156972511900763 +0.002829315827688416
-0.001999003746264288 -0.004922519994442889
+0.000195411374173891 +0.002896951104142341
-0.002039879519070025 -0.005051024740288317
+0.000190946247111523 +0.003005365947357565
-0.002056460838264541 -0.005237056444550693
+0.000167795043818413 +0.003114964896862724
-0.002080143580901419 -0.005426555252385170
+0.000156331260475036 +0.003211974147613207
-0.002121968488025573 -0.005605022951443768
+0.000160456392241451 +0.003305373928124194
-0.002173698354517649 -0.005763691382369507
+0.000175863194179221 +0.003393816264373344
-0.002237089200613847 -0.005876158010120640
+0.000202608830388717 +0.003470910703257789
-0.002312112664298973 -0.005953478040739030
+0.000233891421411966 +0.003567689345261815
-0.002375507547831438 -0.006063602811310721
+0.000248164278843328 +0.003720866155266711
-0.002400963658531639 -0.006261081125638722
+0.000232573410061053 +0.003927982136783243
-0.002390614270542464 -0.006539889589012062
+0.000182042911939198 +0.004186820223544715
-0.002332591010365858 -0.006941888132883788
-0.000019165228252919 +0.004723404426529167
-0.001816238483516823 -0.008199295239906678
+0.000457148824645528 +0.003652686043050631
-0.002840933174653581 -0.007134588133869921
+0.000896478432229867 +0.004139933123528733
-0.003366505321347031 -0.006910773944893346
+0.000147393581452153 +0.004305635025732732
-0.002683083979711248 -0.007662255388375692
+0.000555697763589000 +0.004598249212881703
