-0.000167947091819149 +0.000205157742684088
-0.000453701827307106 -0.000008930762048286
-0.000267865491011426 +0.000369403359568537
-0.000566552752932997 -0.000210641121990072
-0.000362364307373928 +0.000148775003234672
-0.000398500149955406 +0.000031062121529648
-0.000317031940902327 +0.000177778977737075
-0.000403336816998410 -0.000031488012552176
-0.000332883723663125 +0.000255582648655340
-0.000309261763891655 -0.000092010038472375
-0.000357808904825141 +0.000340166985668830
-0.000208707633820036 +0.000040210967106580
-0.000532733625912671 +0.000011673668160830
-0.000187143661328723 +0.000173212675400616
-0.000491931800547579 -0.000035555515503934
-0.000334857374745307 +0.000120023509750549
-0.000448661530645302 +0.000094800637523534
-0.000516238054984589 -0.000103999161028698
-0.000321927584099452 +0.000274005903663857
-0.000493481913760723 -0.000110275319320622
-0.000314907261953372 +0.000331125866136699
-0.000408794917659432 -0.000001878445973975
-0.000328750388729532 +0.000262770105016925
-0.000286663448545748 +0.000083109286093272
-0.000340579215759032 +0.000207627542536053
-0.000239543266847907 +0.000134739589379716
-0.000489962993438635 +0.000045439854675275
-0.000229373023220431 +0.000205988649127487
-0.000472582831766544 +0.000058550033803902
-0.000316656518350018 +0.000249371585910608
-0.000505218636583305 +0.000028527687858078
-0.000424632567619784 +0.000211285198855481
-0.000366865278001841 +0.000085912480989680
-0.000430757088889473 +0.000201770280629863
-0.000297970017398953 +0.000093836869951216
-0.000476917321122948 +0.000224419191634807
-0.000324755285055413 +0.000008182859885880
-0.000445814096143898 +0.000345787525425381
-0.000524582242813836 -0.000225919864888074
-0.000423760268975682 +0.000632700302698620
-0.000460347601070460 -0.000135549220313311
-0.000303590924867555 +0.000872421267304981
-0.000373077685677528 -0.000375442800821269
+0.000158153829579811 +0.001235124782203206
-0.000245929772552211 -0.000227663945163060
+0.000689566424037967 +0.002873125551010634
-0.000500598584920670 -0.001092159605054661
+0.002075002690819262 +0.004615620950854983
-0.004546116643771077 -0.006674719352207001
+0.056728336010870815 +0.052203554292010838
+0.257551695781776946 +0.234864794450407532
+0.382422932302425855 +0.372231396976624551
+0.521248700254051123 +0.532036972728717417
+0.398911865432392765 +0.453965368795438251
-0.056449809732713983 -0.081595218493623362
-0.453666987573430325 -0.524942034335352803
-0.311527620023630325 -0.279171494925333552
-0.095931805131981476 -0.078899827608322204
-0.034718354134361307 -0.035952342859669924
-0.065199060317239266 -0.030265505862044847
-0.028733079598847206 +0.036140722294301306
+0.102425735873170123 +0.107650212761554939
+0.147223162021981824 +0.085939026690236286
+0.103631257071923333 +0.062073711367815476
+0.049339791238255548 +0.062953181687509852
+0.025521613545904827 +0.021776339659228379
-0.006123504102365647 -0.029766170931392597
-0.043878045211526495 -0.064579000707096684
-0.081083834900409990 -0.033942138802747865
-0.071430335203503503 -0.036672262179035839
-0.043337042947698357 -0.041389188995734530
+0.003784358386813040 -0.006560415334626075
+0.030887553184716698 +0.035722126682916175
+0.015371926465988147 +0.020131692138275495
-0.001591829972064626 -0.001866747475146683
+0.027713555383135968 +0.004881943031908538
+0.037317080633224350 +0.028613317517021973
+0.012572092432180580 +0.016597734423072594
-0.012064697112145400 -0.002903189487465259
-0.012320614438619907 -0.010686632962930620
-0.007908149630754334 -0.005754870022712363
-0.002515110475316485 -0.004113831621016686
-0.002090379101035620 +0.001872545002459823
+0.004294580766376899 +0.006289991571885627
+0.020288933996300496 +0.019179496487525739
+0.030365661430227793 +0.024507180513389605
+0.026167585046033850 +0.026207188068467731
+0.011187681905012795 +0.006501952850052034
-0.013194937435807862 -0.004739974215859130
-0.023213283248379173 -0.015701511068197182
-0.017237511390233856 -0.012490418398460502
+0.001362032881563921 +0.009876328020360694
+0.015202501651557947 +0.029738717010951807
+0.023339783736021021 +0.026997565880048119
+0.026649600185691857 +0.024635385515676983
+0.030333382868071870 +0.011552823178025560
+0.024660307271052419 +0.007745444995710999
+0.012855457388597943 +0.002742169356414938
-0.007068579022305631 -0.007894105608421229
-0.024987130309943983 -0.025702606548339578
-0.030057018691667700 -0.022456895530500530
-0.023618840289339277 -0.014457628807747654
-0.018865129943697219 -0.006456469396244691
-0.012135178963505442 +0.001319908221853031
+0.005415899874324442 +0.013759732278561058
+0.012028994041000019 +0.006354577897543958
+0.004228244367154358 -0.000092009799921351
-0.000480113874378704 -0.011512632385011063
-0.010677416678080379 -0.014420374111876562
-0.002730493944609717 -0.013701443736259689
-0.005117829861041256 -0.013775350935256916
-0.014809142024177224 -0.010700926125003549
-0.016517994623247850 -0.003861714081520899
-0.010799689757175291 -0.006148153230265144
-0.001952471705563656 +0.005395970204708032
+0.006496682860152350 +0.010815299672284513
-0.003090741851567335 +0.003981904532775738
-0.008500444007548479 -0.001839651838943103
-0.000182553976935988 +0.000109372156819950
+0.005042041754891409 -0.001455886341388973
+0.001998686075721208 -0.002597615862394399
-0.000076759242767781 -0.006093128984724474
-0.003878476718354930 -0.001565035883292130
+0.001140418244566932 +0.000995021894914237
+0.000094879842737484 +0.000972408846218573
-0.001579883587770814 +0.002103289061265149
-0.005085099518816794 +0.000817835538098447
-0.004837257753582057 +0.002757400303085846
-0.003350366380313258 +0.004084750238324748
-0.002975105059246195 +0.001513222819811711
+0.000153024797737860 +0.001185009126570748
+0.001580958178040301 -0.002188536800175440
+0.002479724882670321 +0.000299666579644416
+0.003222407221720060 -0.001249432029755684
+0.002529904371067560 +0.000259078895099007
+0.003047036967527934 -0.002286166216577269
-0.000886530772032579 -0.001870118845355579
-0.001347449153634623 -0.000259185824970750
-0.006445315523714565 -0.001292835191768230
-0.007677100515739201 +0.001617507543817670
-0.009797913338266415 +0.000424571271619945
-0.008017201320843912 +0.000524092883994718
-0.007623251510225752 -0.000284702679174897
-0.006080530959649836 -0.002381555514418984
+0.000893924219184556 -0.000199610063390568
+0.004640161601539773 -0.003521438925363734
+0.005978544586897312 -0.001995444235561896
+0.005225831861238464 -0.004675784441975179
+0.003976238589470124 -0.002919139031723492
+0.004133958903841491 -0.002704408782297641
-0.001917606054993282 -0.002899382048030250
-0.006879626133089869 -0.000854920824625633
-0.011443803852484905 +0.000191919236127615
-0.008741426907453553 +0.004243853328583966
-0.008398377764752860 +0.003204509060263383
-0.006535614912881359 +0.001965650272096612
-0.002594462241794551 +0.002033429998461319
+0.001342137303938765 +0.001324284977881839
+0.005327338548898258 +0.000590608654217133
+0.005274939916198469 -0.004022244647324901
+0.004993733636122408 -0.001541894979294055
+0.003598403285645473 -0.003739131456714973
+0.001642464355661775 -0.002078768416239384
-0.000839166660714009 -0.001969602137660325
-0.004847763359409679 +0.000540647816889675
-0.005536763931777927 +0.003747038607266770
-0.006874879286955677 +0.004382253229745336
-0.006106458891793143 +0.005296707732500468
-0.006509166929210315 +0.003571612380031458
-0.003570280463182745 +0.000687292812591988
-0.001373865696988709 -0.000491006926057703
-0.002606647661405012 -0.007811810807417193
+0.001164134130913423 -0.003693792709588727
+0.002511006070606768 -0.009444470008264145
+0.007399712160872350 -0.006047149423092524
+0.015853097011652707 +0.013612484224933517
+0.011099261139299352 +0.008969081416502617
+0.004050286229152801 +0.005898844598974614
+0.000657425775900111 +0.007168463725263544
-0.001111259112816829 -0.002420376901477742
-0.000701230428529223 -0.004629135404524837
+0.004120797732790921 +0.002006345455965286
+0.000049025253864993 -0.004995578565106400
+0.001207049443221373 +0.000120157414469690
+0.001675211774621811 -0.000477111102947257
+0.000368350735318986 -0.002600655044388542
+0.002804436159659486 +0.003817979585497747
+0.001494298737542638 +0.001229435366973888
+0.000318866450085542 +0.001921187978433433
+0.000788175448879502 +0.003432207011246960
-0.001811212819169031 -0.001571012600564872
-0.001316280881480621 +0.000983265951123056
-0.001143088540550985 -0.001824347588881826
-0.000973084379618015 -0.002040962374228338
+0.001082717400094857 +0.000434878340657498
+0.001379230823918393 -0.001208956880454084
-0.000037705960975451 -0.000537016207343173
+0.001326259720163932 +0.000568302288096720
-0.000288136615146015 -0.001210515613996141
-0.000586003124107287 +0.001011312962656386
-0.000628618650332125 -0.000240212339712335
-0.001746676100742355 +0.000527133124691475
-0.001375412698908091 +0.000599734332110915
-0.001846137598244742 -0.000692111723611100
-0.001245056973705396 -0.000263306686997576
-0.000499120599164004 -0.000319462942346860
-0.000104281945119293 -0.001135621522274239
+0.000902813447776381 +0.000221721839751444
+0.000927350468303623 -0.000374713008901851
+0.001545184952337353 -0.000176508103962763
+0.000976640209324089 +0.000283325276674953
+0.000550456779614589 +0.000205554709729907
-0.001022910440698219 -0.000944248762919751
-0.001219059985070856 +0.000102448473328810
-0.001758641352491684 -0.000908027434819989
-0.001699015985920585 -0.000179603063341085
-0.001096966228746465 -0.000066687137219498
-0.001159547828118117 -0.000248417704780821
+0.000195800298182759 -0.000067802331003349
+0.000535611846578761 +0.000142025961376646
+0.001077722615416294 +0.000084735513610009
+0.000961629364116741 +0.000064595411447923
+0.000298983782491489 -0.000189301024349375
+0.000364540671159260 -0.000091410170922656
-0.000657318658782913 -0.000444164696335695
-0.000834696171763096 +0.000058054888751435
-0.001589479641602363 -0.000495210956591002
-0.000887287506973448 +0.000735845971949325
-0.001125832776554649 -0.000066047842324659
-0.000487611281020880 +0.000667672669405996
-0.000259235684020044 +0.000116807686540475
-0.000683885698573477 -0.000068748340061959
+0.000693471379644832 +0.000026834455267371
-0.000208678309983761 -0.000665378782906727
+0.000435016851572949 -0.000038987588781865
+0.000353221476207284 -0.000471412081879772
-0.000433358432671616 -0.000486304954938450
+0.000541134563380106 +0.000568212830260594
-0.000335184815817437 -0.000373307388460727
-0.000231859599766261 +0.000625830436084374
-0.000209039848017485 +0.000055957104749245
-0.000156948775311170 +0.000474304924100176
-0.000200229894886917 +0.000063440297497915
+0.000245632166393545 +0.000250900685208693
+0.000256434395965172 -0.000058888947002705
+0.000200131203910103 -0.000032756470988888
+0.000863322782446494 -0.000085383773795151
+0.000057890769516623 -0.000266079892738952
+0.000715473558973521 +0.000126189573657657
+0.000143349578118968 -0.000193109572091858
-0.000127802541327291 +0.000123736415991907
-0.000088071158356550 +0.000217018188387381
-0.000950733484074757 -0.000291494391659912
-0.000250394828275630 +0.000621766771849242
-0.000808005440889373 -0.000330831248110523
-0.000431636072377493 +0.000435604186080516
-0.000417858058240312 -0.000142947756072802
-0.000379118067653284 -0.000064440537830880
+0.000112326256586856 -0.000098870804888357
-0.000030978334908717 -0.000318690372260441
+0.000424134063741702 -0.000120532623428144
+0.000045723728315226 -0.000301033491205657
+0.000398792376723597 +0.000053696253342181
+0.000094391535712710 +0.000028877753421084
+0.000141452756981931 +0.000198149410422566
+0.000006400323529758 +0.000343709460178524
-0.000242631836482214 +0.000114837003484159
+0.000185039137129688 +0.000593023224421435
-0.000327677768339192 -0.000207882988448157
+0.000238190637016693 +0.000374785716756061
+0.000038513533462913 -0.000274665881512059
+0.000208546901914587 -0.000024445154894347
+0.000500583410425031 -0.000077582119687341
+0.000104952456001836 -0.000277236284143527
+0.000410706391927369 +0.000075885888454121
-0.000056951830541823 -0.000133956902509309
+0.000124323843815700 +0.000239683133186407
-0.000278773160728033 +0.000097881238932468
-0.000202772082701190 +0.000069786504799382
-0.000246838152968992 +0.000283655560334036
-0.000341847315745808 -0.000076018367344759
-0.000028124088955295 +0.000150936298657856
-0.000288018728746715 -0.000249411116128527
+0.000147549994064155 +0.000028652301287492
+0.000003819803493158 -0.000294459349033913
+0.000184498199036328 +0.000025481274495987
+0.000134619531810298 -0.000177281058122407
-0.000060410505649647 -0.000054201241282342
+0.000115713952639249 +0.000043262899172163
-0.000189424753640038 -0.000036014598031005
+0.000087642599020146 +0.000315883312475444
-0.000241880325958040 +0.000068225571564993
+0.000028464232696782 +0.000258197051516636
-0.000184786756264804 +0.000081573192850386
-0.000158985184725844 -0.000130018999648833
+0.000008311473093137 +0.000179731544809834
-0.000460938098119814 -0.000826655477761123
+0.000152771884851122 +0.000169166042341834
-0.000090344575505534 -0.000175610657495080
-0.000074331320282356 -0.000333242306934953
+0.000095956341863612 +0.000606941590937656
-0.000253249921252538 -0.000039754873449115
-0.000269789369325798 -0.000178331048337289
-0.000150211989927298 +0.000585556498380563
-0.000191298789519185 -0.000440161988750992
-0.000302272953488385 -0.000016228027460784
+0.000195051836033855 +0.000337955413122593
-0.000331858565285420 -0.000710017663182794
+0.000109129207839620 +0.000306792172323100
+0.000103448239353182 -0.000079755749435612
-0.000242203409172297 -0.000445732849577780
+0.000291983618380398 +0.000646685165717031
-0.000276978289420277 -0.000399729661642451
-0.000115262529807328 +0.000195883988592854
-0.000114189483636631 +0.000288785606391291
-0.000411770834773013 -0.000388987724327109
-0.000130562863641128 +0.000312847847610858
-0.000219980638987524 -0.000061994234355323
-0.000188592661469714 -0.000270578777939560
-0.000082510149563141 +0.000305976316176619
+0.000036543783381592 -0.000276435198110221
-0.000210207176028413 -0.000053691482753415
+0.000167580708227954 +0.000218149018578915
-0.000159613875172961 -0.000349562799898506
-0.000084185280645688 +0.000271196233558535
+0.000043693881624104 -0.000007555084040239
-0.000370005521879900 -0.000176858728332487
+0.000053808843312465 +0.000378517757602812
-0.000294147314725062 -0.000326944401375411
-0.000119615469917045 +0.000188468129606569
-0.000028216081206001 +0.000033951851895696
-0.000208442868375402 -0.000200517986467047
+0.000115792964219943 +0.000212047883817852
-0.000101952602106835 -0.000122893332095191
+0.000083265669669715 +0.000007623790675638
-0.000065354612087220 +0.000071833564008155
+0.000018172379266165 -0.000019284858786815
-0.000134880912519392 -0.000028168095975226
-0.000084573570722745 +0.000125559014860431
-0.000128283079688976 -0.000069064280509852
-0.000269433107151018 +0.000010828654591750
-0.000023201150348453 +0.000125185588059921
-0.000314259222976638 -0.000191022547972243
-0.000016555843653044 +0.000190117822971035
-0.000143074261876390 -0.000125920750356378
-0.000138294148958582 -0.000001595726693710
+0.000048375704392504 +0.000073134440417679
-0.000216141917252585 -0.000144470100922982
+0.000045028426934553 +0.000106649239214416
-0.000193749396537255 -0.000100678424725233
-0.000051508226486870 +0.000062602166008932
-0.000155238341384236 -0.000036908524947321
-0.000107284672731125 +0.000052855079545884
-0.000112107589749537 +0.000015162665065920
-0.000170571172284343 -0.000008529691837938
-0.000003301817252443 +0.000098098548629031
-0.000239229571357487 -0.000114263695414838
+0.000051698009350093 +0.000139316185290001
-0.000174123144370478 -0.000127014985240226
-0.000081552299057829 +0.000049124622554050
+0.000002406167974542 +0.000019005205926344
-0.000256979455373283 -0.000114779967347976
+0.000041860498933239 +0.000147591457277357
-0.000244104933019618 -0.000135671822819625
-0.000089272696035225 +0.000105804263458196
-0.000155791785157877 -0.000029232563257680
-0.000173032323022840 +0.000004453213342984
-0.000132156286594164 +0.000041786500790822
-0.000171631106962414 -0.000046996342559325
-0.000096480368099995 +0.000047950070752891
-0.000203503300946932 -0.000071170312218083
-0.000024737367461871 +0.000053149720580222
-0.000211458747576169 -0.000079024975522122
-0.000053745285680882 +0.000048790157044755
-0.000124886275113524 -0.000031436957698184
-0.000198022318604779 -0.000023219689539045
-0.000017732712801416 +0.000083590582239111
-0.000280337368623981 -0.000106609417949230
-0.000031729146001632 +0.000136761615717417
-0.000217821240860973 -0.000079300798345211
-0.000140915353755177 +0.000049409109545363
-0.000113263928104822 +0.000022629441206345
-0.000206671301962919 -0.000058426627820849
-0.000077398579314046 +0.000063487033540008
-0.000207651692776802 -0.000079133670232601
-0.000090024632942480 +0.000039178426375299
-0.000196261042048250 -0.000044769736119042
-0.000119018331252594 +0.000013574683750072
-0.000180221797044636 -0.000009075828068683
-0.000173197106128430 +0.000001133896832111
-0.000128734947915095 +0.000034388283368383
-0.000248906131670058 -0.000041660195551935
-0.000076744589234578 +0.000079570070263111
-0.000264428623088945 -0.000079809259713478
-0.000098833834635750 +0.000065720060360675
-0.000180652632836163 -0.000042484697051999
-0.000183806142004049 -0.000014526862107414
-0.000095471393562885 +0.000029403733743398
-0.000232189354732771 -0.000065901098188343
-0.000090565965136303 +0.000062390608710632
-0.000226174517718925 -0.000050853864021929
-0.000136998252681776 +0.000040899796668106
-0.000201325839058177 +0.000000647188104596
-0.000189029827575850 -0.000003188795450787
-0.000164453596382997 +0.000035008921671507
-0.000238539716693820 -0.000032842975099825
-0.000123577817118953 +0.000036609972261789
-0.000255736903856713 -0.000044433983262850
-0.000118657780940091 +0.000034816127255016
-0.000224247358052260 -0.000045294748964553
-0.000171865344150413 +0.000024579699971102
-0.000169338667277392 -0.000020778359537726
-0.000236458687323810 -0.000008480906559624
-0.000135263645346502 +0.000032774823818091
-0.000264111107198023 -0.000045167631509548
-0.000140484733105965 +0.000068151742502637
-0.000247705913405924 -0.000048617010010070
-0.000175101262826386 +0.000047596968076335
-0.000197300426441917 -0.000007235674488017
-0.000236300178978696 -0.000036096023107979
-0.000129477900089897 +0.000069880420181243
-0.000277056695900899 -0.000099540551443595
-0.000121719590193904 +0.000071610968838963
-0.000241333615951386 -0.000024821722023861
-0.000196059309939576 -0.000022804166312868
-0.000188264243520138 +0.000054063729070544
-0.000249539416023994 -0.000020838325603786
-0.000188362485237153 -0.000009354546545712
-0.000256438987281655 +0.000051627480901303
-0.000189163110148119 -0.000030278919555589
-0.000276320695449640 -0.000019573315642602
-0.000172673000926729 +0.000080181461763907
-0.000266286507152515 -0.000115126257697017
-0.000218164750106348 +0.000075955698355445
-0.000181945544845297 -0.000001342013828023
-0.000305975735114553 -0.000092738374023363
-0.000132667295496811 +0.000146824723932876
-0.000309695198162069 -0.000130249270164140
-0.000201696115218281 +0.000067851502360335
-0.000230071251517314 +0.000027245314272673
-0.000288259096377436 -0.000080224716738471
-0.000192606181340763 +0.000093013087468077
-0.000291005026043579 -0.000047267110407233
-0.000215588185154445 -0.000005799175646503
-0.000269708296767213 +0.000040112577769671
-0.000220903688527108 -0.000032350457869887
-0.000276726172787831 -0.000009292475105747
-0.000225303056476785 +0.000053330280543610
-0.000256272209661180 -0.000066823228320866
-0.000286900612271030 +0.000041769275546432
-0.000199984646733466 +0.000023715940369432
-0.000345928648643880 -0.000082077171159869
-0.000198381970348022 +0.000120273240900413
-0.000315348544136194 -0.000100259249163390
-0.000276987299109261 +0.000045363351254123
-0.000236538211552130 +0.000028348752038867
-0.000339675235788226 -0.000080311967199379
-0.000214755718245554 +0.000091002847780144
-0.000326754079953202 -0.000064465077351103
-0.000253805522335333 +0.000018172928911048
-0.000291321261510570 +0.000018457385923380
-0.000288386919059190 -0.000029629762335505
-0.000280202400725366 +0.000021074526465190
-0.000310038138254689 -0.000000920618484108
-0.000267304397451099 +0.000000860087058341
-0.000342623337421113 -0.000011363434815093
-0.000250585318198204 +0.000042514785517005
-0.000351422454119799 -0.000059561148651855
-0.000277689684700033 +0.000062349139327808
-0.000304563296043845 -0.000033296868272713
-0.000343544052960248 -0.000005868475153426
-0.000255917276853080 +0.000045419439670925
-0.000376051903240168 -0.000063546858544069
-0.000267785491791828 +0.000058984108216989
-0.000351567470477765 -0.000034254630467961
-0.000317490694207063 +0.000008061629217345
-0.000319661324581642 +0.000016272501789473
-0.000352505672322008 -0.000023509853848264
-0.000306950043909636 +0.000029794154218953
-0.000371207314931695 -0.000025866537162782
-0.000300728235827895 +0.000031035065957860
-0.000380837410569680 -0.000031380678218391
-0.000311975164900786 +0.000033371422512875
-0.000359037324520346 -0.000022742235066503
-0.000360996668845061 +0.000005438956819235
-0.000313696666254125 +0.000020788919622831
-0.000409113248027010 -0.000040906481004451
-0.000302336400682271 +0.000055006315538448
-0.000405428640267453 -0.000048326095389482
-0.000342951715739054 +0.000037928710553172
-0.000370585390470501 -0.000013312938534528
-0.000386495272851977 +0.000001208172517019
-0.000352767572035124 +0.000013357489649886
-0.000404414801396784 -0.000011114672968911
-0.000354070587686930 +0.000011168746355478
-0.000411574734780970 -0.000002954716840190
-0.000362099735851577 -0.000000927125230758
-0.000407626655226914 +0.000011179321124502
-0.000392251451608602 -0.000021532591590366
-0.000377927434118364 +0.000043164537819669
-0.000444634857414842 -0.000066133100151953
-0.000342398635272897 +0.000100637133045762
-0.000483660083792273 -0.000132223540864916
-0.000325897320627219 +0.000191145128166215
-0.000519897961793108 -0.000278695154839594
-0.000729705914191360 -0.000436646866193996
-0.000351869352299879 +0.000233220182465654
-0.000269595359131831 +0.000092707172724698
-0.000433829130650159 +0.000104203344903323
-0.000405610387406930 +0.000150718333328591
-0.000455325271223305 -0.000128578197125061
-0.000397333379009322 +0.000146377351570542
