-0.000043736432850089 -0.001195065123197776
+0.000313688452045944 -0.000344609499289872
-0.000008314328828660 -0.000720903839623186
-0.000311399621810327 -0.000261962574564146
-0.000638895123013309 -0.000163500966864461
-0.000268719231645954 +0.000156151447722561
-0.000622904481226893 -0.000139981924097312
-0.000018331492002164 -0.000139181198824050
-0.000213631392041679 -0.000302676099630888
+0.000165286674429576 -0.000077687792779647
-0.000260059988454049 -0.000579937741006824
+0.000163288914736023 +0.000063498892477162
-0.000314045177191757 -0.000593682728371655
+0.000060803928629006 +0.000189615893684489
-0.000395195469110642 -0.000763258307806442
+0.000083651137164381 +0.000343698233330964
-0.000452721242426814 -0.000805608237722135
+0.000104300682014150 +0.000211633663462583
-0.000434333503158586 -0.000712892155375823
+0.000149891299451012 +0.000114009057318384
-0.000476583471113002 -0.000773195965651192
+0.000276959447874668 +0.000075920912500082
-0.000573215192094325 -0.000773632843036979
+0.000295246917190049 +0.000022776600745964
-0.000678086027299872 -0.000823218110434419
+0.000287820547987505 +0.000260952771872556
-0.000705635961456407 -0.000996867294101245
+0.000367962364757861 +0.000497607113929075
-0.000770280809765976 -0.001214149894915301
+0.000513034667828373 +0.000659776874077206
-0.000783127687656390 -0.001483885803209628
+0.000585262990454206 +0.000914155649796144
-0.000839107777523705 -0.001671998049991744
+0.000650509697433372 +0.000973886758869468
-0.000998273713847463 -0.001776378134546041
+0.000778325997244290 +0.000928463853458082
-0.001215366879097418 -0.001927136490938806
+0.000893519074514302 +0.001010305047734070
-0.001409279307512212 -0.002073203171227125
+0.001043387789021171 +0.001252891026671258
-0.001654786937294346 -0.002383616962682455
+0.001239603459405200 +0.001706773640087833
-0.001981560717850405 -0.003048686229968912
+0.001576371108989065 +0.002679513720995166
-0.002256236054676597 -0.004067085815838417
+0.001930261089932262 +0.004391594841741540
-0.002749673493559152 -0.006212800432439020
+0.002696505703688190 +0.008499435789634080
-0.002991483082876997 -0.015689893006186239
+0.004556427605362920 +0.080983926943864831
-0.004320191841328954 +0.471972978026809931
+0.006766303323445464 +0.590674153718885431
-0.003009586462246703 +0.561645111837935307
+0.207698852584873001 +0.358412666899663168
+0.388597384951450575 +0.076683373835445656
+0.407323554711493285 -0.605162833082302010
+0.374044477620556370 -0.732741699424390824
+0.311226769204947018 -0.288248954626955600
-0.105832195181545879 -0.187007639810213233
-0.453685966887447834 +0.043615844819646761
-0.423275750270206641 +0.203894995597492468
-0.252090708692913001 +0.221660983798934841
-0.106830885597157615 +0.102459188624838021
+0.036116687037006656 -0.001529342496787658
+0.107846308627811027 +0.058834357233024825
+0.146891376325194750 +0.007636411801734610
+0.145693720737732263 -0.025665044154139414
+0.109991337389838600 +0.004068940621057844
+0.030471263635509355 -0.002521550885734090
-0.007935338864644472 -0.022141950275530415
+0.009500323642593868 -0.019331184187426055
-0.024807808330570533 -0.032423408755038921
-0.060718497949326197 -0.025106197342986043
-0.043290154431213958 +0.027258940137513555
-0.039751283359975242 +0.028278722309559818
-0.018963549553453477 +0.002383726869251121
+0.027466155039929163 +0.001650486255624677
+0.020476040088419536 -0.001394607969121487
+0.016279466465627501 -0.030785089255220621
+0.020949584082134522 -0.019965449285554722
-0.002543159572475415 +0.009589549898770330
-0.007255848815384205 +0.018206333903989815
+0.006663558675775625 +0.044785314999504021
+0.001757407507518079 +0.045226462486114338
+0.013260189757706865 +0.021442013495324850
+0.027615475930321886 +0.001464910519295993
+0.030231532216813222 +0.002078820924992391
+0.026726714569862021 -0.009369583809653021
+0.023085576463830412 -0.016339527079280259
+0.004696861990026020 -0.020316836038940710
+0.001696525974231817 -0.032799392284573001
-0.001958906229014007 -0.028913488260179514
-0.006272668240184446 -0.010340913861098198
-0.014853945363350015 +0.001470783550100018
-0.017802306475083178 +0.009285872903415242
-0.010856678066153881 +0.011139031487591669
-0.000442911005918839 +0.011092220954866030
-0.006194391417715470 +0.005956324280029334
-0.000621668330261445 -0.003880367485269841
+0.003836798983694675 -0.007740434355178514
-0.001324876236150539 -0.010628803987848882
-0.005208309653141729 -0.020350665138857478
-0.011232748856792502 -0.011066852280919318
-0.012425092229394908 -0.008364541713915007
-0.003785801423772555 -0.000705580234478292
+0.000155985400620795 +0.002566909712294983
-0.001203453418818650 +0.007417280080325314
-0.003180068704517545 +0.006356648037976387
+0.003392606769383126 +0.001222298260437782
+0.007911743213510698 +0.002507880752924416
+0.002205850913134391 -0.003428922851268729
-0.009865536953415358 -0.005995538099352198
-0.011918911602520765 -0.008155849028163334
-0.005178665039676358 -0.006540286120530599
-0.000113533576121735 -0.003762833156919796
-0.005061888638301676 -0.004293277428173640
-0.009063840013950244 +0.001174265144673300
-0.004303959270199149 -0.000220381896467370
-0.000072384725284627 +0.002423465784686606
-0.003426789562980682 -0.000869920692252446
-0.006876601101545840 -0.001596666458225287
-0.005708764478049718 -0.004791339179550897
-0.003959270143341563 -0.002199620606231223
-0.001483030755748270 -0.004145015192770335
-0.003239061027278472 -0.007769402300873931
-0.005438381112938864 +0.000477603906184554
-0.001469900381996285 -0.003440866391531792
+0.002221693605538700 +0.000656598853695621
+0.003524736065366031 -0.000004014041535906
+0.002601678295663685 -0.000312368097677764
+0.001338721184013633 +0.001634381322798412
+0.002129699631786683 +0.002613567982077979
+0.000096439499709769 +0.003196242303028849
-0.002127073845261656 -0.002926337330571937
-0.003606308107960704 +0.001418742542403651
-0.001836369155987452 -0.003172822789360779
-0.003618175295568945 -0.006849336394846787
-0.004271640443151355 -0.006380350971991771
-0.004046129133943370 -0.009236706509683588
-0.001370622101976411 -0.002731787511713964
+0.000110320059324377 -0.002053794186000310
+0.000224568580762527 -0.001520026253165982
+0.000814888646576645 -0.002753563960022141
+0.003869828422838832 +0.005070411023036356
+0.005119398201502550 +0.004055587654674724
+0.002838193073459857 +0.001533577955074587
-0.001072564971419752 +0.003697048121328807
-0.000882533863846318 +0.003051264606914333
-0.002297888712726406 +0.002135291776346302
-0.003994087134457684 -0.002774632026451167
-0.002626935385075479 -0.006595092914928340
+0.000862408931899849 -0.009401387761288883
+0.000703822110596414 -0.005073003177328230
+0.001819271445264828 -0.008232240453196735
-0.000335817292594429 -0.008274164254090744
-0.002750908999912026 -0.002299199611689028
-0.000868624443261672 +0.000515604861002247
+0.000283691101251622 +0.004982718088710289
-0.003004697848445976 +0.000826416477321316
-0.004342112291630883 +0.002848122606936704
-0.001091103188229027 +0.001798947181794404
-0.001831270183836209 +0.000649716984837211
-0.003534604072013770 -0.003880701057776397
-0.001902651030961361 -0.006668458052980000
+0.000183711688433691 -0.002509326268649150
+0.003397586292463008 -0.003371543889744688
+0.002307150286982128 -0.005487682885469717
-0.000918626933804822 -0.009728971161947566
-0.000015102999733324 -0.004562576688489264
+0.001816128806213293 -0.004359086048419477
-0.002141552619379729 -0.004929549228291434
-0.005379091675110434 -0.004914503447866012
-0.005680700417273051 -0.006284114086683409
-0.007122236512748761 +0.004196640829731786
-0.008470705870626535 +0.005850867456768678
-0.010158708652880339 +0.007011814998900117
-0.005954527779632354 +0.017157271398823344
+0.002731905601402118 +0.014173779330602801
+0.006011465717954124 +0.005773422388820629
+0.006628925217321325 +0.008293171391710347
+0.015267266721145360 -0.000398720448924347
+0.014160619733477301 -0.004304043612866765
+0.006297119187538808 -0.000360698515627186
+0.004857650185502979 -0.001022072620008235
-0.001330958953211461 +0.000107020846010705
-0.006939034098040087 +0.002500763623880103
-0.003654410945085042 -0.001962849187448795
-0.000988712297018423 -0.000790618841447146
-0.001121193109817439 -0.002513344416534891
+0.000750143321235908 -0.004608517562546210
+0.001335819543239962 -0.001517363437674899
+0.000546508659607616 -0.000818780775164954
-0.000563416192009714 -0.000931616281099400
-0.001044539183400826 +0.002037796175381690
-0.000769646750940767 +0.001981979648851717
-0.001450164959666440 +0.001102843696517144
-0.000968997147645775 +0.003074466460133272
-0.000021789038832922 +0.001239562579440412
-0.000874367636289656 +0.001401350715027997
+0.001181525072557654 +0.000625512491525130
+0.001803911346164673 -0.000521133083422776
+0.000982685118556949 -0.001337369304432975
+0.002248899871995678 -0.003266516624624430
+0.001209103569666932 -0.002373224920803285
-0.000323926798030494 -0.002637562618675931
-0.000180326759633661 -0.001722231212226572
-0.001956620452591853 -0.000011833434591129
-0.002687060655080780 +0.000610441435624428
-0.001780832948208085 +0.000587760585415108
-0.001955000584756855 +0.001986726737170081
-0.001138716410833769 +0.001553956048100730
-0.000154959764688553 +0.000431323624275696
-0.000020727135267860 +0.001725613426425673
+0.001512854849424950 +0.000000687159449190
+0.001423754972006161 -0.000438497677119401
+0.001002736966681193 -0.000381797954741300
+0.001610970485559437 -0.001325627071976157
+0.001002569871367738 -0.000793019143355797
-0.000027963247591335 -0.000353363671856435
-0.000141462105314953 -0.000721291703230630
-0.001054238550577102 -0.000402787663550864
-0.001264801505018149 +0.000337700200946482
-0.000584826830586728 -0.000800959426914764
-0.001171353119001907 -0.000089938510658376
-0.000709963598599976 -0.000885124693054500
-0.000021454935410435 -0.001143622654979416
-0.000174763406287285 -0.000389227120949019
+0.000202906210577513 -0.001178976657864531
+0.000140430341870479 -0.000267222585605344
+0.000121760796377732 -0.000074697717020441
+0.000225847120280571 +0.000142063969339149
-0.000022555544633598 +0.000353109514665626
-0.000062418951991763 +0.000365374493957129
-0.000216670976549664 -0.000066504233853352
-0.000620616039879528 -0.000074770830863660
-0.000321908735953327 -0.000034980851514867
-0.000548209518853052 -0.000935850961549279
-0.000900549062716642 -0.000382238480080776
-0.000094268366043116 -0.000811510505478327
-0.000069727445060412 -0.000267128553434069
-0.000064495904871453 -0.000013627086965568
+0.000293641682058945 -0.000038161843472448
+0.000195477786191316 +0.000958521055291731
+0.000310820802684780 +0.001233045216556062
+0.000402827217947494 +0.001225738703164430
+0.000014792080255558 +0.001132706759407032
+0.000255182367711925 +0.001422824624057864
+0.000611040531449189 +0.000516199762687663
+0.000140843159538909 +0.000449359551685004
+0.000323462069330338 -0.000053017846412899
+0.000471718305408394 -0.000875880385671578
+0.000246672810901590 -0.000459248795679392
+0.000448980258134790 -0.001281506779874673
+0.000215404317275656 -0.001228107373659745
+0.000066982808887578 -0.001097283261501557
-0.000007928497343021 -0.000898200662450305
-0.000342858912353725 -0.000655464629351558
-0.000610752832412404 -0.000198552285793434
-0.000669156682180123 +0.000160099983291209
-0.000876852175716434 +0.000109678477118127
-0.000750225121156228 +0.000805598408601288
-0.000451545195462356 +0.000446536647730566
-0.000477663070798722 +0.000435289920410958
-0.000110207503456975 +0.000567179594386005
+0.000282122414337161 +0.000475947445335899
+0.000442963641166354 +0.000293854147373557
+0.000523085953850873 +0.000067412183045222
+0.000600274495942654 +0.000018519675279981
+0.000711510588290465 -0.000292866657362875
+0.000480297056097367 -0.000109463264269889
+0.000138016933842343 -0.000401266305993689
-0.000113599485648934 -0.000233608618901908
-0.000311224135505018 +0.000053409013356930
-0.000546866920543831 +0.000041262442592686
-0.000538707857633988 +0.000095333122729227
-0.000460159138864784 +0.000168364179107389
-0.000194297339855938 +0.000338428738645301
+0.000180816675145669 +0.000060799259336543
+0.000147043339051024 +0.000262277954605053
+0.000327196468906544 +0.000054506489704489
+0.000501291872342836 +0.000108713252250860
+0.000352576155037941 +0.000099691032198707
+0.000192144697951904 -0.000166451286589372
+0.000183388297724856 -0.000005227663160579
+0.000019500941026567 -0.000356773191297503
-0.000245114710083954 -0.000377592174223497
-0.000225018599886892 -0.000454030442815456
-0.000300920093541660 -0.000421261825841597
-0.000367771996344725 -0.000332484931632036
-0.000271848183434227 -0.000238244131291703
-0.000214629483483261 -0.000013656134412723
-0.000170533987188214 +0.000035548585027224
-0.000061237148483755 +0.000251210815329087
+0.000006605168292623 +0.000121383315913212
+0.000061942550646499 +0.000344131733175515
+0.000161696727764195 +0.000122414819305340
+0.000040496584483763 -0.000030706686850626
+0.000030726902168131 +0.000197975528983913
+0.000039166735665664 -0.000265846497655923
-0.000112136905127874 -0.000064564201272327
-0.000070896136297420 +0.000041735633683041
+0.000022093258377180 -0.000331142443783659
-0.000074704949930425 -0.000109205230692667
+0.000034838438756659 -0.000103370429563797
+0.000187529104201723 -0.000459806760546091
-0.000046063024970337 -0.000127583578995186
-0.000005272597323838 -0.000070967853987886
-0.000047559951628045 -0.000259394349910402
-0.000374054240608795 +0.000334649586391400
-0.000260310325823049 +0.000114802511556322
-0.000231567492763790 +0.000158158452858992
-0.000251554590124131 +0.000356595917384628
+0.000036348156897598 -0.000022996701958156
+0.000160826658330782 +0.000059854866104547
+0.000192315735605415 -0.000037123615985443
+0.000288127007129713 -0.000260170854332879
+0.000236758944262838 -0.000184892373881126
+0.000147273497546563 -0.000160905566297886
+0.000055907222741673 -0.000368617786324854
-0.000140121040790610 -0.000136845323764640
-0.000149801439395851 -0.000203303871295513
-0.000273134721330337 -0.000239404056326229
-0.000349180576152047 +0.000000594374501287
-0.000228610316462763 -0.000192856779545059
-0.000285029212941153 +0.000023276559845331
-0.000154872441400283 -0.000005384132144733
-0.000018888859294235 -0.000058041051106820
-0.000048950206321344 +0.000091148550867514
+0.000094665019216480 -0.000007215255767756
+0.000122616487440656 +0.000047100887488789
+0.000028882441419572 +0.000129259613456511
+0.000102610408044882 +0.000048767440249892
+0.000024576978388917 +0.000044337226038442
-0.000063509516582710 +0.000142729456127128
+0.000030129236156392 -0.000090160490801374
-0.000084329342391045 +0.000006207684641470
-0.000061101424785741 -0.000036241265017190
+0.000008979350577333 -0.000247565704929175
-0.000076721132089585 -0.000051033643065237
+0.000013224638651608 -0.000200628552619670
+0.000008949388762107 -0.000214977113353571
-0.000069489516596789 -0.000074316486164181
+0.000004145032625475 -0.000108399711756995
-0.000040412935905853 -0.000082161546716270
-0.000135059135161647 +0.000056013492115233
-0.000056408182272668 -0.000011003565512623
-0.000100184020227977 +0.000015968829357300
-0.000121928680589829 +0.000102072485651522
-0.000030938444716636 -0.000109298940291995
-0.000076513932734144 -0.000000059741350726
-0.000016797615597234 -0.000087024519221688
+0.000018438248679736 -0.000195472607851079
-0.000034557778171173 -0.000091104622412724
+0.000011427823973206 -0.000194062923691045
-0.000020575510307791 -0.000148266485311869
-0.000072183136566514 -0.000088511490486407
-0.000050461176895906 -0.000098502011685872
-0.000108811922514776 -0.000067307471589732
-0.000129225663881744 +0.000023530711268485
-0.000082261878585049 -0.000039472322294743
-0.000139943252215507 +0.000021170655910818
-0.000083497470662127 +0.000042474476196058
-0.000035020123699774 -0.000064259514697899
-0.000067898035831089 +0.000034934330021857
+0.000027910785494916 -0.000066993399766814
+0.000026801252188593 -0.000084384969925756
-0.000006891743919687 -0.000057896828192846
+0.000042643096202969 -0.000129000513761903
-0.000006022541494847 -0.000113571786568222
-0.000057866062662570 -0.000106315780335942
-0.000040478077875771 -0.000136428457788726
-0.000103967820087053 -0.000134473314925727
-0.000123671206354784 -0.000072215828030539
-0.000094141694883442 -0.000148377891526227
-0.000149304343182256 -0.000074503358990399
-0.000103971792900261 -0.000058760062093932
-0.000073878994260754 -0.000102143156486545
-0.000094921878778740 -0.000017635680104749
-0.000035282429060163 -0.000064709724529826
-0.000029817588917287 -0.000046450017632468
-0.000038230717888139 -0.000040475667790447
-0.000012138000729864 -0.000059208679115661
-0.000034271893170421 -0.000079641645657345
-0.000053512883094926 -0.000078607350844074
-0.000040256424802930 -0.000104259319481119
-0.000079150927831063 -0.000138252489574710
-0.000084883000016413 -0.000113919906719250
-0.000073694461286382 -0.000153255677221183
-0.000104783926828173 -0.000122990290632599
-0.000086898084899902 -0.000124891661210070
-0.000087422282855461 -0.000103318946809673
-0.000090754807856653 -0.000082230194249830
-0.000073617218148987 -0.000081955666569211
-0.000079429020810719 -0.000046014740408017
-0.000071542827369784 -0.000063423920202356
-0.000064356656143725 -0.000040405563161389
-0.000075380342596045 -0.000055282052093158
-0.000067692823271066 -0.000058423557584060
-0.000056734848986855 -0.000075458575679757
-0.000071175089904146 -0.000086975751222306
-0.000048267196651484 -0.000105556411573112
-0.000046573203364360 -0.000129294740828178
-0.000060949317866151 -0.000116523938545694
-0.000045197478430590 -0.000153671712200596
-0.000067245831653705 -0.000120937647992145
-0.000081663810772042 -0.000131591214380773
-0.000084949709863914 -0.000123086304180297
-0.000103932334153981 -0.000096931748469152
-0.000112238510722388 -0.000111108693577745
-0.000108366116424056 -0.000087191719038548
-0.000109907128272713 -0.000099538735741147
-0.000103356939200288 -0.000090961755827831
-0.000086141991985785 -0.000102171760379680
-0.000081346858555442 -0.000096888995374430
-0.000068804020539540 -0.000108769602021481
-0.000064159568555432 -0.000111176927462981
-0.000062372025979967 -0.000107530734741436
-0.000064613823771131 -0.000126873626310516
-0.000074290832383912 -0.000107609191336309
-0.000080767471798987 -0.000135075210419085
-0.000094567273980884 -0.000114427079261794
-0.000100826955230469 -0.000121862954269345
-0.000110862892548075 -0.000133384591318141
-0.000113812226403815 -0.000104987623589020
-0.000108079504898004 -0.000124390341714104
-0.000105463833832857 -0.000116127313096710
-0.000099509069366847 -0.000105206839564332
-0.000084814536252315 -0.000116319645977725
-0.000079287476434091 -0.000122161030426525
-0.000081560110481562 -0.000101609380807811
-0.000069597862568512 -0.000134106909324089
-0.000083980702420149 -0.000121798121677293
-0.000092364588549369 -0.000112818911779370
-0.000090651225408451 -0.000151215962945062
-0.000111024699944189 -0.000116346076544302
-0.000109459935527921 -0.000144268151551524
-0.000108926972080378 -0.000151682315379778
-0.000115079518418918 -0.000135738670356628
-0.000108017270284949 -0.000159539833770692
-0.000104830825224264 -0.000152520951323971
-0.000109910065829513 -0.000143153519765279
-0.000103443896694311 -0.000151915815082032
-0.000108000844821328 -0.000142795932895845
-0.000112932568720959 -0.000125589573508575
-0.000109448601658693 -0.000147773479264035
-0.000119385192467264 -0.000119418554278203
-0.000113956832838248 -0.000131521793444498
-0.000114156914973271 -0.000143349461132226
-0.000119561701789606 -0.000123560797458994
-0.000105736974626965 -0.000156064139682093
-0.000111308195825666 -0.000147858593965981
-0.000109752755086477 -0.000152552985803357
-0.000102636613021722 -0.000171976671825895
-0.000112565072193180 -0.000160096476315470
-0.000114002312955999 -0.000165882856786841
-0.000113371736720943 -0.000174542758186068
-0.000129902149137164 -0.000157889883596949
-0.000126746417697911 -0.000162963619048993
-0.000130408889680105 -0.000169785601960658
-0.000142136246847393 -0.000143036572530993
-0.000129191820337752 -0.000168071921408480
-0.000135361222540500 -0.000157252707210600
-0.000133467410889752 -0.000149240292466457
-0.000120581979156885 -0.000175569468203673
-0.000127323049242421 -0.000158100947518307
-0.000122933283738749 -0.000168446029478256
-0.000116592008262964 -0.000180954704541522
-0.000130231498620850 -0.000172131431338367
-0.000125361505639680 -0.000178123441178315
-0.000130873818451093 -0.000192949288613604
-0.000142261297020504 -0.000173261697325246
-0.000140125267811447 -0.000192388809972568
-0.000143692259170377 -0.000189687460285218
-0.000154585306807496 -0.000179743119905549
-0.000141130733250896 -0.000196096168236104
-0.000153617290418917 -0.000187974396943412
-0.000145488845004659 -0.000181190355360998
-0.000145598880988845 -0.000200335087798236
-0.000146087390870846 -0.000178111031294951
-0.000148017797208344 -0.000193512741857649
-0.000139273975914853 -0.000189841155041625
-0.000156874452515094 -0.000191831882301496
-0.000139958010256411 -0.000189154963594265
-0.000157471320794591 -0.000209992419586622
-0.000149876307235996 -0.000184500152066804
-0.000158471926460104 -0.000222243997060241
-0.000150790508328403 -0.000196077482784994
-0.000169774509932194 -0.000220309824750752
-0.000144722352748751 -0.000206652257063641
-0.000177243011614568 -0.000226764780185931
-0.000148778531924255 -0.000198029493703946
-0.000175658885842133 -0.000239395100766063
-0.000155063746123083 -0.000190614824725735
-0.000182512492720730 -0.000239294633217390
-0.000149796361880044 -0.000195338367805074
-0.000195698516458560 -0.000238908830477522
-0.000145848945354602 -0.000194055217839632
-0.000199407208432658 -0.000256430834568514
-0.000147929922376646 -0.000185382135327592
-0.000201696344860563 -0.000276665648732322
-0.000143263617059353 -0.000185071527743313
-0.000214071668705879 -0.000289619414578610
-0.000134845405423108 -0.000181477432514139
-0.000221972235301660 -0.000316379187765758
-0.000171260872931176 -0.000122966238427021
+0.000036056824546332 -0.000626754826577954
-0.000261418636175787 -0.000465287204533759
-0.000052705500660823 +0.000316764721924359
-0.000281676276804515 +0.000004225874793129
-0.000292259229427082 +0.000339275461652532
-0.000183376005450276 -0.000002283828685874
+0.000345977789187261 -0.000045659217092394
