-40 +0.000468750000
-35 +0.000484375000
-30 +0.000505208333
-25 +0.000531250000
-20 +0.000557291667
-15 +0.000578125000
-10 +0.000593750000
-05 +0.000609375000
+00 +0.000614583333
+05 +0.000619791667
+10 +0.000614583333
+15 +0.000598958333
+20 +0.000583333333
+25 +0.000562500000
+30 +0.000531250000
+35 +0.000500000000
+40 +0.000463541667
+45 +0.000427083333
+50 +0.000385416667
+55 +0.000338541667
+60 +0.000291666667
+65 +0.000250000000
+70 +0.000197916667
+75 +0.000151041667
+80 +0.000104166667
+85 +0.000052083333
+90 +0.000005208333
