-40 -0.000354166667
-35 -0.000369791667
-30 -0.000395833333
-25 -0.000411458333
-20 -0.000432291667
-15 -0.000453125000
-10 -0.000468750000
-05 -0.000484375000
+00 -0.000494791667
+05 -0.000500000000
+10 -0.000494791667
+15 -0.000489583333
+20 -0.000484375000
+25 -0.000468750000
+30 -0.000447916667
+35 -0.000427083333
+40 -0.000401041667
+45 -0.000369791667
+50 -0.000338541667
+55 -0.000302083333
+60 -0.000265625000
+65 -0.000229166667
+70 -0.000187500000
+75 -0.000145833333
+80 -0.000104166667
+85 -0.000057291667
+90 -0.000015625000
