-40 -0.000546875000
-35 -0.000567708333
-30 -0.000598958333
-25 -0.000619791667
-20 -0.000635416667
-15 -0.000656250000
-10 -0.000671875000
-05 -0.000677083333
+00 -0.000682291667
+05 -0.000682291667
+10 -0.000682291667
+15 -0.000671875000
+20 -0.000656250000
+25 -0.000630208333
+30 -0.000604166667
+35 -0.000567708333
+40 -0.000526041667
+45 -0.000479166667
+50 -0.000432291667
+55 -0.000385416667
+60 -0.000333333333
+65 -0.000281250000
+70 -0.000229166667
+75 -0.000177083333
+80 -0.000125000000
+85 -0.000067708333
+90 -0.000015625000
