00000 +5.928
00010 +5.334
00020 +4.001
00030 +2.601
00040 +1.477
00050 +0.748
00060 +0.432
00070 +0.487
00080 +0.797
00090 +1.157
00100 +1.318
00110 +1.107
00120 +0.544
00130 -0.203
00140 -0.957
00150 -1.599
00160 -2.064
00170 -2.333
00180 -2.428
00190 -2.411
00200 -2.377
00210 -2.415
00220 -2.576
00230 -2.850
00240 -3.184
00250 -3.509
00260 -3.768
00270 -3.923
00280 -3.960
00290 -3.893
00300 -3.766
00310 -3.635
00320 -3.553
00330 -3.545
00340 -3.600
00350 -3.680
00360 -3.738
00370 -3.734
00380 -3.644
00390 -3.467
00400 -3.228
00410 -2.973
00420 -2.758
00430 -2.621
00440 -2.571
00450 -2.580
00460 -2.607
00470 -2.612
00480 -2.572
00490 -2.488
00500 -2.386
00510 -2.313
00520 -2.318
00530 -2.429
00540 -2.639
00550 -2.913
00560 -3.204
00570 -3.477
00580 -3.713
00590 -3.913
00600 -4.095
00610 -4.282
00620 -4.500
00630 -4.760
00640 -5.056
00650 -5.366
00660 -5.662
00670 -5.922
00680 -6.129
00690 -6.281
00700 -6.385
00710 -6.454
00720 -6.507
00730 -6.561
00740 -6.622
00750 -6.685
00760 -6.734
00770 -6.748
00780 -6.707
00790 -6.602
00800 -6.434
00810 -6.217
00820 -5.979
00830 -5.755
00840 -5.577
00850 -5.461
00860 -5.395
00870 -5.353
00880 -5.306
00890 -5.240
00900 -5.159
00910 -5.088
00920 -5.063
00930 -5.120
00940 -5.271
00950 -5.501
00960 -5.767
00970 -6.026
00980 -6.246
00990 -6.416
01000 -6.541
01010 -6.643
01020 -6.746
01030 -6.874
01040 -7.034
01050 -7.218
01060 -7.404
01070 -7.566
01080 -7.682
01090 -7.742
01100 -7.749
01110 -7.718
01120 -7.672
01130 -7.632
01140 -7.616
01150 -7.627
01160 -7.656
01170 -7.682
01180 -7.684
01190 -7.650
01200 -7.577
01210 -7.478
01220 -7.374
01230 -7.291
01240 -7.253
01250 -7.271
01260 -7.338
01270 -7.436
01280 -7.541
01290 -7.634
01300 -7.709
01310 -7.772
01320 -7.837
01330 -7.925
01340 -8.052
01350 -8.225
01360 -8.436
01370 -8.669
01380 -8.902
01390 -9.116
01400 -9.300
01410 -9.454
01420 -9.586
01430 -9.708
01440 -9.834
01450 -9.974
01460 -10.128
01470 -10.288
01480 -10.440
01490 -10.567
01500 -10.656
01510 -10.700
01520 -10.700
01530 -10.667
01540 -10.614
01550 -10.554
01560 -10.499
01570 -10.452
01580 -10.411
01590 -10.365
01600 -10.306
01610 -10.226
01620 -10.127
01630 -10.017
01640 -9.912
01650 -9.827
01660 -9.778
01670 -9.772
01680 -9.803
01690 -9.862
01700 -9.931
01710 -9.996
01720 -10.048
01730 -10.084
01740 -10.110
01750 -10.136
01760 -10.173
01770 -10.229
01780 -10.303
01790 -10.390
01800 -10.476
01810 -10.550
01820 -10.601
01830 -10.622
01840 -10.616
01850 -10.591
01860 -10.556
01870 -10.521
01880 -10.495
01890 -10.476
01900 -10.460
01910 -10.435
01920 -10.391
01930 -10.318
01940 -10.213
01950 -10.080
01960 -9.929
01970 -9.772
01980 -9.621
01990 -9.485
02000 -9.367
02010 -9.264
02020 -9.168
02030 -9.071
02040 -8.969
02050 -8.865
02060 -8.770
02070 -8.698
02080 -8.668
02090 -8.692
02100 -8.773
02110 -8.906
02120 -9.077
02130 -9.268
02140 -9.464
02150 -9.656
02160 -9.841
02170 -10.022
02180 -10.207
02190 -10.402
02200 -10.609
02210 -10.826
02220 -11.045
02230 -11.256
02240 -11.445
02250 -11.605
02260 -11.732
02270 -11.829
02280 -11.905
02290 -11.971
02300 -12.040
02310 -12.117
02320 -12.205
02330 -12.299
02340 -12.390
02350 -12.468
02360 -12.528
02370 -12.571
02380 -12.604
02390 -12.639
02400 -12.690
02410 -12.768
02420 -12.875
02430 -13.009
02440 -13.159
02450 -13.312
02460 -13.459
02470 -13.592
02480 -13.712
02490 -13.826
02500 -13.943
02510 -14.070
02520 -14.213
02530 -14.370
02540 -14.536
02550 -14.698
02560 -14.846
02570 -14.971
02580 -15.068
02590 -15.140
02600 -15.192
02610 -15.234
02620 -15.274
02630 -15.315
02640 -15.357
02650 -15.392
02660 -15.410
02670 -15.400
02680 -15.353
02690 -15.266
02700 -15.143
02710 -14.992
02720 -14.826
02730 -14.654
02740 -14.483
02750 -14.314
02760 -14.141
02770 -13.958
02780 -13.757
02790 -13.539
02800 -13.308
02810 -13.077
02820 -12.861
02830 -12.677
02840 -12.536
02850 -12.442
02860 -12.390
02870 -12.370
02880 -12.369
02890 -12.375
02900 -12.382
02910 -12.387
02920 -12.394
02930 -12.411
02940 -12.444
02950 -12.496
02960 -12.565
02970 -12.642
02980 -12.715
02990 -12.772
03000 -12.801
03010 -12.799
03020 -12.768
03030 -12.715
03040 -12.653
03050 -12.592
03060 -12.539
03070 -12.494
03080 -12.446
03090 -12.384
03100 -12.293
03110 -12.167
03120 -12.005
03130 -11.816
03140 -11.616
03150 -11.424
03160 -11.254
03170 -11.111
03180 -10.991
03190 -10.881
03200 -10.768
03210 -10.642
03220 -10.504
03230 -10.364
03240 -10.239
03250 -10.148
03260 -10.106
03270 -10.118
03280 -10.175
03290 -10.263
03300 -10.364
03310 -10.464
03320 -10.556
03330 -10.643
03340 -10.731
03350 -10.833
03360 -10.958
03370 -11.111
03380 -11.287
03390 -11.479
03400 -11.671
03410 -11.851
03420 -12.008
03430 -12.139
03440 -12.247
03450 -12.343
03460 -12.438
03470 -12.544
03480 -12.668
03490 -12.805
03500 -12.945
03510 -13.073
03520 -13.176
03530 -13.244
03540 -13.277
03550 -13.284
03560 -13.278
03570 -13.277
03580 -13.292
03590 -13.325
03600 -13.366
03610 -13.398
03620 -13.406
03630 -13.377
03640 -13.311
03650 -13.216
03660 -13.110
03670 -13.014
03680 -12.943
03690 -12.901
03700 -12.879
03710 -12.864
03720 -12.838
03730 -12.792
03740 -12.726
03750 -12.649
03760 -12.575
03770 -12.522
03780 -12.500
03790 -12.509
03800 -12.545
03810 -12.594
03820 -12.645
03830 -12.687
03840 -12.718
03850 -12.738
03860 -12.754
03870 -12.775
03880 -12.809
03890 -12.862
03900 -12.935
03910 -13.023
03920 -13.118
03930 -13.208
03940 -13.285
03950 -13.345
03960 -13.389
03970 -13.423
03980 -13.458
03990 -13.504
04000 -13.569
04010 -13.652
04020 -13.748
04030 -13.843
04040 -13.926
04050 -13.989
04060 -14.028
04070 -14.051
04080 -14.068
04090 -14.091
04100 -14.132
04110 -14.193
04120 -14.269
04130 -14.348
04140 -14.418
04150 -14.468
04160 -14.497
04170 -14.506
04180 -14.505
04190 -14.506
04200 -14.520
04210 -14.551
04220 -14.600
04230 -14.658
04240 -14.714
04250 -14.759
04260 -14.784
04270 -14.789
04280 -14.779
04290 -14.762
04300 -14.750
04310 -14.753
04320 -14.776
04330 -14.815
04340 -14.861
04350 -14.900
04360 -14.922
04370 -14.920
04380 -14.894
04390 -14.853
04400 -14.810
04410 -14.778
04420 -14.767
04430 -14.776
04440 -14.797
04450 -14.816
04460 -14.818
04470 -14.795
04480 -14.744
04490 -14.672
04500 -14.594
04510 -14.525
04520 -14.478
04530 -14.454
04540 -14.449
04550 -14.450
04560 -14.441
04570 -14.413
04580 -14.361
04590 -14.289
04600 -14.210
04610 -14.137
04620 -14.085
04630 -14.060
04640 -14.062
04650 -14.080
04660 -14.101
04670 -14.111
04680 -14.102
04690 -14.074
04700 -14.033
04710 -13.995
04720 -13.974
04730 -13.984
04740 -14.028
04750 -14.101
04760 -14.186
04770 -14.269
04780 -14.335
04790 -14.380
04800 -14.408
04810 -14.432
04820 -14.470
04830 -14.537
04840 -14.639
04850 -14.771
04860 -14.916
04870 -15.057
04880 -15.177
04890 -15.266
04900 -15.327
04910 -15.371
04920 -15.412
04930 -15.465
04940 -15.539
04950 -15.631
04960 -15.729
04970 -15.820
04980 -15.887
04990 -15.922
05000 -15.924
05010 -15.900
05020 -15.863
05030 -15.830
05040 -15.812
05050 -15.815
05060 -15.836
05070 -15.864
05080 -15.885
05090 -15.886
05100 -15.863
05110 -15.815
05120 -15.754
05130 -15.693
05140 -15.650
05150 -15.634
05160 -15.649
05170 -15.686
05180 -15.730
05190 -15.767
05200 -15.783
05210 -15.775
05220 -15.750
05230 -15.721
05240 -15.705
05250 -15.716
05260 -15.760
05270 -15.832
05280 -15.917
05290 -15.996
05300 -16.055
05310 -16.087
05320 -16.091
05330 -16.080
05340 -16.068
05350 -16.071
05360 -16.096
05370 -16.144
05380 -16.205
05390 -16.263
05400 -16.302
05410 -16.312
05420 -16.291
05430 -16.243
05440 -16.184
05450 -16.128
05460 -16.091
05470 -16.080
05480 -16.092
05490 -16.116
05500 -16.134
05510 -16.133
05520 -16.103
05530 -16.047
05540 -15.974
05550 -15.901
05560 -15.847
05570 -15.824
05580 -15.836
05590 -15.872
05600 -15.914
05610 -15.945
05620 -15.951
05630 -15.928
05640 -15.884
05650 -15.833
05660 -15.795
05670 -15.785
05680 -15.809
05690 -15.861
05700 -15.926
05710 -15.983
05720 -16.016
05730 -16.019
05740 -15.993
05750 -15.951
05760 -15.909
05770 -15.885
05780 -15.888
05790 -15.921
05800 -15.972
05810 -16.026
05820 -16.064
05830 -16.075
05840 -16.056
05850 -16.013
05860 -15.961
05870 -15.920
05880 -15.905
05890 -15.925
05900 -15.977
05910 -16.045
05920 -16.111
05930 -16.157
05940 -16.173
05950 -16.162
05960 -16.135
05970 -16.111
05980 -16.112
05990 -16.148
06000 -16.221
06010 -16.318
06020 -16.418
06030 -16.501
06040 -16.552
06050 -16.568
06060 -16.558
06070 -16.538
06080 -16.529
06090 -16.546
06100 -16.593
06110 -16.661
06120 -16.734
06130 -16.791
06140 -16.816
06150 -16.804
06160 -16.757
06170 -16.690
06180 -16.620
06190 -16.567
06200 -16.541
06210 -16.543
06220 -16.561
06230 -16.580
06240 -16.581
06250 -16.554
06260 -16.497
06270 -16.419
06280 -16.337
06290 -16.271
06300 -16.238
06310 -16.245
06320 -16.287
06330 -16.347
06340 -16.405
06350 -16.447
06360 -16.464
06370 -16.460
06380 -16.448
06390 -16.449
06400 -16.480
06410 -16.551
06420 -16.659
06430 -16.789
06440 -16.922
06450 -17.040
06460 -17.130
06470 -17.190
06480 -17.230
06490 -17.264
06500 -17.309
06510 -17.376
06520 -17.468
06530 -17.576
06540 -17.685
06550 -17.777
06560 -17.839
06570 -17.865
06580 -17.858
06590 -17.830
06600 -17.796
06610 -17.774
06620 -17.773
06630 -17.795
06640 -17.830
06650 -17.865
06660 -17.882
06670 -17.872
06680 -17.832
06690 -17.771
06700 -17.703
06710 -17.647
06720 -17.619
06730 -17.625
06740 -17.659
06750 -17.707
06760 -17.752
06770 -17.777
06780 -17.777
06790 -17.754
06800 -17.720
06810 -17.692
06820 -17.686
06830 -17.712
06840 -17.767
06850 -17.839
06860 -17.912
06870 -17.968
06880 -17.997
06890 -17.997
06900 -17.975
06910 -17.946
06920 -17.926
06930 -17.925
06940 -17.949
06950 -17.990
06960 -18.036
06970 -18.071
06980 -18.082
06990 -18.063
07000 -18.019
07010 -17.958
07020 -17.897
07030 -17.852
07040 -17.833
07050 -17.841
07060 -17.865
07070 -17.892
07080 -17.906
07090 -17.898
07100 -17.866
07110 -17.818
07120 -17.767
07130 -17.730
07140 -17.720
07150 -17.741
07160 -17.787
07170 -17.844
07180 -17.895
07190 -17.927
07200 -17.934
07210 -17.920
07220 -17.895
07230 -17.875
07240 -17.872
07250 -17.894
07260 -17.937
07270 -17.992
07280 -18.043
07290 -18.076
07300 -18.083
07310 -18.062
07320 -18.022
07330 -17.974
07340 -17.933
07350 -17.909
07360 -17.907
07370 -17.921
07380 -17.940
07390 -17.949
07400 -17.939
07410 -17.904
07420 -17.847
07430 -17.780
07440 -17.717
07450 -17.672
07460 -17.655
07470 -17.666
07480 -17.694
07490 -17.725
07500 -17.745
07510 -17.746
07520 -17.727
07530 -17.696
07540 -17.666
07550 -17.654
07560 -17.670
07570 -17.715
07580 -17.783
07590 -17.858
07600 -17.925
07610 -17.972
07620 -17.996
07630 -18.000
07640 -17.996
07650 -17.999
07660 -18.019
07670 -18.062
07680 -18.123
07690 -18.191
07700 -18.249
07710 -18.286
07720 -18.294
07730 -18.274
07740 -18.236
07750 -18.192
07760 -18.157
07770 -18.140
07780 -18.144
07790 -18.161
07800 -18.178
07810 -18.182
07820 -18.161
07830 -18.115
07840 -18.051
07850 -17.981
07860 -17.922
07870 -17.889
07880 -17.887
07890 -17.912
07900 -17.951
07910 -17.987
07920 -18.008
07930 -18.006
07940 -17.987
07950 -17.962
07960 -17.948
07970 -17.959
07980 -18.004
07990 -18.080
08000 -18.175
08010 -18.270
08020 -18.352
08030 -18.410
08040 -18.447
08050 -18.472
08060 -18.500
08070 -18.546
08080 -18.620
08090 -18.723
08100 -18.846
08110 -18.973
08120 -19.088
08130 -19.180
08140 -19.247
08150 -19.295
08160 -19.337
08170 -19.388
08180 -19.461
08190 -19.561
08200 -19.685
08210 -19.819
08220 -19.946
08230 -20.055
08240 -20.137
08250 -20.197
08260 -20.244
08270 -20.294
08280 -20.362
08290 -20.457
08300 -20.580
08310 -20.720
08320 -20.862
08330 -20.992
08340 -21.098
08350 -21.181
08360 -21.246
08370 -21.309
08380 -21.383
08390 -21.482
08400 -21.608
08410 -21.756
08420 -21.913
08430 -22.063
08440 -22.194
08450 -22.299
08460 -22.381
08470 -22.451
08480 -22.522
08490 -22.606
08500 -22.712
08510 -22.839
08520 -22.978
08530 -23.114
08540 -23.232
08550 -23.323
08560 -23.382
08570 -23.417
08580 -23.438
08590 -23.459
08600 -23.492
08610 -23.544
08620 -23.610
08630 -23.680
08640 -23.738
08650 -23.773
08660 -23.775
08670 -23.748
08680 -23.700
08690 -23.646
08700 -23.601
08710 -23.577
08720 -23.577
08730 -23.593
08740 -23.612
08750 -23.620
08760 -23.605
08770 -23.563
08780 -23.499
08790 -23.427
08800 -23.360
08810 -23.315
08820 -23.297
08830 -23.305
08840 -23.329
08850 -23.354
08860 -23.365
08870 -23.354
08880 -23.320
08890 -23.271
08900 -23.221
08910 -23.184
08920 -23.173
08930 -23.192
08940 -23.235
08950 -23.290
08960 -23.342
08970 -23.378
08980 -23.390
08990 -23.380
09000 -23.359
09010 -23.341
09020 -23.342
09030 -23.371
09040 -23.429
09050 -23.508
09060 -23.591
09070 -23.663
09080 -23.712
09090 -23.733
09100 -23.731
09110 -23.719
09120 -23.714
09130 -23.730
09140 -23.773
09150 -23.839
09160 -23.916
09170 -23.986
09180 -24.034
09190 -24.050
09200 -24.036
09210 -24.001
09220 -23.960
09230 -23.931
09240 -23.925
09250 -23.943
09260 -23.979
09270 -24.019
09280 -24.045
09290 -24.046
09300 -24.017
09310 -23.964
09320 -23.899
09330 -23.840
09340 -23.802
09350 -23.794
09360 -23.814
09370 -23.852
09380 -23.892
09390 -23.920
09400 -23.925
09410 -23.907
09420 -23.876
09430 -23.846
09440 -23.833
09450 -23.851
09460 -23.903
09470 -23.982
09480 -24.073
09490 -24.162
09500 -24.234
09510 -24.283
09520 -24.315
09530 -24.338
09540 -24.369
09550 -24.421
09560 -24.500
09570 -24.604
09580 -24.723
09590 -24.841
09600 -24.945
09610 -25.026
09620 -25.081
09630 -25.118
09640 -25.148
09650 -25.183
09660 -25.233
09670 -25.301
09680 -25.381
09690 -25.465
09700 -25.538
09710 -25.593
09720 -25.623
09730 -25.631
09740 -25.624
09750 -25.613
09760 -25.611
09770 -25.623
09780 -25.652
09790 -25.691
09800 -25.734
09810 -25.769
09820 -25.790
09830 -25.794
09840 -25.786
09850 -25.773
09860 -25.765
09870 -25.772
09880 -25.799
09890 -25.845
09900 -25.904
09910 -25.969
09920 -26.030
09930 -26.082
09940 -26.127
09950 -26.166
09960 -26.209
09970 -26.263
09980 -26.334
09990 -26.426
10000 -26.535
10010 -26.654
10020 -26.778
10030 -26.899
10040 -27.015
10050 -27.124
10060 -27.231
10070 -27.341
10080 -27.461
10090 -27.593
10100 -27.738
10110 -27.894
10120 -28.054
10130 -28.214
10140 -28.367
10150 -28.510
10160 -28.644
10170 -28.771
10180 -28.895
10190 -29.021
10200 -29.151
10210 -29.285
10220 -29.422
10230 -29.557
10240 -29.684
10250 -29.800
10260 -29.901
10270 -29.988
10280 -30.062
10290 -30.129
10300 -30.193
10310 -30.258
10320 -30.322
10330 -30.386
10340 -30.445
10350 -30.493
10360 -30.528
10370 -30.547
10380 -30.552
10390 -30.545
10400 -30.533
10410 -30.520
10420 -30.508
10430 -30.499
10440 -30.488
10450 -30.472
10460 -30.446
10470 -30.408
10480 -30.358
10490 -30.299
10500 -30.236
10510 -30.173
10520 -30.115
10530 -30.061
10540 -30.012
10550 -29.962
10560 -29.907
10570 -29.846
10580 -29.778
10590 -29.705
10600 -29.629
10610 -29.556
10620 -29.488
10630 -29.428
10640 -29.372
10650 -29.318
10660 -29.263
10670 -29.202
10680 -29.136
10690 -29.064
10700 -28.991
10710 -28.919
10720 -28.851
10730 -28.789
10740 -28.730
10750 -28.673
10760 -28.611
10770 -28.544
10780 -28.468
10790 -28.386
10800 -28.300
10810 -28.213
10820 -28.130
10830 -28.052
10840 -27.977
10850 -27.902
10860 -27.822
10870 -27.734
10880 -27.637
10890 -27.531
10900 -27.421
10910 -27.311
10920 -27.206
10930 -27.109
10940 -27.019
10950 -26.933
10960 -26.846
10970 -26.753
10980 -26.652
10990 -26.544
11000 -26.432
11010 -26.323
11020 -26.224
11030 -26.139
11040 -26.069
11050 -26.011
11060 -25.958
11070 -25.905
11080 -25.845
11090 -25.776
11100 -25.702
11110 -25.629
11120 -25.565
11130 -25.518
11140 -25.491
11150 -25.482
11160 -25.484
11170 -25.487
11180 -25.480
11190 -25.458
11200 -25.422
11210 -25.379
11220 -25.338
11230 -25.311
11240 -25.305
11250 -25.319
11260 -25.346
11270 -25.372
11280 -25.383
11290 -25.370
11300 -25.331
11310 -25.271
11320 -25.204
11330 -25.142
11340 -25.096
11350 -25.071
11360 -25.058
11370 -25.045
11380 -25.016
11390 -24.959
11400 -24.869
11410 -24.752
11420 -24.621
11430 -24.491
11440 -24.376
11450 -24.283
11460 -24.211
11470 -24.150
11480 -24.083
11490 -23.998
11500 -23.887
11510 -23.750
11520 -23.595
11530 -23.438
11540 -23.293
11550 -23.172
11560 -23.078
11570 -23.007
11580 -22.945
11590 -22.879
11600 -22.793
11610 -22.684
11620 -22.552
11630 -22.408
11640 -22.267
11650 -22.146
11660 -22.055
11670 -21.996
11680 -21.961
11690 -21.934
11700 -21.899
11710 -21.842
11720 -21.757
11730 -21.651
11740 -21.536
11750 -21.432
11760 -21.356
11770 -21.317
11780 -21.313
11790 -21.328
11800 -21.341
11810 -21.334
11820 -21.294
11830 -21.220
11840 -21.124
11850 -21.025
11860 -20.945
11870 -20.897
11880 -20.884
11890 -20.894
11900 -20.907
11910 -20.902
11920 -20.862
11930 -20.782
11940 -20.670
11950 -20.544
11960 -20.426
11970 -20.332
11980 -20.273
11990 -20.243
12000 -20.228
12010 -20.206
12020 -20.161
12030 -20.081
12040 -19.970
12050 -19.838
12060 -19.706
12070 -19.595
12080 -19.518
12090 -19.478
12100 -19.467
12110 -19.467
12120 -19.459
12130 -19.428
12140 -19.369
12150 -19.287
12160 -19.198
12170 -19.122
12180 -19.077
12190 -19.072
12200 -19.105
12210 -19.161
12220 -19.219
12230 -19.263
12240 -19.279
12250 -19.267
12260 -19.237
12270 -19.206
12280 -19.192
12290 -19.208
12300 -19.253
12310 -19.319
12320 -19.387
12330 -19.439
12340 -19.459
12350 -19.442
12360 -19.392
12370 -19.322
12380 -19.249
12390 -19.189
12400 -19.146
12410 -19.120
12420 -19.097
12430 -19.062
12440 -19.003
12450 -18.911
12460 -18.788
12470 -18.642
12480 -18.489
12490 -18.345
12500 -18.220
12510 -18.118
12520 -18.033
12530 -17.955
12540 -17.871
12550 -17.772
12560 -17.654
12570 -17.522
12580 -17.386
12590 -17.260
12600 -17.154
12610 -17.076
12620 -17.025
12630 -16.993
12640 -16.968
12650 -16.940
12660 -16.903
12670 -16.855
12680 -16.802
12690 -16.753
12700 -16.718
12710 -16.706
12720 -16.716
12730 -16.745
12740 -16.784
12750 -16.824
12760 -16.855
12770 -16.873
12780 -16.880
12790 -16.881
12800 -16.883
12810 -16.892
12820 -16.911
12830 -16.941
12840 -16.974
12850 -17.003
12860 -17.021
12870 -17.022
12880 -17.003
12890 -16.966
12900 -16.916
12910 -16.858
12920 -16.798
12930 -16.737
12940 -16.674
12950 -16.605
12960 -16.525
12970 -16.429
12980 -16.316
12990 -16.185
13000 -16.042
13010 -15.895
13020 -15.749
13030 -15.609
13040 -15.478
13050 -15.353
13060 -15.230
13070 -15.108
13080 -14.983
13090 -14.858
13100 -14.737
13110 -14.624
13120 -14.525
13130 -14.442
13140 -14.373
13150 -14.315
13160 -14.265
13170 -14.218
13180 -14.175
13190 -14.135
13200 -14.103
13210 -14.081
13220 -14.072
13230 -14.074
13240 -14.085
13250 -14.100
13260 -14.114
13270 -14.126
13280 -14.135
13290 -14.145
13300 -14.160
13310 -14.184
13320 -14.218
13330 -14.262
13340 -14.311
13350 -14.358
13360 -14.397
13370 -14.427
13380 -14.447
13390 -14.462
13400 -14.481
13410 -14.508
13420 -14.549
13430 -14.602
13440 -14.661
13450 -14.718
13460 -14.762
13470 -14.788
13480 -14.796
13490 -14.793
13500 -14.790
13510 -14.799
13520 -14.825
13530 -14.871
13540 -14.929
13550 -14.987
13560 -15.032
13570 -15.054
13580 -15.052
13590 -15.035
13600 -15.016
13610 -15.009
13620 -15.025
13630 -15.068
13640 -15.133
13650 -15.207
13660 -15.273
13670 -15.317
13680 -15.334
13690 -15.328
13700 -15.313
13710 -15.304
13720 -15.317
13730 -15.361
13740 -15.434
13750 -15.524
13760 -15.611
13770 -15.675
13780 -15.702
13790 -15.689
13800 -15.645
13810 -15.591
13820 -15.546
13830 -15.526
13840 -15.534
13850 -15.560
13860 -15.581
13870 -15.572
13880 -15.514
13890 -15.402
13900 -15.246
13910 -15.071
13920 -14.902
13930 -14.760
13940 -14.654
13950 -14.575
13960 -14.506
13970 -14.421
13980 -14.300
13990 -14.135
14000 -13.931
14010 -13.709
14020 -13.492
14030 -13.302
14040 -13.149
14050 -13.032
14060 -12.936
14070 -12.839
14080 -12.721
14090 -12.567
14100 -12.377
14110 -12.164
14120 -11.949
14130 -11.756
14140 -11.603
14150 -11.494
14160 -11.421
14170 -11.366
14180 -11.309
14190 -11.232
14200 -11.130
14210 -11.011
14220 -10.893
14230 -10.798
14240 -10.744
14250 -10.736
14260 -10.766
14270 -10.816
14280 -10.864
14290 -10.892
14300 -10.893
14310 -10.868
14320 -10.828
14330 -10.792
14340 -10.772
14350 -10.773
14360 -10.792
14370 -10.816
14380 -10.831
14390 -10.824
14400 -10.789
14410 -10.725
14420 -10.643
14430 -10.555
14440 -10.475
14450 -10.408
14460 -10.355
14470 -10.308
14480 -10.256
14490 -10.191
14500 -10.108
14510 -10.010
14520 -9.906
14530 -9.808
14540 -9.730
14550 -9.678
14560 -9.649
14570 -9.634
14580 -9.623
14590 -9.608
14600 -9.586
14610 -9.565
14620 -9.557
14630 -9.574
14640 -9.626
14650 -9.709
14660 -9.810
14670 -9.911
14680 -9.995
14690 -10.056
14700 -10.094
14710 -10.119
14720 -10.146
14730 -10.191
14740 -10.259
14750 -10.348
14760 -10.439
14770 -10.514
14780 -10.555
14790 -10.554
14800 -10.514
14810 -10.448
14820 -10.378
14830 -10.324
14840 -10.305
14850 -10.324
14860 -10.369
14870 -10.417
14880 -10.444
14890 -10.430
14900 -10.374
14910 -10.286
14920 -10.191
14930 -10.123
14940 -10.112
14950 -10.178
14960 -10.314
14970 -10.490
14980 -10.667
14990 -10.809
15000 -10.895
15010 -10.933
15020 -10.947
15030 -10.981
15040 -11.079
15050 -11.268
15060 -11.549
15070 -11.885
15080 -12.226
15090 -12.520
15100 -12.734
15110 -12.866
15120 -12.939
15130 -12.999
15140 -13.100
15150 -13.283
15160 -13.560
15170 -13.909
15180 -14.280
15190 -14.617
15200 -14.877
15210 -15.042
15220 -15.126
15230 -15.167
15240 -15.225
15250 -15.355
15260 -15.590
15270 -15.928
15280 -16.335
15290 -16.754
15300 -17.131
15310 -17.429
15320 -17.638
15330 -17.779
15340 -17.905
15350 -18.078
15360 -18.354
15370 -18.754
15380 -19.265
15390 -19.840
15400 -20.423
15410 -20.957
15420 -21.403
15430 -21.752
15440 -22.029
15450 -22.293
15460 -22.615
15470 -23.047
15480 -23.610
15490 -24.283
15500 -25.021
15510 -25.766
15520 -26.452
15530 -27.020
15540 -27.440
15550 -27.735
15560 -27.984
15570 -28.286
15580 -28.714
15590 -29.296
15600 -30.013
15610 -30.809
15620 -31.590
15630 -32.232
15640 -32.615
15650 -32.707
15660 -32.617
15670 -32.531
15680 -32.606
15690 -32.921
15700 -33.480
15710 -34.233
15720 -35.079
15730 -35.848
15740 -36.327
15750 -36.388
15760 -36.137
15770 -35.845
15780 -35.761
15790 -36.022
15800 -36.653
15810 -37.593
15820 -38.648
15830 -39.406
15840 -39.356
15850 -38.451
15860 -37.210
15870 -36.117
15880 -35.391
15890 -35.063
15900 -35.042
15910 -35.145
15920 -35.134
15930 -34.794
15940 -34.065
15950 -33.074
15960 -32.034
15970 -31.131
15980 -30.480
15990 -30.117
16000 -30.001
16010 -30.031
16020 -30.077
16030 -30.008
16040 -29.742
16050 -29.270
16060 -28.667
16070 -28.057
16080 -27.561
16090 -27.261
16100 -27.172
16110 -27.250
16120 -27.410
16130 -27.552
16140 -27.586
16150 -27.456
16160 -27.161
16170 -26.764
16180 -26.371
16190 -26.085
16200 -25.965
16210 -26.010
16220 -26.169
16230 -26.363
16240 -26.514
16250 -26.553
16260 -26.447
16270 -26.209
16280 -25.908
16290 -25.637
16300 -25.479
16310 -25.462
16320 -25.565
16330 -25.735
16340 -25.911
16350 -26.036
16360 -26.073
16370 -26.010
16380 -25.875
16390 -25.727
16400 -25.632
16410 -25.635
16420 -25.736
16430 -25.910
16440 -26.120
16450 -26.330
16460 -26.514
16470 -26.656
16480 -26.757
16490 -26.834
16500 -26.917
16510 -27.034
16520 -27.199
16530 -27.410
16540 -27.655
16550 -27.920
16560 -28.195
16570 -28.472
16580 -28.744
16590 -29.004
16600 -29.240
16610 -29.449
16620 -29.629
16630 -29.791
16640 -29.948
16650 -30.113
16660 -30.294
16670 -30.500
16680 -30.729
16690 -30.971
16700 -31.204
16710 -31.392
16720 -31.511
16730 -31.563
16740 -31.573
16750 -31.576
16760 -31.600
16770 -31.667
16780 -31.795
16790 -31.992
16800 -32.254
16810 -32.549
16820 -32.826
16830 -33.033
16840 -33.152
16850 -33.205
16860 -33.237
16870 -33.294
16880 -33.424
16890 -33.665
16900 -34.049
16910 -34.579
16920 -35.203
16930 -35.807
16940 -36.256
16950 -36.485
16960 -36.539
16970 -36.522
16980 -36.543
16990 -36.688
17000 -37.026
17010 -37.583
17020 -38.304
17030 -38.988
17040 -39.326
17050 -39.164
17060 -38.650
17070 -38.038
17080 -37.502
17090 -37.122
17100 -36.930
17110 -36.923
17120 -37.052
17130 -37.191
17140 -37.179
17150 -36.925
17160 -36.478
17170 -35.955
17180 -35.460
17190 -35.060
17200 -34.802
17210 -34.725
17220 -34.856
17230 -35.181
17240 -35.623
17250 -36.042
17260 -36.306
17270 -36.370
17280 -36.286
17290 -36.155
17300 -36.085
17310 -36.176
17320 -36.524
17330 -37.212
17340 -38.272
17350 -39.641
17360 -41.100
17370 -42.286
17380 -42.905
17390 -43.014
17400 -42.952
17410 -43.066
17420 -43.626
17430 -44.879
17440 -47.038
17450 -49.857
17460 -50.824
17470 -48.475
17480 -45.877
17490 -44.003
17500 -42.774
17510 -42.066
17520 -41.815
17530 -41.975
17540 -42.437
17550 -42.932
17560 -43.083
17570 -42.732
17580 -42.068
17590 -41.368
17600 -40.807
17610 -40.479
17620 -40.456
17630 -40.808
17640 -41.599
17650 -42.835
17660 -44.392
17670 -45.918
17680 -46.881
17690 -47.026
17700 -46.682
17710 -46.328
17720 -46.282
17730 -46.753
17740 -47.942
17750 -50.055
17760 -52.873
17770 -53.649
17780 -50.788
17790 -47.775
17800 -45.537
17810 -43.936
17820 -42.807
17830 -42.049
17840 -41.590
17850 -41.345
17860 -41.167
17870 -40.865
17880 -40.311
17890 -39.532
17900 -38.652
17910 -37.786
17920 -37.011
17930 -36.379
17940 -35.936
17950 -35.719
17960 -35.737
17970 -35.935
17980 -36.189
17990 -36.344
18000 -36.298
18010 -36.050
18020 -35.676
18030 -35.279
18040 -34.960
18050 -34.803
18060 -34.866
18070 -35.158
18080 -35.615
18090 -36.099
18100 -36.443
18110 -36.520
18120 -36.314
18130 -35.909
18140 -35.429
18150 -34.994
18160 -34.698
18170 -34.599
18180 -34.696
18190 -34.917
18200 -35.125
18210 -35.171
18220 -34.966
18230 -34.521
18240 -33.922
18250 -33.286
18260 -32.734
18270 -32.365
18280 -32.244
18290 -32.369
18300 -32.661
18310 -32.987
18320 -33.205
18330 -33.218
18340 -33.010
18350 -32.644
18360 -32.242
18370 -31.940
18380 -31.853
18390 -32.034
18400 -32.461
18410 -33.056
18420 -33.713
18430 -34.330
18440 -34.817
18450 -35.121
18460 -35.243
18470 -35.255
18480 -35.276
18490 -35.425
18500 -35.783
18510 -36.373
18520 -37.185
18530 -38.196
18540 -39.384
18550 -40.702
18560 -42.012
18570 -42.989
18580 -43.246
18590 -42.832
18600 -42.254
18610 -41.920
18620 -41.942
18630 -42.228
18640 -42.529
18650 -42.441
18660 -41.609
18670 -40.112
18680 -38.404
18690 -36.903
18700 -35.827
18710 -35.207
18720 -34.955
18730 -34.934
18740 -35.010
18750 -35.074
18760 -35.043
18770 -34.880
18780 -34.611
18790 -34.322
18800 -34.117
18810 -34.061
18820 -34.162
18830 -34.390
18840 -34.705
18850 -35.075
18860 -35.479
18870 -35.905
18880 -36.344
18890 -36.787
18900 -37.221
18910 -37.632
18920 -38.012
18930 -38.363
18940 -38.701
18950 -39.050
18960 -39.438
18970 -39.894
18980 -40.450
18990 -41.117
19000 -41.844
19010 -42.459
19020 -42.681
19030 -42.353
19040 -41.615
19050 -40.718
19060 -39.815
19070 -38.957
19080 -38.144
19090 -37.363
19100 -36.609
19110 -35.885
19120 -35.197
19130 -34.550
19140 -33.937
19150 -33.345
19160 -32.766
19170 -32.197
19180 -31.646
19190 -31.131
19200 -30.676
19210 -30.309
19220 -30.048
19230 -29.888
19240 -29.797
19250 -29.721
19260 -29.608
19270 -29.424
19280 -29.160
19290 -28.832
19300 -28.481
19310 -28.161
19320 -27.935
19330 -27.850
19340 -27.913
19350 -28.075
19360 -28.249
19370 -28.344
19380 -28.303
19390 -28.117
19400 -27.829
19410 -27.525
19420 -27.316
19430 -27.298
19440 -27.499
19450 -27.857
19460 -28.247
19470 -28.539
19480 -28.647
19490 -28.553
19500 -28.297
19510 -27.967
19520 -27.664
19530 -27.475
19540 -27.443
19550 -27.549
19560 -27.724
19570 -27.883
19580 -27.949
19590 -27.870
19600 -27.637
19610 -27.278
19620 -26.862
19630 -26.479
19640 -26.217
19650 -26.119
19660 -26.170
19670 -26.303
19680 -26.429
19690 -26.470
19700 -26.374
19710 -26.129
19720 -25.773
19730 -25.391
19740 -25.100
19750 -24.988
19760 -25.073
19770 -25.292
19780 -25.550
19790 -25.758
19800 -25.860
19810 -25.839
19820 -25.718
19830 -25.557
19840 -25.431
19850 -25.401
19860 -25.476
19870 -25.623
19880 -25.785
19890 -25.912
19900 -25.970
19910 -25.943
19920 -25.834
19930 -25.667
19940 -25.483
19950 -25.330
19960 -25.247
19970 -25.241
19980 -25.288
19990 -25.346
20000 -25.376
20010 -25.352
20020 -25.264
20030 -25.123
20040 -24.954
20050 -24.797
20060 -24.693
20070 -24.663
20080 -24.693
20090 -24.743
20100 -24.766
20110 -24.733
20120 -24.636
20130 -24.485
20140 -24.307
20150 -24.141
20160 -24.030
20170 -24.001
20180 -24.045
20190 -24.110
20200 -24.131
20210 -24.068
20220 -23.916
20230 -23.698
20240 -23.453
20250 -23.228
20260 -23.074
20270 -23.035
20280 -23.122
20290 -23.274
20300 -23.369
20310 -23.308
20320 -23.082
20330 -22.755
20340 -22.402
20350 -22.081
20360 -21.846
20370 -21.771
20380 -22.010
20390 -22.757
20400 -23.332
20410 -22.657
20420 -21.856
20430 -21.375
20440 -21.108
20450 -20.962
20460 -20.887
20470 -20.854
20480 -20.846
20490 -20.851
20500 -20.856
20510 -20.847
20520 -20.809
20530 -20.719
20540 -20.550
20550 -20.288
20560 -19.977
20570 -19.757
20580 -19.766
20590 -19.972
20600 -20.234
20610 -20.447
20620 -20.563
20630 -20.564
20640 -20.433
20650 -20.168
20660 -19.806
20670 -19.467
20680 -19.343
20690 -19.530
20700 -19.923
20710 -20.339
20720 -20.655
20730 -20.814
20740 -20.792
20750 -20.578
20760 -20.192
20770 -19.729
20780 -19.389
20790 -19.391
20800 -19.761
20810 -20.315
20820 -20.843
20830 -21.217
20840 -21.369
20850 -21.259
20860 -20.870
20870 -20.249
20880 -19.582
20890 -19.196
20900 -19.325
20910 -19.874
20920 -20.575
20930 -21.216
20940 -21.671
20950 -21.839
20960 -21.599
20970 -20.843
20980 -19.637
20990 -18.447
21000 -17.965
21010 -18.359
21020 -19.237
21030 -20.291
21040 -21.477
21050 -22.945
21060 -24.974
21070 -25.814
21080 -16.498
21090 +12.513
21100 -8.686
21110 -12.174
21120 -13.630
21130 -14.353
21140 -14.707
21150 -14.836
21160 -14.810
21170 -14.666
21180 -14.430
21190 -14.133
21200 -13.828
21210 -13.624
21220 -13.671
21230 -14.016
21240 -14.406
21250 -14.501
21260 -14.209
21270 -13.630
21280 -12.873
21290 -12.020
21300 -11.170
21310 -10.497
21320 -10.255
21330 -10.573
21340 -11.201
21350 -11.687
21360 -11.741
21370 -11.325
21380 -10.520
21390 -9.426
21400 -8.153
21410 -6.904
21420 -6.087
21430 -6.143
21440 -6.944
21450 -7.859
21460 -8.393
21470 -8.370
21480 -7.803
21490 -6.762
21500 -5.308
21510 -3.502
21520 -1.570
21530 -0.296
21540 -0.690
21550 -2.219
21560 -3.701
21570 -4.645
21580 -5.001
21590 -4.855
21600 -4.307
21610 -3.417
21620 -2.203
21630 -0.692
21640 +0.840
21650 +1.367
21660 -0.011
21670 -2.242
21680 -4.200
21690 -5.596
21700 -6.463
21710 -6.899
21720 -6.988
21730 -6.797
21740 -6.410
21750 -5.997
21760 -5.890
21770 -6.419
21780 -7.514
21790 -8.759
21800 -9.820
21810 -10.578
21820 -11.037
21830 -11.242
21840 -11.254
21850 -11.147
21860 -11.031
21870 -11.057
21880 -11.356
21890 -11.930
21900 -12.632
21910 -13.281
21920 -13.765
21930 -14.050
21940 -14.147
21950 -14.097
21960 -13.959
21970 -13.825
21980 -13.816
21990 -14.031
22000 -14.466
22010 -15.001
22020 -15.488
22030 -15.830
22040 -16.003
22050 -16.026
22060 -15.953
22070 -15.863
22080 -15.858
22090 -16.032
22100 -16.414
22110 -16.930
22120 -17.453
22130 -17.875
22140 -18.149
22150 -18.282
22160 -18.317
22170 -18.319
22180 -18.367
22190 -18.531
22200 -18.847
22210 -19.288
22220 -19.771
22230 -20.203
22240 -20.522
22250 -20.708
22260 -20.780
22270 -20.786
22280 -20.783
22290 -20.834
22300 -20.987
22310 -21.257
22320 -21.608
22330 -21.967
22340 -22.259
22350 -22.431
22360 -22.471
22370 -22.405
22380 -22.284
22390 -22.172
22400 -22.136
22410 -22.220
22420 -22.428
22430 -22.707
22440 -22.978
22450 -23.161
22460 -23.214
22470 -23.141
22480 -22.983
22490 -22.805
22500 -22.683
22510 -22.680
22520 -22.822
22530 -23.080
22540 -23.380
22550 -23.637
22560 -23.788
22570 -23.810
22580 -23.723
22590 -23.582
22600 -23.458
22610 -23.420
22620 -23.509
22630 -23.725
22640 -24.022
22650 -24.325
22660 -24.563
22670 -24.687
22680 -24.688
22690 -24.591
22700 -24.452
22710 -24.341
22720 -24.320
22730 -24.421
22740 -24.633
22750 -24.905
22760 -25.165
22770 -25.345
22780 -25.399
22790 -25.324
22800 -25.156
22810 -24.961
22820 -24.820
22830 -24.797
22840 -24.912
22850 -25.137
22860 -25.404
22870 -25.634
22880 -25.761
22890 -25.755
22900 -25.631
22910 -25.446
22920 -25.282
22930 -25.220
22940 -25.302
22950 -25.520
22960 -25.816
22970 -26.115
22980 -26.343
22990 -26.453
23000 -26.439
23010 -26.333
23020 -26.204
23030 -26.131
23040 -26.170
23050 -26.334
23060 -26.589
23070 -26.871
23080 -27.112
23090 -27.257
23100 -27.276
23110 -27.181
23120 -27.016
23130 -26.851
23140 -26.756
23150 -26.767
23160 -26.875
23170 -27.037
23180 -27.192
23190 -27.282
23200 -27.271
23210 -27.151
23220 -26.949
23230 -26.725
23240 -26.547
23250 -26.465
23260 -26.490
23270 -26.591
23280 -26.714
23290 -26.806
23300 -26.827
23310 -26.762
23320 -26.625
23330 -26.458
23340 -26.322
23350 -26.265
23360 -26.303
23370 -26.417
23380 -26.560
23390 -26.685
23400 -26.756
23410 -26.756
23420 -26.690
23430 -26.589
23440 -26.498
23450 -26.461
23460 -26.497
23470 -26.592
23480 -26.707
23490 -26.802
23500 -26.840
23510 -26.807
23520 -26.703
23530 -26.556
23540 -26.405
23550 -26.295
23560 -26.249
23570 -26.258
23580 -26.285
23590 -26.286
23600 -26.226
23610 -26.087
23620 -25.875
23630 -25.620
23640 -25.371
23650 -25.180
23660 -25.078
23670 -25.054
23680 -25.062
23690 -25.042
23700 -24.952
23710 -24.771
23720 -24.510
23730 -24.209
23740 -23.929
23750 -23.740
23760 -23.679
23770 -23.729
23780 -23.824
23790 -23.885
23800 -23.855
23810 -23.708
23820 -23.460
23830 -23.162
23840 -22.896
23850 -22.749
23860 -22.769
23870 -22.930
23880 -23.144
23890 -23.312
23900 -23.360
23910 -23.258
23920 -23.028
23930 -22.734
23940 -22.479
23950 -22.367
23960 -22.448
23970 -22.684
23980 -22.969
23990 -23.191
