00000 +0.309
00010 +0.207
00020 +0.031
00030 -0.095
00040 -0.160
00050 -0.182
00060 -0.173
00070 -0.138
00080 -0.081
00090 -0.014
00100 +0.039
00110 +0.046
00120 +0.004
00130 -0.056
00140 -0.106
00150 -0.133
00160 -0.139
00170 -0.129
00180 -0.106
00190 -0.078
00200 -0.054
00210 -0.042
00220 -0.047
00230 -0.067
00240 -0.091
00250 -0.111
00260 -0.122
00270 -0.122
00280 -0.112
00290 -0.096
00300 -0.080
00310 -0.067
00320 -0.063
00330 -0.069
00340 -0.083
00350 -0.100
00360 -0.113
00370 -0.120
00380 -0.118
00390 -0.109
00400 -0.095
00410 -0.082
00420 -0.073
00430 -0.074
00440 -0.084
00450 -0.100
00460 -0.116
00470 -0.126
00480 -0.127
00490 -0.119
00500 -0.103
00510 -0.086
00520 -0.072
00530 -0.067
00540 -0.072
00550 -0.084
00560 -0.096
00570 -0.102
00580 -0.098
00590 -0.085
00600 -0.067
00610 -0.048
00620 -0.035
00630 -0.030
00640 -0.035
00650 -0.045
00660 -0.057
00670 -0.065
00680 -0.067
00690 -0.062
00700 -0.052
00710 -0.042
00720 -0.034
00730 -0.031
00740 -0.037
00750 -0.048
00760 -0.063
00770 -0.077
00780 -0.087
00790 -0.091
00800 -0.089
00810 -0.083
00820 -0.078
00830 -0.077
00840 -0.083
00850 -0.097
00860 -0.116
00870 -0.137
00880 -0.154
00890 -0.163
00900 -0.164
00910 -0.159
00920 -0.152
00930 -0.147
00940 -0.149
00950 -0.158
00960 -0.173
00970 -0.188
00980 -0.197
00990 -0.198
01000 -0.190
01010 -0.176
01020 -0.159
01030 -0.145
01040 -0.136
01050 -0.136
01060 -0.141
01070 -0.149
01080 -0.155
01090 -0.157
01100 -0.152
01110 -0.141
01120 -0.128
01130 -0.116
01140 -0.110
01150 -0.111
01160 -0.120
01170 -0.136
01180 -0.152
01190 -0.166
01200 -0.175
01210 -0.176
01220 -0.174
01230 -0.170
01240 -0.170
01250 -0.178
01260 -0.195
01270 -0.218
01280 -0.244
01290 -0.265
01300 -0.279
01310 -0.284
01320 -0.280
01330 -0.273
01340 -0.267
01350 -0.266
01360 -0.271
01370 -0.282
01380 -0.292
01390 -0.298
01400 -0.295
01410 -0.283
01420 -0.263
01430 -0.238
01440 -0.214
01450 -0.194
01460 -0.180
01470 -0.172
01480 -0.166
01490 -0.159
01500 -0.148
01510 -0.132
01520 -0.111
01530 -0.088
01540 -0.066
01550 -0.049
01560 -0.041
01570 -0.043
01580 -0.053
01590 -0.069
01600 -0.088
01610 -0.105
01620 -0.118
01630 -0.128
01640 -0.136
01650 -0.146
01660 -0.160
01670 -0.180
01680 -0.205
01690 -0.231
01700 -0.254
01710 -0.269
01720 -0.276
01730 -0.273
01740 -0.265
01750 -0.257
01760 -0.251
01770 -0.250
01780 -0.255
01790 -0.263
01800 -0.270
01810 -0.272
01820 -0.268
01830 -0.258
01840 -0.243
01850 -0.227
01860 -0.214
01870 -0.207
01880 -0.206
01890 -0.210
01900 -0.216
01910 -0.219
01920 -0.218
01930 -0.212
01940 -0.202
01950 -0.190
01960 -0.180
01970 -0.176
01980 -0.179
01990 -0.187
02000 -0.199
02010 -0.211
02020 -0.220
02030 -0.225
02040 -0.225
02050 -0.223
02060 -0.222
02070 -0.224
02080 -0.231
02090 -0.243
02100 -0.258
02110 -0.274
02120 -0.286
02130 -0.294
02140 -0.296
02150 -0.294
02160 -0.289
02170 -0.284
02180 -0.282
02190 -0.284
02200 -0.290
02210 -0.298
02220 -0.305
02230 -0.309
02240 -0.309
02250 -0.305
02260 -0.297
02270 -0.290
02280 -0.286
02290 -0.287
02300 -0.295
02310 -0.308
02320 -0.323
02330 -0.338
02340 -0.350
02350 -0.358
02360 -0.362
02370 -0.366
02380 -0.372
02390 -0.383
02400 -0.401
02410 -0.422
02420 -0.446
02430 -0.467
02440 -0.484
02450 -0.494
02460 -0.498
02470 -0.498
02480 -0.498
02490 -0.500
02500 -0.505
02510 -0.514
02520 -0.523
02530 -0.530
02540 -0.534
02550 -0.533
02560 -0.526
02570 -0.517
02580 -0.507
02590 -0.498
02600 -0.493
02610 -0.492
02620 -0.493
02630 -0.495
02640 -0.496
02650 -0.495
02660 -0.490
02670 -0.483
02680 -0.475
02690 -0.469
02700 -0.465
02710 -0.466
02720 -0.472
02730 -0.481
02740 -0.493
02750 -0.505
02760 -0.517
02770 -0.528
02780 -0.539
02790 -0.551
02800 -0.567
02810 -0.589
02820 -0.616
02830 -0.647
02840 -0.680
02850 -0.709
02860 -0.732
02870 -0.747
02880 -0.752
02890 -0.751
02900 -0.745
02910 -0.738
02920 -0.731
02930 -0.726
02940 -0.722
02950 -0.716
02960 -0.707
02970 -0.695
02980 -0.680
02990 -0.663
03000 -0.647
03010 -0.634
03020 -0.625
03030 -0.620
03040 -0.619
03050 -0.620
03060 -0.621
03070 -0.621
03080 -0.618
03090 -0.614
03100 -0.611
03110 -0.609
03120 -0.610
03130 -0.616
03140 -0.626
03150 -0.639
03160 -0.654
03170 -0.669
03180 -0.682
03190 -0.693
03200 -0.704
03210 -0.716
03220 -0.729
03230 -0.746
03240 -0.766
03250 -0.788
03260 -0.811
03270 -0.833
03280 -0.851
03290 -0.866
03300 -0.876
03310 -0.883
03320 -0.888
03330 -0.893
03340 -0.898
03350 -0.905
03360 -0.911
03370 -0.917
03380 -0.920
03390 -0.921
03400 -0.918
03410 -0.912
03420 -0.906
03430 -0.902
03440 -0.899
03450 -0.901
03460 -0.905
03470 -0.911
03480 -0.918
03490 -0.924
03500 -0.928
03510 -0.931
03520 -0.934
03530 -0.938
03540 -0.944
03550 -0.954
03560 -0.968
03570 -0.985
03580 -1.004
03590 -1.022
03600 -1.040
03610 -1.056
03620 -1.072
03630 -1.088
03640 -1.105
03650 -1.126
03660 -1.150
03670 -1.178
03680 -1.207
03690 -1.236
03700 -1.264
03710 -1.290
03720 -1.313
03730 -1.335
03740 -1.356
03750 -1.376
03760 -1.397
03770 -1.417
03780 -1.436
03790 -1.452
03800 -1.463
03810 -1.468
03820 -1.466
03830 -1.457
03840 -1.443
03850 -1.424
03860 -1.403
03870 -1.380
03880 -1.356
03890 -1.331
03900 -1.305
03910 -1.278
03920 -1.249
03930 -1.219
03940 -1.190
03950 -1.162
03960 -1.138
03970 -1.119
03980 -1.105
03990 -1.096
04000 -1.092
04010 -1.090
04020 -1.090
04030 -1.090
04040 -1.090
04050 -1.092
04060 -1.095
04070 -1.101
04080 -1.111
04090 -1.124
04100 -1.139
04110 -1.155
04120 -1.169
04130 -1.181
04140 -1.190
04150 -1.196
04160 -1.201
04170 -1.205
04180 -1.210
04190 -1.215
04200 -1.220
04210 -1.224
04220 -1.226
04230 -1.225
04240 -1.220
04250 -1.212
04260 -1.203
04270 -1.192
04280 -1.181
04290 -1.171
04300 -1.163
04310 -1.155
04320 -1.149
04330 -1.141
04340 -1.133
04350 -1.123
04360 -1.112
04370 -1.101
04380 -1.090
04390 -1.082
04400 -1.075
04410 -1.072
04420 -1.070
04430 -1.069
04440 -1.068
04450 -1.067
04460 -1.063
04470 -1.059
04480 -1.054
04490 -1.049
04500 -1.047
04510 -1.047
04520 -1.048
04530 -1.051
04540 -1.053
04550 -1.054
04560 -1.052
04570 -1.048
04580 -1.042
04590 -1.035
04600 -1.029
04610 -1.025
04620 -1.022
04630 -1.021
04640 -1.020
04650 -1.018
04660 -1.013
04670 -1.006
04680 -0.998
04690 -0.988
04700 -0.979
04710 -0.972
04720 -0.968
04730 -0.966
04740 -0.966
04750 -0.966
04760 -0.966
04770 -0.964
04780 -0.960
04790 -0.956
04800 -0.953
04810 -0.952
04820 -0.954
04830 -0.958
04840 -0.966
04850 -0.974
04860 -0.983
04870 -0.989
04880 -0.995
04890 -0.998
04900 -1.000
04910 -1.003
04920 -1.007
04930 -1.013
04940 -1.021
04950 -1.029
04960 -1.037
04970 -1.043
04980 -1.045
04990 -1.045
05000 -1.041
05010 -1.037
05020 -1.032
05030 -1.028
05040 -1.026
05050 -1.026
05060 -1.025
05070 -1.024
05080 -1.020
05090 -1.014
05100 -1.006
05110 -0.996
05120 -0.986
05130 -0.978
05140 -0.972
05150 -0.969
05160 -0.968
05170 -0.967
05180 -0.965
05190 -0.961
05200 -0.955
05210 -0.947
05220 -0.938
05230 -0.930
05240 -0.924
05250 -0.921
05260 -0.919
05270 -0.918
05280 -0.916
05290 -0.911
05300 -0.903
05310 -0.891
05320 -0.877
05330 -0.863
05340 -0.849
05350 -0.836
05360 -0.824
05370 -0.813
05380 -0.801
05390 -0.786
05400 -0.768
05410 -0.747
05420 -0.724
05430 -0.698
05440 -0.673
05450 -0.650
05460 -0.629
05470 -0.609
05480 -0.591
05490 -0.573
05500 -0.553
05510 -0.531
05520 -0.507
05530 -0.481
05540 -0.455
05550 -0.430
05560 -0.408
05570 -0.389
05580 -0.372
05590 -0.356
05600 -0.340
05610 -0.321
05620 -0.299
05630 -0.274
05640 -0.248
05650 -0.222
05660 -0.197
05670 -0.175
05680 -0.156
05690 -0.138
05700 -0.120
05710 -0.101
05720 -0.078
05730 -0.051
05740 -0.022
05750 +0.007
05760 +0.035
05770 +0.059
05780 +0.079
05790 +0.096
05800 +0.111
05810 +0.126
05820 +0.143
05830 +0.163
05840 +0.184
05850 +0.205
05860 +0.225
05870 +0.240
05880 +0.251
05890 +0.258
05900 +0.262
05910 +0.264
05920 +0.269
05930 +0.275
05940 +0.285
05950 +0.297
05960 +0.308
05970 +0.319
05980 +0.326
05990 +0.330
06000 +0.332
06010 +0.333
06020 +0.336
06030 +0.343
06040 +0.353
06050 +0.368
06060 +0.385
06070 +0.403
06080 +0.419
06090 +0.432
06100 +0.443
06110 +0.451
06120 +0.460
06130 +0.471
06140 +0.485
06150 +0.504
06160 +0.525
06170 +0.546
06180 +0.565
06190 +0.580
06200 +0.589
06210 +0.594
06220 +0.595
06230 +0.597
06240 +0.599
06250 +0.605
06260 +0.612
06270 +0.621
06280 +0.627
06290 +0.628
06300 +0.624
06310 +0.614
06320 +0.601
06330 +0.586
06340 +0.574
06350 +0.566
06360 +0.563
06370 +0.563
06380 +0.565
06390 +0.566
06400 +0.563
06410 +0.556
06420 +0.547
06430 +0.537
06440 +0.531
06450 +0.531
06460 +0.536
06470 +0.548
06480 +0.563
06490 +0.579
06500 +0.592
06510 +0.601
06520 +0.605
06530 +0.607
06540 +0.610
06550 +0.615
06560 +0.625
06570 +0.640
06580 +0.657
06590 +0.673
06600 +0.686
06610 +0.692
06620 +0.692
06630 +0.685
06640 +0.674
06650 +0.664
06660 +0.656
06670 +0.651
06680 +0.649
06690 +0.649
06700 +0.646
06710 +0.638
06720 +0.623
06730 +0.602
06740 +0.577
06750 +0.551
06760 +0.528
06770 +0.511
06780 +0.501
06790 +0.496
06800 +0.493
06810 +0.489
06820 +0.480
06830 +0.466
06840 +0.448
06850 +0.429
06860 +0.413
06870 +0.405
06880 +0.405
06890 +0.413
06900 +0.425
06910 +0.438
06920 +0.447
06930 +0.449
06940 +0.443
06950 +0.434
06960 +0.425
06970 +0.421
06980 +0.423
06990 +0.432
07000 +0.445
07010 +0.456
07020 +0.462
07030 +0.458
07040 +0.444
07050 +0.422
07060 +0.397
07070 +0.374
07080 +0.356
07090 +0.344
07100 +0.338
07110 +0.333
07120 +0.325
07130 +0.311
07140 +0.289
07150 +0.261
07160 +0.229
07170 +0.200
07180 +0.177
07190 +0.165
07200 +0.162
07210 +0.167
07220 +0.175
07230 +0.182
07240 +0.183
07250 +0.178
07260 +0.168
07270 +0.158
07280 +0.154
07290 +0.160
07300 +0.177
07310 +0.203
07320 +0.236
07330 +0.266
07340 +0.290
07350 +0.302
07360 +0.304
07370 +0.300
07380 +0.296
07390 +0.298
07400 +0.310
07410 +0.331
07420 +0.358
07430 +0.383
07440 +0.399
07450 +0.403
07460 +0.392
07470 +0.372
07480 +0.349
07490 +0.332
07500 +0.325
07510 +0.330
07520 +0.345
07530 +0.364
07540 +0.380
07550 +0.387
07560 +0.382
07570 +0.369
07580 +0.353
07590 +0.341
07600 +0.342
07610 +0.358
07620 +0.390
07630 +0.432
07640 +0.477
07650 +0.517
07660 +0.546
07670 +0.562
07680 +0.571
07690 +0.579
07700 +0.595
07710 +0.625
07720 +0.670
07730 +0.727
07740 +0.788
07750 +0.841
07760 +0.879
07770 +0.898
07780 +0.900
07790 +0.894
07800 +0.889
07810 +0.894
07820 +0.913
07830 +0.944
07840 +0.981
07850 +1.015
07860 +1.035
07870 +1.036
07880 +1.021
07890 +0.996
07900 +0.972
07910 +0.960
07920 +0.966
07930 +0.993
07940 +1.035
07950 +1.085
07960 +1.132
07970 +1.166
07980 +1.184
07990 +1.192
08000 +1.198
08010 +1.215
08020 +1.252
08030 +1.314
08040 +1.397
08050 +1.494
08060 +1.590
08070 +1.671
08080 +1.727
08090 +1.760
08100 +1.781
08110 +1.802
08120 +1.838
08130 +1.894
08140 +1.970
08150 +2.054
08160 +2.131
08170 +2.184
08180 +2.202
08190 +2.187
08200 +2.152
08210 +2.112
08220 +2.083
08230 +2.074
08240 +2.085
08250 +2.107
08260 +2.128
08270 +2.132
08280 +2.111
08290 +2.064
08300 +1.999
08310 +1.933
08320 +1.880
08330 +1.850
08340 +1.846
08350 +1.863
08360 +1.893
08370 +1.920
08380 +1.931
08390 +1.920
08400 +1.889
08410 +1.849
08420 +1.814
08430 +1.797
08440 +1.805
08450 +1.837
08460 +1.883
08470 +1.930
08480 +1.959
08490 +1.958
08500 +1.923
08510 +1.865
08520 +1.798
08530 +1.740
08540 +1.700
08550 +1.680
08560 +1.674
08570 +1.667
08580 +1.643
08590 +1.590
08600 +1.505
08610 +1.396
08620 +1.280
08630 +1.172
08640 +1.085
08650 +1.020
08660 +0.976
08670 +0.941
08680 +0.903
08690 +0.852
08700 +0.782
08710 +0.695
08720 +0.601
08730 +0.513
08740 +0.442
08750 +0.393
08760 +0.367
08770 +0.358
08780 +0.356
08790 +0.349
08800 +0.329
08810 +0.291
08820 +0.239
08830 +0.181
08840 +0.131
08850 +0.096
08860 +0.081
08870 +0.083
08880 +0.094
08890 +0.103
08900 +0.099
08910 +0.072
08920 +0.024
08930 -0.040
08940 -0.107
08950 -0.165
08960 -0.206
08970 -0.229
08980 -0.239
08990 -0.246
09000 -0.260
09010 -0.290
09020 -0.338
09030 -0.401
09040 -0.468
09050 -0.526
09060 -0.568
09070 -0.588
09080 -0.589
09090 -0.577
09100 -0.560
09110 -0.549
09120 -0.550
09130 -0.564
09140 -0.586
09150 -0.608
09160 -0.619
09170 -0.614
09180 -0.589
09190 -0.547
09200 -0.496
09210 -0.445
09220 -0.404
09230 -0.379
09240 -0.371
09250 -0.376
09260 -0.382
09270 -0.381
09280 -0.366
09290 -0.337
09300 -0.297
09310 -0.255
09320 -0.223
09330 -0.209
09340 -0.218
09350 -0.248
09360 -0.289
09370 -0.332
09380 -0.365
09390 -0.386
09400 -0.393
09410 -0.395
09420 -0.399
09430 -0.413
09440 -0.445
09450 -0.493
09460 -0.553
09470 -0.615
09480 -0.668
09490 -0.707
09500 -0.728
09510 -0.735
09520 -0.734
09530 -0.732
09540 -0.736
09550 -0.751
09560 -0.777
09570 -0.808
09580 -0.836
09590 -0.855
09600 -0.858
09610 -0.845
09620 -0.820
09630 -0.789
09640 -0.760
09650 -0.741
09660 -0.735
09670 -0.741
09680 -0.755
09690 -0.768
09700 -0.773
09710 -0.767
09720 -0.749
09730 -0.725
09740 -0.702
09750 -0.688
09760 -0.691
09770 -0.710
09780 -0.744
09790 -0.786
09800 -0.826
09810 -0.860
09820 -0.883
09830 -0.898
09840 -0.910
09850 -0.927
09860 -0.955
09870 -0.997
09880 -1.051
09890 -1.113
09900 -1.176
09910 -1.231
09920 -1.274
09930 -1.306
09940 -1.327
09950 -1.344
09960 -1.362
09970 -1.387
09980 -1.420
09990 -1.460
10000 -1.503
10010 -1.542
10020 -1.572
10030 -1.591
10040 -1.599
10050 -1.598
10060 -1.595
10070 -1.596
10080 -1.605
10090 -1.623
10100 -1.649
10110 -1.679
10120 -1.706
10130 -1.728
10140 -1.740
10150 -1.746
10160 -1.748
10170 -1.752
10180 -1.763
10190 -1.785
10200 -1.818
10210 -1.859
10220 -1.902
10230 -1.944
10240 -1.979
10250 -2.006
10260 -2.028
10270 -2.047
10280 -2.069
10290 -2.098
10300 -2.135
10310 -2.178
10320 -2.224
10330 -2.268
10340 -2.304
10350 -2.331
10360 -2.348
10370 -2.357
10380 -2.363
10390 -2.368
10400 -2.377
10410 -2.390
10420 -2.406
10430 -2.421
10440 -2.432
10450 -2.435
10460 -2.429
10470 -2.415
10480 -2.395
10490 -2.374
10500 -2.356
10510 -2.343
10520 -2.335
10530 -2.333
10540 -2.331
10550 -2.328
10560 -2.319
10570 -2.305
10580 -2.286
10590 -2.265
10600 -2.245
10610 -2.231
10620 -2.224
10630 -2.224
10640 -2.229
10650 -2.235
10660 -2.240
10670 -2.239
10680 -2.234
10690 -2.224
10700 -2.212
10710 -2.203
10720 -2.199
10730 -2.201
10740 -2.208
10750 -2.219
10760 -2.229
10770 -2.234
10780 -2.233
10790 -2.225
10800 -2.212
10810 -2.198
10820 -2.185
10830 -2.176
10840 -2.172
10850 -2.172
10860 -2.173
10870 -2.172
10880 -2.166
10890 -2.152
10900 -2.133
10910 -2.111
10920 -2.088
10930 -2.068
10940 -2.054
10950 -2.046
10960 -2.042
10970 -2.041
10980 -2.037
10990 -2.029
11000 -2.016
11010 -1.999
11020 -1.981
11030 -1.964
11040 -1.951
11050 -1.945
11060 -1.945
11070 -1.949
11080 -1.953
11090 -1.953
11100 -1.946
11110 -1.934
11120 -1.915
11130 -1.894
11140 -1.874
11150 -1.856
11160 -1.844
11170 -1.835
11180 -1.826
11190 -1.815
11200 -1.797
11210 -1.771
11220 -1.737
11230 -1.697
11240 -1.655
11250 -1.615
11260 -1.580
11270 -1.551
11280 -1.526
11290 -1.501
11300 -1.473
11310 -1.439
11320 -1.397
11330 -1.350
11340 -1.300
11350 -1.253
11360 -1.211
11370 -1.178
11380 -1.152
11390 -1.132
11400 -1.112
11410 -1.089
11420 -1.061
11430 -1.027
11440 -0.990
11450 -0.955
11460 -0.924
11470 -0.903
11480 -0.890
11490 -0.885
11500 -0.883
11510 -0.879
11520 -0.871
11530 -0.856
11540 -0.835
11550 -0.811
11560 -0.788
11570 -0.770
11580 -0.759
11590 -0.755
11600 -0.754
11610 -0.753
11620 -0.745
11630 -0.729
11640 -0.704
11650 -0.672
11660 -0.636
11670 -0.602
11680 -0.573
11690 -0.551
11700 -0.535
11710 -0.520
11720 -0.503
11730 -0.479
11740 -0.445
11750 -0.403
11760 -0.356
11770 -0.310
11780 -0.269
11790 -0.237
11800 -0.215
11810 -0.198
11820 -0.183
11830 -0.163
11840 -0.136
11850 -0.100
11860 -0.059
11870 -0.017
11880 +0.021
11890 +0.049
11900 +0.066
11910 +0.075
11920 +0.080
11930 +0.087
11940 +0.101
11950 +0.124
11960 +0.155
11970 +0.190
11980 +0.223
11990 +0.249
12000 +0.266
12010 +0.274
12020 +0.277
12030 +0.280
12040 +0.289
12050 +0.309
12060 +0.338
12070 +0.374
12080 +0.413
12090 +0.449
12100 +0.476
12110 +0.494
12120 +0.504
12130 +0.512
12140 +0.523
12150 +0.543
12160 +0.573
12170 +0.613
12180 +0.657
12190 +0.700
12200 +0.735
12210 +0.758
12220 +0.770
12230 +0.776
12240 +0.782
12250 +0.795
12260 +0.817
12270 +0.848
12280 +0.887
12290 +0.925
12300 +0.956
12310 +0.975
12320 +0.982
12330 +0.980
12340 +0.974
12350 +0.973
12360 +0.982
12370 +1.001
12380 +1.030
12390 +1.061
12400 +1.090
12410 +1.109
12420 +1.117
12430 +1.114
12440 +1.107
12450 +1.102
12460 +1.106
12470 +1.123
12480 +1.151
12490 +1.186
12500 +1.221
12510 +1.251
12520 +1.269
12530 +1.275
12540 +1.273
12550 +1.270
12560 +1.273
12570 +1.286
12580 +1.311
12590 +1.344
12600 +1.380
12610 +1.411
12620 +1.430
12630 +1.434
12640 +1.426
12650 +1.412
12660 +1.399
12670 +1.394
12680 +1.400
12690 +1.415
12700 +1.434
12710 +1.450
12720 +1.454
12730 +1.443
12740 +1.418
12750 +1.383
12760 +1.348
12770 +1.319
12780 +1.301
12790 +1.295
12800 +1.296
12810 +1.297
12820 +1.293
12830 +1.277
12840 +1.249
12850 +1.213
12860 +1.177
12870 +1.147
12880 +1.129
12890 +1.126
12900 +1.135
12910 +1.151
12920 +1.167
12930 +1.176
12940 +1.175
12950 +1.165
12960 +1.151
12970 +1.140
12980 +1.140
12990 +1.152
13000 +1.179
13010 +1.214
13020 +1.250
13030 +1.281
13040 +1.299
13050 +1.304
13060 +1.300
13070 +1.292
13080 +1.290
13090 +1.299
13100 +1.321
13110 +1.352
13120 +1.385
13130 +1.414
13140 +1.430
13150 +1.432
13160 +1.420
13170 +1.402
13180 +1.387
13190 +1.380
13200 +1.387
13210 +1.405
13220 +1.430
13230 +1.454
13240 +1.470
13250 +1.472
13260 +1.462
13270 +1.444
13280 +1.426
13290 +1.416
13300 +1.418
13310 +1.434
13320 +1.461
13330 +1.491
13340 +1.518
13350 +1.533
13360 +1.535
13370 +1.524
13380 +1.509
13390 +1.496
13400 +1.494
13410 +1.505
13420 +1.528
13430 +1.557
13440 +1.584
13450 +1.601
13460 +1.602
13470 +1.586
13480 +1.560
13490 +1.532
13500 +1.510
13510 +1.500
13520 +1.503
13530 +1.515
13540 +1.526
13550 +1.529
13560 +1.516
13570 +1.486
13580 +1.442
13590 +1.394
13600 +1.350
13610 +1.317
13620 +1.297
13630 +1.289
13640 +1.286
13650 +1.280
13660 +1.262
13670 +1.229
13680 +1.184
13690 +1.131
13700 +1.080
13710 +1.038
13720 +1.010
13730 +0.997
13740 +0.992
13750 +0.988
13760 +0.976
13770 +0.951
13780 +0.910
13790 +0.858
13800 +0.803
13810 +0.752
13820 +0.714
13830 +0.690
13840 +0.676
13850 +0.667
13860 +0.654
13870 +0.627
13880 +0.585
13890 +0.529
13900 +0.466
13910 +0.407
13920 +0.358
13930 +0.325
13940 +0.307
13950 +0.299
13960 +0.292
13970 +0.278
13980 +0.254
13990 +0.218
14000 +0.175
14010 +0.136
14020 +0.107
14030 +0.095
14040 +0.102
14050 +0.123
14060 +0.153
14070 +0.181
14080 +0.202
14090 +0.211
14100 +0.209
14110 +0.202
14120 +0.197
14130 +0.203
14140 +0.224
14150 +0.257
14160 +0.299
14170 +0.339
14180 +0.370
14190 +0.383
14200 +0.377
14210 +0.356
14220 +0.328
14230 +0.304
14240 +0.291
14250 +0.290
14260 +0.300
14270 +0.311
14280 +0.314
14290 +0.300
14300 +0.267
14310 +0.215
14320 +0.154
14330 +0.095
14340 +0.047
14350 +0.016
14360 -0.001
14370 -0.009
14380 -0.016
14390 -0.034
14400 -0.066
14410 -0.113
14420 -0.169
14430 -0.224
14440 -0.268
14450 -0.295
14460 -0.304
14470 -0.299
14480 -0.288
14490 -0.281
14500 -0.287
14510 -0.311
14520 -0.349
14530 -0.397
14540 -0.442
14550 -0.478
14560 -0.500
14570 -0.510
14580 -0.514
14590 -0.524
14600 -0.549
14610 -0.597
14620 -0.668
14630 -0.757
14640 -0.852
14650 -0.944
14660 -1.023
14670 -1.090
14680 -1.149
14690 -1.209
14700 -1.281
14710 -1.371
14720 -1.483
14730 -1.610
14740 -1.741
14750 -1.864
14760 -1.971
14770 -2.056
14780 -2.123
14790 -2.178
14800 -2.228
14810 -2.283
14820 -2.345
14830 -2.414
14840 -2.483
14850 -2.543
14860 -2.584
14870 -2.603
14880 -2.600
14890 -2.579
14900 -2.549
14910 -2.520
14920 -2.501
14930 -2.497
14940 -2.505
14950 -2.521
14960 -2.533
14970 -2.535
14980 -2.521
14990 -2.493
15000 -2.459
15010 -2.428
15020 -2.410
15030 -2.414
15040 -2.440
15050 -2.484
15060 -2.533
15070 -2.577
15080 -2.606
15090 -2.620
15100 -2.622
15110 -2.621
15120 -2.629
15130 -2.654
15140 -2.701
15150 -2.764
15160 -2.835
15170 -2.900
15180 -2.949
15190 -2.976
15200 -2.984
15210 -2.979
15220 -2.972
15230 -2.973
15240 -2.988
15250 -3.019
15260 -3.061
15270 -3.102
15280 -3.132
15290 -3.144
15300 -3.137
15310 -3.114
15320 -3.085
15330 -3.062
15340 -3.057
15350 -3.076
15360 -3.118
15370 -3.175
15380 -3.233
15390 -3.281
15400 -3.313
15410 -3.331
15420 -3.341
15430 -3.355
15440 -3.387
15450 -3.445
15460 -3.531
15470 -3.637
15480 -3.747
15490 -3.848
15500 -3.928
15510 -3.986
15520 -4.027
15530 -4.061
15540 -4.100
15550 -4.153
15560 -4.223
15570 -4.302
15580 -4.379
15590 -4.439
15600 -4.471
15610 -4.472
15620 -4.445
15630 -4.398
15640 -4.342
15650 -4.289
15660 -4.249
15670 -4.223
15680 -4.207
15690 -4.192
15700 -4.166
15710 -4.123
15720 -4.062
15730 -3.986
15740 -3.907
15750 -3.837
15760 -3.791
15770 -3.777
15780 -3.795
15790 -3.833
15800 -3.874
15810 -3.905
15820 -3.916
15830 -3.909
15840 -3.891
15850 -3.878
15860 -3.883
15870 -3.919
15880 -3.985
15890 -4.070
15900 -4.153
15910 -4.215
15920 -4.244
15930 -4.239
15940 -4.204
15950 -4.151
15960 -4.094
15970 -4.046
15980 -4.010
15990 -3.985
16000 -3.955
16010 -3.907
16020 -3.829
16030 -3.715
16040 -3.571
16050 -3.404
16060 -3.231
16070 -3.073
16080 -2.947
16090 -2.863
16100 -2.815
16110 -2.785
16120 -2.753
16130 -2.704
16140 -2.631
16150 -2.539
16160 -2.445
16170 -2.371
16180 -2.342
16190 -2.375
16200 -2.465
16210 -2.588
16220 -2.713
16230 -2.813
16240 -2.878
16250 -2.912
16260 -2.933
16270 -2.969
16280 -3.050
16290 -3.193
16300 -3.394
16310 -3.621
16320 -3.835
16330 -4.002
16340 -4.112
16350 -4.169
16360 -4.195
16370 -4.216
16380 -4.259
16390 -4.337
16400 -4.447
16410 -4.564
16420 -4.655
16430 -4.697
16440 -4.683
16450 -4.621
16460 -4.531
16470 -4.438
16480 -4.370
16490 -4.350
16500 -4.389
16510 -4.476
16520 -4.584
16530 -4.681
16540 -4.744
16550 -4.767
16560 -4.762
16570 -4.752
16580 -4.769
16590 -4.848
16600 -5.013
16610 -5.264
16620 -5.569
16630 -5.879
16640 -6.149
16650 -6.358
16660 -6.517
16670 -6.656
16680 -6.824
16690 -7.071
16700 -7.439
16710 -7.934
16720 -8.517
16730 -9.106
16740 -9.618
16750 -10.003
16760 -10.267
16770 -10.452
16780 -10.620
16790 -10.828
16800 -11.109
16810 -11.459
16820 -11.819
16830 -12.092
16840 -12.194
16850 -12.102
16860 -11.854
16870 -11.518
16880 -11.161
16890 -10.837
16900 -10.590
16910 -10.448
16920 -10.415
16930 -10.458
16940 -10.512
16950 -10.504
16960 -10.385
16970 -10.151
16980 -9.833
16990 -9.482
17000 -9.160
17010 -8.932
17020 -8.857
17030 -8.960
17040 -9.212
17050 -9.521
17060 -9.770
17070 -9.867
17080 -9.783
17090 -9.553
17100 -9.257
17110 -8.997
17120 -8.881
17130 -8.998
17140 -9.382
17150 -9.989
17160 -10.703
17170 -11.375
17180 -11.874
17190 -12.135
17200 -12.185
17210 -12.130
17220 -12.122
17230 -12.309
17240 -12.800
17250 -13.626
17260 -14.716
17270 -15.860
17280 -16.688
17290 -16.799
17300 -16.119
17310 -14.975
17320 -13.742
17330 -12.656
17340 -11.836
17350 -11.305
17360 -10.986
17370 -10.721
17380 -10.327
17390 -9.685
17400 -8.781
17410 -7.686
17420 -6.507
17430 -5.366
17440 -4.386
17450 -3.674
17460 -3.272
17470 -3.113
17480 -3.043
17490 -2.891
17500 -2.535
17510 -1.925
17520 -1.095
17530 -0.148
17540 +0.752
17550 +1.409
17560 +1.670
17570 +1.526
17580 +1.119
17590 +0.646
17600 +0.273
17610 +0.106
17620 +0.185
17630 +0.475
17640 +0.856
17650 +1.138
17660 +1.120
17670 +0.704
17680 -0.033
17690 -0.878
17700 -1.562
17710 -1.821
17720 -1.484
17730 -0.560
17740 +0.780
17750 +2.299
17760 +3.731
17770 +4.800
17780 +5.331
17790 +5.416
17800 +5.354
17810 +5.441
17820 +5.857
17830 +6.665
17840 +7.859
17850 +9.411
17860 +11.279
17870 +13.355
17880 +15.300
17890 +16.416
17900 +16.324
17910 +15.631
17920 +15.071
17930 +14.984
17940 +15.474
17950 +16.580
17960 +18.357
17970 +20.897
17980 +24.081
17990 +25.926
18000 +23.926
18010 +21.152
18020 +19.237
18030 +18.328
18040 +18.495
18050 +19.942
18060 +23.038
18070 +26.649
18080 +23.500
18090 +18.951
18100 +15.922
18110 +14.066
18120 +13.170
18130 +13.150
18140 +13.910
18150 +15.291
18160 +17.057
18170 +18.889
18180 +20.436
18190 +21.600
18200 +22.753
18210 +24.520
18220 +27.040
18230 +26.714
18240 +22.317
18250 +18.480
18260 +15.761
18270 +13.864
18280 +12.558
18290 +11.699
18300 +11.198
18310 +10.991
18320 +10.998
18330 +11.081
18340 +11.021
18350 +10.617
18360 +9.856
18370 +8.911
18380 +7.977
18390 +7.169
18400 +6.538
18410 +6.113
18420 +5.926
18430 +6.024
18440 +6.464
18450 +7.267
18460 +8.312
18470 +9.264
18480 +9.765
18490 +9.826
18500 +9.769
18510 +9.900
18520 +10.412
18530 +11.420
18540 +12.904
18550 +14.397
18560 +14.732
18570 +13.579
18580 +12.040
18590 +10.805
18600 +10.000
18610 +9.588
18620 +9.504
18630 +9.657
18640 +9.899
18650 +10.002
18660 +9.763
18670 +9.182
18680 +8.455
18690 +7.778
18700 +7.253
18710 +6.911
18720 +6.748
18730 +6.742
18740 +6.856
18750 +7.037
18760 +7.209
18770 +7.303
18780 +7.288
18790 +7.198
18800 +7.112
18810 +7.125
18820 +7.326
18830 +7.811
18840 +8.699
18850 +10.145
18860 +12.301
18870 +15.070
18880 +17.127
18890 +16.570
18900 +14.914
18910 +13.674
18920 +13.065
18930 +13.013
18940 +13.417
18950 +14.090
18960 +14.612
18970 +14.411
18980 +13.425
18990 +12.188
19000 +11.133
19010 +10.404
19020 +10.003
19030 +9.894
19040 +10.029
19050 +10.338
19060 +10.692
19070 +10.898
19080 +10.778
19090 +10.332
19100 +9.732
19110 +9.168
19120 +8.750
19130 +8.522
19140 +8.501
19150 +8.699
19160 +9.129
19170 +9.799
19180 +10.673
19190 +11.602
19200 +12.278
19210 +12.434
19220 +12.159
19230 +11.804
19240 +11.649
19250 +11.822
19260 +12.323
19270 +12.982
19280 +13.333
19290 +12.852
19300 +11.670
19310 +10.380
19320 +9.352
19330 +8.679
19340 +8.338
19350 +8.277
19360 +8.423
19370 +8.661
19380 +8.813
19390 +8.682
19400 +8.214
19410 +7.560
19420 +6.933
19430 +6.466
19440 +6.206
19450 +6.150
19460 +6.266
19470 +6.503
19480 +6.769
19490 +6.931
19500 +6.871
19510 +6.584
19520 +6.201
19530 +5.881
19540 +5.730
19550 +5.793
19560 +6.075
19570 +6.544
19580 +7.101
19590 +7.539
19600 +7.604
19610 +7.234
19620 +6.650
19630 +6.120
19640 +5.790
19650 +5.690
19660 +5.803
19670 +6.079
19680 +6.431
19690 +6.718
19700 +6.768
19710 +6.502
19720 +6.033
19730 +5.564
19740 +5.243
19750 +5.130
19760 +5.224
19770 +5.494
19780 +5.882
19790 +6.285
19800 +6.543
19810 +6.503
19820 +6.163
19830 +5.697
19840 +5.306
19850 +5.103
19860 +5.117
19870 +5.334
19880 +5.716
19890 +6.195
19900 +6.641
19910 +6.860
19920 +6.706
19930 +6.251
19940 +5.735
19950 +5.363
19960 +5.219
19970 +5.310
19980 +5.614
19990 +6.093
20000 +6.673
20010 +7.191
20020 +7.380
20030 +7.077
20040 +6.469
20050 +5.911
20060 +5.617
20070 +5.647
20080 +6.002
20090 +6.701
20100 +7.790
20110 +9.227
20120 +10.407
20130 +10.155
20140 +9.004
20150 +8.180
20160 +7.875
20170 +7.884
20180 +7.999
20190 +8.066
20200 +7.986
20210 +7.731
20220 +7.335
20230 +6.865
20240 +6.394
20250 +5.976
20260 +5.651
20270 +5.440
20280 +5.358
20290 +5.409
20300 +5.580
20310 +5.828
20320 +6.057
20330 +6.125
20340 +5.941
20350 +5.563
20360 +5.158
20370 +4.872
20380 +4.777
20390 +4.894
20400 +5.215
20410 +5.697
20420 +6.208
20430 +6.478
20440 +6.248
20450 +5.622
20460 +4.986
20470 +4.603
20480 +4.534
20490 +4.740
20500 +5.134
20510 +5.547
20520 +5.677
20530 +5.262
20540 +4.463
20550 +3.722
20560 +3.287
20570 +3.152
20580 +3.218
20590 +3.385
20600 +3.577
20610 +3.735
20620 +3.823
20630 +3.824
20640 +3.741
20650 +3.602
20660 +3.443
20670 +3.308
20680 +3.236
20690 +3.261
20700 +3.402
20710 +3.655
20720 +3.964
20730 +4.206
20740 +4.221
20750 +3.951
20760 +3.517
20770 +3.109
20780 +2.854
20790 +2.793
20800 +2.918
20810 +3.192
20820 +3.538
20830 +3.826
20840 +3.895
20850 +3.667
20860 +3.241
20870 +2.810
20880 +2.517
20890 +2.417
20900 +2.504
20910 +2.746
20920 +3.086
20930 +3.427
20940 +3.632
20950 +3.576
20960 +3.262
20970 +2.835
20980 +2.464
20990 +2.249
21000 +2.215
21010 +2.347
21020 +2.604
21030 +2.920
21040 +3.191
21050 +3.284
21060 +3.116
21070 +2.740
21080 +2.315
21090 +1.984
21100 +1.815
21110 +1.817
21120 +1.964
21130 +2.210
21140 +2.476
21150 +2.651
21160 +2.616
21170 +2.341
21180 +1.928
21190 +1.533
21200 +1.268
21210 +1.170
21220 +1.230
21230 +1.412
21240 +1.655
21250 +1.865
21260 +1.922
21270 +1.745
21280 +1.375
21290 +0.957
21300 +0.632
21310 +0.467
21320 +0.469
21330 +0.607
21340 +0.830
21350 +1.054
21360 +1.165
21370 +1.060
21380 +0.735
21390 +0.315
21400 -0.043
21410 -0.245
21420 -0.275
21430 -0.156
21440 +0.063
21450 +0.310
21460 +0.487
21470 +0.487
21480 +0.271
21490 -0.081
21500 -0.417
21510 -0.624
21520 -0.661
21530 -0.540
21540 -0.296
21550 +0.016
21560 +0.311
21570 +0.476
21580 +0.412
21590 +0.126
21600 -0.243
21610 -0.531
21620 -0.645
21630 -0.571
21640 -0.333
21650 +0.021
21660 +0.414
21670 +0.723
21680 +0.793
21690 +0.540
21700 +0.078
21710 -0.364
21720 -0.619
21730 -0.640
21740 -0.451
21750 -0.104
21760 +0.327
21770 +0.723
21780 +0.905
21790 +0.713
21800 +0.200
21810 -0.374
21820 -0.772
21830 -0.911
21840 -0.814
21850 -0.539
21860 -0.154
21870 +0.252
21880 +0.545
21890 +0.562
21900 +0.245
21910 -0.258
21920 -0.710
21930 -0.967
21940 -1.005
21950 -0.855
21960 -0.565
21970 -0.193
21980 +0.175
21990 +0.399
22000 +0.328
22010 -0.063
22020 -0.589
22030 -1.024
22040 -1.252
22050 -1.266
22060 -1.102
22070 -0.813
22080 -0.468
22090 -0.189
22100 -0.155
22110 -0.491
22120 -1.082
22130 -1.652
22140 -2.013
22150 -2.130
22160 -2.047
22170 -1.823
22180 -1.533
22190 -1.289
22200 -1.254
22210 -1.562
22220 -2.129
22230 -2.690
22240 -3.045
22250 -3.157
22260 -3.076
22270 -2.863
22280 -2.584
22290 -2.321
22300 -2.194
22310 -2.325
22320 -2.712
22330 -3.174
22340 -3.510
22350 -3.638
22360 -3.573
22370 -3.362
22380 -3.057
22390 -2.719
22400 -2.451
22410 -2.409
22420 -2.709
22430 -3.244
22440 -3.737
22450 -3.993
22460 -3.990
22470 -3.784
22480 -3.436
22490 -3.012
22500 -2.612
22510 -2.437
22520 -2.726
22530 -3.451
22540 -4.190
22550 -4.589
22560 -4.609
22570 -4.357
22580 -3.933
22590 -3.409
22600 -2.877
22610 -2.526
22620 -2.654
22630 -3.357
22640 -4.190
22650 -4.665
22660 -4.701
22670 -4.427
22680 -3.967
22690 -3.390
22700 -2.747
22710 -2.129
22720 -1.750
22730 -1.912
22740 -2.609
22750 -3.350
22760 -3.741
22770 -3.754
22780 -3.500
22790 -3.071
22800 -2.514
22810 -1.861
22820 -1.195
22830 -0.777
22840 -1.048
22850 -2.009
22860 -2.969
22870 -3.479
22880 -3.568
22890 -3.381
22900 -3.016
22910 -2.518
22920 -1.929
22930 -1.402
22940 -1.376
22950 -2.255
22960 -3.469
22970 -4.238
22980 -4.481
22990 -4.399
23000 -4.138
23010 -3.767
23020 -3.336
23030 -2.958
23040 -2.931
23050 -3.571
23060 -4.537
23070 -5.178
23080 -5.375
23090 -5.295
23100 -5.070
23110 -4.763
23120 -4.412
23130 -4.081
23140 -3.945
23150 -4.277
23160 -5.043
23170 -5.716
23180 -5.998
23190 -5.974
23200 -5.780
23210 -5.493
23220 -5.149
23230 -4.790
23240 -4.563
23250 -4.843
23260 -5.896
23270 -6.977
23280 -7.376
23290 -7.280
23300 -6.985
23310 -6.616
23320 -6.212
23330 -5.808
23340 -5.574
23350 -6.156
23360 -8.251
23370 -9.831
23380 -9.698
23390 -9.074
23400 -8.467
23410 -7.925
23420 -7.419
23430 -6.936
23440 -6.607
23450 -7.275
23460 -10.814
23470 -12.857
23480 -11.483
23490 -10.213
23500 -9.278
23510 -8.484
23520 -7.681
23530 -6.718
23540 -5.358
23550 -3.084
23560 +0.150
23570 -9.958
23580 -27.655
23590 -15.116
23600 -11.464
23610 -9.140
23620 -7.224
23630 -5.489
23640 -3.896
23650 -2.477
23660 -1.278
23670 -0.378
23680 -0.408
23690 -5.410
23700 -18.842
23710 -9.385
23720 -6.776
23730 -5.681
23740 -5.084
23750 -4.667
23760 -4.267
23770 -3.714
23780 -2.587
23790 +1.946
23800 -7.850
23810 -8.478
23820 -7.342
23830 -6.813
23840 -6.500
23850 -6.274
23860 -6.071
23870 -5.841
23880 -5.567
23890 -5.899
23900 -7.323
23910 -7.220
23920 -6.997
23930 -6.854
23940 -6.764
23950 -6.704
23960 -6.664
23970 -6.637
23980 -6.620
23990 -6.610
