00000 -0.078
00010 -0.064
00020 -0.030
00030 +0.006
00040 +0.033
00050 +0.047
00060 +0.048
00070 +0.035
00080 +0.010
00090 -0.023
00100 -0.057
00110 -0.083
00120 -0.094
00130 -0.090
00140 -0.079
00150 -0.067
00160 -0.060
00170 -0.061
00180 -0.069
00190 -0.084
00200 -0.102
00210 -0.119
00220 -0.131
00230 -0.135
00240 -0.132
00250 -0.125
00260 -0.117
00270 -0.112
00280 -0.111
00290 -0.115
00300 -0.123
00310 -0.132
00320 -0.139
00330 -0.142
00340 -0.141
00350 -0.134
00360 -0.125
00370 -0.116
00380 -0.108
00390 -0.104
00400 -0.103
00410 -0.104
00420 -0.105
00430 -0.105
00440 -0.100
00450 -0.091
00460 -0.077
00470 -0.063
00480 -0.049
00490 -0.037
00500 -0.029
00510 -0.025
00520 -0.024
00530 -0.023
00540 -0.021
00550 -0.017
00560 -0.012
00570 -0.008
00580 -0.006
00590 -0.008
00600 -0.016
00610 -0.029
00620 -0.046
00630 -0.064
00640 -0.082
00650 -0.097
00660 -0.109
00670 -0.119
00680 -0.127
00690 -0.136
00700 -0.148
00710 -0.162
00720 -0.178
00730 -0.195
00740 -0.209
00750 -0.221
00760 -0.228
00770 -0.231
00780 -0.232
00790 -0.232
00800 -0.234
00810 -0.238
00820 -0.244
00830 -0.250
00840 -0.254
00850 -0.255
00860 -0.250
00870 -0.241
00880 -0.230
00890 -0.219
00900 -0.210
00910 -0.204
00920 -0.201
00930 -0.200
00940 -0.198
00950 -0.195
00960 -0.189
00970 -0.182
00980 -0.175
00990 -0.168
01000 -0.164
01010 -0.163
01020 -0.164
01030 -0.167
01040 -0.170
01050 -0.171
01060 -0.171
01070 -0.169
01080 -0.166
01090 -0.162
01100 -0.159
01110 -0.157
01120 -0.157
01130 -0.158
01140 -0.159
01150 -0.160
01160 -0.159
01170 -0.156
01180 -0.151
01190 -0.145
01200 -0.139
01210 -0.134
01220 -0.130
01230 -0.128
01240 -0.127
01250 -0.126
01260 -0.125
01270 -0.123
01280 -0.120
01290 -0.116
01300 -0.113
01310 -0.111
01320 -0.111
01330 -0.114
01340 -0.120
01350 -0.127
01360 -0.135
01370 -0.143
01380 -0.150
01390 -0.157
01400 -0.163
01410 -0.171
01420 -0.179
01430 -0.188
01440 -0.199
01450 -0.210
01460 -0.221
01470 -0.231
01480 -0.238
01490 -0.243
01500 -0.246
01510 -0.247
01520 -0.247
01530 -0.247
01540 -0.246
01550 -0.244
01560 -0.241
01570 -0.235
01580 -0.227
01590 -0.216
01600 -0.202
01610 -0.186
01620 -0.169
01630 -0.152
01640 -0.136
01650 -0.121
01660 -0.108
01670 -0.097
01680 -0.086
01690 -0.076
01700 -0.067
01710 -0.059
01720 -0.054
01730 -0.050
01740 -0.050
01750 -0.052
01760 -0.056
01770 -0.063
01780 -0.070
01790 -0.078
01800 -0.085
01810 -0.092
01820 -0.099
01830 -0.106
01840 -0.114
01850 -0.123
01860 -0.133
01870 -0.144
01880 -0.155
01890 -0.165
01900 -0.174
01910 -0.182
01920 -0.189
01930 -0.196
01940 -0.202
01950 -0.209
01960 -0.216
01970 -0.224
01980 -0.233
01990 -0.241
02000 -0.248
02010 -0.253
02020 -0.257
02030 -0.260
02040 -0.263
02050 -0.267
02060 -0.272
02070 -0.278
02080 -0.285
02090 -0.292
02100 -0.299
02110 -0.305
02120 -0.310
02130 -0.315
02140 -0.320
02150 -0.326
02160 -0.334
02170 -0.342
02180 -0.351
02190 -0.360
02200 -0.368
02210 -0.375
02220 -0.380
02230 -0.385
02240 -0.389
02250 -0.392
02260 -0.396
02270 -0.400
02280 -0.404
02290 -0.408
02300 -0.410
02310 -0.412
02320 -0.412
02330 -0.410
02340 -0.407
02350 -0.404
02360 -0.400
02370 -0.396
02380 -0.392
02390 -0.388
02400 -0.384
02410 -0.379
02420 -0.373
02430 -0.366
02440 -0.359
02450 -0.352
02460 -0.345
02470 -0.339
02480 -0.335
02490 -0.332
02500 -0.330
02510 -0.328
02520 -0.328
02530 -0.327
02540 -0.328
02550 -0.328
02560 -0.330
02570 -0.333
02580 -0.338
02590 -0.343
02600 -0.350
02610 -0.358
02620 -0.366
02630 -0.375
02640 -0.383
02650 -0.392
02660 -0.401
02670 -0.410
02680 -0.420
02690 -0.430
02700 -0.441
02710 -0.453
02720 -0.464
02730 -0.475
02740 -0.485
02750 -0.494
02760 -0.502
02770 -0.509
02780 -0.515
02790 -0.520
02800 -0.523
02810 -0.526
02820 -0.527
02830 -0.526
02840 -0.523
02850 -0.518
02860 -0.512
02870 -0.505
02880 -0.497
02890 -0.491
02900 -0.485
02910 -0.481
02920 -0.478
02930 -0.477
02940 -0.477
02950 -0.477
02960 -0.479
02970 -0.481
02980 -0.484
02990 -0.489
03000 -0.494
03010 -0.501
03020 -0.508
03030 -0.517
03040 -0.526
03050 -0.535
03060 -0.545
03070 -0.554
03080 -0.563
03090 -0.573
03100 -0.583
03110 -0.595
03120 -0.606
03130 -0.619
03140 -0.632
03150 -0.645
03160 -0.658
03170 -0.671
03180 -0.683
03190 -0.696
03200 -0.708
03210 -0.721
03220 -0.734
03230 -0.747
03240 -0.760
03250 -0.772
03260 -0.783
03270 -0.793
03280 -0.800
03290 -0.806
03300 -0.810
03310 -0.812
03320 -0.814
03330 -0.815
03340 -0.814
03350 -0.812
03360 -0.808
03370 -0.803
03380 -0.798
03390 -0.791
03400 -0.784
03410 -0.778
03420 -0.772
03430 -0.766
03440 -0.761
03450 -0.756
03460 -0.751
03470 -0.746
03480 -0.741
03490 -0.736
03500 -0.731
03510 -0.726
03520 -0.721
03530 -0.717
03540 -0.713
03550 -0.708
03560 -0.704
03570 -0.699
03580 -0.694
03590 -0.688
03600 -0.681
03610 -0.674
03620 -0.667
03630 -0.659
03640 -0.652
03650 -0.643
03660 -0.634
03670 -0.625
03680 -0.614
03690 -0.603
03700 -0.591
03710 -0.579
03720 -0.567
03730 -0.554
03740 -0.543
03750 -0.532
03760 -0.522
03770 -0.514
03780 -0.508
03790 -0.505
03800 -0.505
03810 -0.510
03820 -0.518
03830 -0.532
03840 -0.551
03850 -0.575
03860 -0.604
03870 -0.637
03880 -0.674
03890 -0.713
03900 -0.753
03910 -0.794
03920 -0.834
03930 -0.873
03940 -0.911
03950 -0.947
03960 -0.981
03970 -1.013
03980 -1.043
03990 -1.070
04000 -1.095
04010 -1.116
04020 -1.136
04030 -1.153
04040 -1.168
04050 -1.181
04060 -1.193
04070 -1.203
04080 -1.212
04090 -1.219
04100 -1.224
04110 -1.228
04120 -1.230
04130 -1.230
04140 -1.230
04150 -1.228
04160 -1.226
04170 -1.223
04180 -1.219
04190 -1.215
04200 -1.210
04210 -1.204
04220 -1.197
04230 -1.190
04240 -1.183
04250 -1.176
04260 -1.170
04270 -1.164
04280 -1.158
04290 -1.153
04300 -1.147
04310 -1.142
04320 -1.137
04330 -1.132
04340 -1.126
04350 -1.121
04360 -1.117
04370 -1.112
04380 -1.108
04390 -1.103
04400 -1.097
04410 -1.091
04420 -1.084
04430 -1.075
04440 -1.066
04450 -1.056
04460 -1.045
04470 -1.033
04480 -1.020
04490 -1.006
04500 -0.991
04510 -0.974
04520 -0.956
04530 -0.936
04540 -0.914
04550 -0.892
04560 -0.869
04570 -0.845
04580 -0.821
04590 -0.797
04600 -0.772
04610 -0.746
04620 -0.721
04630 -0.695
04640 -0.669
04650 -0.644
04660 -0.621
04670 -0.598
04680 -0.577
04690 -0.558
04700 -0.540
04710 -0.523
04720 -0.508
04730 -0.493
04740 -0.479
04750 -0.467
04760 -0.456
04770 -0.447
04780 -0.439
04790 -0.432
04800 -0.425
04810 -0.419
04820 -0.413
04830 -0.406
04840 -0.399
04850 -0.392
04860 -0.385
04870 -0.378
04880 -0.371
04890 -0.364
04900 -0.356
04910 -0.348
04920 -0.340
04930 -0.331
04940 -0.322
04950 -0.313
04960 -0.305
04970 -0.298
04980 -0.292
04990 -0.287
05000 -0.284
05010 -0.282
05020 -0.282
05030 -0.283
05040 -0.286
05050 -0.290
05060 -0.296
05070 -0.304
05080 -0.314
05090 -0.325
05100 -0.338
05110 -0.353
05120 -0.367
05130 -0.383
05140 -0.398
05150 -0.412
05160 -0.427
05170 -0.441
05180 -0.454
05190 -0.467
05200 -0.479
05210 -0.490
05220 -0.499
05230 -0.507
05240 -0.512
05250 -0.514
05260 -0.514
05270 -0.512
05280 -0.507
05290 -0.501
05300 -0.492
05310 -0.482
05320 -0.469
05330 -0.455
05340 -0.437
05350 -0.418
05360 -0.397
05370 -0.374
05380 -0.349
05390 -0.325
05400 -0.300
05410 -0.275
05420 -0.250
05430 -0.225
05440 -0.201
05450 -0.176
05460 -0.151
05470 -0.127
05480 -0.104
05490 -0.081
05500 -0.060
05510 -0.041
05520 -0.022
05530 -0.004
05540 +0.013
05550 +0.030
05560 +0.047
05570 +0.064
05580 +0.080
05590 +0.097
05600 +0.112
05610 +0.127
05620 +0.142
05630 +0.156
05640 +0.170
05650 +0.184
05660 +0.198
05670 +0.213
05680 +0.227
05690 +0.241
05700 +0.254
05710 +0.266
05720 +0.275
05730 +0.284
05740 +0.290
05750 +0.295
05760 +0.299
05770 +0.302
05780 +0.302
05790 +0.300
05800 +0.295
05810 +0.287
05820 +0.276
05830 +0.263
05840 +0.247
05850 +0.228
05860 +0.208
05870 +0.187
05880 +0.165
05890 +0.141
05900 +0.117
05910 +0.091
05920 +0.065
05930 +0.038
05940 +0.012
05950 -0.015
05960 -0.040
05970 -0.064
05980 -0.087
05990 -0.108
06000 -0.127
06010 -0.146
06020 -0.163
06030 -0.180
06040 -0.195
06050 -0.210
06060 -0.223
06070 -0.235
06080 -0.246
06090 -0.255
06100 -0.264
06110 -0.273
06120 -0.281
06130 -0.291
06140 -0.301
06150 -0.312
06160 -0.324
06170 -0.337
06180 -0.351
06190 -0.366
06200 -0.382
06210 -0.399
06220 -0.418
06230 -0.439
06240 -0.462
06250 -0.487
06260 -0.513
06270 -0.540
06280 -0.569
06290 -0.597
06300 -0.626
06310 -0.654
06320 -0.682
06330 -0.709
06340 -0.736
06350 -0.762
06360 -0.787
06370 -0.810
06380 -0.832
06390 -0.851
06400 -0.868
06410 -0.882
06420 -0.893
06430 -0.901
06440 -0.907
06450 -0.911
06460 -0.912
06470 -0.912
06480 -0.910
06490 -0.906
06500 -0.901
06510 -0.893
06520 -0.884
06530 -0.874
06540 -0.862
06550 -0.851
06560 -0.841
06570 -0.832
06580 -0.825
06590 -0.818
06600 -0.813
06610 -0.809
06620 -0.805
06630 -0.803
06640 -0.802
06650 -0.802
06660 -0.804
06670 -0.809
06680 -0.815
06690 -0.824
06700 -0.833
06710 -0.842
06720 -0.852
06730 -0.860
06740 -0.869
06750 -0.877
06760 -0.884
06770 -0.891
06780 -0.898
06790 -0.905
06800 -0.911
06810 -0.916
06820 -0.919
06830 -0.919
06840 -0.917
06850 -0.913
06860 -0.907
06870 -0.900
06880 -0.893
06890 -0.885
06900 -0.877
06910 -0.869
06920 -0.859
06930 -0.848
06940 -0.836
06950 -0.824
06960 -0.811
06970 -0.799
06980 -0.789
06990 -0.781
07000 -0.775
07010 -0.771
07020 -0.768
07030 -0.766
07040 -0.765
07050 -0.765
07060 -0.765
07070 -0.767
07080 -0.770
07090 -0.775
07100 -0.782
07110 -0.790
07120 -0.799
07130 -0.808
07140 -0.815
07150 -0.821
07160 -0.826
07170 -0.828
07180 -0.830
07190 -0.832
07200 -0.833
07210 -0.834
07220 -0.834
07230 -0.833
07240 -0.830
07250 -0.825
07260 -0.817
07270 -0.808
07280 -0.798
07290 -0.789
07300 -0.780
07310 -0.774
07320 -0.769
07330 -0.765
07340 -0.763
07350 -0.761
07360 -0.760
07370 -0.760
07380 -0.762
07390 -0.767
07400 -0.774
07410 -0.786
07420 -0.801
07430 -0.819
07440 -0.840
07450 -0.862
07460 -0.886
07470 -0.909
07480 -0.934
07490 -0.959
07500 -0.985
07510 -1.013
07520 -1.042
07530 -1.072
07540 -1.103
07550 -1.133
07560 -1.161
07570 -1.187
07580 -1.210
07590 -1.231
07600 -1.249
07610 -1.266
07620 -1.281
07630 -1.295
07640 -1.308
07650 -1.320
07660 -1.328
07670 -1.333
07680 -1.334
07690 -1.332
07700 -1.326
07710 -1.319
07720 -1.311
07730 -1.303
07740 -1.297
07750 -1.291
07760 -1.285
07770 -1.278
07780 -1.271
07790 -1.263
07800 -1.255
07810 -1.247
07820 -1.242
07830 -1.241
07840 -1.242
07850 -1.247
07860 -1.255
07870 -1.264
07880 -1.274
07890 -1.283
07900 -1.293
07910 -1.302
07920 -1.312
07930 -1.324
07940 -1.339
07950 -1.355
07960 -1.373
07970 -1.392
07980 -1.410
07990 -1.427
08000 -1.442
08010 -1.455
08020 -1.467
08030 -1.479
08040 -1.492
08050 -1.507
08060 -1.525
08070 -1.544
08080 -1.564
08090 -1.584
08100 -1.604
08110 -1.623
08120 -1.643
08130 -1.664
08140 -1.689
08150 -1.718
08160 -1.753
08170 -1.793
08180 -1.838
08190 -1.887
08200 -1.938
08210 -1.992
08220 -2.047
08230 -2.104
08240 -2.165
08250 -2.229
08260 -2.298
08270 -2.371
08280 -2.448
08290 -2.528
08300 -2.608
08310 -2.687
08320 -2.762
08330 -2.833
08340 -2.900
08350 -2.964
08360 -3.027
08370 -3.091
08380 -3.155
08390 -3.217
08400 -3.277
08410 -3.331
08420 -3.377
08430 -3.415
08440 -3.444
08450 -3.468
08460 -3.489
08470 -3.509
08480 -3.530
08490 -3.552
08500 -3.573
08510 -3.589
08520 -3.598
08530 -3.600
08540 -3.596
08550 -3.587
08560 -3.578
08570 -3.572
08580 -3.571
08590 -3.573
08600 -3.578
08610 -3.583
08620 -3.584
08630 -3.579
08640 -3.568
08650 -3.553
08660 -3.537
08670 -3.522
08680 -3.510
08690 -3.501
08700 -3.493
08710 -3.484
08720 -3.469
08730 -3.444
08740 -3.410
08750 -3.366
08760 -3.315
08770 -3.261
08780 -3.207
08790 -3.154
08800 -3.102
08810 -3.048
08820 -2.988
08830 -2.919
08840 -2.840
08850 -2.752
08860 -2.657
08870 -2.561
08880 -2.468
08890 -2.379
08900 -2.295
08910 -2.215
08920 -2.135
08930 -2.053
08940 -1.967
08950 -1.878
08960 -1.788
08970 -1.702
08980 -1.623
08990 -1.554
09000 -1.496
09010 -1.448
09020 -1.407
09030 -1.371
09040 -1.337
09050 -1.306
09060 -1.277
09070 -1.253
09080 -1.237
09090 -1.229
09100 -1.232
09110 -1.245
09120 -1.267
09130 -1.294
09140 -1.323
09150 -1.354
09160 -1.384
09170 -1.414
09180 -1.445
09190 -1.480
09200 -1.519
09210 -1.564
09220 -1.614
09230 -1.669
09240 -1.725
09250 -1.782
09260 -1.837
09270 -1.890
09280 -1.942
09290 -1.994
09300 -2.049
09310 -2.109
09320 -2.177
09330 -2.253
09340 -2.336
09350 -2.425
09360 -2.520
09370 -2.618
09380 -2.719
09390 -2.825
09400 -2.937
09410 -3.057
09420 -3.188
09430 -3.332
09440 -3.492
09450 -3.665
09460 -3.852
09470 -4.049
09480 -4.253
09490 -4.462
09500 -4.674
09510 -4.890
09520 -5.113
09530 -5.345
09540 -5.591
09550 -5.852
09560 -6.128
09570 -6.415
09580 -6.706
09590 -6.995
09600 -7.276
09610 -7.548
09620 -7.813
09630 -8.078
09640 -8.349
09650 -8.633
09660 -8.931
09670 -9.240
09680 -9.551
09690 -9.852
09700 -10.133
09710 -10.389
09720 -10.622
09730 -10.842
09740 -11.061
09750 -11.290
09760 -11.535
09770 -11.790
09780 -12.046
09790 -12.284
09800 -12.488
09810 -12.650
09820 -12.773
09830 -12.869
09840 -12.956
09850 -13.051
09860 -13.161
09870 -13.282
09880 -13.400
09890 -13.496
09900 -13.550
09910 -13.553
09920 -13.510
09930 -13.437
09940 -13.357
09950 -13.288
09960 -13.240
09970 -13.212
09980 -13.192
09990 -13.160
10000 -13.100
10010 -13.003
10020 -12.869
10030 -12.714
10040 -12.558
10050 -12.420
10060 -12.312
10070 -12.234
10080 -12.178
10090 -12.130
10100 -12.070
10110 -11.988
10120 -11.879
10130 -11.750
10140 -11.617
10150 -11.498
10160 -11.407
10170 -11.350
10180 -11.324
10190 -11.317
10200 -11.313
10210 -11.297
10220 -11.260
10230 -11.201
10240 -11.128
10250 -11.060
10260 -11.010
10270 -10.992
10280 -11.007
10290 -11.051
10300 -11.110
10310 -11.168
10320 -11.209
10330 -11.227
10340 -11.222
10350 -11.206
10360 -11.197
10370 -11.209
10380 -11.253
10390 -11.328
10400 -11.426
10410 -11.533
10420 -11.632
10430 -11.708
10440 -11.756
10450 -11.780
10460 -11.795
10470 -11.819
10480 -11.866
10490 -11.944
10500 -12.052
10510 -12.182
10520 -12.317
10530 -12.441
10540 -12.540
10550 -12.612
10560 -12.661
10570 -12.705
10580 -12.760
10590 -12.842
10600 -12.960
10610 -13.111
10620 -13.286
10630 -13.467
10640 -13.636
10650 -13.778
10660 -13.889
10670 -13.975
10680 -14.056
10690 -14.151
10700 -14.279
10710 -14.447
10720 -14.650
10730 -14.874
10740 -15.091
10750 -15.275
10760 -15.403
10770 -15.470
10780 -15.490
10790 -15.487
10800 -15.488
10810 -15.506
10820 -15.538
10830 -15.563
10840 -15.549
10850 -15.459
10860 -15.275
10870 -15.000
10880 -14.665
10890 -14.309
10900 -13.967
10910 -13.658
10920 -13.386
10930 -13.139
10940 -12.899
10950 -12.648
10960 -12.375
10970 -12.084
10980 -11.788
10990 -11.508
11000 -11.264
11010 -11.068
11020 -10.924
11030 -10.827
11040 -10.764
11050 -10.719
11060 -10.677
11070 -10.628
11080 -10.569
11090 -10.507
11100 -10.455
11110 -10.425
11120 -10.429
11130 -10.469
11140 -10.540
11150 -10.632
11160 -10.730
11170 -10.815
11180 -10.876
11190 -10.909
11200 -10.921
11210 -10.926
11220 -10.939
11230 -10.971
11240 -11.026
11250 -11.095
11260 -11.162
11270 -11.206
11280 -11.208
11290 -11.159
11300 -11.063
11310 -10.937
11320 -10.803
11330 -10.679
11340 -10.575
11350 -10.486
11360 -10.401
11370 -10.302
11380 -10.173
11390 -10.007
11400 -9.811
11410 -9.600
11420 -9.394
11430 -9.211
11440 -9.060
11450 -8.939
11460 -8.840
11470 -8.749
11480 -8.652
11490 -8.539
11500 -8.410
11510 -8.271
11520 -8.133
11530 -8.011
11540 -7.914
11550 -7.843
11560 -7.794
11570 -7.756
11580 -7.717
11590 -7.664
11600 -7.590
11610 -7.495
11620 -7.386
11630 -7.274
11640 -7.168
11650 -7.077
11660 -6.998
11670 -6.926
11680 -6.849
11690 -6.753
11700 -6.629
11710 -6.474
11720 -6.293
11730 -6.096
11740 -5.897
11750 -5.707
11760 -5.528
11770 -5.359
11780 -5.190
11790 -5.010
11800 -4.811
11810 -4.590
11820 -4.350
11830 -4.103
11840 -3.861
11850 -3.637
11860 -3.435
11870 -3.254
11880 -3.087
11890 -2.924
11900 -2.756
11910 -2.580
11920 -2.396
11930 -2.212
11940 -2.037
11950 -1.881
11960 -1.748
11970 -1.639
11980 -1.546
11990 -1.463
12000 -1.380
12010 -1.292
12020 -1.197
12030 -1.099
12040 -1.004
12050 -0.921
12060 -0.854
12070 -0.804
12080 -0.769
12090 -0.741
12100 -0.713
12110 -0.680
12120 -0.638
12130 -0.587
12140 -0.534
12150 -0.484
12160 -0.444
12170 -0.416
12180 -0.399
12190 -0.388
12200 -0.379
12210 -0.364
12220 -0.341
12230 -0.308
12240 -0.268
12250 -0.228
12260 -0.193
12270 -0.168
12280 -0.152
12290 -0.144
12300 -0.138
12310 -0.129
12320 -0.114
12330 -0.090
12340 -0.059
12350 -0.025
12360 +0.006
12370 +0.030
12380 +0.046
12390 +0.054
12400 +0.058
12410 +0.062
12420 +0.072
12430 +0.089
12440 +0.112
12450 +0.141
12460 +0.169
12470 +0.193
12480 +0.210
12490 +0.221
12500 +0.227
12510 +0.232
12520 +0.239
12530 +0.253
12540 +0.273
12550 +0.299
12560 +0.326
12570 +0.353
12580 +0.374
12590 +0.388
12600 +0.396
12610 +0.401
12620 +0.407
12630 +0.416
12640 +0.432
12650 +0.452
12660 +0.477
12670 +0.500
12680 +0.520
12690 +0.533
12700 +0.540
12710 +0.541
12720 +0.541
12730 +0.543
12740 +0.550
12750 +0.563
12760 +0.580
12770 +0.598
12780 +0.614
12790 +0.624
12800 +0.628
12810 +0.627
12820 +0.622
12830 +0.619
12840 +0.619
12850 +0.626
12860 +0.637
12870 +0.652
12880 +0.667
12890 +0.679
12900 +0.685
12910 +0.685
12920 +0.683
12930 +0.680
12940 +0.680
12950 +0.686
12960 +0.698
12970 +0.715
12980 +0.734
12990 +0.753
13000 +0.767
13010 +0.777
13020 +0.782
13030 +0.785
13040 +0.790
13050 +0.799
13060 +0.813
13070 +0.833
13080 +0.855
13090 +0.878
13100 +0.896
13110 +0.908
13120 +0.913
13130 +0.914
13140 +0.912
13150 +0.911
13160 +0.915
13170 +0.923
13180 +0.934
13190 +0.946
13200 +0.955
13210 +0.958
13220 +0.954
13230 +0.944
13240 +0.931
13250 +0.919
13260 +0.910
13270 +0.907
13280 +0.908
13290 +0.913
13300 +0.916
13310 +0.917
13320 +0.911
13330 +0.901
13340 +0.887
13350 +0.873
13360 +0.863
13370 +0.858
13380 +0.860
13390 +0.866
13400 +0.876
13410 +0.884
13420 +0.890
13430 +0.891
13440 +0.889
13450 +0.887
13460 +0.887
13470 +0.892
13480 +0.906
13490 +0.926
13500 +0.952
13510 +0.981
13520 +1.007
13530 +1.030
13540 +1.047
13550 +1.062
13560 +1.077
13570 +1.095
13580 +1.119
13590 +1.149
13600 +1.185
13610 +1.222
13620 +1.256
13630 +1.283
13640 +1.303
13650 +1.315
13660 +1.323
13670 +1.331
13680 +1.341
13690 +1.356
13700 +1.374
13710 +1.392
13720 +1.408
13730 +1.417
13740 +1.417
13750 +1.408
13760 +1.393
13770 +1.375
13780 +1.358
13790 +1.345
13800 +1.336
13810 +1.330
13820 +1.325
13830 +1.316
13840 +1.301
13850 +1.279
13860 +1.252
13870 +1.223
13880 +1.196
13890 +1.174
13900 +1.159
13910 +1.151
13920 +1.148
13930 +1.147
13940 +1.145
13950 +1.138
13960 +1.128
13970 +1.115
13980 +1.103
13990 +1.096
14000 +1.096
14010 +1.104
14020 +1.119
14030 +1.139
14040 +1.157
14050 +1.172
14060 +1.181
14070 +1.185
14080 +1.186
14090 +1.189
14100 +1.196
14110 +1.210
14120 +1.230
14130 +1.254
14140 +1.278
14150 +1.297
14160 +1.309
14170 +1.314
14180 +1.314
14190 +1.311
14200 +1.310
14210 +1.314
14220 +1.324
14230 +1.339
14240 +1.355
14250 +1.368
14260 +1.376
14270 +1.376
14280 +1.370
14290 +1.360
14300 +1.350
14310 +1.345
14320 +1.346
14330 +1.354
14340 +1.367
14350 +1.380
14360 +1.391
14370 +1.395
14380 +1.392
14390 +1.385
14400 +1.377
14410 +1.373
14420 +1.375
14430 +1.385
14440 +1.401
14450 +1.421
14460 +1.439
14470 +1.452
14480 +1.459
14490 +1.460
14500 +1.459
14510 +1.459
14520 +1.464
14530 +1.477
14540 +1.498
14550 +1.524
14560 +1.551
14570 +1.576
14580 +1.596
14590 +1.609
14600 +1.618
14610 +1.627
14620 +1.639
14630 +1.658
14640 +1.685
14650 +1.718
14660 +1.754
14670 +1.789
14680 +1.817
14690 +1.836
14700 +1.847
14710 +1.853
14720 +1.856
14730 +1.862
14740 +1.871
14750 +1.883
14760 +1.896
14770 +1.904
14780 +1.904
14790 +1.892
14800 +1.869
14810 +1.836
14820 +1.799
14830 +1.760
14840 +1.723
14850 +1.688
14860 +1.654
14870 +1.617
14880 +1.573
14890 +1.521
14900 +1.460
14910 +1.392
14920 +1.319
14930 +1.245
14940 +1.172
14950 +1.101
14960 +1.033
14970 +0.966
14980 +0.898
14990 +0.827
15000 +0.753
15010 +0.675
15020 +0.595
15030 +0.515
15040 +0.438
15050 +0.365
15060 +0.297
15070 +0.237
15080 +0.181
15090 +0.131
15100 +0.083
15110 +0.038
15120 -0.007
15130 -0.050
15140 -0.090
15150 -0.125
15160 -0.153
15170 -0.174
15180 -0.186
15190 -0.191
15200 -0.190
15210 -0.187
15220 -0.185
15230 -0.185
15240 -0.189
15250 -0.194
15260 -0.199
15270 -0.202
15280 -0.202
15290 -0.199
15300 -0.195
15310 -0.194
15320 -0.200
15330 -0.214
15340 -0.239
15350 -0.272
15360 -0.313
15370 -0.358
15380 -0.404
15390 -0.451
15400 -0.498
15410 -0.546
15420 -0.598
15430 -0.655
15440 -0.719
15450 -0.788
15460 -0.863
15470 -0.940
15480 -1.016
15490 -1.087
15500 -1.151
15510 -1.206
15520 -1.252
15530 -1.291
15540 -1.326
15550 -1.362
15560 -1.399
15570 -1.439
15580 -1.479
15590 -1.514
15600 -1.540
15610 -1.553
15620 -1.552
15630 -1.540
15640 -1.521
15650 -1.506
15660 -1.499
15670 -1.504
15680 -1.520
15690 -1.542
15700 -1.563
15710 -1.576
15720 -1.577
15730 -1.566
15740 -1.548
15750 -1.535
15760 -1.535
15770 -1.555
15780 -1.595
15790 -1.651
15800 -1.713
15810 -1.766
15820 -1.799
15830 -1.803
15840 -1.777
15850 -1.731
15860 -1.684
15870 -1.650
15880 -1.637
15890 -1.641
15900 -1.647
15910 -1.634
15920 -1.579
15930 -1.466
15940 -1.296
15950 -1.088
15960 -0.877
15970 -0.694
15980 -0.553
15990 -0.449
16000 -0.360
16010 -0.250
16020 -0.085
16030 +0.165
16040 +0.506
16050 +0.920
16060 +1.363
16070 +1.790
16080 +2.173
16090 +2.518
16100 +2.859
16110 +3.254
16120 +3.770
16130 +4.467
16140 +5.383
16150 +6.516
16160 +7.819
16170 +9.210
16180 +10.605
16190 +11.960
16200 +13.305
16210 +14.755
16220 +16.502
16230 +18.822
16240 +22.146
16250 +27.342
16260 +34.373
16270 +29.903
16280 +25.530
16290 +23.253
16300 +22.073
16310 +21.487
16320 +21.116
16330 +20.605
16340 +19.760
16350 +18.680
16360 +17.616
16370 +16.759
16380 +16.180
16390 +15.870
16400 +15.760
16410 +15.728
16420 +15.603
16430 +15.216
16440 +14.513
16450 +13.608
16460 +12.680
16470 +11.863
16480 +11.206
16490 +10.699
16500 +10.292
16510 +9.921
16520 +9.525
16530 +9.068
16540 +8.550
16550 +8.004
16560 +7.485
16570 +7.040
16580 +6.695
16590 +6.456
16600 +6.308
16610 +6.228
16620 +6.183
16630 +6.144
16640 +6.086
16650 +5.996
16660 +5.879
16670 +5.755
16680 +5.653
16690 +5.596
16700 +5.597
16710 +5.650
16720 +5.737
16730 +5.827
16740 +5.886
16750 +5.883
16760 +5.802
16770 +5.652
16780 +5.469
16790 +5.291
16800 +5.149
16810 +5.050
16820 +4.978
16830 +4.901
16840 +4.778
16850 +4.575
16860 +4.277
16870 +3.898
16880 +3.479
16890 +3.068
16900 +2.705
16910 +2.402
16920 +2.149
16930 +1.922
16940 +1.688
16950 +1.421
16960 +1.110
16970 +0.764
16980 +0.410
16990 +0.090
17000 -0.159
17010 -0.319
17020 -0.390
17030 -0.393
17040 -0.357
17050 -0.316
17060 -0.295
17070 -0.307
17080 -0.346
17090 -0.387
17100 -0.399
17110 -0.354
17120 -0.242
17130 -0.073
17140 +0.125
17150 +0.316
17160 +0.463
17170 +0.532
17180 +0.512
17190 +0.412
17200 +0.270
17210 +0.128
17220 +0.019
17230 -0.052
17240 -0.108
17250 -0.192
17260 -0.351
17270 -0.622
17280 -1.021
17290 -1.524
17300 -2.081
17310 -2.622
17320 -3.088
17330 -3.448
17340 -3.703
17350 -3.880
17360 -4.011
17370 -4.123
17380 -4.230
17390 -4.323
17400 -4.372
17410 -4.341
17420 -4.202
17430 -3.951
17440 -3.612
17450 -3.224
17460 -2.827
17470 -2.458
17480 -2.141
17490 -1.891
17500 -1.704
17510 -1.559
17520 -1.427
17530 -1.278
17540 -1.097
17550 -0.889
17560 -0.677
17570 -0.492
17580 -0.368
17590 -0.333
17600 -0.401
17610 -0.562
17620 -0.783
17630 -1.019
17640 -1.231
17650 -1.404
17660 -1.543
17670 -1.669
17680 -1.808
17690 -1.981
17700 -2.197
17710 -2.446
17720 -2.702
17730 -2.922
17740 -3.064
17750 -3.100
17760 -3.027
17770 -2.863
17780 -2.643
17790 -2.406
17800 -2.186
17810 -2.003
17820 -1.862
17830 -1.749
17840 -1.632
17850 -1.479
17860 -1.270
17870 -1.005
17880 -0.705
17890 -0.400
17900 -0.126
17910 +0.085
17920 +0.213
17930 +0.257
17940 +0.239
17950 +0.202
17960 +0.186
17970 +0.212
17980 +0.280
17990 +0.364
18000 +0.427
18010 +0.432
18020 +0.348
18030 +0.165
18040 -0.099
18050 -0.404
18060 -0.698
18070 -0.935
18080 -1.089
18090 -1.162
18100 -1.175
18110 -1.161
18120 -1.151
18130 -1.169
18140 -1.218
18150 -1.281
18160 -1.317
18170 -1.280
18180 -1.143
18190 -0.905
18200 -0.594
18210 -0.248
18220 +0.091
18230 +0.390
18240 +0.625
18250 +0.791
18260 +0.905
18270 +1.002
18280 +1.124
18290 +1.296
18300 +1.518
18310 +1.771
18320 +2.023
18330 +2.236
18340 +2.373
18350 +2.407
18360 +2.338
18370 +2.196
18380 +2.033
18390 +1.899
18400 +1.818
18410 +1.786
18420 +1.778
18430 +1.760
18440 +1.703
18450 +1.588
18460 +1.419
18470 +1.223
18480 +1.048
18490 +0.937
18500 +0.917
18510 +0.988
18520 +1.128
18530 +1.309
18540 +1.498
18550 +1.670
18560 +1.805
18570 +1.898
18580 +1.962
18590 +2.023
18600 +2.109
18610 +2.238
18620 +2.412
18630 +2.620
18640 +2.841
18650 +3.052
18660 +3.226
18670 +3.344
18680 +3.400
18690 +3.407
18700 +3.393
18710 +3.393
18720 +3.428
18730 +3.501
18740 +3.600
18750 +3.702
18760 +3.781
18770 +3.809
18780 +3.771
18790 +3.668
18800 +3.526
18810 +3.379
18820 +3.263
18830 +3.194
18840 +3.173
18850 +3.187
18860 +3.220
18870 +3.253
18880 +3.272
18890 +3.271
18900 +3.257
18910 +3.245
18920 +3.256
18930 +3.305
18940 +3.398
18950 +3.530
18960 +3.689
18970 +3.863
18980 +4.035
18990 +4.190
19000 +4.314
19010 +4.404
19020 +4.467
19030 +4.520
19040 +4.582
19050 +4.666
19060 +4.778
19070 +4.914
19080 +5.064
19090 +5.211
19100 +5.337
19110 +5.423
19120 +5.465
19130 +5.475
19140 +5.476
19150 +5.491
19160 +5.536
19170 +5.617
19180 +5.728
19190 +5.855
19200 +5.977
19210 +6.071
19220 +6.119
19230 +6.121
19240 +6.095
19250 +6.070
19260 +6.071
19270 +6.112
19280 +6.194
19290 +6.307
19300 +6.432
19310 +6.545
19320 +6.618
19330 +6.640
19340 +6.617
19350 +6.576
19360 +6.547
19370 +6.555
19380 +6.610
19390 +6.708
19400 +6.835
19410 +6.968
19420 +7.075
19430 +7.133
19440 +7.135
19450 +7.095
19460 +7.048
19470 +7.026
19480 +7.049
19490 +7.124
19500 +7.243
19510 +7.387
19520 +7.526
19530 +7.627
19540 +7.667
19550 +7.644
19560 +7.585
19570 +7.528
19580 +7.505
19590 +7.535
19600 +7.618
19610 +7.741
19620 +7.875
19630 +7.982
19640 +8.023
19650 +7.981
19660 +7.870
19670 +7.731
19680 +7.609
19690 +7.538
19700 +7.526
19710 +7.567
19720 +7.636
19730 +7.699
19740 +7.718
19750 +7.667
19760 +7.548
19770 +7.395
19780 +7.251
19790 +7.151
19800 +7.114
19810 +7.137
19820 +7.205
19830 +7.290
19840 +7.355
19850 +7.367
19860 +7.311
19870 +7.201
19880 +7.073
19890 +6.970
19900 +6.920
19910 +6.932
19920 +7.000
19930 +7.100
19940 +7.200
19950 +7.259
19960 +7.246
19970 +7.160
19980 +7.028
19990 +6.898
20000 +6.810
20010 +6.781
20020 +6.808
20030 +6.867
20040 +6.922
20050 +6.932
20060 +6.870
20070 +6.739
20080 +6.570
20090 +6.409
20100 +6.291
20110 +6.232
20120 +6.232
20130 +6.275
20140 +6.341
20150 +6.401
20160 +6.427
20170 +6.404
20180 +6.332
20190 +6.233
20200 +6.141
20210 +6.083
20220 +6.076
20230 +6.119
20240 +6.200
20250 +6.297
20260 +6.378
20270 +6.414
20280 +6.388
20290 +6.305
20300 +6.197
20310 +6.101
20320 +6.049
20330 +6.056
20340 +6.119
20350 +6.220
20360 +6.329
20370 +6.408
20380 +6.421
20390 +6.350
20400 +6.214
20410 +6.062
20420 +5.946
20430 +5.904
20440 +5.946
20450 +6.061
20460 +6.219
20470 +6.367
20480 +6.445
20490 +6.418
20500 +6.316
20510 +6.211
20520 +6.164
20530 +6.194
20540 +6.290
20550 +6.423
20560 +6.561
20570 +6.670
20580 +6.721
20590 +6.703
20600 +6.624
20610 +6.510
20620 +6.398
20630 +6.316
20640 +6.284
20650 +6.305
20660 +6.368
20670 +6.453
20680 +6.530
20690 +6.566
20700 +6.537
20710 +6.444
20720 +6.312
20730 +6.182
20740 +6.092
20750 +6.065
20760 +6.103
20770 +6.193
20780 +6.305
20790 +6.399
20800 +6.433
20810 +6.383
20820 +6.257
20830 +6.099
20840 +5.966
20850 +5.901
20860 +5.922
20870 +6.021
20880 +6.170
20890 +6.322
20900 +6.419
20910 +6.411
20920 +6.287
20930 +6.093
20940 +5.908
20950 +5.799
20960 +5.795
20970 +5.891
20980 +6.053
20990 +6.222
21000 +6.326
21010 +6.299
21020 +6.128
21030 +5.871
21040 +5.623
21050 +5.458
21060 +5.408
21070 +5.461
21080 +5.581
21090 +5.713
21100 +5.797
21110 +5.778
21120 +5.641
21130 +5.418
21140 +5.182
21150 +5.002
21160 +4.917
21170 +4.936
21180 +5.040
21190 +5.190
21200 +5.337
21210 +5.422
21220 +5.395
21230 +5.246
21240 +5.019
21250 +4.795
21260 +4.647
21270 +4.616
21280 +4.700
21290 +4.870
21300 +5.072
21310 +5.235
21320 +5.280
21330 +5.160
21340 +4.903
21350 +4.606
21360 +4.379
21370 +4.287
21380 +4.336
21390 +4.492
21400 +4.695
21410 +4.867
21420 +4.923
21430 +4.808
21440 +4.541
21450 +4.217
21460 +3.949
21470 +3.806
21480 +3.799
21490 +3.900
21500 +4.056
21510 +4.203
21520 +4.270
21530 +4.201
21540 +3.989
21550 +3.687
21560 +3.389
21570 +3.175
21580 +3.083
21590 +3.107
21600 +3.211
21610 +3.342
21620 +3.434
21630 +3.417
21640 +3.248
21650 +2.941
21660 +2.579
21670 +2.269
21680 +2.083
21690 +2.038
21700 +2.105
21710 +2.224
21720 +2.321
21730 +2.313
21740 +2.135
21750 +1.791
21760 +1.367
21770 +0.993
21780 +0.761
21790 +0.690
21800 +0.743
21810 +0.852
21820 +0.939
21830 +0.926
21840 +0.757
21850 +0.437
21860 +0.041
21870 -0.316
21880 -0.546
21890 -0.627
21900 -0.591
21910 -0.494
21920 -0.404
21930 -0.383
21940 -0.484
21950 -0.721
21960 -1.056
21970 -1.401
21980 -1.666
21990 -1.800
22000 -1.805
22010 -1.723
22020 -1.613
22030 -1.539
22040 -1.559
22050 -1.716
22060 -2.005
22070 -2.361
22080 -2.677
22090 -2.866
22100 -2.899
22110 -2.811
22120 -2.663
22130 -2.528
22140 -2.472
22150 -2.548
22160 -2.771
22170 -3.094
22180 -3.407
22190 -3.605
22200 -3.642
22210 -3.543
22220 -3.373
22230 -3.200
22240 -3.087
22250 -3.084
22260 -3.212
22270 -3.448
22280 -3.714
22290 -3.913
22300 -3.984
22310 -3.929
22320 -3.791
22330 -3.628
22340 -3.493
22350 -3.431
22360 -3.475
22370 -3.627
22380 -3.850
22390 -4.068
22400 -4.203
22410 -4.220
22420 -4.135
22430 -3.994
22440 -3.849
22450 -3.747
22460 -3.728
22470 -3.817
22480 -4.004
22490 -4.229
22500 -4.406
22510 -4.468
22520 -4.412
22530 -4.278
22540 -4.123
22550 -3.997
22560 -3.942
22570 -3.989
22580 -4.139
22590 -4.349
22600 -4.534
22610 -4.619
22620 -4.586
22630 -4.470
22640 -4.325
22650 -4.200
22660 -4.132
22670 -4.151
22680 -4.267
22690 -4.453
22700 -4.643
22710 -4.763
22720 -4.776
22730 -4.698
22740 -4.574
22750 -4.451
22760 -4.365
22770 -4.349
22780 -4.420
22790 -4.578
22800 -4.779
22810 -4.948
22820 -5.018
22830 -4.975
22840 -4.855
22850 -4.709
22860 -4.583
22870 -4.515
22880 -4.534
22890 -4.658
22900 -4.868
22910 -5.087
22920 -5.214
22930 -5.199
22940 -5.071
22950 -4.893
22960 -4.725
22970 -4.607
22980 -4.575
22990 -4.655
23000 -4.845
23010 -5.083
23020 -5.255
23030 -5.277
23040 -5.159
23050 -4.968
23060 -4.772
23070 -4.615
23080 -4.528
23090 -4.536
23100 -4.649
23110 -4.836
23120 -5.012
23130 -5.078
23140 -5.001
23150 -4.827
23160 -4.621
23170 -4.432
23180 -4.291
23190 -4.218
23200 -4.229
23210 -4.325
23220 -4.463
23230 -4.560
23240 -4.541
23250 -4.409
23260 -4.220
23270 -4.027
23280 -3.866
23290 -3.756
23300 -3.715
23310 -3.754
23320 -3.862
23330 -3.981
23340 -4.022
23350 -3.953
23360 -3.813
23370 -3.659
23380 -3.527
23390 -3.438
23400 -3.406
23410 -3.445
23420 -3.556
23430 -3.696
23440 -3.785
23450 -3.771
23460 -3.679
23470 -3.565
23480 -3.467
23490 -3.405
23500 -3.390
23510 -3.433
23520 -3.534
23530 -3.664
23540 -3.752
23550 -3.742
23560 -3.651
23570 -3.533
23580 -3.429
23590 -3.358
23600 -3.328
23610 -3.343
23620 -3.404
23630 -3.492
23640 -3.550
23650 -3.513
23660 -3.391
23670 -3.248
23680 -3.130
23690 -3.049
23700 -3.007
23710 -3.002
23720 -3.036
23730 -3.100
23740 -3.146
23750 -3.107
23760 -2.988
23770 -2.864
23780 -2.772
23790 -2.716
23800 -2.690
23810 -2.694
23820 -2.733
23830 -2.812
23840 -2.906
23850 -2.933
23860 -2.867
23870 -2.778
23880 -2.712
23890 -2.677
23900 -2.669
23910 -2.691
23920 -2.752
23930 -2.862
23940 -3.003
23950 -3.080
23960 -3.020
23970 -2.907
23980 -2.819
23990 -2.769
