00000 -1.127
00010 -1.128
00020 -1.128
00030 -1.128
00040 -1.127
00050 -1.125
00060 -1.123
00070 -1.121
00080 -1.120
00090 -1.122
00100 -1.128
00110 -1.138
00120 -1.151
00130 -1.162
00140 -1.169
00150 -1.171
00160 -1.169
00170 -1.164
00180 -1.158
00190 -1.152
00200 -1.149
00210 -1.150
00220 -1.155
00230 -1.165
00240 -1.176
00250 -1.187
00260 -1.194
00270 -1.197
00280 -1.196
00290 -1.193
00300 -1.190
00310 -1.191
00320 -1.197
00330 -1.212
00340 -1.236
00350 -1.265
00360 -1.297
00370 -1.328
00380 -1.355
00390 -1.380
00400 -1.405
00410 -1.436
00420 -1.478
00430 -1.536
00440 -1.615
00450 -1.711
00460 -1.818
00470 -1.927
00480 -2.031
00490 -2.129
00500 -2.224
00510 -2.321
00520 -2.425
00530 -2.541
00540 -2.663
00550 -2.784
00560 -2.891
00570 -2.975
00580 -3.034
00590 -3.071
00600 -3.095
00610 -3.113
00620 -3.130
00630 -3.149
00640 -3.171
00650 -3.194
00660 -3.216
00670 -3.234
00680 -3.247
00690 -3.257
00700 -3.267
00710 -3.280
00720 -3.300
00730 -3.331
00740 -3.376
00750 -3.437
00760 -3.512
00770 -3.598
00780 -3.693
00790 -3.793
00800 -3.897
00810 -4.008
00820 -4.128
00830 -4.264
00840 -4.418
00850 -4.592
00860 -4.779
00870 -4.968
00880 -5.141
00890 -5.283
00900 -5.388
00910 -5.455
00920 -5.491
00930 -5.503
00940 -5.493
00950 -5.461
00960 -5.402
00970 -5.315
00980 -5.201
00990 -5.068
01000 -4.928
01010 -4.788
01020 -4.654
01030 -4.529
01040 -4.411
01050 -4.298
01060 -4.188
01070 -4.081
01080 -3.976
01090 -3.875
01100 -3.779
01110 -3.687
01120 -3.600
01130 -3.516
01140 -3.432
01150 -3.348
01160 -3.264
01170 -3.178
01180 -3.093
01190 -3.009
01200 -2.927
01210 -2.846
01220 -2.765
01230 -2.681
01240 -2.593
01250 -2.501
01260 -2.407
01270 -2.315
01280 -2.229
01290 -2.154
01300 -2.090
01310 -2.037
01320 -1.990
01330 -1.946
01340 -1.905
01350 -1.865
01360 -1.830
01370 -1.804
01380 -1.790
01390 -1.789
01400 -1.799
01410 -1.816
01420 -1.836
01430 -1.853
01440 -1.866
01450 -1.874
01460 -1.879
01470 -1.885
01480 -1.897
01490 -1.916
01500 -1.944
01510 -1.980
01520 -2.018
01530 -2.055
01540 -2.088
01550 -2.116
01560 -2.142
01570 -2.171
01580 -2.211
01590 -2.265
01600 -2.337
01610 -2.424
01620 -2.518
01630 -2.612
01640 -2.700
01650 -2.779
01660 -2.852
01670 -2.924
01680 -2.999
01690 -3.083
01700 -3.172
01710 -3.265
01720 -3.354
01730 -3.434
01740 -3.503
01750 -3.560
01760 -3.608
01770 -3.652
01780 -3.698
01790 -3.749
01800 -3.806
01810 -3.868
01820 -3.933
01830 -3.995
01840 -4.052
01850 -4.103
01860 -4.147
01870 -4.188
01880 -4.231
01890 -4.278
01900 -4.333
01910 -4.397
01920 -4.467
01930 -4.539
01940 -4.608
01950 -4.671
01960 -4.726
01970 -4.775
01980 -4.821
01990 -4.868
02000 -4.921
02010 -4.980
02020 -5.042
02030 -5.104
02040 -5.158
02050 -5.200
02060 -5.227
02070 -5.242
02080 -5.249
02090 -5.253
02100 -5.259
02110 -5.268
02120 -5.280
02130 -5.292
02140 -5.299
02150 -5.300
02160 -5.292
02170 -5.280
02180 -5.266
02190 -5.256
02200 -5.253
02210 -5.259
02220 -5.274
02230 -5.297
02240 -5.324
02250 -5.352
02260 -5.380
02270 -5.407
02280 -5.435
02290 -5.466
02300 -5.502
02310 -5.546
02320 -5.597
02330 -5.654
02340 -5.714
02350 -5.772
02360 -5.824
02370 -5.867
02380 -5.900
02390 -5.925
02400 -5.942
02410 -5.957
02420 -5.970
02430 -5.982
02440 -5.991
02450 -5.995
02460 -5.989
02470 -5.974
02480 -5.950
02490 -5.920
02500 -5.889
02510 -5.859
02520 -5.834
02530 -5.813
02540 -5.796
02550 -5.781
02560 -5.763
02570 -5.742
02580 -5.716
02590 -5.688
02600 -5.659
02610 -5.633
02620 -5.610
02630 -5.592
02640 -5.576
02650 -5.561
02660 -5.545
02670 -5.524
02680 -5.499
02690 -5.469
02700 -5.435
02710 -5.400
02720 -5.364
02730 -5.330
02740 -5.296
02750 -5.263
02760 -5.230
02770 -5.196
02780 -5.162
02790 -5.130
02800 -5.103
02810 -5.084
02820 -5.077
02830 -5.085
02840 -5.111
02850 -5.154
02860 -5.212
02870 -5.282
02880 -5.359
02890 -5.437
02900 -5.513
02910 -5.586
02920 -5.655
02930 -5.723
02940 -5.791
02950 -5.859
02960 -5.926
02970 -5.990
02980 -6.050
02990 -6.103
03000 -6.149
03010 -6.188
03020 -6.223
03030 -6.257
03040 -6.292
03050 -6.329
03060 -6.368
03070 -6.408
03080 -6.446
03090 -6.480
03100 -6.509
03110 -6.535
03120 -6.558
03130 -6.581
03140 -6.606
03150 -6.635
03160 -6.668
03170 -6.704
03180 -6.741
03190 -6.778
03200 -6.812
03210 -6.843
03220 -6.874
03230 -6.906
03240 -6.941
03250 -6.980
03260 -7.023
03270 -7.070
03280 -7.117
03290 -7.163
03300 -7.206
03310 -7.244
03320 -7.276
03330 -7.305
03340 -7.332
03350 -7.358
03360 -7.384
03370 -7.410
03380 -7.435
03390 -7.457
03400 -7.473
03410 -7.483
03420 -7.487
03430 -7.486
03440 -7.482
03450 -7.478
03460 -7.474
03470 -7.471
03480 -7.469
03490 -7.464
03500 -7.456
03510 -7.442
03520 -7.424
03530 -7.400
03540 -7.374
03550 -7.348
03560 -7.322
03570 -7.299
03580 -7.276
03590 -7.253
03600 -7.228
03610 -7.199
03620 -7.166
03630 -7.130
03640 -7.093
03650 -7.056
03660 -7.022
03670 -6.992
03680 -6.966
03690 -6.944
03700 -6.924
03710 -6.906
03720 -6.889
03730 -6.874
03740 -6.863
03750 -6.858
03760 -6.861
03770 -6.874
03780 -6.897
03790 -6.929
03800 -6.969
03810 -7.015
03820 -7.065
03830 -7.117
03840 -7.169
03850 -7.222
03860 -7.275
03870 -7.327
03880 -7.378
03890 -7.425
03900 -7.467
03910 -7.501
03920 -7.524
03930 -7.535
03940 -7.533
03950 -7.519
03960 -7.495
03970 -7.464
03980 -7.427
03990 -7.387
04000 -7.344
04010 -7.296
04020 -7.243
04030 -7.185
04040 -7.122
04050 -7.055
04060 -6.987
04070 -6.921
04080 -6.860
04090 -6.804
04100 -6.754
04110 -6.710
04120 -6.669
04130 -6.632
04140 -6.598
04150 -6.568
04160 -6.543
04170 -6.524
04180 -6.514
04190 -6.513
04200 -6.521
04210 -6.537
04220 -6.559
04230 -6.585
04240 -6.614
04250 -6.644
04260 -6.674
04270 -6.704
04280 -6.736
04290 -6.768
04300 -6.801
04310 -6.833
04320 -6.864
04330 -6.890
04340 -6.910
04350 -6.922
04360 -6.925
04370 -6.919
04380 -6.905
04390 -6.886
04400 -6.864
04410 -6.840
04420 -6.813
04430 -6.783
04440 -6.749
04450 -6.709
04460 -6.663
04470 -6.613
04480 -6.561
04490 -6.509
04500 -6.461
04510 -6.418
04520 -6.381
04530 -6.349
04540 -6.321
04550 -6.295
04560 -6.270
04570 -6.247
04580 -6.227
04590 -6.212
04600 -6.205
04610 -6.206
04620 -6.217
04630 -6.235
04640 -6.259
04650 -6.287
04660 -6.315
04670 -6.344
04680 -6.373
04690 -6.403
04700 -6.435
04710 -6.469
04720 -6.505
04730 -6.543
04740 -6.580
04750 -6.614
04760 -6.643
04770 -6.664
04780 -6.676
04790 -6.681
04800 -6.679
04810 -6.673
04820 -6.664
04830 -6.653
04840 -6.640
04850 -6.625
04860 -6.606
04870 -6.581
04880 -6.551
04890 -6.517
04900 -6.480
04910 -6.445
04920 -6.415
04930 -6.392
04940 -6.377
04950 -6.369
04960 -6.366
04970 -6.367
04980 -6.369
04990 -6.374
05000 -6.382
05010 -6.396
05020 -6.417
05030 -6.448
05040 -6.487
05050 -6.534
05060 -6.586
05070 -6.639
05080 -6.690
05090 -6.738
05100 -6.782
05110 -6.823
05120 -6.863
05130 -6.902
05140 -6.941
05150 -6.978
05160 -7.013
05170 -7.041
05180 -7.061
05190 -7.070
05200 -7.068
05210 -7.057
05220 -7.039
05230 -7.017
05240 -6.993
05250 -6.968
05260 -6.941
05270 -6.913
05280 -6.881
05290 -6.844
05300 -6.802
05310 -6.757
05320 -6.710
05330 -6.665
05340 -6.625
05350 -6.592
05360 -6.566
05370 -6.547
05380 -6.531
05390 -6.518
05400 -6.504
05410 -6.490
05420 -6.476
05430 -6.464
05440 -6.458
05450 -6.457
05460 -6.464
05470 -6.475
05480 -6.488
05490 -6.500
05500 -6.507
05510 -6.508
05520 -6.502
05530 -6.493
05540 -6.481
05550 -6.470
05560 -6.461
05570 -6.453
05580 -6.445
05590 -6.433
05600 -6.414
05610 -6.389
05620 -6.356
05630 -6.319
05640 -6.279
05650 -6.242
05660 -6.209
05670 -6.181
05680 -6.157
05690 -6.135
05700 -6.112
05710 -6.088
05720 -6.061
05730 -6.033
05740 -6.008
05750 -5.988
05760 -5.974
05770 -5.970
05780 -5.973
05790 -5.982
05800 -5.993
05810 -6.005
05820 -6.016
05830 -6.024
05840 -6.032
05850 -6.041
05860 -6.053
05870 -6.070
05880 -6.091
05890 -6.114
05900 -6.137
05910 -6.157
05920 -6.170
05930 -6.176
05940 -6.174
05950 -6.169
05960 -6.162
05970 -6.156
05980 -6.154
05990 -6.153
06000 -6.154
06010 -6.151
06020 -6.145
06030 -6.132
06040 -6.114
06050 -6.094
06060 -6.075
06070 -6.061
06080 -6.054
06090 -6.054
06100 -6.060
06110 -6.068
06120 -6.076
06130 -6.082
06140 -6.086
06150 -6.090
06160 -6.097
06170 -6.109
06180 -6.130
06190 -6.158
06200 -6.192
06210 -6.230
06220 -6.268
06230 -6.303
06240 -6.334
06250 -6.361
06260 -6.387
06270 -6.412
06280 -6.440
06290 -6.471
06300 -6.503
06310 -6.536
06320 -6.565
06330 -6.588
06340 -6.603
06350 -6.610
06360 -6.610
06370 -6.606
06380 -6.601
06390 -6.598
06400 -6.598
06410 -6.601
06420 -6.604
06430 -6.604
06440 -6.599
06450 -6.588
06460 -6.573
06470 -6.557
06480 -6.544
06490 -6.538
06500 -6.540
06510 -6.550
06520 -6.566
06530 -6.582
06540 -6.596
06550 -6.606
06560 -6.613
06570 -6.619
06580 -6.627
06590 -6.642
06600 -6.664
06610 -6.693
06620 -6.726
06630 -6.758
06640 -6.787
06650 -6.808
06660 -6.822
06670 -6.830
06680 -6.836
06690 -6.844
06700 -6.855
06710 -6.870
06720 -6.889
06730 -6.906
06740 -6.920
06750 -6.926
06760 -6.924
06770 -6.915
06780 -6.903
06790 -6.892
06800 -6.886
06810 -6.887
06820 -6.896
06830 -6.909
06840 -6.923
06850 -6.933
06860 -6.938
06870 -6.938
06880 -6.936
06890 -6.937
06900 -6.944
06910 -6.963
06920 -6.993
06930 -7.031
06940 -7.072
06950 -7.111
06960 -7.145
06970 -7.171
06980 -7.193
06990 -7.214
07000 -7.240
07010 -7.274
07020 -7.318
07030 -7.367
07040 -7.417
07050 -7.461
07060 -7.496
07070 -7.518
07080 -7.531
07090 -7.538
07100 -7.544
07110 -7.556
07120 -7.574
07130 -7.599
07140 -7.625
07150 -7.649
07160 -7.664
07170 -7.669
07180 -7.665
07190 -7.655
07200 -7.645
07210 -7.642
07220 -7.649
07230 -7.667
07240 -7.694
07250 -7.723
07260 -7.748
07270 -7.765
07280 -7.772
07290 -7.773
07300 -7.770
07310 -7.772
07320 -7.784
07330 -7.807
07340 -7.840
07350 -7.878
07360 -7.911
07370 -7.933
07380 -7.941
07390 -7.936
07400 -7.921
07410 -7.904
07420 -7.891
07430 -7.888
07440 -7.895
07450 -7.908
07460 -7.918
07470 -7.918
07480 -7.903
07490 -7.871
07500 -7.827
07510 -7.777
07520 -7.732
07530 -7.699
07540 -7.682
07550 -7.679
07560 -7.683
07570 -7.685
07580 -7.675
07590 -7.652
07600 -7.616
07610 -7.575
07620 -7.537
07630 -7.513
07640 -7.510
07650 -7.528
07660 -7.560
07670 -7.595
07680 -7.622
07690 -7.634
07700 -7.628
07710 -7.611
07720 -7.590
07730 -7.576
07740 -7.579
07750 -7.600
07760 -7.637
07770 -7.677
07780 -7.709
07790 -7.720
07800 -7.707
07810 -7.671
07820 -7.619
07830 -7.564
07840 -7.517
07850 -7.488
07860 -7.477
07870 -7.478
07880 -7.479
07890 -7.464
07900 -7.427
07910 -7.364
07920 -7.283
07930 -7.194
07940 -7.115
07950 -7.059
07960 -7.036
07970 -7.042
07980 -7.063
07990 -7.082
08000 -7.082
08010 -7.055
08020 -7.004
08030 -6.942
08040 -6.885
08050 -6.854
08060 -6.863
08070 -6.914
08080 -6.992
08090 -7.074
08100 -7.136
08110 -7.165
08120 -7.159
08130 -7.127
08140 -7.092
08150 -7.075
08160 -7.097
08170 -7.163
08180 -7.264
08190 -7.373
08200 -7.458
08210 -7.501
08220 -7.493
08230 -7.444
08240 -7.375
08250 -7.311
08260 -7.280
08270 -7.297
08280 -7.357
08290 -7.438
08300 -7.506
08310 -7.535
08320 -7.510
08330 -7.437
08340 -7.334
08350 -7.230
08360 -7.158
08370 -7.141
08380 -7.189
08390 -7.284
08400 -7.389
08410 -7.468
08420 -7.495
08430 -7.465
08440 -7.392
08450 -7.308
08460 -7.247
08470 -7.244
08480 -7.317
08490 -7.455
08500 -7.624
08510 -7.776
08520 -7.874
08530 -7.903
08540 -7.873
08550 -7.812
08560 -7.760
08570 -7.753
08580 -7.819
08590 -7.954
08600 -8.130
08610 -8.298
08620 -8.416
08630 -8.460
08640 -8.433
08650 -8.358
08660 -8.271
08670 -8.211
08680 -8.210
08690 -8.279
08700 -8.403
08710 -8.545
08720 -8.660
08730 -8.718
08740 -8.706
08750 -8.636
08760 -8.536
08770 -8.443
08780 -8.396
08790 -8.418
08800 -8.515
08810 -8.662
08820 -8.817
08830 -8.934
08840 -8.986
08850 -8.968
08860 -8.896
08870 -8.808
08880 -8.744
08890 -8.743
08900 -8.826
08910 -8.983
08920 -9.176
08930 -9.353
08940 -9.469
08950 -9.502
08960 -9.459
08970 -9.371
08980 -9.281
08990 -9.235
09000 -9.266
09010 -9.379
09020 -9.546
09030 -9.720
09040 -9.846
09050 -9.890
09060 -9.846
09070 -9.733
09080 -9.591
09090 -9.464
09100 -9.393
09110 -9.400
09120 -9.477
09130 -9.591
09140 -9.693
09150 -9.741
09160 -9.709
09170 -9.599
09180 -9.436
09190 -9.260
09200 -9.112
09210 -9.029
09220 -9.026
09230 -9.090
09240 -9.186
09250 -9.266
09260 -9.292
09270 -9.244
09280 -9.127
09290 -8.967
09300 -8.806
09310 -8.685
09320 -8.637
09330 -8.669
09340 -8.764
09350 -8.882
09360 -8.976
09370 -9.011
09380 -8.972
09390 -8.870
09400 -8.735
09410 -8.608
09420 -8.529
09430 -8.523
09440 -8.589
09450 -8.704
09460 -8.823
09470 -8.905
09480 -8.921
09490 -8.863
09500 -8.749
09510 -8.611
09520 -8.489
09530 -8.418
09540 -8.414
09550 -8.471
09560 -8.559
09570 -8.638
09580 -8.672
09590 -8.641
09600 -8.545
09610 -8.405
09620 -8.254
09630 -8.129
09640 -8.059
09650 -8.054
09660 -8.100
09670 -8.167
09680 -8.221
09690 -8.229
09700 -8.177
09710 -8.072
09720 -7.936
09730 -7.802
09740 -7.703
09750 -7.660
09760 -7.679
09770 -7.741
09780 -7.817
09790 -7.872
09800 -7.881
09810 -7.836
09820 -7.745
09830 -7.632
09840 -7.529
09850 -7.466
09860 -7.458
09870 -7.504
09880 -7.583
09890 -7.665
09900 -7.719
09910 -7.725
09920 -7.677
09930 -7.588
09940 -7.484
09950 -7.396
09960 -7.349
09970 -7.355
09980 -7.407
09990 -7.481
10000 -7.548
10010 -7.581
10020 -7.563
10030 -7.496
10040 -7.397
10050 -7.293
10060 -7.212
10070 -7.177
10080 -7.193
10090 -7.249
10100 -7.319
10110 -7.376
10120 -7.396
10130 -7.370
10140 -7.303
10150 -7.214
10160 -7.131
10170 -7.080
10180 -7.076
10190 -7.120
10200 -7.197
10210 -7.281
10220 -7.345
10230 -7.372
10240 -7.354
10250 -7.302
10260 -7.236
10270 -7.181
10280 -7.160
10290 -7.185
10300 -7.252
10310 -7.342
10320 -7.430
10330 -7.490
10340 -7.507
10350 -7.479
10360 -7.418
10370 -7.349
10380 -7.296
10390 -7.281
10400 -7.310
10410 -7.373
10420 -7.451
10430 -7.514
10440 -7.542
10450 -7.523
10460 -7.461
10470 -7.375
10480 -7.291
10490 -7.233
10500 -7.219
10510 -7.248
10520 -7.306
10530 -7.368
10540 -7.408
10550 -7.408
10560 -7.362
10570 -7.283
10580 -7.191
10590 -7.113
10600 -7.072
10610 -7.076
10620 -7.120
10630 -7.183
10640 -7.239
10650 -7.265
10660 -7.247
10670 -7.186
10680 -7.098
10690 -7.006
10700 -6.935
10710 -6.905
10720 -6.917
10730 -6.960
10740 -7.009
10750 -7.039
10760 -7.030
10770 -6.971
10780 -6.872
10790 -6.752
10800 -6.637
10810 -6.552
10820 -6.511
10830 -6.512
10840 -6.535
10850 -6.556
10860 -6.550
10870 -6.500
10880 -6.407
10890 -6.283
10900 -6.156
10910 -6.052
10920 -5.995
10930 -5.991
10940 -6.031
10950 -6.093
10960 -6.148
10970 -6.175
10980 -6.164
10990 -6.121
11000 -6.064
11010 -6.022
11020 -6.021
11030 -6.076
11040 -6.185
11050 -6.331
11060 -6.484
11070 -6.617
11080 -6.709
11090 -6.755
11100 -6.766
11110 -6.763
11120 -6.777
11130 -6.829
11140 -6.928
11150 -7.062
11160 -7.207
11170 -7.330
11180 -7.405
11190 -7.417
11200 -7.370
11210 -7.286
11220 -7.195
11230 -7.128
11240 -7.104
11250 -7.121
11260 -7.162
11270 -7.194
11280 -7.188
11290 -7.124
11300 -7.001
11310 -6.834
11320 -6.654
11330 -6.495
11340 -6.384
11350 -6.329
11360 -6.316
11370 -6.319
11380 -6.305
11390 -6.248
11400 -6.140
11410 -5.989
11420 -5.821
11430 -5.670
11440 -5.566
11450 -5.526
11460 -5.545
11470 -5.600
11480 -5.656
11490 -5.686
11500 -5.671
11510 -5.610
11520 -5.523
11530 -5.439
11540 -5.390
11550 -5.399
11560 -5.468
11570 -5.580
11580 -5.704
11590 -5.806
11600 -5.861
11610 -5.859
11620 -5.809
11630 -5.735
11640 -5.672
11650 -5.647
11660 -5.673
11670 -5.743
11680 -5.831
11690 -5.904
11700 -5.931
11710 -5.897
11720 -5.802
11730 -5.668
11740 -5.528
11750 -5.417
11760 -5.358
11770 -5.353
11780 -5.385
11790 -5.421
11800 -5.430
11810 -5.388
11820 -5.289
11830 -5.148
11840 -4.994
11850 -4.861
11860 -4.780
11870 -4.762
11880 -4.796
11890 -4.855
11900 -4.904
11910 -4.916
11920 -4.875
11930 -4.787
11940 -4.673
11950 -4.566
11960 -4.498
11970 -4.489
11980 -4.538
11990 -4.624
12000 -4.714
12010 -4.776
12020 -4.788
12030 -4.744
12040 -4.659
12050 -4.559
12060 -4.480
12070 -4.449
12080 -4.475
12090 -4.546
12100 -4.634
12110 -4.704
12120 -4.730
12130 -4.697
12140 -4.611
12150 -4.494
12160 -4.382
12170 -4.306
12180 -4.287
12190 -4.323
12200 -4.390
12210 -4.455
12220 -4.487
12230 -4.466
12240 -4.388
12250 -4.270
12260 -4.144
12270 -4.046
12280 -4.001
12290 -4.018
12300 -4.079
12310 -4.155
12320 -4.212
12330 -4.223
12340 -4.179
12350 -4.088
12360 -3.976
12370 -3.878
12380 -3.825
12390 -3.833
12400 -3.893
12410 -3.979
12420 -4.058
12430 -4.100
12440 -4.087
12450 -4.021
12460 -3.920
12470 -3.815
12480 -3.741
12490 -3.720
12500 -3.754
12510 -3.824
12520 -3.899
12530 -3.948
12540 -3.947
12550 -3.889
12560 -3.785
12570 -3.663
12580 -3.556
12590 -3.494
12600 -3.489
12610 -3.532
12620 -3.596
12630 -3.648
12640 -3.661
12650 -3.620
12660 -3.528
12670 -3.404
12680 -3.284
12690 -3.198
12700 -3.170
12710 -3.198
12720 -3.263
12730 -3.332
12740 -3.374
12750 -3.368
12760 -3.309
12770 -3.209
12780 -3.097
12790 -3.007
12800 -2.966
12810 -2.985
12820 -3.052
12830 -3.137
12840 -3.208
12850 -3.239
12860 -3.216
12870 -3.145
12880 -3.045
12890 -2.951
12900 -2.895
12910 -2.895
12920 -2.949
12930 -3.036
12940 -3.122
12950 -3.178
12960 -3.185
12970 -3.138
12980 -3.053
12990 -2.957
13000 -2.886
13010 -2.866
13020 -2.905
13030 -2.987
13040 -3.084
13050 -3.163
13060 -3.201
13070 -3.186
13080 -3.126
13090 -3.044
13100 -2.973
13110 -2.944
13120 -2.972
13130 -3.052
13140 -3.157
13150 -3.258
13160 -3.326
13170 -3.345
13180 -3.314
13190 -3.251
13200 -3.183
13210 -3.144
13220 -3.156
13230 -3.220
13240 -3.318
13250 -3.423
13260 -3.504
13270 -3.540
13280 -3.526
13290 -3.469
13300 -3.395
13310 -3.335
13320 -3.316
13330 -3.349
13340 -3.425
13350 -3.518
13360 -3.601
13370 -3.647
13380 -3.645
13390 -3.597
13400 -3.522
13410 -3.450
13420 -3.411
13430 -3.424
13440 -3.487
13450 -3.581
13460 -3.677
13470 -3.747
13480 -3.775
13490 -3.756
13500 -3.705
13510 -3.645
13520 -3.609
13530 -3.619
13540 -3.682
13550 -3.784
13560 -3.897
13570 -3.995
13580 -4.055
13590 -4.069
13600 -4.042
13610 -3.996
13620 -3.958
13630 -3.955
13640 -4.000
13650 -4.087
13660 -4.194
13670 -4.294
13680 -4.364
13690 -4.390
13700 -4.371
13710 -4.322
13720 -4.268
13730 -4.236
13740 -4.247
13750 -4.303
13760 -4.391
13770 -4.485
13780 -4.560
13790 -4.600
13800 -4.597
13810 -4.560
13820 -4.509
13830 -4.470
13840 -4.469
13850 -4.515
13860 -4.603
13870 -4.710
13880 -4.813
13890 -4.888
13900 -4.926
13910 -4.926
13920 -4.905
13930 -4.884
13940 -4.890
13950 -4.938
13960 -5.030
13970 -5.149
13980 -5.272
13990 -5.374
14000 -5.440
14010 -5.466
14020 -5.459
14030 -5.440
14040 -5.433
14050 -5.459
14060 -5.525
14070 -5.621
14080 -5.727
14090 -5.819
14100 -5.878
14110 -5.896
14120 -5.875
14130 -5.832
14140 -5.789
14150 -5.770
14160 -5.788
14170 -5.841
14180 -5.912
14190 -5.979
14200 -6.020
14210 -6.024
14220 -5.989
14230 -5.925
14240 -5.854
14250 -5.801
14260 -5.783
14270 -5.804
14280 -5.854
14290 -5.909
14300 -5.948
14310 -5.954
14320 -5.922
14330 -5.858
14340 -5.781
14350 -5.713
14360 -5.678
14370 -5.685
14380 -5.728
14390 -5.787
14400 -5.838
14410 -5.862
14420 -5.850
14430 -5.803
14440 -5.737
14450 -5.674
14460 -5.638
14470 -5.646
14480 -5.697
14490 -5.774
14500 -5.853
14510 -5.911
14520 -5.935
14530 -5.923
14540 -5.886
14550 -5.846
14560 -5.827
14570 -5.850
14580 -5.919
14590 -6.021
14600 -6.133
14610 -6.229
14620 -6.292
14630 -6.316
14640 -6.310
14650 -6.291
14660 -6.284
14670 -6.310
14680 -6.379
14690 -6.483
14700 -6.602
14710 -6.710
14720 -6.788
14730 -6.828
14740 -6.832
14750 -6.815
14760 -6.800
14770 -6.809
14780 -6.857
14790 -6.944
14800 -7.056
14810 -7.169
14820 -7.260
14830 -7.319
14840 -7.342
14850 -7.341
14860 -7.335
14870 -7.347
14880 -7.396
14890 -7.490
14900 -7.619
14910 -7.761
14920 -7.892
14930 -7.994
14940 -8.060
14950 -8.097
14960 -8.121
14970 -8.153
14980 -8.215
14990 -8.320
15000 -8.462
15010 -8.623
15020 -8.777
15030 -8.901
15040 -8.985
15050 -9.029
15060 -9.046
15070 -9.058
15080 -9.086
15090 -9.148
15100 -9.245
15110 -9.363
15120 -9.477
15130 -9.564
15140 -9.608
15150 -9.606
15160 -9.570
15170 -9.518
15180 -9.475
15190 -9.461
15200 -9.489
15210 -9.552
15220 -9.629
15230 -9.694
15240 -9.728
15250 -9.722
15260 -9.682
15270 -9.626
15280 -9.577
15290 -9.563
15300 -9.601
15310 -9.691
15320 -9.817
15330 -9.949
15340 -10.062
15350 -10.138
15360 -10.177
15370 -10.192
15380 -10.207
15390 -10.249
15400 -10.340
15410 -10.489
15420 -10.682
15430 -10.889
15440 -11.079
15450 -11.225
15460 -11.322
15470 -11.377
15480 -11.410
15490 -11.449
15500 -11.520
15510 -11.636
15520 -11.793
15530 -11.966
15540 -12.121
15550 -12.229
15560 -12.276
15570 -12.265
15580 -12.213
15590 -12.147
15600 -12.095
15610 -12.080
15620 -12.112
15630 -12.177
15640 -12.249
15650 -12.296
15660 -12.295
15670 -12.241
15680 -12.145
15690 -12.029
15700 -11.926
15710 -11.865
15720 -11.870
15730 -11.940
15740 -12.054
15750 -12.173
15760 -12.264
15770 -12.305
15780 -12.299
15790 -12.264
15800 -12.230
15810 -12.234
15820 -12.305
15830 -12.454
15840 -12.661
15850 -12.885
15860 -13.079
15870 -13.210
15880 -13.269
15890 -13.270
15900 -13.243
15910 -13.224
15920 -13.250
15930 -13.339
15940 -13.481
15950 -13.640
15960 -13.765
15970 -13.819
15980 -13.786
15990 -13.676
16000 -13.516
16010 -13.346
16020 -13.207
16030 -13.132
16040 -13.130
16050 -13.179
16060 -13.233
16070 -13.244
16080 -13.183
16090 -13.046
16100 -12.853
16110 -12.641
16120 -12.457
16130 -12.348
16140 -12.343
16150 -12.431
16160 -12.565
16170 -12.684
16180 -12.736
16190 -12.701
16200 -12.587
16210 -12.431
16220 -12.284
16230 -12.204
16240 -12.233
16250 -12.375
16260 -12.585
16270 -12.791
16280 -12.923
16290 -12.943
16300 -12.850
16310 -12.677
16320 -12.475
16330 -12.312
16340 -12.243
16350 -12.295
16360 -12.441
16370 -12.610
16380 -12.725
16390 -12.730
16400 -12.610
16410 -12.387
16420 -12.112
16430 -11.859
16440 -11.702
16450 -11.692
16460 -11.828
16470 -12.047
16480 -12.261
16490 -12.390
16500 -12.398
16510 -12.289
16520 -12.109
16530 -11.934
16540 -11.848
16550 -11.922
16560 -12.172
16570 -12.550
16580 -12.960
16590 -13.310
16600 -13.539
16610 -13.633
16620 -13.624
16630 -13.580
16640 -13.588
16650 -13.723
16660 -14.021
16670 -14.457
16680 -14.950
16690 -15.403
16700 -15.735
16710 -15.910
16720 -15.938
16730 -15.872
16740 -15.795
16750 -15.791
16760 -15.920
16770 -16.193
16780 -16.558
16790 -16.930
16800 -17.220
16810 -17.368
16820 -17.360
16830 -17.230
16840 -17.048
16850 -16.904
16860 -16.879
16870 -17.014
16880 -17.292
16890 -17.645
16900 -17.984
16910 -18.227
16920 -18.329
16930 -18.289
16940 -18.153
16950 -18.001
16960 -17.921
16970 -17.980
16980 -18.195
16990 -18.527
17000 -18.901
17010 -19.232
17020 -19.454
17030 -19.530
17040 -19.468
17050 -19.322
17060 -19.174
17070 -19.109
17080 -19.179
17090 -19.383
17100 -19.671
17110 -19.967
17120 -20.190
17130 -20.276
17140 -20.196
17150 -19.967
17160 -19.654
17170 -19.353
17180 -19.147
17190 -19.075
17200 -19.113
17210 -19.197
17220 -19.240
17230 -19.167
17240 -18.934
17250 -18.540
17260 -18.042
17270 -17.534
17280 -17.119
17290 -16.864
17300 -16.768
17310 -16.776
17320 -16.806
17330 -16.780
17340 -16.642
17350 -16.375
17360 -16.008
17370 -15.613
17380 -15.286
17390 -15.108
17400 -15.104
17410 -15.240
17420 -15.443
17430 -15.634
17440 -15.746
17450 -15.741
17460 -15.616
17470 -15.409
17480 -15.199
17490 -15.076
17500 -15.104
17510 -15.286
17520 -15.569
17530 -15.871
17540 -16.110
17550 -16.216
17560 -16.149
17570 -15.910
17580 -15.557
17590 -15.198
17600 -14.944
17610 -14.851
17620 -14.895
17630 -14.991
17640 -15.035
17650 -14.942
17660 -14.658
17670 -14.183
17680 -13.578
17690 -12.964
17700 -12.479
17710 -12.215
17720 -12.162
17730 -12.233
17740 -12.311
17750 -12.300
17760 -12.140
17770 -11.816
17780 -11.366
17790 -10.885
17800 -10.500
17810 -10.319
17820 -10.363
17830 -10.564
17840 -10.808
17850 -10.986
17860 -11.022
17870 -10.870
17880 -10.534
17890 -10.074
17900 -9.611
17910 -9.288
17920 -9.190
17930 -9.288
17940 -9.461
17950 -9.572
17960 -9.507
17970 -9.193
17980 -8.614
17990 -7.828
18000 -6.987
18010 -6.308
18020 -5.959
18030 -5.930
18040 -6.056
18050 -6.147
18060 -6.063
18070 -5.725
18080 -5.119
18090 -4.308
18100 -3.457
18110 -2.820
18120 -2.596
18130 -2.762
18140 -3.108
18150 -3.414
18160 -3.533
18170 -3.386
18180 -2.944
18190 -2.238
18200 -1.395
18210 -0.659
18220 -0.314
18230 -0.443
18240 -0.855
18250 -1.276
18260 -1.503
18270 -1.415
18280 -0.931
18290 -0.014
18300 +1.297
18310 +2.758
18320 +3.799
18330 +3.900
18340 +3.299
18350 +2.614
18360 +2.225
18370 +2.293
18380 +2.901
18390 +4.111
18400 +5.917
18410 +7.982
18420 +9.133
18430 +8.418
18440 +6.913
18450 +5.655
18460 +4.915
18470 +4.718
18480 +5.068
18490 +5.983
18500 +7.461
18510 +9.303
18520 +10.690
18530 +10.461
18540 +9.046
18550 +7.601
18560 +6.585
18570 +6.081
18580 +6.101
18590 +6.684
18600 +7.912
18610 +9.905
18620 +12.689
18630 +15.264
18640 +14.831
18650 +12.552
18660 +10.760
18670 +9.842
18680 +9.796
18690 +10.709
18700 +12.928
18710 +17.550
18720 +27.655
18730 +18.614
18740 +12.885
18750 +9.953
18760 +8.399
18770 +7.762
18780 +7.861
18790 +8.604
18800 +9.796
18810 +10.705
18820 +10.124
18830 +8.282
18840 +6.392
18850 +4.979
18860 +4.109
18870 +3.742
18880 +3.826
18890 +4.308
18900 +5.075
18910 +5.831
18920 +6.044
18930 +5.392
18940 +4.238
18950 +3.127
18960 +2.340
18970 +1.958
18980 +1.980
18990 +2.373
19000 +3.047
19010 +3.759
19020 +4.037
19030 +3.508
19040 +2.426
19050 +1.335
19060 +0.555
19070 +0.181
19080 +0.204
19090 +0.568
19100 +1.165
19110 +1.771
19120 +2.025
19130 +1.674
19140 +0.883
19150 +0.054
19160 -0.537
19170 -0.786
19180 -0.688
19190 -0.282
19200 +0.349
19210 +1.041
19220 +1.514
19230 +1.483
19240 +0.952
19250 +0.231
19260 -0.363
19270 -0.660
19280 -0.613
19290 -0.234
19300 +0.421
19310 +1.229
19320 +1.931
19330 +2.151
19340 +1.705
19350 +0.857
19360 +0.037
19370 -0.485
19380 -0.608
19390 -0.326
19400 +0.314
19410 +1.204
19420 +2.092
19430 +2.522
19440 +2.137
19450 +1.175
19460 +0.183
19470 -0.478
19480 -0.683
19490 -0.433
19500 +0.221
19510 +1.188
19520 +2.278
19530 +3.091
19540 +3.124
19550 +2.349
19560 +1.301
19570 +0.462
19580 +0.037
19590 +0.064
19600 +0.510
19610 +1.313
19620 +2.360
19630 +3.383
19640 +3.873
19650 +3.424
19660 +2.320
19670 +1.173
19680 +0.355
19690 -0.012
19700 +0.068
19710 +0.545
19720 +1.334
19730 +2.260
19740 +2.941
19750 +2.857
19760 +1.922
19770 +0.667
19780 -0.389
19790 -1.016
19800 -1.175
19810 -0.911
19820 -0.305
19830 +0.502
19840 +1.241
19850 +1.474
19860 +0.930
19870 -0.113
19880 -1.144
19890 -1.843
19900 -2.107
19910 -1.953
19920 -1.448
19930 -0.708
19940 +0.060
19950 +0.498
19960 +0.264
19970 -0.574
19980 -1.573
19990 -2.347
20000 -2.719
20010 -2.662
20020 -2.226
20030 -1.511
20040 -0.695
20050 -0.096
20060 -0.098
20070 -0.779
20080 -1.768
20090 -2.626
20100 -3.104
20110 -3.127
20120 -2.724
20130 -1.983
20140 -1.065
20150 -0.272
20160 -0.034
20170 -0.570
20180 -1.571
20190 -2.538
20200 -3.143
20210 -3.259
20220 -2.882
20230 -2.087
20240 -1.018
20250 +0.036
20260 +0.572
20270 +0.189
20280 -0.874
20290 -2.015
20300 -2.804
20310 -3.050
20320 -2.713
20330 -1.843
20340 -0.563
20350 +0.855
20360 +1.794
20370 +1.542
20380 +0.314
20390 -1.004
20400 -1.818
20410 -1.909
20420 -1.282
20430 -0.065
20440 +1.546
20450 +3.218
20460 +4.336
20470 +4.313
20480 +3.379
20490 +2.236
20500 +1.333
20510 +0.852
20520 +0.863
20530 +1.382
20540 +2.386
20550 +3.780
20560 +5.263
20570 +6.116
20580 +5.643
20590 +4.242
20600 +2.764
20610 +1.663
20620 +1.104
20630 +1.137
20640 +1.757
20650 +2.916
20660 +4.465
20670 +5.929
20680 +6.289
20690 +5.083
20700 +3.250
20710 +1.634
20720 +0.549
20730 +0.091
20740 +0.274
20750 +1.058
20760 +2.335
20770 +3.809
20780 +4.705
20790 +4.111
20800 +2.396
20810 +0.574
20820 -0.823
20830 -1.609
20840 -1.732
20850 -1.218
20860 -0.181
20870 +1.116
20880 +2.076
20890 +1.898
20900 +0.574
20910 -1.095
20920 -2.507
20930 -3.398
20940 -3.665
20950 -3.310
20960 -2.436
20970 -1.269
20980 -0.251
20990 -0.002
21000 -0.767
21010 -2.086
21020 -3.390
21030 -4.338
21040 -4.756
21050 -4.569
21060 -3.806
21070 -2.629
21080 -1.401
21090 -0.736
21100 -1.115
21110 -2.283
21120 -3.629
21130 -4.731
21140 -5.348
21150 -5.331
21160 -4.627
21170 -3.344
21180 -1.831
21190 -0.811
21200 -1.036
21210 -2.320
21220 -3.897
21230 -5.234
21240 -5.979
21250 -5.814
21260 -4.612
21270 -2.674
21280 -0.768
21290 +0.121
21300 -0.237
21310 -1.155
21320 -2.054
21330 -2.699
21340 -2.996
21350 -2.889
21360 -2.329
21370 -1.312
21380 +0.045
21390 +1.333
21400 +1.827
21410 +1.205
21420 +0.016
21430 -1.132
21440 -1.943
21450 -2.279
21460 -2.033
21470 -1.125
21480 +0.445
21490 +2.417
21500 +3.860
21510 +3.576
21520 +2.049
21530 +0.420
21540 -0.849
21550 -1.624
21560 -1.814
21570 -1.302
21580 +0.020
21590 +2.155
21600 +4.676
21610 +5.814
21620 +4.287
21630 +1.950
21640 -0.041
21650 -1.501
21660 -2.385
21670 -2.594
21680 -1.991
21690 -0.473
21700 +1.902
21710 +4.379
21720 +4.548
21730 +2.184
21740 -0.401
21750 -2.475
21760 -3.965
21770 -4.797
21780 -4.822
21790 -3.893
21800 -2.024
21810 +0.333
21820 +1.555
21830 +0.222
21840 -2.120
21850 -4.233
21860 -5.857
21870 -6.902
21880 -7.223
21890 -6.651
21900 -5.179
21910 -3.202
21920 -1.840
21930 -2.259
21940 -3.860
21950 -5.581
21960 -7.017
21970 -8.035
21980 -8.500
21990 -8.235
22000 -7.133
22010 -5.412
22020 -3.893
22030 -3.674
22040 -4.702
22050 -6.093
22060 -7.350
22070 -8.299
22080 -8.820
22090 -8.742
22100 -7.882
22110 -6.284
22120 -4.607
22130 -4.034
22140 -4.800
22150 -6.042
22160 -7.193
22170 -8.069
22180 -8.573
22190 -8.551
22200 -7.790
22210 -6.214
22220 -4.383
22230 -3.646
22240 -4.390
22250 -5.621
22260 -6.720
22270 -7.526
22280 -7.974
22290 -7.936
22300 -7.195
22310 -5.577
22320 -3.502
22330 -2.534
22340 -3.353
22350 -4.700
22360 -5.841
22370 -6.646
22380 -7.089
22390 -7.077
22400 -6.385
22410 -4.678
22420 -1.971
22430 -0.121
22440 -1.194
22450 -3.072
22460 -4.521
22470 -5.500
22480 -6.082
22490 -6.240
22500 -5.771
22510 -4.190
22520 -0.692
22530 +4.654
22540 +3.624
22550 -0.217
22560 -2.604
22570 -4.121
22580 -5.158
22590 -5.856
22600 -6.162
22610 -5.741
22620 -3.825
22630 +0.918
22640 +12.756
22650 +6.778
22660 +0.559
22670 -2.639
22680 -4.819
22690 -6.528
22700 -7.921
22710 -8.900
22720 -9.005
22730 -7.359
22740 -3.131
22750 +3.583
22760 +2.055
22770 -2.751
22780 -5.819
22790 -7.990
22800 -9.671
22810 -10.985
22820 -11.803
22830 -11.583
22840 -9.426
22850 -5.302
22860 -2.901
22870 -4.990
22880 -7.406
22890 -9.204
22900 -10.558
22910 -11.598
22920 -12.322
22930 -12.489
22940 -11.436
22950 -8.603
22960 -6.180
22970 -7.016
22980 -8.707
22990 -10.041
23000 -11.023
23010 -11.747
23020 -12.228
23030 -12.333
23040 -11.624
23050 -9.563
23060 -7.706
23070 -8.340
23080 -9.636
23090 -10.630
23100 -11.324
23110 -11.797
23120 -12.061
23130 -12.016
23140 -11.328
23150 -9.561
23160 -8.130
23170 -8.948
23180 -10.129
23190 -10.933
23200 -11.435
23210 -11.724
23220 -11.815
23230 -11.614
23240 -10.806
23250 -8.886
23260 -7.770
23270 -9.357
23280 -10.650
23290 -11.327
23300 -11.662
23310 -11.783
23320 -11.707
23330 -11.323
23340 -10.203
23350 -7.208
23360 -7.379
23370 -10.670
23380 -11.795
23390 -12.138
23400 -12.188
23410 -12.064
23420 -11.750
23430 -11.079
23440 -9.294
23450 +2.450
23460 -12.261
23470 -13.906
23480 -13.597
23490 -13.184
23500 -12.731
23510 -12.187
23520 -11.475
23530 -10.582
23540 -10.797
23550 -18.769
23560 -22.997
23570 -18.712
23580 -16.547
23590 -15.024
23600 -13.555
23610 -11.911
23620 -10.756
23630 -12.104
23640 -14.602
23650 -16.192
23660 -16.953
23670 -17.312
23680 -17.499
23690 -17.479
23700 -16.025
23710 -9.842
23720 -12.491
23730 -14.201
23740 -14.920
23750 -15.307
23760 -15.570
23770 -15.806
23780 -16.106
23790 -16.720
23800 -20.521
23810 -12.852
23820 -14.423
23830 -14.841
23840 -15.044
23850 -15.173
23860 -15.277
23870 -15.383
23880 -15.529
23890 -15.831
23900 -16.078
23910 -14.673
23920 -14.876
23930 -14.988
23940 -15.051
23950 -15.089
23960 -15.114
23970 -15.131
23980 -15.141
23990 -15.147
