00000 -3.374
00010 -3.328
00020 -3.200
00030 -3.015
00040 -2.814
00050 -2.644
00060 -2.544
00070 -2.527
00080 -2.580
00090 -2.664
00100 -2.735
00110 -2.758
00120 -2.713
00130 -2.598
00140 -2.429
00150 -2.237
00160 -2.060
00170 -1.931
00180 -1.866
00190 -1.857
00200 -1.877
00210 -1.893
00220 -1.878
00230 -1.819
00240 -1.720
00250 -1.600
00260 -1.490
00270 -1.419
00280 -1.407
00290 -1.453
00300 -1.539
00310 -1.637
00320 -1.723
00330 -1.782
00340 -1.814
00350 -1.833
00360 -1.859
00370 -1.914
00380 -2.011
00390 -2.150
00400 -2.316
00410 -2.491
00420 -2.654
00430 -2.793
00440 -2.907
00450 -3.001
00460 -3.090
00470 -3.186
00480 -3.302
00490 -3.440
00500 -3.593
00510 -3.751
00520 -3.898
00530 -4.024
00540 -4.125
00550 -4.201
00560 -4.260
00570 -4.313
00580 -4.371
00590 -4.441
00600 -4.524
00610 -4.614
00620 -4.701
00630 -4.774
00640 -4.826
00650 -4.854
00660 -4.864
00670 -4.864
00680 -4.870
00690 -4.892
00700 -4.938
00710 -5.005
00720 -5.085
00730 -5.166
00740 -5.237
00750 -5.292
00760 -5.335
00770 -5.374
00780 -5.422
00790 -5.490
00800 -5.583
00810 -5.696
00820 -5.819
00830 -5.938
00840 -6.039
00850 -6.118
00860 -6.173
00870 -6.213
00880 -6.248
00890 -6.289
00900 -6.340
00910 -6.401
00920 -6.465
00930 -6.522
00940 -6.561
00950 -6.578
00960 -6.571
00970 -6.547
00980 -6.518
00990 -6.495
01000 -6.486
01010 -6.496
01020 -6.520
01030 -6.550
01040 -6.578
01050 -6.597
01060 -6.606
01070 -6.610
01080 -6.619
01090 -6.643
01100 -6.690
01110 -6.761
01120 -6.851
01130 -6.952
01140 -7.053
01150 -7.147
01160 -7.230
01170 -7.306
01180 -7.378
01190 -7.455
01200 -7.542
01210 -7.640
01220 -7.747
01230 -7.858
01240 -7.964
01250 -8.059
01260 -8.140
01270 -8.208
01280 -8.265
01290 -8.319
01300 -8.375
01310 -8.435
01320 -8.501
01330 -8.570
01340 -8.637
01350 -8.695
01360 -8.743
01370 -8.777
01380 -8.801
01390 -8.818
01400 -8.834
01410 -8.853
01420 -8.879
01430 -8.913
01440 -8.950
01450 -8.988
01460 -9.022
01470 -9.051
01480 -9.074
01490 -9.095
01500 -9.119
01510 -9.154
01520 -9.202
01530 -9.267
01540 -9.345
01550 -9.430
01560 -9.515
01570 -9.594
01580 -9.662
01590 -9.718
01600 -9.765
01610 -9.804
01620 -9.842
01630 -9.878
01640 -9.911
01650 -9.939
01660 -9.957
01670 -9.959
01680 -9.943
01690 -9.909
01700 -9.860
01710 -9.801
01720 -9.737
01730 -9.674
01740 -9.611
01750 -9.549
01760 -9.482
01770 -9.406
01780 -9.316
01790 -9.210
01800 -9.091
01810 -8.960
01820 -8.825
01830 -8.691
01840 -8.561
01850 -8.436
01860 -8.313
01870 -8.188
01880 -8.056
01890 -7.913
01900 -7.761
01910 -7.604
01920 -7.451
01930 -7.310
01940 -7.187
01950 -7.086
01960 -7.005
01970 -6.940
01980 -6.886
01990 -6.838
02000 -6.797
02010 -6.767
02020 -6.753
02030 -6.762
02040 -6.797
02050 -6.856
02060 -6.936
02070 -7.027
02080 -7.122
02090 -7.214
02100 -7.301
02110 -7.383
02120 -7.462
02130 -7.543
02140 -7.629
02150 -7.719
02160 -7.812
02170 -7.904
02180 -7.988
02190 -8.062
02200 -8.123
02210 -8.172
02220 -8.212
02230 -8.249
02240 -8.287
02250 -8.330
02260 -8.381
02270 -8.437
02280 -8.495
02290 -8.553
02300 -8.609
02310 -8.663
02320 -8.717
02330 -8.775
02340 -8.844
02350 -8.925
02360 -9.021
02370 -9.130
02380 -9.248
02390 -9.370
02400 -9.492
02410 -9.610
02420 -9.725
02430 -9.837
02440 -9.950
02450 -10.065
02460 -10.184
02470 -10.305
02480 -10.426
02490 -10.543
02500 -10.652
02510 -10.749
02520 -10.835
02530 -10.908
02540 -10.973
02550 -11.031
02560 -11.085
02570 -11.137
02580 -11.185
02590 -11.226
02600 -11.258
02610 -11.278
02620 -11.281
02630 -11.269
02640 -11.243
02650 -11.204
02660 -11.156
02670 -11.101
02680 -11.041
02690 -10.973
02700 -10.895
02710 -10.804
02720 -10.698
02730 -10.577
02740 -10.442
02750 -10.300
02760 -10.155
02770 -10.014
02780 -9.883
02790 -9.763
02800 -9.656
02810 -9.561
02820 -9.477
02830 -9.404
02840 -9.342
02850 -9.294
02860 -9.260
02870 -9.244
02880 -9.246
02890 -9.262
02900 -9.290
02910 -9.325
02920 -9.361
02930 -9.394
02940 -9.420
02950 -9.439
02960 -9.452
02970 -9.461
02980 -9.467
02990 -9.471
03000 -9.475
03010 -9.474
03020 -9.466
03030 -9.448
03040 -9.416
03050 -9.372
03060 -9.316
03070 -9.252
03080 -9.185
03090 -9.118
03100 -9.053
03110 -8.990
03120 -8.928
03130 -8.864
03140 -8.797
03150 -8.728
03160 -8.660
03170 -8.598
03180 -8.547
03190 -8.513
03200 -8.498
03210 -8.502
03220 -8.522
03230 -8.555
03240 -8.598
03250 -8.648
03260 -8.706
03270 -8.773
03280 -8.850
03290 -8.937
03300 -9.034
03310 -9.140
03320 -9.252
03330 -9.365
03340 -9.477
03350 -9.584
03360 -9.687
03370 -9.785
03380 -9.879
03390 -9.971
03400 -10.062
03410 -10.153
03420 -10.244
03430 -10.333
03440 -10.419
03450 -10.499
03460 -10.572
03470 -10.637
03480 -10.696
03490 -10.750
03500 -10.801
03510 -10.852
03520 -10.903
03530 -10.954
03540 -11.002
03550 -11.046
03560 -11.082
03570 -11.111
03580 -11.131
03590 -11.144
03600 -11.151
03610 -11.156
03620 -11.158
03630 -11.158
03640 -11.154
03650 -11.144
03660 -11.123
03670 -11.091
03680 -11.046
03690 -10.990
03700 -10.925
03710 -10.853
03720 -10.777
03730 -10.698
03740 -10.614
03750 -10.526
03760 -10.432
03770 -10.331
03780 -10.223
03790 -10.112
03800 -9.998
03810 -9.885
03820 -9.775
03830 -9.670
03840 -9.570
03850 -9.474
03860 -9.381
03870 -9.290
03880 -9.199
03890 -9.109
03900 -9.019
03910 -8.930
03920 -8.844
03930 -8.762
03940 -8.685
03950 -8.613
03960 -8.544
03970 -8.477
03980 -8.411
03990 -8.344
04000 -8.276
04010 -8.208
04020 -8.142
04030 -8.079
04040 -8.021
04050 -7.971
04060 -7.928
04070 -7.891
04080 -7.859
04090 -7.831
04100 -7.807
04110 -7.787
04120 -7.773
04130 -7.768
04140 -7.773
04150 -7.791
04160 -7.822
04170 -7.864
04180 -7.915
04190 -7.971
04200 -8.032
04210 -8.095
04220 -8.159
04230 -8.225
04240 -8.294
04250 -8.365
04260 -8.437
04270 -8.508
04280 -8.577
04290 -8.640
04300 -8.695
04310 -8.741
04320 -8.778
04330 -8.808
04340 -8.832
04350 -8.852
04360 -8.871
04370 -8.890
04380 -8.907
04390 -8.922
04400 -8.936
04410 -8.946
04420 -8.955
04430 -8.963
04440 -8.973
04450 -8.987
04460 -9.008
04470 -9.037
04480 -9.073
04490 -9.117
04500 -9.167
04510 -9.222
04520 -9.281
04530 -9.345
04540 -9.413
04550 -9.489
04560 -9.571
04570 -9.662
04580 -9.760
04590 -9.865
04600 -9.973
04610 -10.084
04620 -10.194
04630 -10.303
04640 -10.410
04650 -10.515
04660 -10.619
04670 -10.722
04680 -10.823
04690 -10.922
04700 -11.018
04710 -11.107
04720 -11.190
04730 -11.263
04740 -11.327
04750 -11.381
04760 -11.427
04770 -11.467
04780 -11.500
04790 -11.528
04800 -11.551
04810 -11.568
04820 -11.577
04830 -11.580
04840 -11.574
04850 -11.562
04860 -11.544
04870 -11.522
04880 -11.499
04890 -11.477
04900 -11.456
04910 -11.436
04920 -11.417
04930 -11.399
04940 -11.380
04950 -11.362
04960 -11.344
04970 -11.328
04980 -11.316
04990 -11.309
05000 -11.307
05010 -11.311
05020 -11.319
05030 -11.329
05040 -11.341
05050 -11.351
05060 -11.359
05070 -11.365
05080 -11.369
05090 -11.372
05100 -11.374
05110 -11.376
05120 -11.375
05130 -11.370
05140 -11.359
05150 -11.340
05160 -11.311
05170 -11.272
05180 -11.223
05190 -11.166
05200 -11.103
05210 -11.034
05220 -10.960
05230 -10.880
05240 -10.793
05250 -10.698
05260 -10.594
05270 -10.480
05280 -10.360
05290 -10.233
05300 -10.104
05310 -9.976
05320 -9.849
05330 -9.726
05340 -9.605
05350 -9.487
05360 -9.371
05370 -9.256
05380 -9.143
05390 -9.035
05400 -8.934
05410 -8.843
05420 -8.764
05430 -8.698
05440 -8.643
05450 -8.597
05460 -8.558
05470 -8.523
05480 -8.490
05490 -8.460
05500 -8.433
05510 -8.413
05520 -8.399
05530 -8.392
05540 -8.390
05550 -8.391
05560 -8.391
05570 -8.388
05580 -8.380
05590 -8.368
05600 -8.354
05610 -8.340
05620 -8.329
05630 -8.323
05640 -8.322
05650 -8.324
05660 -8.329
05670 -8.335
05680 -8.340
05690 -8.345
05700 -8.353
05710 -8.368
05720 -8.392
05730 -8.427
05740 -8.476
05750 -8.535
05760 -8.605
05770 -8.681
05780 -8.762
05790 -8.848
05800 -8.937
05810 -9.033
05820 -9.135
05830 -9.247
05840 -9.366
05850 -9.492
05860 -9.622
05870 -9.752
05880 -9.879
05890 -10.000
05900 -10.115
05910 -10.225
05920 -10.330
05930 -10.433
05940 -10.533
05950 -10.631
05960 -10.725
05970 -10.813
05980 -10.891
05990 -10.958
06000 -11.014
06010 -11.058
06020 -11.094
06030 -11.123
06040 -11.148
06050 -11.169
06060 -11.188
06070 -11.202
06080 -11.211
06090 -11.212
06100 -11.205
06110 -11.190
06120 -11.170
06130 -11.147
06140 -11.124
06150 -11.103
06160 -11.087
06170 -11.073
06180 -11.062
06190 -11.052
06200 -11.039
06210 -11.025
06220 -11.009
06230 -10.995
06240 -10.983
06250 -10.977
06260 -10.978
06270 -10.986
06280 -10.999
06290 -11.013
06300 -11.026
06310 -11.035
06320 -11.040
06330 -11.041
06340 -11.041
06350 -11.041
06360 -11.043
06370 -11.048
06380 -11.054
06390 -11.058
06400 -11.057
06410 -11.049
06420 -11.033
06430 -11.009
06440 -10.980
06450 -10.948
06460 -10.917
06470 -10.887
06480 -10.861
06490 -10.836
06500 -10.811
06510 -10.783
06520 -10.751
06530 -10.715
06540 -10.676
06550 -10.639
06560 -10.607
06570 -10.583
06580 -10.568
06590 -10.562
06600 -10.564
06610 -10.570
06620 -10.578
06630 -10.585
06640 -10.591
06650 -10.600
06660 -10.614
06670 -10.635
06680 -10.667
06690 -10.708
06700 -10.756
06710 -10.806
06720 -10.854
06730 -10.896
06740 -10.931
06750 -10.960
06760 -10.986
06770 -11.011
06780 -11.038
06790 -11.068
06800 -11.098
06810 -11.125
06820 -11.144
06830 -11.151
06840 -11.145
06850 -11.125
06860 -11.096
06870 -11.060
06880 -11.022
06890 -10.986
06900 -10.950
06910 -10.913
06920 -10.872
06930 -10.823
06940 -10.764
06950 -10.695
06960 -10.620
06970 -10.544
06980 -10.471
06990 -10.408
07000 -10.356
07010 -10.314
07020 -10.279
07030 -10.248
07040 -10.215
07050 -10.181
07060 -10.145
07070 -10.113
07080 -10.088
07090 -10.077
07100 -10.080
07110 -10.097
07120 -10.123
07130 -10.152
07140 -10.178
07150 -10.198
07160 -10.211
07170 -10.219
07180 -10.228
07190 -10.242
07200 -10.264
07210 -10.293
07220 -10.326
07230 -10.358
07240 -10.383
07250 -10.397
07260 -10.399
07270 -10.391
07280 -10.378
07290 -10.366
07300 -10.360
07310 -10.362
07320 -10.370
07330 -10.382
07340 -10.391
07350 -10.393
07360 -10.387
07370 -10.374
07380 -10.358
07390 -10.346
07400 -10.344
07410 -10.356
07420 -10.381
07430 -10.416
07440 -10.453
07450 -10.489
07460 -10.518
07470 -10.542
07480 -10.562
07490 -10.585
07500 -10.616
07510 -10.658
07520 -10.711
07530 -10.772
07540 -10.834
07550 -10.893
07560 -10.942
07570 -10.982
07580 -11.013
07590 -11.039
07600 -11.066
07610 -11.098
07620 -11.137
07630 -11.180
07640 -11.224
07650 -11.264
07660 -11.294
07670 -11.312
07680 -11.319
07690 -11.317
07700 -11.312
07710 -11.309
07720 -11.311
07730 -11.320
07740 -11.333
07750 -11.346
07760 -11.353
07770 -11.352
07780 -11.342
07790 -11.323
07800 -11.302
07810 -11.284
07820 -11.273
07830 -11.274
07840 -11.284
07850 -11.301
07860 -11.318
07870 -11.330
07880 -11.335
07890 -11.333
07900 -11.327
07910 -11.324
07920 -11.327
07930 -11.340
07940 -11.363
07950 -11.394
07960 -11.425
07970 -11.452
07980 -11.469
07990 -11.477
08000 -11.477
08010 -11.473
08020 -11.470
08030 -11.473
08040 -11.483
08050 -11.497
08060 -11.513
08070 -11.525
08080 -11.526
08090 -11.516
08100 -11.494
08110 -11.463
08120 -11.429
08130 -11.396
08140 -11.369
08150 -11.347
08160 -11.329
08170 -11.310
08180 -11.283
08190 -11.246
08200 -11.196
08210 -11.136
08220 -11.072
08230 -11.009
08240 -10.954
08250 -10.909
08260 -10.874
08270 -10.844
08280 -10.813
08290 -10.777
08300 -10.731
08310 -10.677
08320 -10.621
08330 -10.569
08340 -10.528
08350 -10.500
08360 -10.486
08370 -10.480
08380 -10.476
08390 -10.467
08400 -10.449
08410 -10.423
08420 -10.390
08430 -10.357
08440 -10.331
08450 -10.314
08460 -10.308
08470 -10.309
08480 -10.312
08490 -10.310
08500 -10.298
08510 -10.276
08520 -10.246
08530 -10.213
08540 -10.184
08550 -10.164
08560 -10.157
08570 -10.161
08580 -10.172
08590 -10.184
08600 -10.191
08610 -10.192
08620 -10.189
08630 -10.185
08640 -10.188
08650 -10.204
08660 -10.236
08670 -10.283
08680 -10.341
08690 -10.404
08700 -10.467
08710 -10.525
08720 -10.579
08730 -10.632
08740 -10.688
08750 -10.753
08760 -10.829
08770 -10.917
08780 -11.012
08790 -11.109
08800 -11.203
08810 -11.289
08820 -11.367
08830 -11.439
08840 -11.507
08850 -11.576
08860 -11.649
08870 -11.729
08880 -11.812
08890 -11.895
08900 -11.975
08910 -12.047
08920 -12.109
08930 -12.162
08940 -12.208
08950 -12.251
08960 -12.296
08970 -12.345
08980 -12.398
08990 -12.454
09000 -12.507
09010 -12.556
09020 -12.597
09030 -12.630
09040 -12.656
09050 -12.679
09060 -12.703
09070 -12.731
09080 -12.764
09090 -12.801
09100 -12.839
09110 -12.874
09120 -12.904
09130 -12.927
09140 -12.943
09150 -12.955
09160 -12.966
09170 -12.979
09180 -12.995
09190 -13.014
09200 -13.034
09210 -13.052
09220 -13.065
09230 -13.071
09240 -13.069
09250 -13.060
09260 -13.047
09270 -13.032
09280 -13.018
09290 -13.005
09300 -12.992
09310 -12.978
09320 -12.960
09330 -12.934
09340 -12.902
09350 -12.861
09360 -12.816
09370 -12.767
09380 -12.719
09390 -12.673
09400 -12.631
09410 -12.590
09420 -12.549
09430 -12.505
09440 -12.459
09450 -12.409
09460 -12.358
09470 -12.308
09480 -12.264
09490 -12.227
09500 -12.200
09510 -12.181
09520 -12.169
09530 -12.162
09540 -12.158
09550 -12.156
09560 -12.158
09570 -12.166
09580 -12.182
09590 -12.208
09600 -12.244
09610 -12.291
09620 -12.345
09630 -12.404
09640 -12.465
09650 -12.527
09660 -12.590
09670 -12.654
09680 -12.722
09690 -12.795
09700 -12.873
09710 -12.954
09720 -13.038
09730 -13.122
09740 -13.203
09750 -13.280
09760 -13.353
09770 -13.423
09780 -13.490
09790 -13.556
09800 -13.621
09810 -13.687
09820 -13.750
09830 -13.811
09840 -13.867
09850 -13.917
09860 -13.962
09870 -14.001
09880 -14.037
09890 -14.071
09900 -14.104
09910 -14.137
09920 -14.169
09930 -14.200
09940 -14.229
09950 -14.255
09960 -14.278
09970 -14.299
09980 -14.319
09990 -14.338
10000 -14.360
10010 -14.383
10020 -14.407
10030 -14.433
10040 -14.459
10050 -14.484
10060 -14.507
10070 -14.529
10080 -14.551
10090 -14.572
10100 -14.594
10110 -14.617
10120 -14.641
10130 -14.666
10140 -14.690
10150 -14.711
10160 -14.731
10170 -14.747
10180 -14.761
10190 -14.773
10200 -14.783
10210 -14.793
10220 -14.801
10230 -14.809
10240 -14.815
10250 -14.817
10260 -14.817
10270 -14.812
10280 -14.803
10290 -14.791
10300 -14.777
10310 -14.762
10320 -14.747
10330 -14.731
10340 -14.715
10350 -14.697
10360 -14.678
10370 -14.656
10380 -14.633
10390 -14.609
10400 -14.585
10410 -14.564
10420 -14.545
10430 -14.531
10440 -14.519
10450 -14.510
10460 -14.503
10470 -14.497
10480 -14.493
10490 -14.489
10500 -14.488
10510 -14.490
10520 -14.497
10530 -14.507
10540 -14.520
10550 -14.535
10560 -14.551
10570 -14.565
10580 -14.577
10590 -14.587
10600 -14.594
10610 -14.600
10620 -14.606
10630 -14.610
10640 -14.613
10650 -14.614
10660 -14.611
10670 -14.602
10680 -14.588
10690 -14.567
10700 -14.541
10710 -14.510
10720 -14.476
10730 -14.441
10740 -14.403
10750 -14.364
10760 -14.323
10770 -14.278
10780 -14.230
10790 -14.178
10800 -14.124
10810 -14.069
10820 -14.014
10830 -13.963
10840 -13.915
10850 -13.871
10860 -13.831
10870 -13.794
10880 -13.760
10890 -13.727
10900 -13.696
10910 -13.669
10920 -13.645
10930 -13.627
10940 -13.615
10950 -13.609
10960 -13.609
10970 -13.613
10980 -13.619
10990 -13.625
11000 -13.632
11010 -13.638
11020 -13.643
11030 -13.649
11040 -13.655
11050 -13.662
11060 -13.669
11070 -13.675
11080 -13.677
11090 -13.674
11100 -13.665
11110 -13.648
11120 -13.624
11130 -13.594
11140 -13.559
11150 -13.520
11160 -13.477
11170 -13.430
11180 -13.379
11190 -13.322
11200 -13.258
11210 -13.187
11220 -13.110
11230 -13.030
11240 -12.948
11250 -12.866
11260 -12.788
11270 -12.713
11280 -12.642
11290 -12.574
11300 -12.508
11310 -12.445
11320 -12.386
11330 -12.333
11340 -12.288
11350 -12.252
11360 -12.227
11370 -12.214
11380 -12.211
11390 -12.217
11400 -12.229
11410 -12.248
11420 -12.271
11430 -12.299
11440 -12.333
11450 -12.372
11460 -12.416
11470 -12.465
11480 -12.516
11490 -12.567
11500 -12.616
11510 -12.661
11520 -12.701
11530 -12.736
11540 -12.766
11550 -12.791
11560 -12.811
11570 -12.826
11580 -12.835
11590 -12.838
11600 -12.833
11610 -12.820
11620 -12.798
11630 -12.770
11640 -12.734
11650 -12.694
11660 -12.651
11670 -12.605
11680 -12.556
11690 -12.506
11700 -12.454
11710 -12.400
11720 -12.346
11730 -12.292
11740 -12.241
11750 -12.194
11760 -12.154
11770 -12.120
11780 -12.093
11790 -12.072
11800 -12.058
11810 -12.050
11820 -12.048
11830 -12.054
11840 -12.068
11850 -12.092
11860 -12.127
11870 -12.170
11880 -12.221
11890 -12.277
11900 -12.336
11910 -12.397
11920 -12.459
11930 -12.522
11940 -12.586
11950 -12.651
11960 -12.717
11970 -12.781
11980 -12.840
11990 -12.891
12000 -12.931
12010 -12.958
12020 -12.972
12030 -12.974
12040 -12.963
12050 -12.942
12060 -12.911
12070 -12.871
12080 -12.819
12090 -12.754
12100 -12.676
12110 -12.584
12120 -12.478
12130 -12.361
12140 -12.237
12150 -12.109
12160 -11.981
12170 -11.856
12180 -11.734
12190 -11.615
12200 -11.497
12210 -11.378
12220 -11.260
12230 -11.143
12240 -11.031
12250 -10.929
12260 -10.841
12270 -10.771
12280 -10.720
12290 -10.684
12300 -10.662
12310 -10.648
12320 -10.639
12330 -10.636
12340 -10.642
12350 -10.660
12360 -10.695
12370 -10.750
12380 -10.825
12390 -10.917
12400 -11.020
12410 -11.127
12420 -11.232
12430 -11.333
12440 -11.431
12450 -11.528
12460 -11.628
12470 -11.736
12480 -11.850
12490 -11.968
12500 -12.083
12510 -12.186
12520 -12.270
12530 -12.330
12540 -12.365
12550 -12.378
12560 -12.374
12570 -12.361
12580 -12.341
12590 -12.316
12600 -12.284
12610 -12.238
12620 -12.172
12630 -12.084
12640 -11.973
12650 -11.844
12660 -11.706
12670 -11.570
12680 -11.443
12690 -11.332
12700 -11.236
12710 -11.150
12720 -11.068
12730 -10.981
12740 -10.887
12750 -10.788
12760 -10.690
12770 -10.602
12780 -10.534
12790 -10.492
12800 -10.476
12810 -10.481
12820 -10.498
12830 -10.516
12840 -10.529
12850 -10.534
12860 -10.533
12870 -10.535
12880 -10.549
12890 -10.581
12900 -10.636
12910 -10.710
12920 -10.795
12930 -10.879
12940 -10.950
12950 -11.002
12960 -11.031
12970 -11.042
12980 -11.044
12990 -11.048
13000 -11.062
13010 -11.088
13020 -11.122
13030 -11.151
13040 -11.161
13050 -11.139
13060 -11.081
13070 -10.991
13080 -10.885
13090 -10.781
13100 -10.697
13110 -10.644
13120 -10.620
13130 -10.612
13140 -10.604
13150 -10.579
13160 -10.532
13170 -10.467
13180 -10.398
13190 -10.345
13200 -10.326
13210 -10.351
13220 -10.415
13230 -10.504
13240 -10.598
13250 -10.680
13260 -10.740
13270 -10.777
13280 -10.801
13290 -10.829
13300 -10.878
13310 -10.960
13320 -11.075
13330 -11.213
13340 -11.355
13350 -11.482
13360 -11.580
13370 -11.642
13380 -11.673
13390 -11.689
13400 -11.709
13410 -11.749
13420 -11.818
13430 -11.909
13440 -12.006
13450 -12.088
13460 -12.137
13470 -12.147
13480 -12.121
13490 -12.079
13500 -12.044
13510 -12.038
13520 -12.071
13530 -12.141
13540 -12.229
13550 -12.317
13560 -12.387
13570 -12.430
13580 -12.452
13590 -12.464
13600 -12.487
13610 -12.538
13620 -12.625
13630 -12.746
13640 -12.889
13650 -13.037
13660 -13.175
13670 -13.292
13680 -13.386
13690 -13.463
13700 -13.537
13710 -13.620
13720 -13.723
13730 -13.849
13740 -13.991
13750 -14.136
13760 -14.266
13770 -14.368
13780 -14.430
13790 -14.453
13800 -14.443
13810 -14.414
13820 -14.384
13830 -14.362
13840 -14.352
13850 -14.344
13860 -14.326
13870 -14.283
13880 -14.208
13890 -14.102
13900 -13.979
13910 -13.858
13920 -13.762
13930 -13.704
13940 -13.686
13950 -13.697
13960 -13.722
13970 -13.745
13980 -13.757
13990 -13.756
14000 -13.751
14010 -13.754
14020 -13.779
14030 -13.833
14040 -13.917
14050 -14.023
14060 -14.138
14070 -14.250
14080 -14.349
14090 -14.431
14100 -14.497
14110 -14.555
14120 -14.614
14130 -14.681
14140 -14.758
14150 -14.844
14160 -14.929
14170 -15.002
14180 -15.053
14190 -15.075
14200 -15.065
14210 -15.027
14220 -14.970
14230 -14.906
14240 -14.844
14250 -14.788
14260 -14.736
14270 -14.680
14280 -14.611
14290 -14.523
14300 -14.415
14310 -14.294
14320 -14.171
14330 -14.062
14340 -13.977
14350 -13.920
14360 -13.886
14370 -13.865
14380 -13.846
14390 -13.821
14400 -13.788
14410 -13.750
14420 -13.716
14430 -13.695
14440 -13.693
14450 -13.712
14460 -13.744
14470 -13.781
14480 -13.810
14490 -13.825
14500 -13.820
14510 -13.797
14520 -13.759
14530 -13.714
14540 -13.667
14550 -13.620
14560 -13.571
14570 -13.513
14580 -13.437
14590 -13.337
14600 -13.208
14610 -13.052
14620 -12.875
14630 -12.691
14640 -12.511
14650 -12.346
14660 -12.201
14670 -12.074
14680 -11.955
14690 -11.839
14700 -11.719
14710 -11.597
14720 -11.483
14730 -11.389
14740 -11.327
14750 -11.303
14760 -11.316
14770 -11.358
14780 -11.415
14790 -11.475
14800 -11.532
14810 -11.586
14820 -11.642
14830 -11.709
14840 -11.796
14850 -11.906
14860 -12.038
14870 -12.185
14880 -12.337
14890 -12.484
14900 -12.618
14910 -12.737
14920 -12.845
14930 -12.946
14940 -13.049
14950 -13.159
14960 -13.279
14970 -13.406
14980 -13.533
14990 -13.651
15000 -13.748
15010 -13.822
15020 -13.870
15030 -13.899
15040 -13.917
15050 -13.934
15060 -13.957
15070 -13.988
15080 -14.024
15090 -14.057
15100 -14.077
15110 -14.076
15120 -14.054
15130 -14.016
15140 -13.969
15150 -13.926
15160 -13.897
15170 -13.888
15180 -13.898
15190 -13.921
15200 -13.946
15210 -13.965
15220 -13.971
15230 -13.967
15240 -13.957
15250 -13.951
15260 -13.959
15270 -13.991
15280 -14.048
15290 -14.129
15300 -14.224
15310 -14.322
15320 -14.413
15330 -14.490
15340 -14.553
15350 -14.608
15360 -14.663
15370 -14.731
15380 -14.820
15390 -14.933
15400 -15.061
15410 -15.190
15420 -15.301
15430 -15.378
15440 -15.411
15450 -15.404
15460 -15.367
15470 -15.317
15480 -15.273
15490 -15.242
15500 -15.222
15510 -15.200
15520 -15.156
15530 -15.074
15540 -14.949
15550 -14.785
15560 -14.600
15570 -14.417
15580 -14.256
15590 -14.132
15600 -14.046
15610 -13.989
15620 -13.941
15630 -13.885
15640 -13.807
15650 -13.705
15660 -13.586
15670 -13.465
15680 -13.361
15690 -13.289
15700 -13.257
15710 -13.264
15720 -13.296
15730 -13.332
15740 -13.352
15750 -13.339
15760 -13.288
15770 -13.204
15780 -13.106
15790 -13.014
15800 -12.951
15810 -12.928
15820 -12.940
15830 -12.967
15840 -12.976
15850 -12.936
15860 -12.828
15870 -12.657
15880 -12.446
15890 -12.234
15900 -12.066
15910 -11.972
15920 -11.956
15930 -11.994
15940 -12.044
15950 -12.069
15960 -12.047
15970 -11.987
15980 -11.916
15990 -11.876
16000 -11.906
16010 -12.028
16020 -12.235
16030 -12.499
16040 -12.783
16050 -13.050
16060 -13.280
16070 -13.467
16080 -13.627
16090 -13.785
16100 -13.970
16110 -14.206
16120 -14.504
16130 -14.858
16140 -15.245
16150 -15.636
16160 -15.999
16170 -16.311
16180 -16.562
16190 -16.762
16200 -16.934
16210 -17.110
16220 -17.317
16230 -17.565
16240 -17.841
16250 -18.104
16260 -18.301
16270 -18.383
16280 -18.324
16290 -18.134
16300 -17.850
16310 -17.527
16320 -17.217
16330 -16.953
16340 -16.736
16350 -16.541
16360 -16.329
16370 -16.066
16380 -15.737
16390 -15.355
16400 -14.951
16410 -14.568
16420 -14.251
16430 -14.027
16440 -13.902
16450 -13.855
16460 -13.848
16470 -13.843
16480 -13.811
16490 -13.740
16500 -13.639
16510 -13.531
16520 -13.446
16530 -13.414
16540 -13.452
16550 -13.558
16560 -13.713
16570 -13.883
16580 -14.032
16590 -14.133
16600 -14.172
16610 -14.155
16620 -14.105
16630 -14.058
16640 -14.048
16650 -14.097
16660 -14.207
16670 -14.355
16680 -14.502
16690 -14.606
16700 -14.636
16710 -14.584
16720 -14.465
16730 -14.316
16740 -14.182
16750 -14.106
16760 -14.108
16770 -14.182
16780 -14.293
16790 -14.394
16800 -14.440
16810 -14.408
16820 -14.300
16830 -14.147
16840 -13.996
16850 -13.899
16860 -13.897
16870 -13.999
16880 -14.183
16890 -14.399
16900 -14.591
16910 -14.713
16920 -14.743
16930 -14.691
16940 -14.593
16950 -14.505
16960 -14.482
16970 -14.554
16980 -14.716
16990 -14.921
17000 -15.102
17010 -15.192
17020 -15.150
17030 -14.969
17040 -14.684
17050 -14.361
17060 -14.072
17070 -13.875
17080 -13.788
17090 -13.776
17100 -13.772
17110 -13.695
17120 -13.487
17130 -13.128
17140 -12.638
17150 -12.078
17160 -11.530
17170 -11.075
17180 -10.762
17190 -10.576
17200 -10.449
17210 -10.285
17220 -10.005
17230 -9.567
17240 -8.985
17250 -8.333
17260 -7.736
17270 -7.334
17280 -7.214
17290 -7.346
17300 -7.609
17310 -7.866
17320 -8.021
17330 -8.034
17340 -7.926
17350 -7.760
17360 -7.627
17370 -7.602
17380 -7.715
17390 -7.930
17400 -8.175
17410 -8.368
17420 -8.445
17430 -8.374
17440 -8.159
17450 -7.839
17460 -7.484
17470 -7.176
17480 -6.977
17490 -6.897
17500 -6.896
17510 -6.903
17520 -6.846
17530 -6.671
17540 -6.358
17550 -5.926
17560 -5.429
17570 -4.951
17580 -4.574
17590 -4.342
17600 -4.243
17610 -4.214
17620 -4.179
17630 -4.079
17640 -3.891
17650 -3.627
17660 -3.342
17670 -3.120
17680 -3.046
17690 -3.164
17700 -3.455
17710 -3.846
17720 -4.253
17730 -4.606
17740 -4.860
17750 -5.000
17760 -5.040
17770 -5.026
17780 -5.022
17790 -5.083
17800 -5.231
17810 -5.437
17820 -5.643
17830 -5.786
17840 -5.815
17850 -5.706
17860 -5.461
17870 -5.121
17880 -4.759
17890 -4.458
17900 -4.271
17910 -4.192
17920 -4.163
17930 -4.107
17940 -3.963
17950 -3.699
17960 -3.328
17970 -2.910
17980 -2.556
17990 -2.385
18000 -2.462
18010 -2.754
18020 -3.163
18030 -3.593
18040 -3.987
18050 -4.330
18060 -4.641
18070 -4.961
18080 -5.339
18090 -5.804
18100 -6.349
18110 -6.928
18120 -7.482
18130 -7.960
18140 -8.332
18150 -8.592
18160 -8.754
18170 -8.848
18180 -8.914
18190 -8.992
18200 -9.106
18210 -9.248
18220 -9.386
18230 -9.480
18240 -9.502
18250 -9.438
18260 -9.296
18270 -9.100
18280 -8.893
18290 -8.722
18300 -8.622
18310 -8.596
18320 -8.611
18330 -8.624
18340 -8.598
18350 -8.519
18360 -8.397
18370 -8.264
18380 -8.165
18390 -8.145
18400 -8.232
18410 -8.418
18420 -8.668
18430 -8.938
18440 -9.191
18450 -9.407
18460 -9.582
18470 -9.728
18480 -9.868
18490 -10.030
18500 -10.235
18510 -10.492
18520 -10.783
18530 -11.071
18540 -11.314
18550 -11.479
18560 -11.558
18570 -11.563
18580 -11.523
18590 -11.479
18600 -11.473
18610 -11.530
18620 -11.648
18630 -11.796
18640 -11.926
18650 -11.996
18660 -11.993
18670 -11.924
18680 -11.821
18690 -11.727
18700 -11.689
18710 -11.744
18720 -11.897
18730 -12.118
18740 -12.353
18750 -12.551
18760 -12.681
18770 -12.740
18780 -12.750
18790 -12.747
18800 -12.770
18810 -12.853
18820 -13.005
18830 -13.204
18840 -13.394
18850 -13.515
18860 -13.525
18870 -13.413
18880 -13.200
18890 -12.925
18900 -12.642
18910 -12.403
18920 -12.243
18930 -12.168
18940 -12.141
18950 -12.100
18960 -11.994
18970 -11.794
18980 -11.506
18990 -11.164
19000 -10.823
19010 -10.545
19020 -10.384
19030 -10.357
19040 -10.432
19050 -10.542
19060 -10.620
19070 -10.621
19080 -10.542
19090 -10.413
19100 -10.288
19110 -10.233
19120 -10.304
19130 -10.522
19140 -10.865
19150 -11.274
19160 -11.675
19170 -12.006
19180 -12.236
19190 -12.363
19200 -12.419
19210 -12.460
19220 -12.549
19230 -12.735
19240 -13.029
19250 -13.395
19260 -13.756
19270 -14.027
19280 -14.143
19290 -14.083
19300 -13.877
19310 -13.596
19320 -13.333
19330 -13.170
19340 -13.152
19350 -13.261
19360 -13.420
19370 -13.530
19380 -13.505
19390 -13.308
19400 -12.956
19410 -12.518
19420 -12.100
19430 -11.811
19440 -11.727
19450 -11.854
19460 -12.124
19470 -12.431
19480 -12.675
19490 -12.795
19500 -12.787
19510 -12.707
19520 -12.659
19530 -12.759
19540 -13.088
19550 -13.650
19560 -14.373
19570 -15.141
19580 -15.827
19590 -16.322
19600 -16.562
19610 -16.562
19620 -16.421
19630 -16.286
19640 -16.288
19650 -16.483
19660 -16.839
19670 -17.252
19680 -17.585
19690 -17.718
19700 -17.589
19710 -17.225
19720 -16.738
19730 -16.281
19740 -15.993
19750 -15.947
19760 -16.123
19770 -16.424
19780 -16.713
19790 -16.862
19800 -16.787
19810 -16.483
19820 -16.030
19830 -15.564
19840 -15.232
19850 -15.134
19860 -15.281
19870 -15.598
19880 -15.956
19890 -16.218
19900 -16.281
19910 -16.103
19920 -15.731
19930 -15.284
19940 -14.920
19950 -14.768
19960 -14.877
19970 -15.195
19980 -15.605
19990 -15.966
20000 -16.154
20010 -16.094
20020 -15.796
20030 -15.360
20040 -14.952
20050 -14.732
20060 -14.788
20070 -15.098
20080 -15.549
20090 -15.991
20100 -16.271
20110 -16.270
20120 -15.956
20130 -15.416
20140 -14.834
20150 -14.414
20160 -14.274
20170 -14.373
20180 -14.520
20190 -14.439
20200 -13.889
20210 -12.814
20220 -11.403
20230 -9.994
20240 -8.925
20250 -8.373
20260 -8.288
20270 -8.483
20280 -8.784
20290 -9.074
20300 -9.293
20310 -9.411
20320 -9.423
20330 -9.352
20340 -9.248
20350 -9.188
20360 -9.240
20370 -9.421
20380 -9.684
20390 -9.952
20400 -10.150
20410 -10.230
20420 -10.171
20430 -9.986
20440 -9.727
20450 -9.488
20460 -9.374
20470 -9.435
20480 -9.632
20490 -9.873
20500 -10.067
20510 -10.148
20520 -10.087
20530 -9.884
20540 -9.585
20550 -9.284
20560 -9.105
20570 -9.131
20580 -9.337
20590 -9.620
20600 -9.868
20610 -10.005
20620 -9.992
20630 -9.825
20640 -9.539
20650 -9.224
20660 -9.020
20670 -9.048
20680 -9.309
20690 -9.688
20700 -10.044
20710 -10.282
20720 -10.357
20730 -10.259
20740 -10.018
20750 -9.715
20760 -9.503
20770 -9.549
20780 -9.896
20790 -10.408
20800 -10.896
20810 -11.236
20820 -11.373
20830 -11.299
20840 -11.037
20850 -10.665
20860 -10.350
20870 -10.301
20880 -10.559
20890 -10.911
20900 -11.111
20910 -11.046
20920 -10.711
20930 -10.167
20940 -9.516
20950 -8.909
20960 -8.504
20970 -8.392
20980 -8.538
20990 -8.818
21000 -9.107
21010 -9.321
21020 -9.414
21030 -9.372
21040 -9.200
21050 -8.938
21060 -8.668
21070 -8.522
21080 -8.618
21090 -8.957
21100 -9.407
21110 -9.802
21120 -10.031
21130 -10.051
21140 -9.867
21150 -9.522
21160 -9.110
21170 -8.796
21180 -8.775
21190 -9.117
21200 -9.669
21210 -10.187
21220 -10.500
21230 -10.542
21240 -10.317
21250 -9.871
21260 -9.307
21270 -8.822
21280 -8.690
21290 -9.069
21300 -9.785
21310 -10.492
21320 -10.936
21330 -11.022
21340 -10.752
21350 -10.182
21360 -9.432
21370 -8.760
21380 -8.592
21390 -9.203
21400 -10.310
21410 -11.368
21420 -12.026
21430 -12.171
21440 -11.834
21450 -11.120
21460 -10.243
21470 -9.645
21480 -9.908
21490 -11.054
21500 -12.396
21510 -13.330
21520 -13.635
21530 -13.348
21540 -12.614
21550 -11.613
21560 -10.583
21570 -9.872
21580 -9.807
21590 -10.354
21600 -11.117
21610 -11.714
21620 -11.938
21630 -11.733
21640 -11.127
21650 -10.203
21660 -9.120
21670 -8.186
21680 -7.833
21690 -8.267
21700 -9.175
21710 -10.065
21720 -10.615
21730 -10.683
21740 -10.246
21750 -9.370
21760 -8.227
21770 -7.199
21780 -6.875
21790 -7.529
21800 -8.724
21810 -9.870
21820 -10.632
21830 -10.875
21840 -10.587
21850 -9.860
21860 -8.910
21870 -8.122
21880 -7.952
21890 -8.526
21900 -9.500
21910 -10.448
21920 -11.111
21930 -11.372
21940 -11.213
21950 -10.691
21960 -9.941
21970 -9.191
21980 -8.734
21990 -8.791
22000 -9.319
22010 -10.063
22020 -10.756
22030 -11.218
22040 -11.353
22050 -11.137
22060 -10.620
22070 -9.946
22080 -9.372
22090 -9.199
22100 -9.570
22110 -10.333
22120 -11.199
22130 -11.928
22140 -12.373
22150 -12.468
22160 -12.226
22170 -11.762
22180 -11.309
22190 -11.164
22200 -11.509
22210 -12.258
22220 -13.164
22230 -13.997
22240 -14.603
22250 -14.902
22260 -14.880
22270 -14.611
22280 -14.262
22290 -14.058
22300 -14.167
22310 -14.597
22320 -15.211
22330 -15.836
22340 -16.331
22350 -16.600
22360 -16.592
22370 -16.322
22380 -15.880
22390 -15.430
22400 -15.154
22410 -15.167
22420 -15.446
22430 -15.867
22440 -16.281
22450 -16.567
22460 -16.636
22470 -16.452
22480 -16.045
22490 -15.536
22500 -15.122
22510 -14.984
22520 -15.173
22530 -15.585
22540 -16.061
22550 -16.462
22560 -16.689
22570 -16.685
22580 -16.450
22590 -16.069
22600 -15.717
22610 -15.589
22620 -15.770
22630 -16.189
22640 -16.705
22650 -17.186
22660 -17.541
22670 -17.710
22680 -17.665
22690 -17.439
22700 -17.140
22710 -16.935
22720 -16.954
22730 -17.208
22740 -17.607
22750 -18.039
22760 -18.407
22770 -18.639
22780 -18.679
22790 -18.499
22800 -18.138
22810 -17.728
22820 -17.459
22830 -17.462
22840 -17.726
22850 -18.138
22860 -18.574
22870 -18.935
22880 -19.143
22890 -19.139
22900 -18.902
22910 -18.513
22920 -18.179
22930 -18.133
22940 -18.447
22950 -19.005
22960 -19.653
22970 -20.280
22980 -20.816
22990 -21.201
23000 -21.386
23010 -21.362
23020 -21.244
23030 -21.257
23040 -21.558
23050 -22.116
23060 -22.817
23070 -23.570
23080 -24.315
23090 -24.986
23100 -25.473
23110 -25.615
23120 -25.326
23130 -24.791
23140 -24.362
23150 -24.234
23160 -24.381
23170 -24.688
23180 -25.043
23190 -25.337
23200 -25.443
23210 -25.217
23220 -24.593
23230 -23.717
23240 -22.926
23250 -22.489
23260 -22.431
23270 -22.620
23280 -22.909
23290 -23.186
23300 -23.352
23310 -23.306
23320 -22.957
23330 -22.329
23340 -21.661
23350 -21.277
23360 -21.280
23370 -21.545
23380 -21.911
23390 -22.269
23400 -22.545
23410 -22.664
23420 -22.534
23430 -22.109
23440 -21.540
23450 -21.149
23460 -21.103
23470 -21.307
23480 -21.601
23490 -21.879
23500 -22.070
23510 -22.102
23520 -21.877
23530 -21.326
23540 -20.553
23550 -19.904
23560 -19.651
23570 -19.733
23580 -19.949
23590 -20.157
23600 -20.275
23610 -20.240
23620 -19.973
23630 -19.392
23640 -18.522
23650 -17.720
23660 -17.502
23670 -17.850
23680 -18.360
23690 -18.785
23700 -19.046
23710 -19.111
23720 -18.927
23730 -18.384
23740 -17.363
23750 -16.257
23760 -16.515
23770 -17.878
23780 -18.991
23790 -19.641
23800 -19.965
23810 -20.054
23820 -19.914
23830 -19.438
23840 -18.308
23850 -17.029
23860 -20.620
23870 -22.529
23880 -22.810
23890 -22.800
23900 -22.748
23910 -22.691
23920 -22.620
23930 -22.462
23940 -21.776
23950 -19.512
23960 -21.324
23970 -21.981
23980 -22.179
23990 -22.253
