00000 -10.863
00010 -9.202
00020 -6.526
00030 -4.460
00040 -3.095
00050 -2.294
00060 -1.936
00070 -1.920
00080 -2.130
00090 -2.391
00100 -2.451
00110 -2.089
00120 -1.315
00130 -0.355
00140 +0.555
00150 +1.281
00160 +1.784
00170 +2.076
00180 +2.200
00190 +2.218
00200 +2.209
00210 +2.259
00220 +2.427
00230 +2.719
00240 +3.081
00250 +3.434
00260 +3.712
00270 +3.882
00280 +3.936
00290 +3.894
00300 +3.792
00310 +3.679
00320 +3.602
00330 +3.593
00340 +3.650
00350 +3.740
00360 +3.815
00370 +3.835
00380 +3.779
00390 +3.646
00400 +3.455
00410 +3.240
00420 +3.043
00430 +2.900
00440 +2.828
00450 +2.814
00460 +2.827
00470 +2.833
00480 +2.806
00490 +2.744
00500 +2.662
00510 +2.590
00520 +2.565
00530 +2.616
00540 +2.753
00550 +2.962
00560 +3.215
00570 +3.480
00580 +3.732
00590 +3.962
00600 +4.175
00610 +4.383
00620 +4.604
00630 +4.851
00640 +5.127
00650 +5.424
00660 +5.726
00670 +6.012
00680 +6.262
00690 +6.467
00700 +6.626
00710 +6.747
00720 +6.844
00730 +6.932
00740 +7.021
00750 +7.112
00760 +7.197
00770 +7.263
00780 +7.297
00790 +7.292
00800 +7.248
00810 +7.176
00820 +7.092
00830 +7.013
00840 +6.952
00850 +6.915
00860 +6.897
00870 +6.889
00880 +6.879
00890 +6.860
00900 +6.833
00910 +6.802
00920 +6.780
00930 +6.776
00940 +6.798
00950 +6.846
00960 +6.912
00970 +6.987
00980 +7.058
00990 +7.118
01000 +7.162
01010 +7.195
01020 +7.222
01030 +7.250
01040 +7.285
01050 +7.330
01060 +7.380
01070 +7.428
01080 +7.465
01090 +7.484
01100 +7.481
01110 +7.457
01120 +7.418
01130 +7.373
01140 +7.329
01150 +7.292
01160 +7.261
01170 +7.230
01180 +7.193
01190 +7.141
01200 +7.071
01210 +6.985
01220 +6.893
01230 +6.806
01240 +6.736
01250 +6.691
01260 +6.672
01270 +6.674
01280 +6.688
01290 +6.705
01300 +6.720
01310 +6.735
01320 +6.758
01330 +6.795
01340 +6.855
01350 +6.936
01360 +7.031
01370 +7.129
01380 +7.214
01390 +7.275
01400 +7.303
01410 +7.298
01420 +7.265
01430 +7.210
01440 +7.142
01450 +7.064
01460 +6.975
01470 +6.870
01480 +6.741
01490 +6.578
01500 +6.380
01510 +6.149
01520 +5.893
01530 +5.627
01540 +5.366
01550 +5.123
01560 +4.904
01570 +4.708
01580 +4.528
01590 +4.358
01600 +4.194
01610 +4.042
01620 +3.913
01630 +3.823
01640 +3.785
01650 +3.805
01660 +3.878
01670 +3.988
01680 +4.117
01690 +4.251
01700 +4.379
01710 +4.499
01720 +4.615
01730 +4.733
01740 +4.858
01750 +4.992
01760 +5.131
01770 +5.267
01780 +5.388
01790 +5.485
01800 +5.552
01810 +5.588
01820 +5.595
01830 +5.582
01840 +5.556
01850 +5.526
01860 +5.495
01870 +5.461
01880 +5.417
01890 +5.357
01900 +5.273
01910 +5.161
01920 +5.025
01930 +4.873
01940 +4.718
01950 +4.575
01960 +4.454
01970 +4.359
01980 +4.285
01990 +4.225
02000 +4.169
02010 +4.112
02020 +4.058
02030 +4.017
02040 +4.005
02050 +4.036
02060 +4.119
02070 +4.249
02080 +4.413
02090 +4.595
02100 +4.779
02110 +4.955
02120 +5.123
02130 +5.288
02140 +5.458
02150 +5.640
02160 +5.836
02170 +6.043
02180 +6.249
02190 +6.441
02200 +6.608
02210 +6.744
02220 +6.846
02230 +6.918
02240 +6.969
02250 +7.008
02260 +7.042
02270 +7.073
02280 +7.098
02290 +7.112
02300 +7.107
02310 +7.076
02320 +7.019
02330 +6.942
02340 +6.853
02350 +6.766
02360 +6.693
02370 +6.639
02380 +6.607
02390 +6.591
02400 +6.583
02410 +6.575
02420 +6.564
02430 +6.550
02440 +6.540
02450 +6.544
02460 +6.568
02470 +6.619
02480 +6.694
02490 +6.786
02500 +6.888
02510 +6.988
02520 +7.081
02530 +7.165
02540 +7.243
02550 +7.318
02560 +7.398
02570 +7.488
02580 +7.588
02590 +7.696
02600 +7.805
02610 +7.907
02620 +7.993
02630 +8.060
02640 +8.105
02650 +8.131
02660 +8.142
02670 +8.145
02680 +8.143
02690 +8.136
02700 +8.122
02710 +8.092
02720 +8.038
02730 +7.953
02740 +7.835
02750 +7.688
02760 +7.521
02770 +7.350
02780 +7.189
02790 +7.051
02800 +6.940
02810 +6.854
02820 +6.785
02830 +6.727
02840 +6.677
02850 +6.638
02860 +6.617
02870 +6.621
02880 +6.655
02890 +6.719
02900 +6.806
02910 +6.906
02920 +7.008
02930 +7.103
02940 +7.185
02950 +7.255
02960 +7.315
02970 +7.372
02980 +7.430
02990 +7.493
03000 +7.563
03010 +7.634
03020 +7.702
03030 +7.760
03040 +7.804
03050 +7.832
03060 +7.844
03070 +7.846
03080 +7.843
03090 +7.841
03100 +7.844
03110 +7.852
03120 +7.863
03130 +7.872
03140 +7.874
03150 +7.864
03160 +7.842
03170 +7.811
03180 +7.777
03190 +7.748
03200 +7.730
03210 +7.729
03220 +7.744
03230 +7.772
03240 +7.806
03250 +7.840
03260 +7.872
03270 +7.900
03280 +7.929
03290 +7.964
03300 +8.012
03310 +8.075
03320 +8.153
03330 +8.241
03340 +8.333
03350 +8.418
03360 +8.491
03370 +8.549
03380 +8.593
03390 +8.627
03400 +8.659
03410 +8.693
03420 +8.733
03430 +8.777
03440 +8.821
03450 +8.857
03460 +8.879
03470 +8.882
03480 +8.868
03490 +8.839
03500 +8.803
03510 +8.767
03520 +8.735
03530 +8.711
03540 +8.691
03550 +8.669
03560 +8.637
03570 +8.591
03580 +8.528
03590 +8.450
03600 +8.362
03610 +8.274
03620 +8.191
03630 +8.118
03640 +8.055
03650 +7.997
03660 +7.937
03670 +7.868
03680 +7.786
03690 +7.692
03700 +7.591
03710 +7.491
03720 +7.399
03730 +7.322
03740 +7.261
03750 +7.214
03760 +7.175
03770 +7.137
03780 +7.097
03790 +7.052
03800 +7.004
03810 +6.958
03820 +6.922
03830 +6.901
03840 +6.900
03850 +6.918
03860 +6.950
03870 +6.991
03880 +7.033
03890 +7.070
03900 +7.100
03910 +7.124
03920 +7.147
03930 +7.177
03940 +7.221
03950 +7.280
03960 +7.353
03970 +7.435
03980 +7.515
03990 +7.585
04000 +7.640
04010 +7.680
04020 +7.710
04030 +7.739
04040 +7.776
04050 +7.827
04060 +7.892
04070 +7.964
04080 +8.035
04090 +8.095
04100 +8.138
04110 +8.162
04120 +8.171
04130 +8.175
04140 +8.181
04150 +8.197
04160 +8.225
04170 +8.261
04180 +8.298
04190 +8.326
04200 +8.340
04210 +8.334
04220 +8.312
04230 +8.280
04240 +8.245
04250 +8.216
04260 +8.199
04270 +8.194
04280 +8.195
04290 +8.196
04300 +8.187
04310 +8.164
04320 +8.126
04330 +8.076
04340 +8.023
04350 +7.975
04360 +7.941
04370 +7.925
04380 +7.925
04390 +7.934
04400 +7.944
04410 +7.948
04420 +7.941
04430 +7.925
04440 +7.908
04450 +7.897
04460 +7.901
04470 +7.928
04480 +7.977
04490 +8.042
04500 +8.117
04510 +8.190
04520 +8.256
04530 +8.313
04540 +8.362
04550 +8.410
04560 +8.466
04570 +8.536
04580 +8.623
04590 +8.725
04600 +8.835
04610 +8.943
04620 +9.038
04630 +9.116
04640 +9.174
04650 +9.218
04660 +9.256
04670 +9.298
04680 +9.351
04690 +9.418
04700 +9.494
04710 +9.569
04720 +9.633
04730 +9.678
04740 +9.699
04750 +9.702
04760 +9.695
04770 +9.692
04780 +9.703
04790 +9.734
04800 +9.785
04810 +9.845
04820 +9.903
04830 +9.949
04840 +9.979
04850 +9.995
04860 +10.006
04870 +10.025
04880 +10.063
04890 +10.129
04900 +10.219
04910 +10.327
04920 +10.440
04930 +10.547
04940 +10.642
04950 +10.723
04960 +10.797
04970 +10.872
04980 +10.958
04990 +11.061
05000 +11.182
05010 +11.316
05020 +11.453
05030 +11.582
05040 +11.696
05050 +11.790
05060 +11.866
05070 +11.930
05080 +11.991
05090 +12.058
05100 +12.136
05110 +12.225
05120 +12.320
05130 +12.411
05140 +12.489
05150 +12.547
05160 +12.586
05170 +12.608
05180 +12.624
05190 +12.643
05200 +12.675
05210 +12.724
05220 +12.787
05230 +12.856
05240 +12.922
05250 +12.976
05260 +13.015
05270 +13.040
05280 +13.059
05290 +13.083
05300 +13.119
05310 +13.175
05320 +13.250
05330 +13.337
05340 +13.427
05350 +13.510
05360 +13.578
05370 +13.630
05380 +13.669
05390 +13.702
05400 +13.739
05410 +13.786
05420 +13.846
05430 +13.917
05440 +13.989
05450 +14.053
05460 +14.101
05470 +14.126
05480 +14.130
05490 +14.120
05500 +14.103
05510 +14.092
05520 +14.093
05530 +14.107
05540 +14.128
05550 +14.148
05560 +14.156
05570 +14.146
05580 +14.116
05590 +14.071
05600 +14.021
05610 +13.977
05620 +13.948
05630 +13.936
05640 +13.940
05650 +13.949
05660 +13.955
05670 +13.950
05680 +13.929
05690 +13.896
05700 +13.859
05710 +13.826
05720 +13.806
05730 +13.803
05740 +13.816
05750 +13.840
05760 +13.866
05770 +13.886
05780 +13.895
05790 +13.892
05800 +13.879
05810 +13.864
05820 +13.853
05830 +13.853
05840 +13.867
05850 +13.892
05860 +13.924
05870 +13.955
05880 +13.977
05890 +13.986
05900 +13.980
05910 +13.965
05920 +13.947
05930 +13.935
05940 +13.937
05950 +13.954
05960 +13.984
05970 +14.020
05980 +14.051
05990 +14.072
06000 +14.078
06010 +14.072
06020 +14.061
06030 +14.055
06040 +14.063
06050 +14.088
06060 +14.130
06070 +14.182
06080 +14.235
06090 +14.280
06100 +14.312
06110 +14.331
06120 +14.341
06130 +14.351
06140 +14.370
06150 +14.402
06160 +14.450
06170 +14.509
06180 +14.571
06190 +14.627
06200 +14.670
06210 +14.696
06220 +14.707
06230 +14.710
06240 +14.713
06250 +14.723
06260 +14.744
06270 +14.777
06280 +14.816
06290 +14.851
06300 +14.876
06310 +14.884
06320 +14.875
06330 +14.854
06340 +14.829
06350 +14.809
06360 +14.802
06370 +14.810
06380 +14.830
06390 +14.856
06400 +14.878
06410 +14.891
06420 +14.891
06430 +14.881
06440 +14.867
06450 +14.857
06460 +14.860
06470 +14.879
06480 +14.914
06490 +14.960
06500 +15.010
06510 +15.055
06520 +15.090
06530 +15.115
06540 +15.130
06550 +15.143
06560 +15.159
06570 +15.185
06580 +15.224
06590 +15.274
06600 +15.331
06610 +15.387
06620 +15.432
06630 +15.461
06640 +15.472
06650 +15.470
06660 +15.461
06670 +15.454
06680 +15.457
06690 +15.474
06700 +15.501
06710 +15.529
06720 +15.550
06730 +15.554
06740 +15.538
06750 +15.504
06760 +15.459
06770 +15.416
06780 +15.385
06790 +15.371
06800 +15.374
06810 +15.386
06820 +15.397
06830 +15.396
06840 +15.380
06850 +15.346
06860 +15.304
06870 +15.261
06880 +15.230
06890 +15.217
06900 +15.224
06910 +15.246
06920 +15.273
06930 +15.296
06940 +15.306
06950 +15.301
06960 +15.283
06970 +15.261
06980 +15.244
06990 +15.241
07000 +15.257
07010 +15.290
07020 +15.334
07030 +15.379
07040 +15.415
07050 +15.434
07060 +15.436
07070 +15.426
07080 +15.412
07090 +15.407
07100 +15.418
07110 +15.448
07120 +15.494
07130 +15.545
07140 +15.589
07150 +15.618
07160 +15.626
07170 +15.617
07180 +15.599
07190 +15.585
07200 +15.585
07210 +15.606
07220 +15.645
07230 +15.694
07240 +15.741
07250 +15.777
07260 +15.793
07270 +15.790
07280 +15.775
07290 +15.758
07300 +15.750
07310 +15.761
07320 +15.791
07330 +15.837
07340 +15.888
07350 +15.931
07360 +15.958
07370 +15.965
07380 +15.954
07390 +15.933
07400 +15.916
07410 +15.912
07420 +15.929
07430 +15.965
07440 +16.011
07450 +16.055
07460 +16.085
07470 +16.093
07480 +16.078
07490 +16.046
07500 +16.010
07510 +15.985
07520 +15.978
07530 +15.993
07540 +16.022
07550 +16.054
07560 +16.074
07570 +16.073
07580 +16.047
07590 +16.002
07600 +15.949
07610 +15.902
07620 +15.872
07630 +15.864
07640 +15.874
07650 +15.891
07660 +15.903
07670 +15.899
07680 +15.874
07690 +15.829
07700 +15.773
07710 +15.717
07720 +15.674
07730 +15.650
07740 +15.648
07750 +15.659
07760 +15.673
07770 +15.678
07780 +15.666
07790 +15.635
07800 +15.587
07810 +15.533
07820 +15.485
07830 +15.454
07840 +15.445
07850 +15.456
07860 +15.478
07870 +15.497
07880 +15.503
07890 +15.487
07900 +15.450
07910 +15.399
07920 +15.347
07930 +15.308
07940 +15.290
07950 +15.294
07960 +15.312
07970 +15.331
07980 +15.336
07990 +15.319
08000 +15.277
08010 +15.215
08020 +15.146
08030 +15.082
08040 +15.035
08050 +15.009
08060 +14.997
08070 +14.990
08080 +14.975
08090 +14.939
08100 +14.879
08110 +14.797
08120 +14.701
08130 +14.606
08140 +14.523
08150 +14.460
08160 +14.416
08170 +14.383
08180 +14.349
08190 +14.301
08200 +14.233
08210 +14.143
08220 +14.038
08230 +13.930
08240 +13.835
08250 +13.761
08260 +13.713
08270 +13.683
08280 +13.659
08290 +13.627
08300 +13.578
08310 +13.509
08320 +13.425
08330 +13.338
08340 +13.262
08350 +13.206
08360 +13.173
08370 +13.158
08380 +13.147
08390 +13.129
08400 +13.094
08410 +13.038
08420 +12.967
08430 +12.888
08440 +12.814
08450 +12.754
08460 +12.711
08470 +12.682
08480 +12.659
08490 +12.631
08500 +12.590
08510 +12.535
08520 +12.465
08530 +12.390
08540 +12.320
08550 +12.263
08560 +12.225
08570 +12.206
08580 +12.200
08590 +12.198
08600 +12.192
08610 +12.178
08620 +12.158
08630 +12.137
08640 +12.123
08650 +12.126
08660 +12.150
08670 +12.193
08680 +12.248
08690 +12.306
08700 +12.357
08710 +12.396
08720 +12.423
08730 +12.442
08740 +12.460
08750 +12.483
08760 +12.514
08770 +12.550
08780 +12.584
08790 +12.610
08800 +12.620
08810 +12.611
08820 +12.584
08830 +12.545
08840 +12.499
08850 +12.453
08860 +12.411
08870 +12.373
08880 +12.334
08890 +12.291
08900 +12.237
08910 +12.172
08920 +12.096
08930 +12.012
08940 +11.928
08950 +11.850
08960 +11.783
08970 +11.728
08980 +11.682
08990 +11.641
09000 +11.599
09010 +11.551
09020 +11.497
09030 +11.439
09040 +11.382
09050 +11.333
09060 +11.296
09070 +11.272
09080 +11.258
09090 +11.247
09100 +11.232
09110 +11.206
09120 +11.166
09130 +11.114
09140 +11.055
09150 +10.993
09160 +10.935
09170 +10.882
09180 +10.833
09190 +10.782
09200 +10.722
09210 +10.649
09220 +10.560
09230 +10.455
09240 +10.339
09250 +10.218
09260 +10.098
09270 +9.983
09280 +9.875
09290 +9.771
09300 +9.667
09310 +9.557
09320 +9.438
09330 +9.308
09340 +9.171
09350 +9.029
09360 +8.892
09370 +8.763
09380 +8.646
09390 +8.543
09400 +8.448
09410 +8.358
09420 +8.265
09430 +8.166
09440 +8.060
09450 +7.951
09460 +7.844
09470 +7.746
09480 +7.660
09490 +7.589
09500 +7.531
09510 +7.479
09520 +7.426
09530 +7.366
09540 +7.297
09550 +7.218
09560 +7.135
09570 +7.052
09580 +6.975
09590 +6.908
09600 +6.850
09610 +6.797
09620 +6.743
09630 +6.681
09640 +6.609
09650 +6.523
09660 +6.428
09670 +6.328
09680 +6.228
09690 +6.134
09700 +6.048
09710 +5.969
09720 +5.894
09730 +5.817
09740 +5.734
09750 +5.641
09760 +5.539
09770 +5.430
09780 +5.319
09790 +5.211
09800 +5.112
09810 +5.022
09820 +4.942
09830 +4.867
09840 +4.793
09850 +4.714
09860 +4.628
09870 +4.534
09880 +4.436
09890 +4.338
09900 +4.246
09910 +4.165
09920 +4.096
09930 +4.036
09940 +3.981
09950 +3.927
09960 +3.867
09970 +3.801
09980 +3.728
09990 +3.652
10000 +3.578
10010 +3.511
10020 +3.454
10030 +3.409
10040 +3.371
10050 +3.338
10060 +3.303
10070 +3.263
10080 +3.216
10090 +3.164
10100 +3.108
10110 +3.055
10120 +3.008
10130 +2.971
10140 +2.945
10150 +2.926
10160 +2.912
10170 +2.896
10180 +2.875
10190 +2.846
10200 +2.811
10210 +2.773
10220 +2.737
10230 +2.708
10240 +2.690
10250 +2.683
10260 +2.685
10270 +2.689
10280 +2.690
10290 +2.684
10300 +2.668
10310 +2.644
10320 +2.617
10330 +2.594
10340 +2.578
10350 +2.574
10360 +2.580
10370 +2.592
10380 +2.603
10390 +2.606
10400 +2.599
10410 +2.580
10420 +2.554
10430 +2.524
10440 +2.498
10450 +2.481
10460 +2.474
10470 +2.474
10480 +2.477
10490 +2.476
10500 +2.466
10510 +2.444
10520 +2.411
10530 +2.371
10540 +2.331
10550 +2.296
10560 +2.273
10570 +2.260
10580 +2.257
10590 +2.257
10600 +2.254
10610 +2.243
10620 +2.221
10630 +2.191
10640 +2.158
10650 +2.129
10660 +2.111
10670 +2.108
10680 +2.119
10690 +2.140
10700 +2.163
10710 +2.180
10720 +2.186
10730 +2.182
10740 +2.170
10750 +2.157
10760 +2.152
10770 +2.158
10780 +2.179
10790 +2.211
10800 +2.247
10810 +2.278
10820 +2.299
10830 +2.306
10840 +2.301
10850 +2.289
10860 +2.277
10870 +2.274
10880 +2.282
10890 +2.302
10900 +2.328
10910 +2.354
10920 +2.373
10930 +2.380
10940 +2.373
10950 +2.357
10960 +2.337
10970 +2.323
10980 +2.320
10990 +2.332
11000 +2.357
11010 +2.391
11020 +2.426
11030 +2.456
11040 +2.477
11050 +2.490
11060 +2.499
11070 +2.513
11080 +2.539
11090 +2.583
11100 +2.646
11110 +2.724
11120 +2.810
11130 +2.895
11140 +2.972
11150 +3.039
11160 +3.097
11170 +3.153
11180 +3.214
11190 +3.287
11200 +3.376
11210 +3.477
11220 +3.586
11230 +3.693
11240 +3.791
11250 +3.874
11260 +3.943
11270 +4.000
11280 +4.055
11290 +4.114
11300 +4.183
11310 +4.264
11320 +4.353
11330 +4.444
11340 +4.528
11350 +4.598
11360 +4.653
11370 +4.693
11380 +4.725
11390 +4.758
11400 +4.798
11410 +4.850
11420 +4.915
11430 +4.986
11440 +5.057
11450 +5.120
11460 +5.170
11470 +5.207
11480 +5.233
11490 +5.258
11500 +5.288
11510 +5.332
11520 +5.391
11530 +5.462
11540 +5.540
11550 +5.616
11560 +5.683
11570 +5.738
11580 +5.782
11590 +5.821
11600 +5.863
11610 +5.914
11620 +5.981
11630 +6.061
11640 +6.151
11650 +6.243
11660 +6.330
11670 +6.406
11680 +6.469
11690 +6.522
11700 +6.571
11710 +6.625
11720 +6.690
11730 +6.767
11740 +6.855
11750 +6.949
11760 +7.041
11770 +7.123
11780 +7.192
11790 +7.248
11800 +7.295
11810 +7.341
11820 +7.391
11830 +7.453
11840 +7.526
11850 +7.608
11860 +7.692
11870 +7.769
11880 +7.835
11890 +7.885
11900 +7.923
11910 +7.954
11920 +7.985
11930 +8.025
11940 +8.076
11950 +8.137
11960 +8.204
11970 +8.268
11980 +8.323
11990 +8.365
12000 +8.392
12010 +8.410
12020 +8.425
12030 +8.444
12040 +8.473
12050 +8.514
12060 +8.563
12070 +8.616
12080 +8.665
12090 +8.704
12100 +8.731
12110 +8.747
12120 +8.757
12130 +8.767
12140 +8.785
12150 +8.815
12160 +8.856
12170 +8.905
12180 +8.957
12190 +9.004
12200 +9.041
12210 +9.067
12220 +9.083
12230 +9.096
12240 +9.112
12250 +9.137
12260 +9.174
12270 +9.223
12280 +9.279
12290 +9.335
12300 +9.384
12310 +9.420
12320 +9.445
12330 +9.460
12340 +9.472
12350 +9.489
12360 +9.516
12370 +9.556
12380 +9.605
12390 +9.657
12400 +9.704
12410 +9.740
12420 +9.761
12430 +9.768
12440 +9.766
12450 +9.764
12460 +9.768
12470 +9.783
12480 +9.809
12490 +9.841
12500 +9.872
12510 +9.894
12520 +9.902
12530 +9.896
12540 +9.877
12550 +9.852
12560 +9.831
12570 +9.818
12580 +9.818
12590 +9.828
12600 +9.844
12610 +9.857
12620 +9.861
12630 +9.851
12640 +9.828
12650 +9.795
12660 +9.761
12670 +9.734
12680 +9.721
12690 +9.722
12700 +9.736
12710 +9.753
12720 +9.767
12730 +9.769
12740 +9.757
12750 +9.733
12760 +9.702
12770 +9.675
12780 +9.661
12790 +9.662
12800 +9.680
12810 +9.707
12820 +9.733
12830 +9.751
12840 +9.753
12850 +9.740
12860 +9.716
12870 +9.690
12880 +9.671
12890 +9.667
12900 +9.679
12910 +9.702
12920 +9.730
12930 +9.751
12940 +9.758
12950 +9.748
12960 +9.723
12970 +9.690
12980 +9.658
12990 +9.637
13000 +9.631
13010 +9.639
13020 +9.657
13030 +9.674
13040 +9.682
13050 +9.674
13060 +9.648
13070 +9.610
13080 +9.568
13090 +9.533
13100 +9.512
13110 +9.510
13120 +9.523
13130 +9.544
13140 +9.562
13150 +9.567
13160 +9.555
13170 +9.528
13180 +9.493
13190 +9.461
13200 +9.442
13210 +9.444
13220 +9.466
13230 +9.502
13240 +9.539
13250 +9.569
13260 +9.582
13270 +9.577
13280 +9.560
13290 +9.541
13300 +9.529
13310 +9.534
13320 +9.558
13330 +9.597
13340 +9.642
13350 +9.682
13360 +9.709
13370 +9.717
13380 +9.708
13390 +9.688
13400 +9.667
13410 +9.656
13420 +9.661
13430 +9.683
13440 +9.717
13450 +9.753
13460 +9.782
13470 +9.793
13480 +9.785
13490 +9.760
13500 +9.726
13510 +9.697
13520 +9.683
13530 +9.689
13540 +9.715
13550 +9.752
13560 +9.787
13570 +9.810
13580 +9.812
13590 +9.793
13600 +9.761
13610 +9.729
13620 +9.710
13630 +9.713
13640 +9.738
13650 +9.779
13660 +9.824
13670 +9.859
13680 +9.874
13690 +9.866
13700 +9.840
13710 +9.807
13720 +9.779
13730 +9.768
13740 +9.776
13750 +9.801
13760 +9.834
13770 +9.861
13780 +9.873
13790 +9.864
13800 +9.833
13810 +9.788
13820 +9.739
13830 +9.700
13840 +9.678
13850 +9.678
13860 +9.696
13870 +9.721
13880 +9.741
13890 +9.746
13900 +9.731
13910 +9.698
13920 +9.658
13930 +9.625
13940 +9.613
13950 +9.631
13960 +9.679
13970 +9.749
13980 +9.826
13990 +9.895
14000 +9.948
14010 +9.983
14020 +10.007
14030 +10.036
14040 +10.085
14050 +10.164
14060 +10.275
14070 +10.411
14080 +10.557
14090 +10.696
14100 +10.817
14110 +10.913
14120 +10.987
14130 +11.049
14140 +11.111
14150 +11.186
14160 +11.278
14170 +11.385
14180 +11.496
14190 +11.596
14200 +11.670
14210 +11.708
14220 +11.708
14230 +11.674
14240 +11.620
14250 +11.558
14260 +11.503
14270 +11.459
14280 +11.423
14290 +11.384
14300 +11.327
14310 +11.238
14320 +11.111
14330 +10.946
14340 +10.756
14350 +10.559
14360 +10.374
14370 +10.214
14380 +10.079
14390 +9.963
14400 +9.848
14410 +9.719
14420 +9.564
14430 +9.382
14440 +9.182
14450 +8.984
14460 +8.807
14470 +8.668
14480 +8.571
14490 +8.510
14500 +8.470
14510 +8.434
14520 +8.386
14530 +8.323
14540 +8.249
14550 +8.177
14560 +8.122
14570 +8.101
14580 +8.119
14590 +8.174
14600 +8.254
14610 +8.343
14620 +8.424
14630 +8.485
14640 +8.523
14650 +8.542
14660 +8.554
14670 +8.574
14680 +8.615
14690 +8.683
14700 +8.773
14710 +8.871
14720 +8.961
14730 +9.025
14740 +9.055
14750 +9.050
14760 +9.021
14770 +8.988
14780 +8.969
14790 +8.978
14800 +9.017
14810 +9.077
14820 +9.140
14830 +9.187
14840 +9.206
14850 +9.195
14860 +9.161
14870 +9.122
14880 +9.098
14890 +9.104
14900 +9.147
14910 +9.220
14920 +9.309
14930 +9.396
14940 +9.466
14950 +9.509
14960 +9.527
14970 +9.529
14980 +9.532
14990 +9.552
15000 +9.601
15010 +9.681
15020 +9.782
15030 +9.888
15040 +9.980
15050 +10.043
15060 +10.070
15070 +10.062
15080 +10.035
15090 +10.006
15100 +9.996
15110 +10.015
15120 +10.061
15130 +10.120
15140 +10.172
15150 +10.196
15160 +10.178
15170 +10.119
15180 +10.031
15190 +9.937
15200 +9.861
15210 +9.821
15220 +9.820
15230 +9.847
15240 +9.882
15250 +9.901
15260 +9.892
15270 +9.849
15280 +9.783
15290 +9.713
15300 +9.662
15310 +9.649
15320 +9.680
15330 +9.748
15340 +9.834
15350 +9.921
15360 +9.989
15370 +10.031
15380 +10.047
15390 +10.046
15400 +10.048
15410 +10.071
15420 +10.127
15430 +10.218
15440 +10.333
15450 +10.455
15460 +10.563
15470 +10.642
15480 +10.683
15490 +10.690
15500 +10.678
15510 +10.670
15520 +10.685
15530 +10.735
15540 +10.817
15550 +10.913
15560 +11.002
15570 +11.065
15580 +11.090
15590 +11.078
15600 +11.042
15610 +11.006
15620 +10.995
15630 +11.024
15640 +11.094
15650 +11.190
15660 +11.293
15670 +11.383
15680 +11.448
15690 +11.485
15700 +11.504
15710 +11.521
15720 +11.556
15730 +11.624
15740 +11.729
15750 +11.864
15760 +12.014
15770 +12.163
15780 +12.296
15790 +12.406
15800 +12.492
15810 +12.560
15820 +12.624
15830 +12.699
15840 +12.796
15850 +12.918
15860 +13.058
15870 +13.203
15880 +13.335
15890 +13.441
15900 +13.511
15910 +13.545
15920 +13.552
15930 +13.551
15940 +13.561
15950 +13.595
15960 +13.653
15970 +13.725
15980 +13.793
15990 +13.840
16000 +13.854
16010 +13.833
16020 +13.787
16030 +13.733
16040 +13.696
16050 +13.691
16060 +13.722
16070 +13.780
16080 +13.849
16090 +13.912
16100 +13.958
16110 +13.981
16120 +13.984
16130 +13.979
16140 +13.981
16150 +14.003
16160 +14.054
16170 +14.130
16180 +14.221
16190 +14.314
16200 +14.395
16210 +14.451
16220 +14.476
16230 +14.471
16240 +14.446
16250 +14.415
16260 +14.394
16270 +14.391
16280 +14.403
16290 +14.421
16300 +14.427
16310 +14.403
16320 +14.338
16330 +14.228
16340 +14.082
16350 +13.925
16360 +13.780
16370 +13.667
16380 +13.587
16390 +13.530
16400 +13.475
16410 +13.404
16420 +13.306
16430 +13.177
16440 +13.031
16450 +12.887
16460 +12.770
16470 +12.693
16480 +12.657
16490 +12.649
16500 +12.655
16510 +12.656
16520 +12.644
16530 +12.614
16540 +12.570
16550 +12.523
16560 +12.487
16570 +12.471
16580 +12.482
16590 +12.515
16600 +12.560
16610 +12.606
16620 +12.639
16630 +12.650
16640 +12.636
16650 +12.598
16660 +12.546
16670 +12.495
16680 +12.457
16690 +12.439
16700 +12.436
16710 +12.437
16720 +12.427
16730 +12.393
16740 +12.329
16750 +12.236
16760 +12.129
16770 +12.028
16780 +11.951
16790 +11.907
16800 +11.893
16810 +11.891
16820 +11.887
16830 +11.868
16840 +11.829
16850 +11.777
16860 +11.725
16870 +11.689
16880 +11.684
16890 +11.713
16900 +11.768
16910 +11.836
16920 +11.902
16930 +11.957
16940 +11.999
16950 +12.031
16960 +12.063
16970 +12.107
16980 +12.174
16990 +12.269
17000 +12.387
17010 +12.516
17020 +12.641
17030 +12.751
17040 +12.842
17050 +12.916
17060 +12.982
17070 +13.055
17080 +13.148
17090 +13.266
17100 +13.404
17110 +13.542
17120 +13.657
17130 +13.733
17140 +13.769
17150 +13.773
17160 +13.761
17170 +13.750
17180 +13.760
17190 +13.797
17200 +13.853
17210 +13.906
17220 +13.932
17230 +13.923
17240 +13.882
17250 +13.823
17260 +13.765
17270 +13.730
17280 +13.739
17290 +13.801
17300 +13.910
17310 +14.043
17320 +14.174
17330 +14.280
17340 +14.356
17350 +14.408
17360 +14.454
17370 +14.519
17380 +14.631
17390 +14.819
17400 +15.102
17410 +15.475
17420 +15.906
17430 +16.338
17440 +16.721
17450 +17.037
17460 +17.307
17470 +17.589
17480 +17.968
17490 +18.548
17500 +19.426
17510 +20.626
17520 +21.970
17530 +23.024
17540 +23.402
17550 +23.194
17560 +22.765
17570 +22.369
17580 +22.082
17590 +21.846
17600 +21.519
17610 +20.988
17620 +20.291
17630 +19.565
17640 +18.914
17650 +18.376
17660 +17.958
17670 +17.660
17680 +17.483
17690 +17.430
17700 +17.493
17710 +17.643
17720 +17.839
17730 +18.039
17740 +18.220
17750 +18.386
17760 +18.562
17770 +18.791
17780 +19.138
17790 +19.692
17800 +20.574
17810 +21.920
17820 +23.758
17830 +25.601
17840 +26.161
17850 +25.162
17860 +23.785
17870 +22.661
17880 +21.857
17890 +21.287
17900 +20.823
17910 +20.336
17920 +19.765
17930 +19.152
17940 +18.577
17950 +18.090
17960 +17.708
17970 +17.430
17980 +17.261
17990 +17.208
18000 +17.273
18010 +17.439
18020 +17.659
18030 +17.869
18040 +18.018
18050 +18.095
18060 +18.124
18070 +18.144
18080 +18.203
18090 +18.349
18100 +18.632
18110 +19.109
18120 +19.838
18130 +20.866
18140 +22.215
18150 +23.878
18160 +25.818
18170 +27.975
18180 +30.244
18190 +32.217
18200 +32.532
18210 +30.335
18220 +27.313
18230 +24.727
18240 +22.839
18250 +21.565
18260 +20.745
18270 +20.237
18280 +19.944
18290 +19.807
18300 +19.783
18310 +19.831
18320 +19.899
18330 +19.933
18340 +19.908
18350 +19.844
18360 +19.786
18370 +19.779
18380 +19.867
18390 +20.091
18400 +20.495
18410 +21.118
18420 +21.990
18430 +23.108
18440 +24.430
18450 +25.882
18460 +27.399
18470 +28.985
18480 +30.762
18490 +32.917
18500 +35.178
18510 +34.923
18520 +31.237
18530 +27.399
18540 +24.342
18550 +22.030
18560 +20.338
18570 +19.142
18580 +18.323
18590 +17.776
18600 +17.415
18610 +17.166
18620 +16.972
18630 +16.785
18640 +16.581
18650 +16.364
18660 +16.159
18670 +15.995
18680 +15.893
18690 +15.866
18700 +15.917
18710 +16.050
18720 +16.257
18730 +16.519
18740 +16.800
18750 +17.055
18760 +17.259
18770 +17.418
18780 +17.566
18790 +17.753
18800 +18.022
18810 +18.409
18820 +18.933
18830 +19.587
18840 +20.320
18850 +21.023
18860 +21.541
18870 +21.747
18880 +21.630
18890 +21.287
18900 +20.844
18910 +20.387
18920 +19.951
18930 +19.532
18940 +19.104
18950 +18.640
18960 +18.136
18970 +17.619
18980 +17.137
18990 +16.729
19000 +16.418
19010 +16.210
19020 +16.100
19030 +16.079
19040 +16.129
19050 +16.221
19060 +16.317
19070 +16.384
19080 +16.408
19090 +16.401
19100 +16.399
19110 +16.436
19120 +16.545
19130 +16.747
19140 +17.053
19150 +17.451
19160 +17.904
19170 +18.346
19180 +18.714
19190 +18.973
19200 +19.143
19210 +19.272
19220 +19.412
19230 +19.591
19240 +19.801
19250 +19.986
19260 +20.044
19270 +19.865
19280 +19.408
19290 +18.748
19300 +18.019
19310 +17.333
19320 +16.754
19330 +16.299
19340 +15.959
19350 +15.707
19360 +15.504
19370 +15.308
19380 +15.085
19390 +14.825
19400 +14.546
19410 +14.282
19420 +14.066
19430 +13.917
19440 +13.847
19450 +13.853
19460 +13.920
19470 +14.021
19480 +14.114
19490 +14.163
19500 +14.153
19510 +14.101
19520 +14.042
19530 +14.017
19540 +14.057
19550 +14.176
19560 +14.369
19570 +14.605
19580 +14.827
19590 +14.962
19600 +14.959
19610 +14.818
19620 +14.586
19630 +14.323
19640 +14.073
19650 +13.857
19660 +13.669
19670 +13.486
19680 +13.274
19690 +13.004
19700 +12.669
19710 +12.291
19720 +11.911
19730 +11.569
19740 +11.291
19750 +11.088
19760 +10.956
19770 +10.878
19780 +10.829
19790 +10.775
19800 +10.686
19810 +10.547
19820 +10.368
19830 +10.179
19840 +10.010
19850 +9.885
19860 +9.817
19870 +9.804
19880 +9.832
19890 +9.870
19900 +9.881
19910 +9.835
19920 +9.724
19930 +9.565
19940 +9.395
19950 +9.248
19960 +9.152
19970 +9.117
19980 +9.137
19990 +9.189
20000 +9.235
20010 +9.229
20020 +9.143
20030 +8.979
20040 +8.770
20050 +8.560
20060 +8.388
20070 +8.281
20080 +8.244
20090 +8.264
20100 +8.301
20110 +8.303
20120 +8.217
20130 +8.022
20140 +7.733
20150 +7.396
20160 +7.066
20170 +6.789
20180 +6.593
20190 +6.477
20200 +6.401
20210 +6.283
20220 +6.023
20230 +5.518
20240 +4.704
20250 +3.598
20260 +2.459
20270 +1.913
20280 +2.297
20290 +3.077
20300 +3.728
20310 +4.125
20320 +4.316
20330 +4.372
20340 +4.344
20350 +4.270
20360 +4.175
20370 +4.073
20380 +3.976
20390 +3.888
20400 +3.808
20410 +3.720
20420 +3.595
20430 +3.393
20440 +3.095
20450 +2.727
20460 +2.345
20470 +2.003
20480 +1.727
20490 +1.519
20500 +1.370
20510 +1.254
20520 +1.128
20530 +0.926
20540 +0.591
20550 +0.123
20560 -0.404
20570 -0.899
20580 -1.309
20590 -1.619
20600 -1.835
20610 -1.975
20620 -2.077
20630 -2.219
20640 -2.512
20650 -3.022
20660 -3.678
20670 -4.334
20680 -4.886
20690 -5.294
20700 -5.533
20710 -5.560
20720 -5.296
20730 -4.691
20740 -3.939
20750 -3.616
20760 -3.986
20770 -4.610
20780 -5.037
20790 -4.999
20800 -4.193
20810 -2.015
20820 +3.185
20830 +26.719
20840 +2.567
20850 -3.083
20860 -6.238
20870 -8.434
20880 -10.182
20890 -11.711
20900 -13.127
20910 -14.452
20920 -15.596
20930 -16.303
20940 -16.201
20950 -15.128
20960 -13.343
20970 -11.239
20980 -9.110
20990 -7.205
21000 -5.819
21010 -5.193
21020 -5.251
21030 -5.615
21040 -5.899
21050 -5.873
21060 -5.465
21070 -4.722
21080 -3.761
21090 -2.750
21100 -1.898
21110 -1.410
21120 -1.370
21130 -1.660
21140 -2.042
21150 -2.297
21160 -2.295
21170 -2.005
21180 -1.474
21190 -0.808
21200 -0.160
21210 +0.295
21220 +0.425
21230 +0.226
21240 -0.167
21250 -0.560
21260 -0.795
21270 -0.789
21280 -0.537
21290 -0.101
21300 +0.404
21310 +0.830
21320 +1.034
21330 +0.950
21340 +0.635
21350 +0.247
21360 -0.047
21370 -0.132
21380 +0.031
21390 +0.406
21400 +0.905
21410 +1.400
21420 +1.762
21430 +1.905
21440 +1.843
21450 +1.682
21460 +1.557
21470 +1.569
21480 +1.757
21490 +2.100
21500 +2.533
21510 +2.967
21520 +3.306
21530 +3.478
21540 +3.470
21550 +3.326
21560 +3.131
21570 +2.967
21580 +2.893
21590 +2.928
21600 +3.061
21610 +3.248
21620 +3.427
21630 +3.531
21640 +3.514
21650 +3.367
21660 +3.130
21670 +2.873
21680 +2.668
21690 +2.570
21700 +2.598
21710 +2.736
21720 +2.935
21730 +3.126
21740 +3.242
21750 +3.244
21760 +3.141
21770 +2.989
21780 +2.863
21790 +2.833
21800 +2.934
21810 +3.164
21820 +3.483
21830 +3.823
21840 +4.114
21850 +4.300
21860 +4.367
21870 +4.347
21880 +4.303
21890 +4.299
21900 +4.378
21910 +4.550
21920 +4.795
21930 +5.065
21940 +5.302
21950 +5.453
21960 +5.489
21970 +5.418
21980 +5.279
21990 +5.128
22000 +5.016
22010 +4.978
22020 +5.021
22030 +5.127
22040 +5.255
22050 +5.355
22060 +5.381
22070 +5.313
22080 +5.161
22090 +4.967
22100 +4.787
22110 +4.674
22120 +4.660
22130 +4.747
22140 +4.908
22150 +5.094
22160 +5.248
22170 +5.325
22180 +5.314
22190 +5.237
22200 +5.147
22210 +5.101
22220 +5.143
22230 +5.289
22240 +5.520
22250 +5.795
22260 +6.055
22270 +6.248
22280 +6.342
22290 +6.343
22300 +6.286
22310 +6.224
22320 +6.205
22330 +6.256
22340 +6.379
22350 +6.550
22360 +6.726
22370 +6.860
22380 +6.914
22390 +6.872
22400 +6.751
22410 +6.589
22420 +6.435
22430 +6.332
22440 +6.305
22450 +6.352
22460 +6.450
22470 +6.558
22480 +6.631
22490 +6.635
22500 +6.559
22510 +6.424
22520 +6.276
22530 +6.164
22540 +6.133
22550 +6.199
22560 +6.352
22570 +6.557
22580 +6.764
22590 +6.923
22600 +7.003
22610 +7.006
22620 +6.963
22630 +6.926
22640 +6.943
22650 +7.046
22660 +7.236
22670 +7.486
22680 +7.750
22690 +7.975
22700 +8.118
22710 +8.162
22720 +8.125
22730 +8.046
22740 +7.979
22750 +7.965
22760 +8.022
22770 +8.145
22780 +8.302
22790 +8.449
22800 +8.539
22810 +8.544
22820 +8.459
22830 +8.310
22840 +8.142
22850 +8.007
22860 +7.944
22870 +7.967
22880 +8.066
22890 +8.206
22900 +8.340
22910 +8.422
22920 +8.425
22930 +8.354
22940 +8.241
22950 +8.138
22960 +8.099
22970 +8.156
22980 +8.313
22990 +8.546
23000 +8.806
23010 +9.039
23020 +9.198
23030 +9.266
23040 +9.259
23050 +9.220
23060 +9.206
23070 +9.263
23080 +9.410
23090 +9.634
23100 +9.897
23110 +10.144
23120 +10.321
23130 +10.394
23140 +10.362
23150 +10.257
23160 +10.133
23170 +10.044
23180 +10.026
23190 +10.088
23200 +10.209
23210 +10.347
23220 +10.451
23230 +10.478
23240 +10.409
23250 +10.259
23260 +10.069
23270 +9.894
23280 +9.787
23290 +9.775
23300 +9.861
23310 +10.015
23320 +10.189
23330 +10.330
23340 +10.399
23350 +10.384
23360 +10.308
23370 +10.220
23380 +10.178
23390 +10.230
23400 +10.391
23410 +10.646
23420 +10.948
23430 +11.236
23440 +11.453
23450 +11.564
23460 +11.572
23470 +11.518
23480 +11.462
23490 +11.462
23500 +11.552
23510 +11.729
23520 +11.958
23530 +12.178
23540 +12.328
23550 +12.358
23560 +12.261
23570 +12.066
23580 +11.835
23590 +11.632
23600 +11.508
23610 +11.484
23620 +11.546
23630 +11.651
23640 +11.738
23650 +11.750
23660 +11.654
23670 +11.456
23680 +11.201
23690 +10.956
23700 +10.793
23710 +10.762
23720 +10.879
23730 +11.119
23740 +11.419
23750 +11.696
23760 +11.876
23770 +11.917
23780 +11.839
23790 +11.712
23800 +11.639
23810 +11.716
23820 +12.001
23830 +12.490
23840 +13.110
23850 +13.722
23860 +14.143
23870 +14.218
23880 +13.911
23890 +13.339
23900 +12.694
23910 +12.158
23920 +11.837
23930 +11.715
23940 +11.592
23950 +11.106
23960 +9.910
23970 +7.888
23980 +5.132
23990 +1.967
