-0.000441762767923043 -0.000645184394976372
-0.000527877889771573 -0.000084612250918433
-0.000620639226917223 -0.000889322613919383
-0.000434090015420205 -0.000675115075498945
-0.000267409332937365 -0.001343353047599577
+0.000034910545314145 -0.001119402225190299
+0.000251768192567576 -0.001229351676451425
+0.000154492999399100 -0.000853255175562396
-0.000273069502285135 -0.000458055156229562
-0.000574484314192711 -0.000720727285320074
-0.000609929113797743 -0.000668388064162277
-0.000683696012581447 -0.000819079335913808
-0.000503984808886831 -0.001053193214330456
-0.000478834075681476 -0.000978273178420916
-0.000434949374427409 -0.000996572182183879
-0.000257937237504949 -0.000792484618796311
-0.000284014386089614 -0.001251765928728393
-0.000343005775390392 -0.000415067501309253
-0.000454806657659400 -0.001298755235703006
-0.000505079946395275 -0.000370007977159158
-0.000608040812825487 -0.001366190293452491
-0.000546885303585301 -0.000347537224962814
-0.000514531859247904 -0.001284329288457287
-0.000442398750288493 -0.000357133747098021
-0.000399505845213381 -0.001204801740844913
-0.000463609616644086 -0.000579350045163615
-0.000447286312649091 -0.001121298253580160
-0.000572810374326363 -0.000534437531945941
-0.000496841533015129 -0.001150507407609302
-0.000539674966890034 -0.000558987072456947
-0.000558016315911652 -0.001394703565562519
-0.000486966782843419 -0.000436238835548419
-0.000527557976883635 -0.001823544471887992
-0.000427278546252141 -0.000106224971372764
-0.000515524421714373 -0.002226077542652265
-0.000397096754735003 +0.000147404608092722
-0.000500916999134430 -0.002458917515994264
-0.000393661087409265 +0.000258002644585576
-0.000462832927697038 -0.002576598123546677
-0.000411390534281574 +0.000193172429815070
-0.000434307638134769 -0.002344154308132371
-0.000416404592297500 -0.000307306877099903
-0.000414162463268308 -0.000812670159626287
-0.000552843675222132 -0.004006988855661473
-0.000493830645632716 +0.035231709592984793
-0.000402490960222272 +0.466109627353483991
-0.000319271381722704 +0.831402865095324128
-0.000164473954923380 +0.859699133262930681
-0.000393128011261724 +0.022108945909698648
-0.000211159419144265 -0.524531429444669572
-0.000150878554897662 -0.401701997979296621
-0.000218790708297137 -0.219347228019298068
+0.000289709213213062 -0.143625957532744347
+0.000304877516851836 -0.152140054883546427
+0.000770223405338696 -0.041362174437777274
+0.000734468399586218 +0.129556719860222463
-0.000013385125407974 +0.176560228984251860
-0.002257198305645294 +0.094682956297086202
+0.007275864855599685 -0.039014233925680132
+0.089877499074465309 -0.081833206099636235
+0.210235075934019244 -0.044651382459411165
+0.323594946353721991 -0.031523923237842651
+0.273075606212010213 +0.001903710435250694
+0.059972326627541206 +0.034441589171122493
-0.102278766393800624 +0.015707593031780813
-0.104492215399577759 +0.000697524749943986
-0.062117103148547625 +0.010120340187728661
-0.053913999229206713 -0.023919206822924796
-0.060132053108086503 -0.059778731412320457
-0.027865086842445212 -0.028009727790886105
+0.048472934939385218 +0.011177357553673446
+0.075933924665078062 +0.002325645849115252
+0.047856701619685034 +0.007247189911032363
+0.018648225279973240 +0.004451052913838408
+0.019065405146470496 -0.006192648857580125
+0.014003359858054121 +0.009435942280368039
-0.001901181254403971 +0.022946149725646750
-0.008367968928643376 +0.034042811557351102
-0.000077125561533672 +0.030775358687299654
+0.007142088278125659 -0.000710292503886135
+0.012550047870649804 -0.031107899651495165
+0.000568365847387548 -0.033227578636484664
-0.015598467965844146 +0.004201777168271288
-0.006132078669569083 +0.033259388566321178
+0.010385062246854072 +0.042030230940224428
+0.014439972668670550 +0.046267291125747213
+0.016889934050666515 +0.020452394723408256
+0.011232454194916060 +0.000643217367600813
+0.010205083803835162 -0.005279061206317572
+0.005549846667803113 -0.027216673225346644
+0.002402072461067215 -0.045809124106032773
+0.000332632396600165 -0.060457443992307500
-0.000906667854606607 -0.063285486671506519
-0.000306788917317904 -0.040987865975553713
+0.004603887267569502 -0.004883299348336491
+0.008186898689826853 +0.014262754259906146
+0.012377026699980316 +0.004767264966203427
+0.012752428293853098 -0.012241025266163259
+0.002000133685548657 -0.005698032472735650
-0.007691079500512895 +0.005405399022358794
-0.007494137457852185 -0.001995905151615944
-0.004776099179977883 -0.008588080275804589
-0.004517258160019961 -0.011617720858968578
-0.002693476203929426 +0.000816306735373338
+0.002907473650358888 +0.013968114111622437
+0.010193254262367916 +0.008607817972898793
+0.010296742440066758 +0.003383413300017945
+0.004362228827302206 +0.006359312610835667
+0.000702396221297400 +0.009521462749887180
-0.000146094203409374 -0.001871814413089423
-0.004813076387231940 -0.007382079333689506
-0.010863504010198139 -0.006815948303026065
-0.011072244694959611 -0.007462971821668858
-0.010879666959232578 -0.000489518250606751
-0.013469542260309953 -0.008865828906464826
-0.017144780542634061 -0.006528567816734812
-0.013887901015916837 +0.003780286563629210
-0.007611657764155582 +0.009983953920751097
-0.004152648382726526 +0.009638700021118690
-0.000802538548320425 +0.006925083392515429
+0.003039919357052862 +0.011536360250883997
+0.005683823208505971 +0.007098501606163128
+0.007353410088135613 -0.005729547209680596
+0.002662836867878451 -0.014066859029082120
-0.008748021246233301 -0.015923077706523431
-0.013767391845945848 -0.010986902576410600
-0.011311709384564075 -0.005363005092282257
-0.005613242816806710 -0.002190914936606867
-0.003681034681960934 +0.003731269189142552
-0.003869194673008758 +0.009814496530086567
-0.001760470477365745 +0.009025394957497074
+0.003848672987782638 +0.007648687361032694
+0.008987720257301636 +0.006738183958264169
+0.008346978301018710 +0.004651112217464870
+0.003561499401517697 -0.006423163177409558
+0.000380517109161402 -0.011978210113681026
-0.001278751086630853 -0.013010986117765026
-0.004216545946352485 -0.015102897958627483
-0.006970685636844059 -0.013920115168469980
-0.009241014538850373 -0.014756824606848993
-0.007540331381312381 -0.012395824356297089
-0.004320805759073714 +0.000785054045457437
-0.002352670673820979 +0.008644665654785475
+0.000191662817082506 +0.007786777943398040
+0.004214636876227877 +0.010307825322113297
+0.007159551921300154 +0.014030904998574763
+0.006726538132925684 +0.010783026667727074
+0.003690124011102116 -0.002961594875130669
+0.000705990687266314 -0.013656201151128079
-0.001991322143223296 -0.015298960073788902
-0.005472896543131704 -0.016165185720862601
-0.008759354369679020 -0.009776136294344536
-0.010767823157956958 -0.015014114447938045
-0.010179160918157786 -0.010758964004251650
-0.007409744556393193 +0.002664153508288110
-0.003218714374450170 +0.008677776022121522
+0.002440600997929650 +0.011010065400880590
+0.006003783656298155 +0.011061347457813210
+0.006855801750804641 +0.012123668486441259
+0.006223408814271379 +0.005167914538150880
+0.004116708990450196 -0.000996243580491970
-0.000532956410158497 -0.008107897029762104
-0.006528186985988234 -0.016629916984895660
-0.010295429293674496 -0.019759454527231692
-0.010090161540785184 -0.022752934616993535
-0.007082970548837490 -0.016045888715341031
-0.004378767482540822 -0.011257902142556987
-0.000832665966033545 -0.004389335484834303
+0.003625582025558140 +0.003900900223163530
+0.006896937955015624 +0.014997213262703358
+0.007366563932769018 +0.028886975641509577
+0.005506438134546652 +0.019038791230297544
+0.003350143138907062 +0.009600299274847755
+0.000861587434803521 +0.006261547352183573
-0.001534846832873996 -0.001159062264013661
-0.003444436762629363 -0.006853241468511115
-0.003934153438572950 +0.002718298630216991
-0.004556169126897632 +0.000304476840602133
-0.005373061840128153 -0.000114421843308773
-0.005283215414646739 +0.008257277115245244
-0.004764645908034458 +0.002795820790510523
-0.004153012355615934 +0.001928301379529172
-0.002496052637989233 +0.000656371617572860
-0.000001465384272151 -0.004846313118404142
+0.004202901951551262 -0.004042094374014222
+0.007268385530938080 -0.004706103591285541
+0.006995132676574046 -0.001660909330979768
+0.005669366761950621 +0.000741392670288688
+0.003771936240423726 +0.000557811834571594
+0.000910927160820300 +0.003284051662986304
-0.000102998602536802 +0.002456215882874662
+0.000141298823967635 +0.000913940870423709
+0.000916650382004554 +0.002622899685084436
+0.002779044363203607 +0.001153446775543031
+0.003034456741748964 +0.000099070213979086
+0.002914052368127524 +0.000700606356184983
+0.001514131550858107 -0.002071527988207981
-0.000279396760993550 -0.002882509093979491
-0.001725416414022300 -0.002940007631874925
-0.003189155640172199 -0.003806649093751175
-0.003358855300706428 -0.002602298926387299
-0.002413586208875062 -0.001496240643054457
-0.001352897569296544 -0.000253841645089727
+0.000486712541954900 +0.001828663562477634
+0.001670034174082075 +0.001699071287344445
+0.001727851463547423 +0.002004705632633160
+0.002076766172614918 +0.002523452765252843
+0.001560095925752684 +0.000817812103226252
+0.000814757366655426 +0.001302166690680562
+0.000425877044146153 -0.000727175278934880
-0.000868151311454107 -0.002273155252793298
-0.001491255357327275 -0.001302937621314254
-0.002034349886380327 -0.002208174659290405
-0.002415052399184970 -0.001297912477869438
-0.002027794598623224 -0.000799437135242636
-0.001831660038233963 -0.000254270528115170
-0.001249957109201920 +0.000695417756999337
-0.000152478678581659 +0.001658206895178347
+0.000642517677856942 +0.001708366568072682
+0.001416567286286047 +0.001584287398030121
+0.001762788386536936 +0.000801332520822708
+0.001396149586088401 -0.000983614827037276
+0.000896587897106763 -0.001145605615288180
+0.000045033596548247 -0.002728508361835744
-0.000912667924237623 -0.002593781952563524
-0.001361327662475460 -0.002500242971249715
-0.001598188286843494 -0.002422507769895524
-0.001445014738556995 -0.000852144475756680
-0.000956809957806223 -0.000514247816772628
-0.000323763623639956 +0.000940635488221496
+0.000408616531383530 +0.001215720017463775
+0.000927279723419685 +0.001655939393178631
+0.001068932277975632 +0.001240444267579043
+0.000890510447586673 +0.000478588373746259
+0.000532820450394317 +0.000187856518981157
+0.000085663425104256 -0.000805030835461990
-0.000336174849062732 -0.000632708620009904
-0.000784641398027704 -0.001212315903768288
-0.001115420161772276 -0.000760081749482278
-0.001144031076032783 -0.000319941646708941
-0.000934800059443134 +0.000244866736940045
-0.000619287998916526 +0.001321171948990869
-0.000269899232653309 +0.001568720958531943
+0.000126857046046417 +0.002007838407972556
+0.000420210766945276 +0.001749342531566177
+0.000703235497746522 +0.001260249274474365
+0.000624404878571407 +0.000461400311512811
+0.000270278935695259 -0.000737465778254766
-0.000074959235997195 -0.001757315229259016
-0.000460960714835386 -0.002119067675645581
-0.000604180403751704 -0.002298321918987983
-0.000642881912955420 -0.002106194851419287
-0.000494591137149432 -0.001437996684167553
-0.000167217996140456 -0.000801442951003535
+0.000233690814644015 +0.000193073593724588
+0.000688792618446236 +0.000774220571577759
+0.001030114325733432 +0.001347523128272622
+0.001110620190004752 +0.001454846174475207
+0.001038149511319821 +0.001191210196468672
+0.000751792663651717 +0.000848447472928598
+0.000277206476284333 +0.000342056042993939
-0.000151148406721737 -0.000294881566350007
-0.000648734579403570 -0.000756067425624999
-0.000923831011699722 -0.001005193486543613
-0.000997511417862307 -0.001154848530474191
-0.000987191905440015 -0.000754071066899142
-0.000715279597281899 -0.000667770692449793
-0.000386985225994318 -0.000035425664837084
-0.000039396679743629 +0.000410946665121490
+0.000268808213933879 +0.000633035965903061
+0.000393529471321263 +0.000679681756338506
+0.000459701001849300 +0.000304210261180503
+0.000420311248889479 +0.000402296967328949
+0.000260226069193699 -0.000236518752169009
+0.000118250146543134 +0.000041985201537947
-0.000085254874011287 -0.000273804545314407
-0.000263226258847601 -0.000402245380167070
-0.000322130421424371 +0.000049751449676160
-0.000356555040783812 -0.000229734737843401
-0.000253336981269274 +0.000211603399372789
-0.000142533071663998 -0.000000757226333579
-0.000034899476359205 -0.000008648362636782
+0.000112644712315961 -0.000165727703793028
+0.000176549762090771 -0.000314694253217200
+0.000176463225717662 -0.000331696439008185
+0.000083614030537004 -0.000609730683218184
-0.000049567395912830 -0.000386378303291739
-0.000156758334511250 -0.000588782797964853
-0.000198264782833290 -0.000166230521453381
-0.000185304858911145 -0.000259344945406937
-0.000095396191421439 -0.000041935281978864
+0.000021249201965186 +0.000191936956910470
+0.000127645636430432 -0.000017609498103424
+0.000217206021719734 +0.000502627151699747
+0.000190148652723600 +0.000098783942722201
+0.000107722774681031 -0.000038443773941206
-0.000056075328884694 -0.000165974431174617
-0.000223501298603103 -0.000640819949638084
-0.000353421007997479 -0.000781044115523593
-0.000421493826005717 -0.000579153514635658
-0.000398132191791367 -0.000651260815168676
-0.000326647042382390 -0.000396495490426974
-0.000172124813909452 +0.000210512750920516
-0.000053943497722082 +0.000055763076013932
+0.000051162865807614 +0.000553561588424860
+0.000136558629462111 +0.000536014731454926
+0.000129394104337077 +0.000159104308759428
+0.000134296680039671 +0.000313962289630043
+0.000085451799751417 -0.000301234738683070
-0.000014478710568944 -0.000390220221371418
-0.000108756714085569 -0.000430312873801918
-0.000215196366710526 -0.000762472635636030
-0.000346264419234432 -0.000468473850418705
-0.000364862286040314 -0.000493566816022806
-0.000369359393397354 -0.000509045334380238
-0.000300789444297886 -0.000063182598663176
-0.000116936552989569 -0.000193551059869915
-0.000009061416529260 -0.000021230404691618
+0.000160973782467072 +0.000174241012328831
+0.000228652206182439 -0.000141886709854343
+0.000207202082510814 +0.000034439317497702
+0.000181241778819903 -0.000160958549001910
+0.000023168038500925 -0.000336850809080751
-0.000102318998383550 -0.000266151215682003
-0.000201099797986666 -0.000416512376384990
-0.000306579236545704 -0.000366481278395087
-0.000287820074986646 -0.000193785404718008
-0.000252418266185196 -0.000197035647033771
-0.000221813732524827 -0.000063521181570612
-0.000107632135584484 +0.000114553952206692
-0.000075418173776534 -0.000076825097156107
-0.000040760489505530 +0.000117942970656195
+0.000011630211870263 -0.000082629693445616
-0.000054629866278024 -0.000246437357552570
-0.000053909122944898 -0.000159229666901368
-0.000098405530882753 -0.000488771324893215
-0.000164740526078587 -0.000348984732198101
-0.000148821745202831 -0.000406526755989903
-0.000186282036675959 -0.000394321194716282
-0.000168477811431047 -0.000244340511338609
-0.000113000178765263 -0.000189912170976327
-0.000097798826006155 -0.000095827049794646
-0.000031724936083430 -0.000031254630022473
+0.000011068473268182 +0.000014303270679419
+0.000004181997631749 -0.000108728730718575
+0.000019212723424371 -0.000040221918826782
-0.000033877467890159 -0.000262936809308972
-0.000095520140007151 -0.000286713237331431
-0.000130854215689959 -0.000323176905730525
-0.000201617998555316 -0.000481388586063216
-0.000214516418053374 -0.000330465904259580
-0.000214903903418390 -0.000435142425614477
-0.000199877410077391 -0.000299176310220967
-0.000141330160673805 -0.000243256556329111
-0.000094316951871497 -0.000207611696530687
-0.000050737915917978 -0.000117824705416490
-0.000019391646613181 -0.000151472335429092
-0.000020271761797335 -0.000128484179309467
-0.000040202428542053 -0.000196233361001262
-0.000067165293338299 -0.000199373094793060
-0.000119950856893135 -0.000288108001279185
-0.000157545459679340 -0.000290672346782757
-0.000189202583930088 -0.000327992009222638
-0.000209691417644049 -0.000344414826591509
-0.000200833151242423 -0.000286871372875499
-0.000190856937462497 -0.000314227956157431
-0.000160345445872734 -0.000246834945280799
-0.000133564922202402 -0.000242336667553439
-0.000104936470489367 -0.000238464894325769
-0.000088725007712235 -0.000227427702802200
-0.000085427335061462 -0.000256119193311193
-0.000091634500721446 -0.000289571013176301
-0.000115608961516700 -0.000294185324584830
-0.000131388245155909 -0.000330447023344281
-0.000156795897671963 -0.000328272121680876
-0.000167805127456481 -0.000308631784582105
-0.000171133952683796 -0.000322954408025432
-0.000170082225332825 -0.000272012988026755
-0.000154657812403131 -0.000287713695201737
-0.000141973963325914 -0.000270736266907752
-0.000130960430640779 -0.000282348073612194
-0.000122280473461867 -0.000308396574672209
-0.000124466880246577 -0.000331905540654213
-0.000137397643621751 -0.000357205544792617
-0.000146508085819491 -0.000381081388120607
-0.000168611838849639 -0.000397967897441055
-0.000178854536947932 -0.000366119910855280
-0.000181858990094553 -0.000393087544502199
-0.000186831003061664 -0.000317560718915076
-0.000169220984451008 -0.000324329464485133
-0.000160006753576263 -0.000287508270424562
-0.000145249107287639 -0.000247324287477443
-0.000130945338713673 -0.000285899660550224
-0.000134985867299096 -0.000249735237348958
-0.000139083108403847 -0.000329808275930675
-0.000154627123523627 -0.000328306153714738
-0.000178446976140956 -0.000398255136700565
-0.000193703967686155 -0.000416486932717044
-0.000211992657696613 -0.000427000034215090
-0.000222702397019247 -0.000462831587096693
-0.000216515706380296 -0.000397952407001504
-0.000213316326938764 -0.000430320672029834
-0.000193197100093132 -0.000352223645173852
-0.000174408830970676 -0.000355165163132776
-0.000161236307686919 -0.000337114815182797
-0.000143457106289160 -0.000320337007864152
-0.000143287302859912 -0.000361802010626604
-0.000145392112755591 -0.000350374327776642
-0.000157288766634149 -0.000411094246522017
-0.000178004661425733 -0.000406850840741270
-0.000197403163253137 -0.000453737268409471
-0.000216520571098196 -0.000443263448142266
-0.000230697115270852 -0.000455788422620242
-0.000234289393574382 -0.000453509818851955
-0.000231472220223689 -0.000416647862376246
-0.000222931754811368 -0.000445279254364087
-0.000206358431668620 -0.000386099902902025
-0.000196836053695817 -0.000415542868554428
-0.000185269884504688 -0.000407363925274161
-0.000183568742973306 -0.000403658921736647
-0.000189291940598693 -0.000447520738830726
-0.000197223260385353 -0.000446285586058658
-0.000213073240521731 -0.000469485648265602
-0.000223484600880060 -0.000488658954735572
-0.000235286650283063 -0.000488307047179902
-0.000238883856390944 -0.000476183891175479
-0.000240082193071581 -0.000492621323110551
-0.000237302017547179 -0.000453878407878912
-0.000230387749388272 -0.000460211921710925
-0.000227927872372785 -0.000466865872609960
-0.000222177017610624 -0.000440676028204828
-0.000222907475781415 -0.000489147566906198
-0.000225679219293675 -0.000482236508115415
-0.000230526808950983 -0.000498570940383072
-0.000237787417187820 -0.000536781204099820
-0.000246850146670003 -0.000520950832925575
-0.000252077697906803 -0.000538621849016568
-0.000258361938795397 -0.000554393402648477
-0.000261498047861139 -0.000515114484872844
-0.000257100639137693 -0.000546444837782840
-0.000258664522123293 -0.000524912722870429
-0.000250428999669633 -0.000506751660476732
-0.000248397228031155 -0.000549269724115885
-0.000249646546157367 -0.000510054934283003
-0.000247211770949815 -0.000549207795297213
-0.000257793302578600 -0.000561857250022849
-0.000263713496647684 -0.000553557149541876
-0.000272194962689980 -0.000592396650335963
-0.000284371160764841 -0.000582803911133475
-0.000287137944294434 -0.000589339426381698
-0.000291258995158946 -0.000604914962564209
-0.000293158575414619 -0.000596456159808636
-0.000286990759189944 -0.000590281984125435
-0.000286695126919405 -0.000609012662962974
-0.000283630415750098 -0.000582614623448940
-0.000278922705826960 -0.000598780527761479
-0.000285939205837081 -0.000616009348723202
-0.000285119934634703 -0.000592579720066777
-0.000293104167510771 -0.000645650136496770
-0.000303119712192212 -0.000622006474054972
-0.000304926849301352 -0.000645869197781248
-0.000315951627943438 -0.000661570317892175
-0.000317776263019981 -0.000648615631849675
-0.000318495328131903 -0.000669519079847265
-0.000323576551068712 -0.000663023445102771
-0.000320892213875450 -0.000661309004607253
-0.000321115778446289 -0.000675035097690740
-0.000323149703212302 -0.000673374372954313
-0.000320629414110798 -0.000684434306056385
-0.000324525929714727 -0.000693404332813591
-0.000329111792219071 -0.000708894895469398
-0.000330737419332885 -0.000700885131044889
-0.000340281901075825 -0.000736634939939274
-0.000342775046922868 -0.000710630321479365
-0.000348007239551948 -0.000739162258636778
-0.000353785794581207 -0.000731993451879099
-0.000352926903727888 -0.000728818613579421
-0.000358071954504958 -0.000747299966812057
-0.000356697005481087 -0.000735020814345452
-0.000358605751735012 -0.000752977051586634
-0.000360890319787987 -0.000760321025032264
-0.000364381005533046 -0.000764668302844168
-0.000368813168436807 -0.000787090587841053
-0.000375185704107438 -0.000785600572121259
-0.000380849645023530 -0.000808883865895277
-0.000385227414081226 -0.000802353673678138
-0.000391829395930459 -0.000826193598653800
-0.000392289109159838 -0.000810024285484944
-0.000396323403166851 -0.000832975980384657
-0.000396492120602638 -0.000822780978517703
-0.000396655570843939 -0.000828093835607398
-0.000400010380854184 -0.000844909385054335
-0.000398935568637955 -0.000829788900844720
-0.000406128598433866 -0.000868904594928749
-0.000406884653184743 -0.000848919246151658
-0.000416633663651963 -0.000891454764228014
-0.000419264341214877 -0.000874655898746685
-0.000428672407903900 -0.000911921781570190
-0.000432174374473808 -0.000898945699334401
-0.000437902635045338 -0.000917462668708124
-0.000442133684408662 -0.000934635382880289
-0.000443060670993334 -0.000932053819146566
-0.000446318315651393 +0.000342588323215744
-0.000446616877283217 +0.000695696289398620
-0.000448789115131571 +0.001148618239339177
-0.000447379603578236 -0.000816526938604688
-0.000363884449652272 -0.001315394913481024
-0.000488292403580641 -0.001843242623236808
-0.000473856085046411 -0.001526091525139273
-0.000391579728897490 -0.001151307536015379
-0.000413268153237861 -0.000763513036064379
-0.000342907230561369 -0.000650293027302243
