-0.000758876486582271 +0.004508762827539519
+0.001802654646911931 -0.003981679796415384
+0.000605192443055605 +0.004004658299405469
+0.001659170894870608 -0.004509765517725786
-0.002139238741528115 +0.002959047492581137
-0.000311476663448601 -0.006670183511617257
-0.002524156757640297 +0.002888732750189386
-0.000001058265465100 -0.006675203931646827
-0.001584149013383966 +0.003205501904830925
+0.000636041745939729 -0.004651390849054064
-0.001392121266733610 +0.003522086249777748
+0.000985357531936462 -0.004201793706207008
-0.001289769853396900 +0.003182138253587036
+0.000700181217228642 -0.005391240969359653
-0.001982396729594345 +0.002325887318736595
+0.000182078345684581 -0.005845841523875827
-0.002071050144531544 +0.003315444691604469
+0.000113746534704185 -0.005816038326058284
-0.001700697697670013 +0.003769292572621191
+0.000629996529433220 -0.006010606047400391
-0.001539783461678732 +0.003769957930705648
+0.000793363939760332 -0.006412137950008405
-0.001744225084808691 +0.003908670760298812
+0.000242628452117621 -0.006268650575780233
-0.001883085648790904 +0.003807663540669345
+0.000250117176494568 -0.005326190363155955
-0.001797511147634252 +0.003429982182472098
+0.000294531181978968 -0.004973559941633484
-0.001907881958841271 +0.002743528963819508
+0.000465997901809966 -0.005381685080836574
-0.001966084925209948 +0.002801957102084779
+0.000618945260539447 -0.006169137689827416
-0.001892709610531201 +0.003991634930083974
+0.000583795665333960 -0.007237942248859723
-0.001840045417970641 +0.004970323488661706
+0.000538899875738893 -0.007876754781160010
-0.001857672207092549 +0.005307270600028375
+0.000481107537075258 -0.008141543432470321
-0.001949737758689490 +0.004881353325631541
+0.000310709144797055 -0.008022447504640828
-0.002101768536875961 +0.004803827310610618
+0.000184354905528684 -0.008228578568597641
-0.002191838784231779 +0.006663810053828989
+0.000463496684229157 -0.009844765342049231
-0.001933957686130350 +0.010790528446289022
+0.000848053180376547 -0.009086736553001124
-0.001987626248627294 +0.307101068321256554
+0.001096605312702839 +0.581459176960814395
-0.001758226160431567 +0.806958288661344891
+0.001337449810807540 +0.531154175959054897
-0.001171719211883412 -0.337551935692655125
+0.001345829138136194 -0.678494270757434403
-0.001661154075491391 -0.361245566541267105
-0.000152617835744427 -0.064375880375712569
+0.009363326144168307 -0.077426792095647110
+0.110993767348453551 -0.074701317204887513
+0.215979420852874804 +0.076683528354451233
+0.337297056777659865 +0.191120924646176193
+0.327023790185263952 +0.138341639859839383
+0.092142068310018060 +0.024013450408888429
-0.154084410586858817 -0.064756768602390269
-0.158121384697484157 -0.055348916025284932
-0.068770644863003105 -0.041771769716262806
-0.041162907056414955 -0.057297760912920048
-0.054121032098275124 -0.010163640236657794
-0.032739619640865678 +0.028770825676073114
+0.046562396871051848 +0.027333853893049310
+0.088431776912885091 +0.030906156762179102
+0.058239829497347878 +0.015941236488596713
+0.001488288148044491 -0.029248406617244573
-0.010054587017861907 -0.055354168026442073
+0.002826907491837509 -0.012434253129211179
-0.006587980937226721 +0.017230706431978812
-0.020269437755504258 +0.003301396114339547
-0.007945497839294267 -0.000135998767644474
+0.009006904106708940 -0.011040325407764669
+0.022936974313570772 -0.012323207390761835
+0.019999031456138308 -0.012425349315172668
-0.005812090221432034 -0.005761113500715081
-0.014457886512514978 +0.015576434640774460
+0.002250698049894026 +0.042047277284262920
+0.014248653103689061 +0.044941425730505663
+0.005036680183096928 +0.017872500374904749
-0.009632554258457927 -0.010514027084639666
-0.005067348283816275 -0.018237349067194895
+0.003729121061439768 -0.020225454366518465
+0.008682811852535829 -0.001585772499394429
+0.011264012803524483 +0.030832222148586736
+0.014901240506889622 +0.047929963226560193
+0.018561554646965378 +0.029244169018393520
+0.015278504447957275 +0.005757601418171814
+0.003262191375103768 -0.000182361478867496
-0.001056470501208598 -0.006591842720918836
-0.003389736178978814 -0.033861251044787447
-0.003208279196518278 -0.045921287259028318
-0.002769101238860099 -0.044524243404950363
-0.003235208712306004 -0.026844580693199706
-0.000252876613343801 -0.016379743231661675
+0.003627266163182125 -0.009392422788093862
+0.008526631367888525 -0.004059499035840353
+0.009808828280057229 +0.007154832208551750
+0.007701599267772921 +0.001150099070049124
+0.005612787484867191 -0.002440964394557487
+0.002555278340937115 -0.011038504417871419
+0.001695732429267590 -0.006983841867546616
-0.000319550986990155 +0.006146047026968140
-0.004599677799856391 -0.004340011723966777
-0.010147215095622514 -0.005845378316128986
-0.014894488094795769 -0.013186518492818341
-0.015247364507366948 +0.000932172402999228
-0.008992881262989794 +0.005055159589581304
-0.006245945297052544 -0.009695857305854982
-0.012922256652983887 -0.004193423901510777
-0.014590929091113904 -0.009697363298506775
-0.009796796319664819 +0.000543145249072940
+0.000031127296233255 -0.006080179260301703
+0.004176544649257744 -0.002688390159383925
+0.003774814221045729 +0.004483728412234381
+0.003028006922554904 +0.002575689063996986
-0.002134159014249938 +0.014018023793041982
-0.002003622842468118 +0.016073373525814595
-0.004155562975866459 +0.014523117075113841
-0.016691996274964229 +0.003539135029686618
-0.023215613128780219 -0.006844672265612212
-0.020919627292257017 -0.018140530820179895
-0.012706328001308031 -0.020220384058152584
-0.006154935126893187 -0.014451683794745315
+0.000780781608843628 -0.018286268084424705
+0.009014518307766098 -0.002136138991793962
+0.017487140059961274 +0.003218567898824443
+0.020003609781953431 +0.008181213250932372
+0.012415583242017315 +0.001526551032657900
+0.000804595538144422 +0.004476187728162629
-0.008853007887691390 +0.009245063624841012
-0.012444099308501853 -0.000149742780921880
-0.015810163577375302 -0.000412047010607936
-0.015686133268560790 -0.005599078379539837
-0.011021896473251582 -0.006601284228986701
-0.005310773539161230 -0.005257582852902050
+0.001570599474423448 -0.011788932092129473
+0.005518626999092890 -0.015250787502625795
+0.007204039763162186 -0.012948968668530958
+0.006142600297473657 -0.007484850809413255
+0.005177083417599427 -0.014917918771856000
+0.002501379527635070 -0.009330111241189400
-0.001700093984783743 +0.003218930827380847
-0.004527116332287846 +0.010207511952490899
-0.006538779285856619 +0.004522388680134397
-0.009440712825607643 +0.001578129418623131
-0.010809728251726406 -0.000879618177128773
-0.010190397321769585 +0.000583236917585321
-0.009484111925730201 -0.002639341745259849
-0.006259741300360239 -0.008961361993600429
-0.000821302437001403 -0.015973962886898958
+0.002839199273325408 -0.013307582761691628
+0.005137769223782182 -0.010871871161266108
+0.005122141217334856 -0.016077879791978673
+0.004343594920699631 -0.008255869452091967
+0.002962305505068100 +0.000801097745141390
+0.001349360911985511 +0.005909480331615557
-0.002981438039584051 +0.010289383692861795
-0.007031732280060844 +0.007100597940244311
-0.008685052873883492 +0.007404318160711840
-0.008568666938627950 -0.000680815393749861
-0.008732886540530503 -0.004706073551994957
-0.007495864865163977 -0.012027879379866215
-0.004757689482403776 -0.017976453869906928
-0.002350306207883152 -0.029639215363762232
+0.000696229710907384 -0.025090903575064293
+0.003873291351557514 -0.021732789225359254
+0.005747756307077962 +0.018920919459161641
+0.005414275576477810 +0.040797330935677889
+0.003431459872047308 +0.026994283859197644
-0.001029937983213584 +0.027503101361852064
-0.005108167727812962 +0.008828605961354249
-0.008196941109587803 -0.003218937886120730
-0.012086850466865919 +0.000604164989776862
-0.013322422392146286 -0.011237259100641911
-0.012829589043941689 +0.000603538081982935
-0.000711060056062908 -0.001812349328169857
+0.010790439918164467 +0.008456270760162234
+0.013992742851766778 +0.014530087726046083
+0.013746929308653278 +0.006663004224938408
+0.009601482248673932 +0.008178845543634131
+0.005191997875527384 -0.001599866184438088
+0.002080103754968289 -0.006433413182563776
-0.002414624826413737 -0.007293896430916715
-0.003551260831869449 -0.007650440339344650
-0.001246151964635379 -0.004910986835526397
+0.003166577104471380 +0.001416561640656410
+0.006742413171678834 +0.002804421144129980
+0.007962931536352138 +0.001435653082874652
+0.005306620396945482 +0.003496024426184150
+0.003542841145173001 -0.002113563671159481
-0.001179069555200654 +0.003757737500212091
-0.003671263741437588 -0.002909972595659402
-0.005262404689657021 +0.002420295627098725
-0.006181305266757170 -0.000553424348150276
-0.002935911519627237 -0.002821629885248948
-0.001463702709225465 +0.000291655921552193
+0.000187614174852396 -0.006013216794565077
+0.001892851680051265 -0.001843476296159335
+0.001793171919997742 -0.003375740458275209
+0.003450616836157262 -0.001192200146385026
+0.002197842417382419 +0.002972878868811077
+0.001923492451066224 +0.001095421222715400
+0.000540174216477575 +0.006367757195640141
-0.000919918184891880 +0.000433357209424397
-0.002097493648757918 +0.002854600489768312
-0.002776853039726078 -0.000300468052146813
-0.003560554727512637 -0.000704510308644740
-0.002960226850342714 -0.001806092459857245
-0.002639724943364245 -0.002976476934176947
-0.001471321855831017 -0.002626469287463357
+0.000142503776827459 -0.001951189948341011
+0.001232743502716646 -0.002135479623550767
+0.002441105330668195 -0.000401201790243738
+0.002873066634687207 -0.001591684888287417
+0.002118734744917810 +0.000896138959526566
+0.002134758629214367 +0.000145984190038029
+0.000104569529469485 +0.001152994408180728
-0.000511897891564167 +0.000658006007134336
-0.002004964369809345 +0.000695119241895789
-0.002337267574579755 -0.000556397749590566
-0.002391496097295530 -0.000231039380796514
-0.002049683705583501 -0.002603042639483369
-0.001316528506968729 -0.001480049355010689
-0.000248029491035771 -0.003466804804476658
+0.000277739069933742 -0.001298901910404815
+0.001545523388142023 -0.002754602485092305
+0.000930396337193555 -0.000020128074057487
+0.000850248868416519 -0.000357272372648078
+0.000421997328834677 +0.002034803124173956
-0.000073528933583324 +0.000851595329912173
-0.000630182714563403 +0.002683838651993106
-0.001257252398169639 +0.000944489359957626
-0.002087451917516934 +0.000628537150224068
-0.001855071776670586 +0.000826618014708743
-0.002000699490536448 -0.001244538219160762
-0.000693763046984177 -0.000580442474135225
-0.000563752894656282 -0.001335698127934601
+0.000452367717476775 -0.002047668732279462
+0.001040734840298843 +0.001501474692939921
+0.001912393821948717 -0.001970989374822744
+0.001271454645978468 +0.004655714766125330
+0.001458520244188618 -0.000692636630790877
+0.000266053547336744 +0.003460562208293181
-0.000292906783571966 +0.000833079446560850
-0.000864474134224644 -0.000189956708608595
-0.001434195168002795 +0.000628649148148240
-0.001210991556350627 -0.001790157522066192
-0.000739339629156055 +0.000234537512064871
+0.000014841277876460 -0.001805311327276984
+0.001227652620980213 -0.001413597092889698
+0.000978275487080137 -0.000367117587198842
+0.002065204548676186 -0.002497926600177387
+0.000901458672003874 +0.001160245081346522
+0.001121912549287362 -0.002827055284575521
-0.000025960626361851 +0.001703828225080799
-0.000184331504546889 -0.002192293940316075
-0.000836186884644451 +0.002614281594301650
-0.000919198537726180 -0.000640528606124266
-0.000913505077476285 +0.001327189235684322
-0.000921960976916400 +0.001366145224126198
-0.000652205808825497 -0.000382949467202063
-0.000387933992645206 +0.000898157889613455
-0.000460303754861128 -0.001404852091470172
+0.000004023196608627 -0.000415151758917481
-0.000318966782364012 -0.000306602584253678
+0.000608066874483685 -0.001448597837211727
-0.000146185414707533 +0.001794013905343738
+0.000829418118993672 -0.002387659034260407
+0.000004852264210174 +0.002714406986172438
+0.000347972960580238 -0.001851720460588079
-0.000140485071497910 +0.002167474439281664
-0.000122353528470596 -0.000578762561789348
-0.000287934206856467 +0.001131388792277241
-0.000217559518693569 +0.000156168900139572
-0.000168645456895557 -0.000610395710436825
+0.000019235643116118 +0.000071039215996036
-0.000129298843431133 -0.000994432544982247
+0.000357374921329642 -0.001382064258106433
-0.000239588874084529 -0.000043495262002957
+0.000358889251851806 -0.002291346010508503
-0.000299456109073530 +0.000998907357058223
+0.000329085379852751 -0.001694983978729534
-0.000359257205355289 +0.001478457748950607
+0.000194955511873354 -0.000422598699709772
-0.000211777363736311 +0.001367455059672690
+0.000075024468247917 -0.000383842592216016
-0.000297498368863286 +0.000205005127284866
-0.000084922665253798 -0.002900037032576607
-0.000465416822528865 +0.000297662562578725
-0.000060270621454179 -0.002219018919919287
-0.000353371628822927 +0.001078054927723903
+0.000046693325338928 +0.000652689825042506
-0.000311066769717091 +0.001270398817557393
+0.000141416329298301 +0.000332600203040864
-0.000367803376799502 +0.001390074770756539
-0.000125196158318468 -0.001875730452290167
-0.000995647063630752 +0.000730417226221996
-0.000373936435943263 -0.002859515551911701
-0.000729627685791714 -0.000335751989272881
+0.000124097835604134 -0.001176327439078778
+0.000250260249779015 -0.000515316630798734
+0.000782364551433230 +0.000535356907851781
+0.000426281410815940 +0.001057356522807751
+0.000859054401815595 -0.000725560000912284
-0.000267642943752451 +0.002876985223183526
+0.000054661489991423 -0.002894243093524686
-0.001061099308036192 +0.002617311939527536
-0.000736845045179541 -0.002591526911006774
-0.000949791665797450 +0.000696993004011007
-0.000545341601535659 -0.000731491594460509
-0.000243031069449312 -0.000948136257626228
+0.000326097079185572 +0.000068221863736896
+0.000139563218898381 -0.000872062038515593
+0.000839076227854368 -0.000728724018781442
-0.000023716073653118 +0.000616135071885342
+0.000559797717508751 -0.001698044106307306
-0.000373107389810490 +0.001827696733251659
+0.000102485691029105 -0.001901138778257205
-0.000656070314667637 +0.002138981424982579
-0.000100322973226021 -0.001991406593538766
-0.000780244780362073 +0.001885047933145641
-0.000093887316581851 -0.002269431318986617
-0.000623507128662968 +0.001199536524334459
-0.000070534200246837 -0.001880560945982139
-0.000241234903260054 +0.000311141841024817
-0.000020602787678131 -0.000730104993010541
-0.000050987794407700 -0.000330614309295004
+0.000203360970224244 +0.000130329551967632
-0.000263362320414769 -0.000052422828622314
+0.000425640756790075 -0.000373827804838660
-0.000660406351204858 +0.001201458400275154
+0.000341159048143723 -0.001978096640100157
-0.000841358593607077 +0.002448741567754410
+0.000059143551170821 -0.003142483344353294
-0.000617999718996023 +0.002511751277775530
-0.000069333111039071 -0.002881765889389833
-0.000293580340540272 +0.001400861305696886
+0.000101410367513490 -0.001606343524350394
-0.000131107994305531 +0.000156585600025114
+0.000289264740558205 -0.000502907315718878
-0.000198159195684015 -0.000224018720111279
+0.000262383810121240 -0.000468535885427535
-0.000432955325403319 +0.000463990871363730
+0.000137988242573653 -0.001319929803871653
-0.000669780216522450 +0.001434183513131423
+0.000087930828763840 -0.002201098768325251
-0.000778170201929211 +0.001869057621437362
+0.000197280949904652 -0.002586421806815398
-0.000670311789011934 +0.001632941145204916
+0.000219754478425818 -0.002318334761847364
-0.000423514556802749 +0.001128766924086164
+0.000125342806354228 -0.001777810803055072
-0.000263534165883268 +0.000915204416330253
+0.000094268292374439 -0.001485526501394210
-0.000359429867881177 +0.000972018247649168
+0.000115026439363953 -0.001392334185277644
-0.000608963829419784 +0.001074790612182804
+0.000154767271702705 -0.001533641101128778
-0.000761917469687156 +0.001190612587244197
+0.000116796671264395 -0.001912679430505232
-0.000685021609811423 +0.001304501795706178
+0.000107720914152517 -0.002180689500514703
-0.000544706971281220 +0.001387976855540318
+0.000212505912018232 -0.002113545727720573
-0.000476532488479686 +0.001286145357778844
+0.000278547772770308 -0.001768145876515524
-0.000489844055370872 +0.001009060329236684
+0.000215127630220523 -0.001732511185812968
-0.000585121818246717 +0.001147094206881794
+0.000108439368115339 -0.002209306737862097
-0.000648050523362082 +0.001654581300399337
+0.000099285449543685 -0.002656806837933439
-0.000636772772201090 +0.001861077594602198
+0.000189072352700479 -0.002479267112035531
-0.000571565281166298 +0.001448171563785338
+0.000208044513985609 -0.001758023633196713
-0.000534410479690679 +0.000703498383631641
+0.000144110753141800 -0.001260849070219930
-0.000611330324835821 +0.000512993172674586
+0.000124338969815535 -0.001592439759190135
-0.000741208805300081 +0.001122981148946546
+0.000175654341227642 -0.002380943072576148
-0.000798161174109838 +0.001919244024772901
+0.000251471945840964 -0.003037945455465783
-0.000735885361477754 +0.002315493396058668
+0.000236343431850574 -0.003178724057417464
-0.000614645819929159 +0.002063699990646811
+0.000147770113442140 -0.002652041236967578
-0.000547224385705705 +0.001394474188018090
+0.000095170584297688 -0.001854504835556842
-0.000575188639906985 +0.000759713464353763
+0.000093831352220694 -0.001362088779152527
-0.000689132982390488 +0.000541045069740667
+0.000148797247756917 -0.001538716793225053
-0.000840449337943450 +0.001018608565932675
+0.000233019544036447 -0.002381284094682026
-0.000909834901181336 +0.001894390059506681
+0.000289513278805962 -0.003276461867634585
-0.000839791571225944 +0.002524233367901492
+0.000284884708550948 -0.003619545696288183
-0.000697869001698621 +0.002478866126566271
+0.000194248902626769 -0.003209074026901877
-0.000590768094945902 +0.001732337884938725
+0.000089959449500172 -0.002281202340246668
-0.000618416650006439 +0.000829345938511479
+0.000061937874756665 -0.001537695108620993
-0.000750714386950239 +0.000548063630771738
+0.000138297356970940 -0.001601293908500112
-0.000896862561579359 +0.001120285029421537
+0.000257917253520543 -0.002601556270719409
-0.000982742782432620 +0.002073602443883884
+0.000314515205587730 -0.003690853648703752
-0.000943931076887076 +0.002565292937046006
+0.000269829532404077 -0.003776631558523908
-0.000821167778523919 +0.002237793479515764
+0.000182684411310929 -0.003036860618398751
-0.000710735501001104 +0.001659373353487552
+0.000124224789032430 -0.002436835713710721
-0.000735016441668315 +0.001404048579401403
+0.000111168017600532 -0.002418686929523326
-0.000876061821007718 +0.001426812684953581
+0.000133076246577112 -0.002671174387314337
-0.000976975851503203 +0.001486356170875548
+0.000193385853146230 -0.002858712096579150
-0.000987282605122990 +0.001671208811602787
+0.000281261723463668 -0.003121898035599116
-0.000953939398620669 +0.002091344659203034
+0.000317303343698606 -0.003486250292604194
-0.000925731821171163 +0.002351601267800069
+0.000239533879390555 -0.003507657219378318
-0.000912738611234534 +0.002065089141793430
+0.000119407311077101 -0.003071839303938964
-0.000919759979102565 +0.001574422586204154
+0.000101386939833603 -0.002790701694894896
-0.000968571131276516 +0.001557921682962080
+0.000200351281821323 -0.003140632283138867
-0.001026121083850688 +0.002060722215275791
+0.000274984772579000 -0.003705402921158459
-0.001031649361513048 +0.002380593410030609
+0.000243379615182074 -0.003727977956624585
-0.001000105910702494 +0.002070129476498726
+0.000177876454256015 -0.003199112262659624
-0.001007599062022510 +0.001572011751109288
+0.000176097520658084 -0.002862498842116741
-0.001078078446904139 +0.001589958452148543
+0.000223494898913453 -0.003191212332804389
-0.001137215111910776 +0.002109456974102496
+0.000241010375293853 -0.003909605101510812
-0.001133562674494239 +0.002583821983589766
+0.000219114477250058 -0.004267268182537866
-0.001101946827796147 +0.002637535463502651
+0.000203748552707980 -0.004063028763208952
-0.001082020672134527 +0.002329440293132709
+0.000206106300971408 -0.003660520709746273
-0.001086943359212919 +0.001935581472028829
+0.000193778243087730 -0.003346833331969774
-0.001122900461410069 +0.001675900594569251
+0.000159338991140370 -0.003259784312128042
-0.001172552978068060 +0.001675791156141235
+0.000195327742878571 -0.003503168860658767
-0.001250802801467518 +0.002050933021650432
+0.000299246108278640 -0.004066500697038712
-0.001317091862375506 +0.002694250393066296
+0.000338295807489496 -0.004688522929101560
-0.001294108090607793 +0.003130296833845872
+0.000254768703373627 -0.004875194208985184
-0.001207368699536126 +0.002930263995548975
+0.000126710977128213 -0.004392393752155126
-0.001161175938175600 +0.002206169409455728
+0.000088558584572273 -0.003643813889667608
-0.001216215036553149 +0.001562798078741354
+0.000174117190426741 -0.003323251189799132
-0.001326639597740420 +0.001563993576447710
+0.000275835508423404 -0.003744065069505708
-0.001410543514374231 +0.002229175958664424
+0.000317999706356173 -0.004584148935622930
-0.001441596583556269 +0.003017412498488457
+0.000304374042041384 -0.005201911260290562
-0.001431862736539037 +0.003327123940742888
+0.000249920397211769 -0.005193614562449955
-0.001396110943211418 +0.003003840213112371
+0.000170890391883846 -0.004713425538426600
-0.001350887537136757 +0.002395900136934291
+0.000111261926610966 -0.004231204485921005
-0.001344855269103169 +0.002005523141353235
+0.000136113144897529 -0.004119819486513744
-0.001421808396599922 +0.002078327452740397
+0.000240156279510787 -0.004414770048417657
-0.001534796861994204 +0.002488928317994139
+0.000327490417135725 -0.004896291034595381
-0.001600612798554624 +0.002942747276856089
+0.000316214997563377 -0.005310899764535353
-0.001590989218141053 +0.003205761438365232
+0.000228986767475886 -0.005478463364042548
-0.001547384183105671 +0.003178831961511900
+0.000155612543402448 -0.005390446917239393
-0.001524068786164270 +0.003003658474912606
+0.000143838969555838 -0.005391786020373082
-0.001534758041324477 +0.003480125968683486
+0.000160678427159568 -0.002295147551902287
-0.001541176410944789 +0.007493341389912868
+0.000215167920745847 +0.000257945452177190
-0.001498295112946038 +0.003014538357964588
+0.000343356504787692 -0.008203582824614159
-0.001708628110521207 +0.000449776266420798
+0.000307243754843091 -0.007528160543230332
-0.001992760163631226 +0.003436450475311333
+0.000607351677852184 -0.004412485600816902
