00000 +1.762
00010 +1.399
00020 +0.648
00030 -0.032
00040 -0.479
00050 -0.700
00060 -0.737
00070 -0.635
00080 -0.446
00090 -0.250
00100 -0.164
00110 -0.284
00120 -0.595
00130 -0.974
00140 -1.296
00150 -1.503
00160 -1.593
00170 -1.591
00180 -1.530
00190 -1.450
00200 -1.392
00210 -1.391
00220 -1.460
00230 -1.582
00240 -1.717
00250 -1.823
00260 -1.877
00270 -1.871
00280 -1.815
00290 -1.728
00300 -1.633
00310 -1.555
00320 -1.515
00330 -1.520
00340 -1.559
00350 -1.611
00360 -1.646
00370 -1.643
00380 -1.594
00390 -1.504
00400 -1.389
00410 -1.275
00420 -1.190
00430 -1.158
00440 -1.189
00450 -1.274
00460 -1.383
00470 -1.483
00480 -1.550
00490 -1.582
00500 -1.597
00510 -1.632
00520 -1.727
00530 -1.919
00540 -2.215
00550 -2.585
00560 -2.977
00570 -3.334
00580 -3.625
00590 -3.846
00600 -4.022
00610 -4.186
00620 -4.369
00630 -4.585
00640 -4.830
00650 -5.078
00660 -5.296
00670 -5.455
00680 -5.544
00690 -5.567
00700 -5.545
00710 -5.502
00720 -5.463
00730 -5.446
00740 -5.459
00750 -5.494
00760 -5.535
00770 -5.558
00780 -5.542
00790 -5.478
00800 -5.372
00810 -5.241
00820 -5.112
00830 -5.016
00840 -4.975
00850 -4.995
00860 -5.061
00870 -5.141
00880 -5.201
00890 -5.221
00900 -5.204
00910 -5.173
00920 -5.160
00930 -5.192
00940 -5.278
00950 -5.408
00960 -5.553
00970 -5.683
00980 -5.772
00990 -5.812
01000 -5.812
01010 -5.791
01020 -5.771
01030 -5.772
01040 -5.802
01050 -5.859
01060 -5.932
01070 -6.003
01080 -6.056
01090 -6.082
01100 -6.079
01110 -6.058
01120 -6.031
01130 -6.014
01140 -6.019
01150 -6.052
01160 -6.109
01170 -6.181
01180 -6.254
01190 -6.314
01200 -6.355
01210 -6.375
01220 -6.384
01230 -6.395
01240 -6.422
01250 -6.476
01260 -6.560
01270 -6.666
01280 -6.782
01290 -6.890
01300 -6.977
01310 -7.036
01320 -7.071
01330 -7.094
01340 -7.121
01350 -7.162
01360 -7.224
01370 -7.301
01380 -7.382
01390 -7.450
01400 -7.493
01410 -7.506
01420 -7.491
01430 -7.460
01440 -7.426
01450 -7.403
01460 -7.396
01470 -7.406
01480 -7.427
01490 -7.447
01500 -7.456
01510 -7.447
01520 -7.419
01530 -7.375
01540 -7.324
01550 -7.278
01560 -7.247
01570 -7.234
01580 -7.240
01590 -7.258
01600 -7.276
01610 -7.282
01620 -7.266
01630 -7.227
01640 -7.172
01650 -7.116
01660 -7.073
01670 -7.054
01680 -7.059
01690 -7.080
01700 -7.101
01710 -7.107
01720 -7.090
01730 -7.049
01740 -6.995
01750 -6.942
01760 -6.903
01770 -6.886
01780 -6.889
01790 -6.906
01800 -6.924
01810 -6.932
01820 -6.922
01830 -6.895
01840 -6.855
01850 -6.814
01860 -6.781
01870 -6.764
01880 -6.766
01890 -6.782
01900 -6.803
01910 -6.822
01920 -6.830
01930 -6.824
01940 -6.808
01950 -6.788
01960 -6.775
01970 -6.778
01980 -6.799
01990 -6.838
02000 -6.890
02010 -6.944
02020 -6.993
02030 -7.032
02040 -7.062
02050 -7.087
02060 -7.115
02070 -7.153
02080 -7.203
02090 -7.265
02100 -7.331
02110 -7.394
02120 -7.445
02130 -7.479
02140 -7.497
02150 -7.502
02160 -7.501
02170 -7.500
02180 -7.505
02190 -7.514
02200 -7.526
02210 -7.535
02220 -7.537
02230 -7.529
02240 -7.509
02250 -7.482
02260 -7.452
02270 -7.424
02280 -7.403
02290 -7.389
02300 -7.383
02310 -7.380
02320 -7.378
02330 -7.372
02340 -7.361
02350 -7.347
02360 -7.333
02370 -7.322
02380 -7.319
02390 -7.326
02400 -7.342
02410 -7.365
02420 -7.390
02430 -7.416
02440 -7.438
02450 -7.457
02460 -7.474
02470 -7.493
02480 -7.517
02490 -7.546
02500 -7.582
02510 -7.622
02520 -7.662
02530 -7.699
02540 -7.731
02550 -7.757
02560 -7.778
02570 -7.796
02580 -7.814
02590 -7.835
02600 -7.859
02610 -7.883
02620 -7.906
02630 -7.924
02640 -7.934
02650 -7.937
02660 -7.933
02670 -7.924
02680 -7.914
02690 -7.904
02700 -7.896
02710 -7.888
02720 -7.880
02730 -7.868
02740 -7.852
02750 -7.833
02760 -7.811
02770 -7.793
02780 -7.783
02790 -7.784
02800 -7.798
02810 -7.826
02820 -7.867
02830 -7.917
02840 -7.974
02850 -8.039
02860 -8.109
02870 -8.188
02880 -8.275
02890 -8.371
02900 -8.475
02910 -8.585
02920 -8.698
02930 -8.809
02940 -8.916
02950 -9.017
02960 -9.113
02970 -9.205
02980 -9.295
02990 -9.385
03000 -9.475
03010 -9.565
03020 -9.651
03030 -9.730
03040 -9.800
03050 -9.859
03060 -9.906
03070 -9.944
03080 -9.974
03090 -9.998
03100 -10.017
03110 -10.031
03120 -10.038
03130 -10.035
03140 -10.020
03150 -9.994
03160 -9.956
03170 -9.911
03180 -9.862
03190 -9.813
03200 -9.768
03210 -9.729
03220 -9.695
03230 -9.666
03240 -9.639
03250 -9.615
03260 -9.593
03270 -9.574
03280 -9.562
03290 -9.560
03300 -9.569
03310 -9.591
03320 -9.624
03330 -9.667
03340 -9.716
03350 -9.769
03360 -9.825
03370 -9.883
03380 -9.945
03390 -10.012
03400 -10.088
03410 -10.175
03420 -10.271
03430 -10.377
03440 -10.489
03450 -10.604
03460 -10.719
03470 -10.831
03480 -10.942
03490 -11.055
03500 -11.170
03510 -11.292
03520 -11.420
03530 -11.552
03540 -11.684
03550 -11.811
03560 -11.927
03570 -12.027
03580 -12.110
03590 -12.177
03600 -12.228
03610 -12.266
03620 -12.290
03630 -12.298
03640 -12.286
03650 -12.250
03660 -12.186
03670 -12.095
03680 -11.978
03690 -11.839
03700 -11.684
03710 -11.519
03720 -11.351
03730 -11.184
03740 -11.017
03750 -10.852
03760 -10.687
03770 -10.521
03780 -10.354
03790 -10.188
03800 -10.027
03810 -9.874
03820 -9.732
03830 -9.603
03840 -9.488
03850 -9.383
03860 -9.287
03870 -9.195
03880 -9.105
03890 -9.016
03900 -8.929
03910 -8.844
03920 -8.766
03930 -8.698
03940 -8.642
03950 -8.599
03960 -8.565
03970 -8.539
03980 -8.515
03990 -8.492
04000 -8.470
04010 -8.450
04020 -8.439
04030 -8.441
04040 -8.462
04050 -8.503
04060 -8.562
04070 -8.633
04080 -8.711
04090 -8.790
04100 -8.868
04110 -8.948
04120 -9.033
04130 -9.130
04140 -9.240
04150 -9.365
04160 -9.500
04170 -9.641
04180 -9.781
04190 -9.915
04200 -10.042
04210 -10.163
04220 -10.282
04230 -10.402
04240 -10.528
04250 -10.660
04260 -10.798
04270 -10.937
04280 -11.073
04290 -11.200
04300 -11.317
04310 -11.421
04320 -11.516
04330 -11.603
04340 -11.686
04350 -11.768
04360 -11.848
04370 -11.925
04380 -11.993
04390 -12.050
04400 -12.090
04410 -12.113
04420 -12.118
04430 -12.110
04440 -12.093
04450 -12.072
04460 -12.049
04470 -12.026
04480 -12.000
04490 -11.970
04500 -11.931
04510 -11.882
04520 -11.823
04530 -11.758
04540 -11.691
04550 -11.625
04560 -11.565
04570 -11.513
04580 -11.468
04590 -11.427
04600 -11.385
04610 -11.341
04620 -11.293
04630 -11.239
04640 -11.184
04650 -11.130
04660 -11.080
04670 -11.038
04680 -11.003
04690 -10.974
04700 -10.948
04710 -10.920
04720 -10.889
04730 -10.851
04740 -10.807
04750 -10.761
04760 -10.716
04770 -10.677
04780 -10.645
04790 -10.622
04800 -10.605
04810 -10.592
04820 -10.577
04830 -10.559
04840 -10.536
04850 -10.511
04860 -10.488
04870 -10.472
04880 -10.469
04890 -10.479
04900 -10.503
04910 -10.535
04920 -10.571
04930 -10.606
04940 -10.637
04950 -10.665
04960 -10.693
04970 -10.725
04980 -10.766
04990 -10.817
05000 -10.877
05010 -10.942
05020 -11.006
05030 -11.063
05040 -11.109
05050 -11.142
05060 -11.164
05070 -11.177
05080 -11.186
05090 -11.193
05100 -11.199
05110 -11.202
05120 -11.198
05130 -11.182
05140 -11.150
05150 -11.100
05160 -11.033
05170 -10.952
05180 -10.864
05190 -10.774
05200 -10.689
05210 -10.610
05220 -10.536
05230 -10.465
05240 -10.392
05250 -10.315
05260 -10.234
05270 -10.153
05280 -10.078
05290 -10.016
05300 -9.971
05310 -9.948
05320 -9.943
05330 -9.953
05340 -9.972
05350 -9.994
05360 -10.017
05370 -10.042
05380 -10.071
05390 -10.108
05400 -10.159
05410 -10.224
05420 -10.302
05430 -10.389
05440 -10.479
05450 -10.566
05460 -10.645
05470 -10.716
05480 -10.778
05490 -10.834
05500 -10.889
05510 -10.945
05520 -11.004
05530 -11.064
05540 -11.121
05550 -11.170
05560 -11.206
05570 -11.226
05580 -11.230
05590 -11.222
05600 -11.205
05610 -11.187
05620 -11.172
05630 -11.162
05640 -11.155
05650 -11.147
05660 -11.134
05670 -11.112
05680 -11.080
05690 -11.041
05700 -11.000
05710 -10.964
05720 -10.937
05730 -10.924
05740 -10.923
05750 -10.930
05760 -10.941
05770 -10.951
05780 -10.956
05790 -10.956
05800 -10.955
05810 -10.958
05820 -10.968
05830 -10.991
05840 -11.026
05850 -11.071
05860 -11.120
05870 -11.168
05880 -11.210
05890 -11.244
05900 -11.269
05910 -11.289
05920 -11.310
05930 -11.336
05940 -11.370
05950 -11.412
05960 -11.457
05970 -11.500
05980 -11.535
05990 -11.558
06000 -11.568
06010 -11.568
06020 -11.563
06030 -11.560
06040 -11.564
06050 -11.577
06060 -11.596
06070 -11.617
06080 -11.633
06090 -11.638
06100 -11.630
06110 -11.611
06120 -11.586
06130 -11.561
06140 -11.543
06150 -11.534
06160 -11.534
06170 -11.537
06180 -11.539
06190 -11.531
06200 -11.511
06210 -11.479
06220 -11.437
06230 -11.392
06240 -11.351
06250 -11.317
06260 -11.292
06270 -11.274
06280 -11.258
06290 -11.237
06300 -11.207
06310 -11.166
06320 -11.115
06330 -11.061
06340 -11.011
06350 -10.970
06360 -10.943
06370 -10.929
06380 -10.926
06390 -10.926
06400 -10.924
06410 -10.915
06420 -10.900
06430 -10.882
06440 -10.869
06450 -10.866
06460 -10.879
06470 -10.909
06480 -10.954
06490 -11.006
06500 -11.058
06510 -11.104
06520 -11.142
06530 -11.174
06540 -11.205
06550 -11.242
06560 -11.290
06570 -11.352
06580 -11.425
06590 -11.504
06600 -11.582
06610 -11.651
06620 -11.708
06630 -11.752
06640 -11.787
06650 -11.820
06660 -11.856
06670 -11.899
06680 -11.949
06690 -12.003
06700 -12.055
06710 -12.098
06720 -12.127
06730 -12.141
06740 -12.142
06750 -12.135
06760 -12.129
06770 -12.128
06780 -12.138
06790 -12.155
06800 -12.176
06810 -12.195
06820 -12.206
06830 -12.205
06840 -12.193
06850 -12.176
06860 -12.160
06870 -12.153
06880 -12.159
06890 -12.177
06900 -12.205
06910 -12.236
06920 -12.263
06930 -12.282
06940 -12.291
06950 -12.294
06960 -12.297
06970 -12.306
06980 -12.326
06990 -12.358
07000 -12.400
07010 -12.447
07020 -12.492
07030 -12.529
07040 -12.557
07050 -12.576
07060 -12.590
07070 -12.607
07080 -12.630
07090 -12.664
07100 -12.708
07110 -12.758
07120 -12.809
07130 -12.856
07140 -12.894
07150 -12.923
07160 -12.946
07170 -12.969
07180 -12.996
07190 -13.032
07200 -13.080
07210 -13.136
07220 -13.196
07230 -13.254
07240 -13.307
07250 -13.350
07260 -13.385
07270 -13.417
07280 -13.449
07290 -13.487
07300 -13.533
07310 -13.588
07320 -13.646
07330 -13.703
07340 -13.753
07350 -13.792
07360 -13.820
07370 -13.840
07380 -13.855
07390 -13.872
07400 -13.892
07410 -13.917
07420 -13.947
07430 -13.975
07440 -13.999
07450 -14.014
07460 -14.019
07470 -14.014
07480 -14.005
07490 -13.995
07500 -13.988
07510 -13.989
07520 -13.997
07530 -14.009
07540 -14.022
07550 -14.032
07560 -14.037
07570 -14.035
07580 -14.028
07590 -14.020
07600 -14.016
07610 -14.018
07620 -14.029
07630 -14.046
07640 -14.067
07650 -14.086
07660 -14.100
07670 -14.106
07680 -14.104
07690 -14.097
07700 -14.087
07710 -14.079
07720 -14.074
07730 -14.073
07740 -14.072
07750 -14.067
07760 -14.054
07770 -14.031
07780 -13.995
07790 -13.950
07800 -13.897
07810 -13.841
07820 -13.786
07830 -13.732
07840 -13.680
07850 -13.628
07860 -13.572
07870 -13.509
07880 -13.440
07890 -13.363
07900 -13.282
07910 -13.201
07920 -13.123
07930 -13.052
07940 -12.989
07950 -12.932
07960 -12.878
07970 -12.825
07980 -12.769
07990 -12.710
08000 -12.648
08010 -12.587
08020 -12.529
08030 -12.479
08040 -12.438
08050 -12.405
08060 -12.377
08070 -12.352
08080 -12.325
08090 -12.295
08100 -12.262
08110 -12.229
08120 -12.197
08130 -12.172
08140 -12.154
08150 -12.144
08160 -12.140
08170 -12.140
08180 -12.141
08190 -12.140
08200 -12.137
08210 -12.133
08220 -12.132
08230 -12.136
08240 -12.147
08250 -12.167
08260 -12.194
08270 -12.226
08280 -12.261
08290 -12.297
08300 -12.333
08310 -12.370
08320 -12.408
08330 -12.450
08340 -12.499
08350 -12.555
08360 -12.618
08370 -12.687
08380 -12.761
08390 -12.836
08400 -12.913
08410 -12.991
08420 -13.070
08430 -13.153
08440 -13.240
08450 -13.333
08460 -13.432
08470 -13.537
08480 -13.647
08490 -13.758
08500 -13.871
08510 -13.984
08520 -14.097
08530 -14.210
08540 -14.324
08550 -14.439
08560 -14.556
08570 -14.672
08580 -14.788
08590 -14.901
08600 -15.011
08610 -15.116
08620 -15.215
08630 -15.307
08640 -15.392
08650 -15.471
08660 -15.543
08670 -15.608
08680 -15.667
08690 -15.720
08700 -15.765
08710 -15.804
08720 -15.836
08730 -15.860
08740 -15.876
08750 -15.885
08760 -15.888
08770 -15.885
08780 -15.878
08790 -15.868
08800 -15.854
08810 -15.838
08820 -15.818
08830 -15.795
08840 -15.767
08850 -15.735
08860 -15.700
08870 -15.661
08880 -15.620
08890 -15.578
08900 -15.534
08910 -15.490
08920 -15.444
08930 -15.395
08940 -15.344
08950 -15.289
08960 -15.231
08970 -15.170
08980 -15.107
08990 -15.041
09000 -14.974
09010 -14.906
09020 -14.836
09030 -14.764
09040 -14.690
09050 -14.614
09060 -14.535
09070 -14.453
09080 -14.369
09090 -14.284
09100 -14.197
09110 -14.111
09120 -14.024
09130 -13.937
09140 -13.850
09150 -13.764
09160 -13.678
09170 -13.593
09180 -13.509
09190 -13.428
09200 -13.349
09210 -13.273
09220 -13.201
09230 -13.133
09240 -13.070
09250 -13.014
09260 -12.964
09270 -12.921
09280 -12.887
09290 -12.861
09300 -12.843
09310 -12.833
09320 -12.831
09330 -12.838
09340 -12.854
09350 -12.879
09360 -12.916
09370 -12.964
09380 -13.023
09390 -13.092
09400 -13.169
09410 -13.251
09420 -13.339
09430 -13.431
09440 -13.527
09450 -13.629
09460 -13.737
09470 -13.852
09480 -13.971
09490 -14.095
09500 -14.220
09510 -14.343
09520 -14.464
09530 -14.581
09540 -14.695
09550 -14.807
09560 -14.918
09570 -15.031
09580 -15.144
09590 -15.257
09600 -15.368
09610 -15.474
09620 -15.572
09630 -15.663
09640 -15.746
09650 -15.825
09660 -15.900
09670 -15.974
09680 -16.049
09690 -16.124
09700 -16.196
09710 -16.264
09720 -16.324
09730 -16.377
09740 -16.422
09750 -16.461
09760 -16.497
09770 -16.533
09780 -16.570
09790 -16.607
09800 -16.645
09810 -16.681
09820 -16.712
09830 -16.737
09840 -16.756
09850 -16.770
09860 -16.781
09870 -16.792
09880 -16.804
09890 -16.819
09900 -16.836
09910 -16.855
09920 -16.873
09930 -16.888
09940 -16.899
09950 -16.906
09960 -16.910
09970 -16.914
09980 -16.919
09990 -16.929
10000 -16.943
10010 -16.962
10020 -16.984
10030 -17.007
10040 -17.028
10050 -17.046
10060 -17.062
10070 -17.077
10080 -17.094
10090 -17.114
10100 -17.141
10110 -17.175
10120 -17.213
10130 -17.256
10140 -17.298
10150 -17.339
10160 -17.376
10170 -17.410
10180 -17.442
10190 -17.475
10200 -17.512
10210 -17.553
10220 -17.599
10230 -17.648
10240 -17.695
10250 -17.739
10260 -17.777
10270 -17.807
10280 -17.830
10290 -17.849
10300 -17.867
10310 -17.886
10320 -17.907
10330 -17.931
10340 -17.955
10350 -17.977
10360 -17.994
10370 -18.003
10380 -18.005
10390 -18.002
10400 -17.997
10410 -17.994
10420 -17.996
10430 -18.005
10440 -18.020
10450 -18.039
10460 -18.058
10470 -18.075
10480 -18.087
10490 -18.097
10500 -18.105
10510 -18.117
10520 -18.136
10530 -18.164
10540 -18.203
10550 -18.248
10560 -18.298
10570 -18.347
10580 -18.393
10590 -18.432
10600 -18.467
10610 -18.500
10620 -18.533
10630 -18.571
10640 -18.613
10650 -18.659
10660 -18.705
10670 -18.745
10680 -18.776
10690 -18.794
10700 -18.798
10710 -18.792
10720 -18.778
10730 -18.762
10740 -18.747
10750 -18.732
10760 -18.718
10770 -18.702
10780 -18.679
10790 -18.648
10800 -18.606
10810 -18.557
10820 -18.503
10830 -18.449
10840 -18.400
10850 -18.358
10860 -18.325
10870 -18.297
10880 -18.273
10890 -18.247
10900 -18.219
10910 -18.186
10920 -18.151
10930 -18.117
10940 -18.087
10950 -18.066
10960 -18.056
10970 -18.054
10980 -18.059
10990 -18.067
11000 -18.073
11010 -18.075
11020 -18.070
11030 -18.060
11040 -18.049
11050 -18.040
11060 -18.035
11070 -18.035
11080 -18.040
11090 -18.044
11100 -18.043
11110 -18.032
11120 -18.006
11130 -17.966
11140 -17.914
11150 -17.854
11160 -17.790
11170 -17.725
11180 -17.661
11190 -17.595
11200 -17.523
11210 -17.440
11220 -17.342
11230 -17.227
11240 -17.099
11250 -16.962
11260 -16.822
11270 -16.684
11280 -16.551
11290 -16.422
11300 -16.295
11310 -16.165
11320 -16.029
11330 -15.884
11340 -15.732
11350 -15.576
11360 -15.422
11370 -15.273
11380 -15.133
11390 -15.005
11400 -14.886
11410 -14.774
11420 -14.664
11430 -14.553
11440 -14.440
11450 -14.327
11460 -14.215
11470 -14.109
11480 -14.013
11490 -13.929
11500 -13.856
11510 -13.793
11520 -13.738
11530 -13.685
11540 -13.632
11550 -13.577
11560 -13.521
11570 -13.465
11580 -13.415
11590 -13.372
11600 -13.339
11610 -13.317
11620 -13.303
11630 -13.295
11640 -13.289
11650 -13.280
11660 -13.268
11670 -13.254
11680 -13.241
11690 -13.232
11700 -13.231
11710 -13.242
11720 -13.263
11730 -13.295
11740 -13.332
11750 -13.370
11760 -13.406
11770 -13.439
11780 -13.470
11790 -13.502
11800 -13.539
11810 -13.586
11820 -13.645
11830 -13.715
11840 -13.793
11850 -13.874
11860 -13.951
11870 -14.019
11880 -14.077
11890 -14.125
11900 -14.166
11910 -14.206
11920 -14.247
11930 -14.290
11940 -14.332
11950 -14.366
11960 -14.386
11970 -14.386
11980 -14.360
11990 -14.311
12000 -14.243
12010 -14.163
12020 -14.077
12030 -13.991
12040 -13.904
12050 -13.816
12060 -13.720
12070 -13.614
12080 -13.493
12090 -13.359
12100 -13.215
12110 -13.069
12120 -12.926
12130 -12.792
12140 -12.671
12150 -12.561
12160 -12.460
12170 -12.361
12180 -12.260
12190 -12.156
12200 -12.047
12210 -11.940
12220 -11.837
12230 -11.746
12240 -11.670
12250 -11.611
12260 -11.567
12270 -11.533
12280 -11.505
12290 -11.478
12300 -11.449
12310 -11.420
12320 -11.392
12330 -11.373
12340 -11.366
12350 -11.376
12360 -11.402
12370 -11.443
12380 -11.492
12390 -11.543
12400 -11.591
12410 -11.632
12420 -11.669
12430 -11.704
12440 -11.742
12450 -11.790
12460 -11.849
12470 -11.919
12480 -11.996
12490 -12.072
12500 -12.141
12510 -12.196
12520 -12.236
12530 -12.264
12540 -12.284
12550 -12.304
12560 -12.330
12570 -12.363
12580 -12.401
12590 -12.439
12600 -12.469
12610 -12.484
12620 -12.482
12630 -12.463
12640 -12.432
12650 -12.397
12660 -12.364
12670 -12.340
12680 -12.324
12690 -12.313
12700 -12.302
12710 -12.283
12720 -12.251
12730 -12.205
12740 -12.147
12750 -12.083
12760 -12.021
12770 -11.966
12780 -11.925
12790 -11.895
12800 -11.872
12810 -11.850
12820 -11.821
12830 -11.780
12840 -11.726
12850 -11.662
12860 -11.596
12870 -11.535
12880 -11.485
12890 -11.449
12900 -11.426
12910 -11.408
12920 -11.388
12930 -11.357
12940 -11.311
12950 -11.252
12960 -11.183
12970 -11.114
12980 -11.054
12990 -11.007
13000 -10.976
13010 -10.956
13020 -10.939
13030 -10.916
13040 -10.881
13050 -10.831
13060 -10.771
13070 -10.707
13080 -10.650
13090 -10.608
13100 -10.586
13110 -10.583
13120 -10.594
13130 -10.609
13140 -10.619
13150 -10.619
13160 -10.609
13170 -10.594
13180 -10.582
13190 -10.583
13200 -10.605
13210 -10.650
13220 -10.716
13230 -10.792
13240 -10.868
13250 -10.933
13260 -10.983
13270 -11.017
13280 -11.043
13290 -11.071
13300 -11.113
13310 -11.174
13320 -11.253
13330 -11.343
13340 -11.431
13350 -11.505
13360 -11.555
13370 -11.579
13380 -11.582
13390 -11.575
13400 -11.572
13410 -11.582
13420 -11.609
13430 -11.648
13440 -11.687
13450 -11.715
13460 -11.719
13470 -11.697
13480 -11.651
13490 -11.592
13500 -11.534
13510 -11.489
13520 -11.466
13530 -11.464
13540 -11.476
13550 -11.490
13560 -11.494
13570 -11.481
13580 -11.449
13590 -11.403
13600 -11.356
13610 -11.321
13620 -11.310
13630 -11.325
13640 -11.363
13650 -11.411
13660 -11.456
13670 -11.484
13680 -11.486
13690 -11.465
13700 -11.429
13710 -11.392
13720 -11.367
13730 -11.363
13740 -11.379
13750 -11.406
13760 -11.427
13770 -11.427
13780 -11.397
13790 -11.333
13800 -11.244
13810 -11.146
13820 -11.053
13830 -10.980
13840 -10.931
13850 -10.901
13860 -10.879
13870 -10.851
13880 -10.805
13890 -10.739
13900 -10.657
13910 -10.571
13920 -10.499
13930 -10.454
13940 -10.447
13950 -10.476
13960 -10.533
13970 -10.606
13980 -10.679
13990 -10.742
14000 -10.793
14010 -10.835
14020 -10.882
14030 -10.949
14040 -11.047
14050 -11.181
14060 -11.345
14070 -11.526
14080 -11.705
14090 -11.865
14100 -11.997
14110 -12.098
14120 -12.179
14130 -12.254
14140 -12.340
14150 -12.446
14160 -12.570
14170 -12.699
14180 -12.814
14190 -12.895
14200 -12.928
14210 -12.914
14220 -12.860
14230 -12.789
14240 -12.722
14250 -12.673
14260 -12.649
14270 -12.642
14280 -12.639
14290 -12.625
14300 -12.592
14310 -12.537
14320 -12.471
14330 -12.408
14340 -12.368
14350 -12.364
14360 -12.401
14370 -12.478
14380 -12.584
14390 -12.703
14400 -12.823
14410 -12.933
14420 -13.033
14430 -13.128
14440 -13.228
14450 -13.346
14460 -13.490
14470 -13.661
14480 -13.850
14490 -14.042
14500 -14.217
14510 -14.358
14520 -14.454
14530 -14.502
14540 -14.510
14550 -14.494
14560 -14.468
14570 -14.442
14580 -14.413
14590 -14.372
14600 -14.306
14610 -14.204
14620 -14.063
14630 -13.890
14640 -13.700
14650 -13.514
14660 -13.348
14670 -13.214
14680 -13.113
14690 -13.040
14700 -12.984
14710 -12.934
14720 -12.883
14730 -12.830
14740 -12.778
14750 -12.735
14760 -12.712
14770 -12.718
14780 -12.758
14790 -12.830
14800 -12.925
14810 -13.034
14820 -13.147
14830 -13.256
14840 -13.358
14850 -13.458
14860 -13.564
14870 -13.686
14880 -13.832
14890 -14.004
14900 -14.199
14910 -14.408
14920 -14.620
14930 -14.825
14940 -15.016
14950 -15.192
14960 -15.356
14970 -15.515
14980 -15.676
14990 -15.842
15000 -16.014
15010 -16.184
15020 -16.343
15030 -16.482
15040 -16.593
15050 -16.672
15060 -16.722
15070 -16.750
15080 -16.768
15090 -16.785
15100 -16.808
15110 -16.839
15120 -16.876
15130 -16.913
15140 -16.944
15150 -16.964
15160 -16.972
15170 -16.968
15180 -16.959
15190 -16.953
15200 -16.957
15210 -16.977
15220 -17.011
15230 -17.054
15240 -17.099
15250 -17.136
15260 -17.158
15270 -17.161
15280 -17.147
15290 -17.123
15300 -17.100
15310 -17.086
15320 -17.084
15330 -17.092
15340 -17.104
15350 -17.110
15360 -17.105
15370 -17.085
15380 -17.056
15390 -17.026
15400 -17.010
15410 -17.016
15420 -17.051
15430 -17.113
15440 -17.200
15450 -17.308
15460 -17.434
15470 -17.575
15480 -17.733
15490 -17.909
15500 -18.103
15510 -18.316
15520 -18.548
15530 -18.799
15540 -19.070
15550 -19.360
15560 -19.669
15570 -19.994
15580 -20.330
15590 -20.666
15600 -20.990
15610 -21.289
15620 -21.558
15630 -21.800
15640 -22.025
15650 -22.241
15660 -22.451
15670 -22.645
15680 -22.799
15690 -22.880
15700 -22.859
15710 -22.734
15720 -22.527
15730 -22.278
15740 -22.025
15750 -21.787
15760 -21.567
15770 -21.353
15780 -21.133
15790 -20.898
15800 -20.652
15810 -20.411
15820 -20.197
15830 -20.027
15840 -19.911
15850 -19.851
15860 -19.841
15870 -19.876
15880 -19.944
15890 -20.040
15900 -20.153
15910 -20.277
15920 -20.407
15930 -20.542
15940 -20.683
15950 -20.834
15960 -20.999
15970 -21.179
15980 -21.372
15990 -21.570
16000 -21.755
16010 -21.909
16020 -22.012
16030 -22.057
16040 -22.052
16050 -22.015
16060 -21.965
16070 -21.915
16080 -21.866
16090 -21.812
16100 -21.736
16110 -21.623
16120 -21.468
16130 -21.278
16140 -21.074
16150 -20.878
16160 -20.708
16170 -20.575
16180 -20.480
16190 -20.421
16200 -20.391
16210 -20.384
16220 -20.393
16230 -20.414
16240 -20.447
16250 -20.494
16260 -20.560
16270 -20.649
16280 -20.763
16290 -20.902
16300 -21.060
16310 -21.226
16320 -21.382
16330 -21.506
16340 -21.581
16350 -21.598
16360 -21.560
16370 -21.481
16380 -21.378
16390 -21.261
16400 -21.133
16410 -20.989
16420 -20.817
16430 -20.604
16440 -20.347
16450 -20.051
16460 -19.733
16470 -19.412
16480 -19.103
16490 -18.817
16500 -18.557
16510 -18.326
16520 -18.124
16530 -17.950
16540 -17.804
16550 -17.685
16560 -17.589
16570 -17.519
16580 -17.476
16590 -17.468
16600 -17.503
16610 -17.586
16620 -17.722
16630 -17.910
16640 -18.139
16650 -18.394
16660 -18.658
16670 -18.915
16680 -19.156
16690 -19.378
16700 -19.587
16710 -19.793
16720 -20.004
16730 -20.229
16740 -20.466
16750 -20.703
16760 -20.916
16770 -21.078
16780 -21.169
16790 -21.186
16800 -21.144
16810 -21.070
16820 -20.992
16830 -20.933
16840 -20.903
16850 -20.899
16860 -20.901
16870 -20.884
16880 -20.828
16890 -20.729
16900 -20.599
16910 -20.467
16920 -20.363
16930 -20.314
16940 -20.340
16950 -20.446
16960 -20.620
16970 -20.835
16980 -21.062
16990 -21.279
17000 -21.481
17010 -21.683
17020 -21.911
17030 -22.193
17040 -22.555
17050 -23.012
17060 -23.564
17070 -24.199
17080 -24.885
17090 -25.584
17100 -26.253
17110 -26.861
17120 -27.397
17130 -27.877
17140 -28.335
17150 -28.812
17160 -29.332
17170 -29.875
17180 -30.355
17190 -30.625
17200 -30.564
17210 -30.176
17220 -29.590
17230 -28.963
17240 -28.407
17250 -27.983
17260 -27.708
17270 -27.564
17280 -27.503
17290 -27.455
17300 -27.367
17310 -27.222
17320 -27.053
17330 -26.921
17340 -26.893
17350 -27.031
17360 -27.382
17370 -27.972
17380 -28.793
17390 -29.798
17400 -30.906
17410 -32.021
17420 -33.057
17430 -33.958
17440 -34.697
17450 -35.240
17460 -35.510
17470 -35.379
17480 -34.754
17490 -33.678
17500 -32.323
17510 -30.880
17520 -29.482
17530 -28.205
17540 -27.084
17550 -26.130
17560 -25.339
17570 -24.691
17580 -24.151
17590 -23.673
17600 -23.206
17610 -22.709
17620 -22.171
17630 -21.611
17640 -21.069
17650 -20.592
17660 -20.219
17670 -19.978
17680 -19.878
17690 -19.912
17700 -20.053
17710 -20.270
17720 -20.534
17730 -20.837
17740 -21.194
17750 -21.634
17760 -22.181
17770 -22.852
17780 -23.650
17790 -24.567
17800 -25.583
17810 -26.664
17820 -27.745
17830 -28.720
17840 -29.432
17850 -29.732
17860 -29.569
17870 -29.043
17880 -28.330
17890 -27.591
17900 -26.931
17910 -26.394
17920 -25.965
17930 -25.580
17940 -25.146
17950 -24.598
17960 -23.925
17970 -23.176
17980 -22.426
17990 -21.766
18000 -21.287
18010 -21.069
18020 -21.146
18030 -21.474
18040 -21.931
18050 -22.369
18060 -22.691
18070 -22.909
18080 -23.143
18090 -23.570
18100 -24.359
18110 -25.629
18120 -27.445
18130 -29.859
18140 -32.914
18150 -36.301
18160 -37.881
18170 -36.063
18180 -33.540
18190 -31.492
18200 -29.926
18210 -28.709
18220 -27.722
18230 -26.867
18240 -26.064
18250 -25.248
18260 -24.385
18270 -23.471
18280 -22.531
18290 -21.608
18300 -20.754
18310 -20.018
18320 -19.441
18330 -19.037
18340 -18.789
18350 -18.637
18360 -18.497
18370 -18.286
18380 -17.965
18390 -17.571
18400 -17.212
18410 -17.030
18420 -17.149
18430 -17.620
18440 -18.422
18450 -19.484
18460 -20.728
18470 -22.076
18480 -23.450
18490 -24.772
18500 -25.985
18510 -27.079
18520 -28.100
18530 -29.116
18540 -30.175
18550 -31.256
18560 -32.210
18570 -32.703
18580 -32.378
18590 -31.245
18600 -29.684
18610 -28.056
18620 -26.556
18630 -25.271
18640 -24.235
18650 -23.449
18660 -22.885
18670 -22.477
18680 -22.118
18690 -21.684
18700 -21.065
18710 -20.220
18720 -19.200
18730 -18.133
18740 -17.174
18750 -16.450
18760 -16.024
18770 -15.882
18780 -15.952
18790 -16.137
18800 -16.349
18810 -16.526
18820 -16.656
18830 -16.791
18840 -17.016
18850 -17.394
18860 -17.950
18870 -18.681
18880 -19.574
18890 -20.612
18900 -21.747
18910 -22.861
18920 -23.716
18930 -24.018
18940 -23.669
18950 -22.881
18960 -21.944
18970 -21.033
18980 -20.197
18990 -19.411
19000 -18.611
19010 -17.718
19020 -16.663
19030 -15.420
19040 -14.020
19050 -12.544
19060 -11.091
19070 -9.738
19080 -8.513
19090 -7.381
19100 -6.249
19110 -4.980
19120 -3.400
19130 -1.298
19140 +1.595
19150 +5.627
19160 +10.681
19170 +11.778
19180 +8.517
19190 +5.953
19200 +4.138
19210 +2.631
19220 +1.174
19230 -0.289
19240 -1.679
19250 -2.878
19260 -3.805
19270 -4.444
19280 -4.828
19290 -5.014
19300 -5.065
19310 -5.037
19320 -4.969
19330 -4.888
19340 -4.792
19350 -4.658
19360 -4.440
19370 -4.091
19380 -3.576
19390 -2.879
19400 -2.003
19410 -0.961
19420 +0.208
19430 +1.419
19440 +2.495
19450 +3.193
19460 +3.385
19470 +3.225
19480 +2.997
19490 +2.878
19500 +2.880
19510 +2.883
19520 +2.714
19530 +2.249
19540 +1.501
19550 +0.602
19560 -0.282
19570 -1.023
19580 -1.551
19590 -1.856
19600 -1.992
19610 -2.049
19620 -2.135
19630 -2.333
19640 -2.672
19650 -3.123
19660 -3.619
19670 -4.078
19680 -4.431
19690 -4.640
19700 -4.711
19710 -4.692
19720 -4.658
19730 -4.684
19740 -4.816
19750 -5.060
19760 -5.382
19770 -5.722
19780 -6.019
19790 -6.222
19800 -6.309
19810 -6.297
19820 -6.236
19830 -6.192
19840 -6.218
19850 -6.341
19860 -6.551
19870 -6.811
19880 -7.071
19890 -7.279
19900 -7.399
19910 -7.423
19920 -7.376
19930 -7.308
19940 -7.273
19950 -7.310
19960 -7.430
19970 -7.615
19980 -7.830
19990 -8.029
20000 -8.172
20010 -8.234
20020 -8.218
20030 -8.152
20040 -8.084
20050 -8.057
20060 -8.096
20070 -8.202
20080 -8.355
20090 -8.518
20100 -8.654
20110 -8.729
20120 -8.724
20130 -8.648
20140 -8.534
20150 -8.428
20160 -8.366
20170 -8.363
20180 -8.409
20190 -8.480
20200 -8.543
20210 -8.568
20220 -8.541
20230 -8.472
20240 -8.389
20250 -8.325
20260 -8.303
20270 -8.331
20280 -8.401
20290 -8.500
20300 -8.606
20310 -8.704
20320 -8.778
20330 -8.824
20340 -8.845
20350 -8.852
20360 -8.861
20370 -8.885
20380 -8.930
20390 -8.997
20400 -9.082
20410 -9.175
20420 -9.268
20430 -9.351
20440 -9.416
20450 -9.463
20460 -9.497
20470 -9.526
20480 -9.561
20490 -9.611
20500 -9.680
20510 -9.769
20520 -9.874
20530 -9.990
20540 -10.106
20550 -10.212
20560 -10.301
20570 -10.373
20580 -10.433
20590 -10.492
20600 -10.562
20610 -10.655
20620 -10.775
20630 -10.922
20640 -11.089
20650 -11.259
20660 -11.413
20670 -11.537
20680 -11.626
20690 -11.691
20700 -11.748
20710 -11.816
20720 -11.909
20730 -12.035
20740 -12.186
20750 -12.347
20760 -12.490
20770 -12.593
20780 -12.643
20790 -12.648
20800 -12.625
20810 -12.599
20820 -12.588
20830 -12.607
20840 -12.656
20850 -12.725
20860 -12.794
20870 -12.839
20880 -12.842
20890 -12.799
20900 -12.718
20910 -12.620
20920 -12.524
20930 -12.451
20940 -12.412
20950 -12.413
20960 -12.445
20970 -12.490
20980 -12.524
20990 -12.528
21000 -12.496
21010 -12.442
21020 -12.390
21030 -12.371
21040 -12.409
21050 -12.516
21060 -12.681
21070 -12.875
21080 -13.056
21090 -13.191
21100 -13.264
21110 -13.283
21120 -13.271
21130 -13.255
21140 -13.263
21150 -13.310
21160 -13.403
21170 -13.530
21180 -13.669
21190 -13.793
21200 -13.877
21210 -13.913
21220 -13.907
21230 -13.881
21240 -13.861
21250 -13.872
21260 -13.932
21270 -14.045
21280 -14.198
21290 -14.367
21300 -14.519
21310 -14.628
21320 -14.685
21330 -14.699
21340 -14.696
21350 -14.709
21360 -14.767
21370 -14.889
21380 -15.075
21390 -15.307
21400 -15.546
21410 -15.754
21420 -15.902
21430 -15.986
21440 -16.025
21450 -16.056
21460 -16.121
21470 -16.251
21480 -16.455
21490 -16.717
21500 -16.995
21510 -17.234
21520 -17.390
21530 -17.447
21540 -17.420
21550 -17.353
21560 -17.291
21570 -17.271
21580 -17.308
21590 -17.393
21600 -17.496
21610 -17.578
21620 -17.607
21630 -17.568
21640 -17.470
21650 -17.340
21660 -17.212
21670 -17.120
21680 -17.088
21690 -17.123
21700 -17.217
21710 -17.345
21720 -17.473
21730 -17.568
21740 -17.612
21750 -17.604
21760 -17.565
21770 -17.528
21780 -17.530
21790 -17.597
21800 -17.738
21810 -17.941
21820 -18.173
21830 -18.390
21840 -18.550
21850 -18.630
21860 -18.637
21870 -18.603
21880 -18.574
21890 -18.591
21900 -18.677
21910 -18.829
21920 -19.017
21930 -19.192
21940 -19.304
21950 -19.322
21960 -19.248
21970 -19.114
21980 -18.968
21990 -18.858
22000 -18.816
22010 -18.853
22020 -18.952
22030 -19.082
22040 -19.201
22050 -19.274
22060 -19.285
22070 -19.242
22080 -19.175
22090 -19.124
22100 -19.130
22110 -19.217
22120 -19.391
22130 -19.635
22140 -19.913
22150 -20.178
22160 -20.389
22170 -20.522
22180 -20.585
22190 -20.612
22200 -20.652
22210 -20.752
22220 -20.937
22230 -21.205
22240 -21.520
22250 -21.821
22260 -22.039
22270 -22.126
22280 -22.073
22290 -21.922
22300 -21.739
22310 -21.589
22320 -21.514
22330 -21.517
22340 -21.572
22350 -21.624
22360 -21.619
22370 -21.518
22380 -21.317
22390 -21.049
22400 -20.768
22410 -20.528
22420 -20.370
22430 -20.309
22440 -20.336
22450 -20.416
22460 -20.506
22470 -20.560
22480 -20.550
22490 -20.470
22500 -20.344
22510 -20.215
22520 -20.127
22530 -20.115
22540 -20.191
22550 -20.343
22560 -20.534
22570 -20.715
22580 -20.834
22590 -20.860
22600 -20.792
22610 -20.660
22620 -20.519
22630 -20.421
22640 -20.398
22650 -20.454
22660 -20.562
22670 -20.677
22680 -20.742
22690 -20.717
22700 -20.591
22710 -20.388
22720 -20.160
22730 -19.965
22740 -19.845
22750 -19.818
22760 -19.873
22770 -19.977
22780 -20.087
22790 -20.161
22800 -20.172
22810 -20.120
22820 -20.030
22830 -19.947
22840 -19.916
22850 -19.968
22860 -20.114
22870 -20.343
22880 -20.623
22890 -20.912
22900 -21.168
22910 -21.358
22920 -21.474
22930 -21.539
22940 -21.596
22950 -21.696
22960 -21.877
22970 -22.151
22980 -22.503
22990 -22.892
23000 -23.259
23010 -23.537
23020 -23.678
23030 -23.679
23040 -23.588
23050 -23.482
23060 -23.431
23070 -23.471
23080 -23.601
23090 -23.781
23100 -23.947
23110 -24.026
23120 -23.965
23130 -23.759
23140 -23.460
23150 -23.148
23160 -22.900
23170 -22.763
23180 -22.746
23190 -22.825
23200 -22.951
23210 -23.061
23220 -23.097
23230 -23.023
23240 -22.848
23250 -22.619
23260 -22.408
23270 -22.276
23280 -22.257
23290 -22.351
23300 -22.527
23310 -22.731
23320 -22.891
23330 -22.939
23340 -22.840
23350 -22.612
23360 -22.325
23370 -22.065
23380 -21.896
23390 -21.845
23400 -21.893
23410 -21.994
23420 -22.074
23430 -22.058
23440 -21.894
23450 -21.586
23460 -21.198
23470 -20.822
23480 -20.539
23490 -20.390
23500 -20.375
23510 -20.460
23520 -20.590
23530 -20.697
23540 -20.722
23550 -20.634
23560 -20.451
23570 -20.237
23580 -20.076
23590 -20.031
23600 -20.133
23610 -20.376
23620 -20.730
23630 -21.141
23640 -21.542
23650 -21.856
23660 -22.028
23670 -22.061
23680 -22.026
23690 -22.029
23700 -22.159
23710 -22.460
23720 -22.937
23730 -23.557
23740 -24.245
23750 -24.875
23760 -25.283
23770 -25.356
23780 -25.150
23790 -24.864
23800 -24.695
23810 -24.762
23820 -25.099
23830 -25.687
23840 -26.469
23850 -27.331
23860 -28.081
23870 -28.487
23880 -28.456
23890 -28.163
23900 -27.899
23910 -27.876
23920 -28.186
23930 -28.847
23940 -29.852
23950 -31.188
23960 -32.844
23970 -34.772
23980 -36.817
23990 -38.563
