+0.000305391378891819 -0.000555120147545592
+0.000655595644628968 -0.000587783514119914
+0.001071622892673046 -0.000684315959608863
-0.000150358192277452 -0.000630781950860274
+0.000693892597868377 -0.000527642867914636
-0.000205143350602613 -0.000172545670033199
+0.000435771601306989 -0.000571989107890974
-0.000753769969167964 -0.000341012127639223
+0.000155201784858311 -0.000365349968397265
-0.000946606734075719 -0.000724607921440695
+0.000374088497458500 -0.000619456847282672
-0.000912322695235161 -0.000732065601175529
+0.000910687061296477 -0.000764843875732085
-0.000586278851610407 -0.000541435465095913
+0.001030405347288276 -0.000541372613082400
-0.000239625379994687 -0.000635164273198557
+0.000908249103139059 -0.000563364799491694
-0.001083574350368631 -0.000514001011218452
+0.001398541779246150 -0.000449752678032860
-0.002073754738860682 -0.000530244193655578
+0.002025815409262652 -0.000538400979790765
-0.002626170334652688 -0.000570402412990789
+0.002202190439461422 -0.000663934787014526
-0.002429017288220739 -0.000673245643658905
+0.002132088678464280 -0.000735326058964317
-0.002073024881879626 -0.000787800879838148
+0.002093503666343653 -0.000699145181373580
-0.002167442318229494 -0.000560989971678284
+0.002711441799242907 -0.000678287254414861
-0.003233548550970479 -0.000562756985039450
+0.003683414437611686 -0.000644046191858531
-0.004831432220740058 -0.000639374071507615
+0.005214365804341616 -0.000624253296364495
-0.006620114305420234 -0.000719269140248068
+0.006966689308930300 -0.000691823285237474
-0.008217079828483504 -0.000714658364357848
+0.008553752522565176 -0.000759121850783546
-0.009711931360768804 -0.000656611801396144
+0.010601693173083192 -0.000842689155053636
-0.012866489330090977 -0.000659301802936881
+0.015465330022825716 -0.000798307099351380
-0.021407818740898085 -0.000610266706662782
+0.031279118451174891 -0.000765980148562553
-0.054457805513557327 -0.000642246676594545
+0.290726901012682171 -0.000682180483228038
+0.764951863587995051 -0.000689047601657849
+0.644715902882490699 -0.000654557106086294
+0.781092893848575498 -0.000705185109856827
+0.352497591300459656 -0.000802132445738832
-0.357962591184719181 -0.000682631088383346
-0.610390140038149065 -0.000736984271790752
-0.531614383937235369 -0.000461812490398356
-0.615588107795239647 -0.000509741271217351
-0.338503014884926845 -0.000270201851001034
+0.011441856857199555 -0.000344325055981142
+0.341156318347245024 -0.000614319109042488
+0.433673705820458555 -0.000440779192544991
+0.289691278319458623 -0.002145016937730658
+0.035032103443951086 +0.030015647464199071
+0.032101729843480330 +0.158472348692656806
+0.095484561386772637 +0.199566140055067121
-0.056282012347224644 +0.156397217678980516
-0.235810946779405117 +0.156716194321060431
-0.208883380875754560 +0.125833919071503930
-0.106022962940677257 -0.021906669374651327
-0.102061476115783145 -0.136518057681055127
-0.111542343506997765 -0.121546152146493169
-0.048494662147632248 -0.035312464448791159
+0.076588132971827552 +0.023610355794652579
+0.158028700827431590 -0.011371345824965779
+0.116918283482528612 -0.043303803677384428
+0.017256341797083227 +0.013177596325191389
-0.021720202438158278 +0.084263406075670885
-0.019493837477158358 +0.065043874224371356
-0.030830945589766418 +0.014443675491470312
-0.057460102291580495 +0.012413804109143124
-0.061821606381843218 +0.036563808380804433
-0.031187838529681031 +0.019801268006038229
+0.007891244550971222 -0.017820610965656521
+0.024734116363488368 -0.047755868368455648
-0.000256373936454466 -0.029569446972207751
-0.002439968696669146 +0.015387768686584641
+0.022168592883857301 +0.023845817981225783
+0.019791767256708972 +0.005730188274489473
-0.013720846898730765 +0.002464640262730738
-0.022996948812215628 +0.014358459406637283
-0.015632348742409308 +0.015582360986977241
-0.004227404334499321 +0.004129576850813189
+0.014744929305870997 -0.006817865668988732
+0.004433104488152139 -0.002118938256334716
-0.007572797718197703 +0.010052148510276547
-0.002416311544363326 +0.013976396337207084
-0.009196817880578067 +0.008457039763923844
-0.020943499699428048 +0.000716228653668996
-0.036405708304710689 -0.000875016963905586
-0.034962950308267529 +0.002177294884924743
-0.006335654563894746 -0.004812377075239599
+0.008288782690861553 -0.014221184962838130
+0.016091313947769598 -0.012214947499618939
+0.034868022981397580 -0.008617356427080714
+0.044412690410149301 -0.003264972941634454
+0.046383445872716596 +0.000618170328681883
+0.037173668829366568 +0.001694728880584986
+0.004859843235073717 +0.005633454578481455
-0.013534915253896915 +0.006925847325400923
-0.020414643533110770 +0.003253717737586714
-0.025665813315849075 -0.003586188994903052
-0.027039337691941202 -0.008600388037003524
-0.018514946033698187 -0.008628249559517524
+0.000136015352339813 -0.011595878261578051
+0.007356011560290254 -0.013080472472533798
+0.017307740483024248 -0.009766532048590215
+0.019728372551380928 -0.004705956289943617
+0.015829500105405715 +0.002986043558366037
+0.010256274574338850 +0.008860769374172591
+0.006758627280773267 +0.011345736086737616
-0.001417003671905619 +0.013812166509004313
-0.016974824343229115 +0.011742005491059200
-0.019544503953732167 +0.008261702975478258
-0.021087503010035973 +0.005083643288139770
-0.010704083343746956 +0.001055946541819965
-0.006029429320597415 -0.002430688180389639
-0.002248793968781656 -0.005928225385258084
+0.005875281676502930 -0.007449850957707001
+0.001193345007787442 -0.006915651516930207
+0.012940291096766022 -0.004879778280015887
+0.010977925274733409 -0.002551684672317536
+0.007500564529638166 -0.000692682545443407
+0.009192103629646439 +0.003739808777267456
+0.007663692813013700 +0.007237437968723707
+0.014722071205889179 +0.007071880870825619
+0.003448653194170840 +0.004794477865629133
-0.000915987029378713 +0.003361277795550565
-0.006542113632337388 +0.002998878146948171
-0.010491121194752664 +0.001650649947533513
-0.016826221426472596 -0.001324570232856159
-0.030370018597340263 -0.003997413186309424
-0.032508137920425451 -0.004536063341698843
-0.040268961043970375 -0.005718306890045297
-0.032398673667473350 -0.006841945639002689
-0.026063067439162577 -0.007586705584030632
-0.011382490424422829 -0.005740496192925559
+0.015129664497827194 -0.000877350124353524
+0.030516103186476989 +0.000671387691567525
+0.045904251826825095 +0.000828126281586238
+0.043943209907820399 +0.001346028760755293
+0.039165668388715678 +0.003243801515574023
+0.026293555661600392 +0.003830505989221660
+0.008888770701130711 +0.001444519791821484
-0.008007087800385976 -0.000027098872577097
-0.021233089420751125 -0.002123600835683180
-0.017122211928417758 -0.004402626520725034
-0.014921846996594879 -0.007736725766399504
+0.001661610240700755 -0.010602173382065417
+0.013833328867649618 -0.009662356164558409
+0.027050265240108354 -0.006488752766456937
+0.041338023331820024 -0.003159476749202324
+0.036075269924020222 -0.001628116371423494
+0.029793058434762772 +0.001188708561131219
+0.009907413187168108 +0.004498969635011944
-0.007777645861130367 +0.005545705779660438
-0.026032034930090479 +0.003223991138894515
-0.038987358948609191 -0.000210075703686618
-0.040504058308565086 -0.001740860203229825
-0.042133222766056397 -0.004901445310116419
-0.028798957883409370 -0.007472443953245287
-0.007284481600100378 -0.008174983499797586
+0.008162968916227472 -0.006980785467403938
+0.036754152529403672 -0.003829330123577749
+0.042017977734190498 -0.000855732909311411
+0.028940469851060639 +0.003153568246493489
+0.025995470478111932 +0.006444726403008484
+0.007221022415732324 +0.008337746451314788
-0.017740506722299779 +0.007970886309815189
-0.016062020897625373 +0.004870419895290580
-0.027357469041998789 +0.001720732144604797
-0.024131910635249498 -0.001874752731102033
-0.007487799379837026 -0.005796105209078771
-0.009836153939298570 -0.009295508014214729
+0.004262800128306848 -0.009561168847856329
+0.006451901206421654 -0.005668717219037571
+0.011853158408365205 -0.001663882387775162
+0.016795665289651887 +0.002097212398832983
+0.007743856331225970 +0.005713512926671252
+0.010017107325895822 +0.006661985519732387
+0.003897780999712983 +0.005668082730165803
-0.003118090361438773 +0.003975691167337852
-0.002138117895994026 +0.002212269430808177
-0.006861490014147265 +0.001546449452754797
-0.004699492959195544 +0.001734914572244069
-0.000217395770749904 +0.000507445601552876
-0.001370884247536369 -0.000483236858605719
+0.000608244496271261 -0.001350809332825728
-0.002591952004634079 -0.000865209903355956
-0.004483425883035460 -0.000448513050535823
-0.004131871991652769 -0.000503297297975094
-0.007687459928369493 +0.000661823359835242
-0.005421913721715330 +0.000683798413995582
-0.004861713056573595 +0.001309140523340967
-0.002922111519245984 +0.001138256843967578
-0.000164201518606747 +0.000340823488884916
+0.000321094914171554 +0.000725887367697783
+0.001365250099299914 +0.001329670627502868
+0.001158090042045331 +0.001955151034230709
+0.001677465744750903 +0.002056347050900533
-0.001526992431244472 +0.001443441923316084
-0.001664730996664750 +0.000759705674164933
-0.003808172554664719 -0.000411950930722905
-0.003675452743058702 -0.001495669376770948
-0.000129306240255577 -0.002490042140490764
-0.000193239220795826 -0.003288718270712684
+0.005192782909059149 -0.002927577111265059
+0.006217093157670389 -0.002338407987734618
+0.009501961795682202 -0.001457823088965133
+0.009596672226848171 -0.000533284890342271
+0.007593159320953106 +0.000451424118384273
+0.006924142771670695 +0.001594076578354883
+0.001954829795041495 +0.001787804713192695
+0.001596103433037763 +0.001675667998181804
-0.003783151966351846 +0.000851153951409906
-0.003812570754797802 -0.000200735948963019
-0.005323029321939546 -0.000947258570511645
-0.005611850122278592 -0.001895065577411611
-0.001870584977079460 -0.002226807242281148
-0.004080227631223413 -0.002176983942778025
+0.001207653829252055 -0.001402600153799341
+0.000105021237450039 -0.000547170455825824
+0.002564327848981501 +0.000205987076346186
+0.003513577476457582 +0.001179736155071882
+0.001682432273383087 +0.001761573549078044
+0.004268838060913643 +0.002247112445119936
-0.000360943624057170 +0.002005338715465475
+0.001566312215464546 +0.001638350692913750
-0.002504736859446705 +0.000918523327589687
-0.003283592259397859 +0.000259536673756441
-0.003586407122847583 -0.000167522357706514
-0.006057396451724047 -0.000877370166349932
-0.002542070315855474 -0.000845329700745187
-0.005008674906693017 -0.000983455871254294
-0.000101405306352165 -0.000584408618330579
-0.000426351788414996 -0.000152858528377484
+0.002444730831793794 +0.000199745045945766
+0.004710519972868053 +0.001000011396285387
+0.002915779760126479 +0.001109746810476566
+0.005784697435968740 +0.001561818318711571
-0.000210268820235070 +0.001333538915651110
+0.000802511955660135 +0.001113982620072877
-0.004328244303086628 +0.000778070187082664
-0.006587803358538187 +0.000040953275372917
-0.006177834738456411 -0.000138848895488809
-0.009261231302307776 -0.000830280682884275
-0.003651718972027546 -0.000828914820694203
-0.004597758194201688 -0.000979494689130405
+0.001654969167948036 -0.000813661360850540
+0.003766996684822844 -0.000254573389290396
+0.006117861243353008 +0.000077519832768328
+0.009333759992916992 +0.000971682405458561
+0.005705576199040138 +0.001129598520545503
+0.007270524500499535 +0.001594245753246989
+0.000480049720977619 +0.001441258908270637
-0.000726148500009161 +0.000987507268183841
-0.004822086826187110 +0.000504504884105819
-0.007740341447309887 -0.000529986192418586
-0.005499928414774287 -0.000862727594816241
-0.007062868664297371 -0.001675173906655228
-0.000867236905666691 -0.001772618064479036
-0.000193194092991709 -0.001772393623102362
+0.004505138983016400 -0.001496382049264852
+0.006468480072936536 -0.000607560724292463
+0.006046694390445762 -0.000170152407903528
+0.007238870463410974 +0.000811466584719134
+0.002444745197049186 +0.000995378224862458
+0.002397785454778727 +0.001267501344441905
-0.002486750945109793 +0.001023540130714182
-0.003255387338333975 +0.000256817765210159
-0.004327848911685033 -0.000202982387953664
-0.005348684084079059 -0.001158676029995214
-0.001823013696793401 -0.001382201996733859
-0.002279970411460208 -0.001845754668379699
+0.002023809030141530 -0.001734707754433831
+0.002171154073794912 -0.001326229660323397
+0.003572173348420549 -0.000975635998266988
+0.004039481565246443 -0.000148549668927703
+0.001966894107872418 +0.000090330288932882
+0.002417273191774919 +0.000665574384496258
-0.000758019747833083 +0.000673088222969388
-0.000706188743499073 +0.000638741759733012
-0.001937769405316722 +0.000472942097674277
-0.002124325051682189 -0.000067829063351642
-0.000889340216520533 -0.000159201358993787
-0.000823531883006218 -0.000638438943372920
+0.000690732344178361 -0.000590117656251776
+0.001044496544305237 -0.000654600699571834
+0.001258769023978194 -0.000540232931714536
+0.001009667938743799 -0.000214485328145805
+0.000648408445958217 -0.000200795217841231
-0.000029288213725696 +0.000168218527279570
-0.000292754627740784 +0.000109877261374146
-0.000356982010136912 +0.000243483431376995
-0.000391728430155095 +0.000229511872219261
-0.000051341025403814 +0.000125480425129000
+0.000120921151817138 +0.000240246528291094
+0.000370730579574069 +0.000103356910448568
+0.000152229099306678 +0.000268842904121716
+0.000113141901836228 +0.000252516342923380
-0.000672257807287080 +0.000241062514465550
-0.000837082069371498 +0.000206978613635181
-0.001776443836839281 -0.000018881290310377
-0.001812278896862862 -0.000117400289603840
-0.001779585648284260 -0.000322136414390032
-0.001885232139318660 -0.000369202384210336
-0.000284717971024556 -0.000360710629556635
-0.000644807783288848 -0.000316400204935802
+0.001290099509186321 -0.000115147983477896
+0.000960737606609231 +0.000009089292942421
+0.001411739042329677 +0.000205052841342923
+0.001690401688565546 +0.000310269196388449
-0.000004489985743858 +0.000334501151339830
+0.001076322501838659 +0.000310968551969992
-0.001393708079619221 +0.000104130786642551
-0.000265926353847507 -0.000082948903180185
-0.001308467778046364 -0.000376786304562698
-0.001162067646435949 -0.000592593590422706
+0.000319181241820048 -0.000688941627314879
-0.000834517348413596 -0.000759688999435345
+0.002228050342482621 -0.000570293083366742
+0.000518377117214384 -0.000449909319620398
+0.002653396811771977 -0.000180728321918499
+0.001869954447127151 +0.000029996316256595
+0.001097764230458657 +0.000115687204324949
+0.002164908881228386 +0.000260601793340125
-0.001110232067704140 +0.000078831154304028
+0.001020294883389096 +0.000060585167909841
-0.002095877172284336 -0.000209556941411490
-0.000768342037894987 -0.000394413022890451
-0.001157626416286143 -0.000498021413609485
-0.001900319999085832 -0.000716999430885676
+0.000808935792974552 -0.000541074646655499
-0.001499339473321935 -0.000614619091847663
+0.002201525181221575 -0.000313336278924365
+0.000172755306082336 -0.000177934044681393
+0.001856765442358015 -0.000031306901800899
+0.001841069447896740 +0.000238302655183159
+0.000060446323777386 +0.000101645852860635
+0.002191658825949259 +0.000300689803557248
-0.001751386566350923 +0.000021823375338523
+0.000793107360446433 -0.000000497778973590
-0.002098324830986591 -0.000170860677846625
-0.001330777271371606 -0.000420752807046811
-0.000762232880636747 -0.000338009746341149
-0.002450588284756061 -0.000624712153571270
+0.001133441836321929 -0.000358668004925998
-0.001589378141594909 -0.000444151509467764
+0.002074207478019633 -0.000226643301969595
+0.000578517948816448 -0.000029505937487573
+0.001301422319873376 -0.000028953095951066
+0.002259129947772083 +0.000320407520701961
-0.000495445271923248 +0.000109804703856232
+0.002064798399909791 +0.000340395568268446
-0.001847756409079316 +0.000111016661971081
+0.000188359701185987 +0.000030963778683574
-0.001682986818266735 -0.000024515818891854
-0.001796979327251245 -0.000365018283887860
-0.000186643902015454 -0.000204458128404294
-0.002275187521360286 -0.000532701000570048
+0.001374861194307270 -0.000297406002710575
-0.000957262716512669 -0.000345610315359041
+0.001684022840126365 -0.000243383008528699
+0.000964343440409515 +0.000031644305136932
+0.000495193813676137 -0.000080056312806086
+0.001907446489625944 +0.000292205569625095
-0.001096013424544224 +0.000064396176865637
+0.001207118136183659 +0.000225796726541305
-0.001704784426702658 +0.000076813624219201
-0.000392859786184254 -0.000109775911643092
-0.000868489480284894 -0.000065758817723867
-0.001497816550139192 -0.000446539995254504
+0.000634640431365549 -0.000262170490709098
-0.001273513334865925 -0.000530428156848235
+0.001510377569539686 -0.000378380425779392
-0.000060699865375901 -0.000334164356339458
+0.001089680315566088 -0.000358557310067710
+0.001070790923634594 -0.000064542970384681
-0.000122626713081676 -0.000246774945939650
+0.001297164514770091 +0.000040746002737893
-0.000940952066729446 -0.000139611890887308
+0.000644049707401656 -0.000090787815393920
-0.000681004250408878 -0.000116840648828502
-0.000197457856496495 -0.000331459629853161
+0.000278670129484836 -0.000188823431250132
-0.000559179174127481 -0.000474473248530480
+0.000982969449571181 -0.000297737247703096
-0.000311999640755838 -0.000424546613829471
+0.000846348745130864 -0.000373630384746378
+0.000190855955426741 -0.000264074695236145
+0.000146195110230229 -0.000384914032088451
+0.000512644890649191 -0.000154192011491965
-0.000380987567400642 -0.000327803314452525
+0.000497533876723900 -0.000167455940747820
-0.000263513316755904 -0.000231422377883493
+0.000280786100897342 -0.000251300371658122
+0.000252649818936633 -0.000151493101692824
+0.000086211946395827 -0.000305648211485113
+0.000528355394450508 -0.000139793140152076
+0.000015747756841563 -0.000286397567291065
+0.000259814502677933 -0.000207944546989839
+0.000015027066993968 -0.000234704335030884
-0.000228314001344244 -0.000305784001300036
-0.000006788764057358 -0.000215657463001354
-0.000346754020434350 -0.000358505780142711
-0.000070737200053986 -0.000242595831955308
+0.000089717797662847 -0.000316696300443440
-0.000082034140888931 -0.000267522823325803
+0.000609406707070157 -0.000206743047364004
+0.000047158375294787 -0.000243945254393921
+0.000562759703713195 -0.000116475975322158
+0.000254157922434985 -0.000188042396645190
-0.000134366072108628 -0.000124099021890817
+0.000339465225227393 -0.000164908332970728
-0.000838593877421061 -0.000226770205876262
+0.000155292458324911 -0.000215121849754002
-0.000812843313247445 -0.000336859115358158
-0.000218043986813097 -0.000305823463522888
+0.000036780594471303 -0.000361916218738280
-0.000496780491656395 -0.000353446524326533
+0.001004487480594150 -0.000284591361641615
-0.000387707166677333 -0.000304818310801382
+0.001192120236183217 -0.000183437330627628
+0.000122293074854306 -0.000200560094515319
+0.000354156498998101 -0.000158774327097037
+0.000687715237584707 -0.000142229586807936
-0.000816993134510391 -0.000235564260894281
+0.000847455589207458 -0.000197945781543394
-0.001263238159533067 -0.000346391162628292
+0.000402832472116615 -0.000337183214534525
-0.000514935311835857 -0.000399168988893986
-0.000351372224777005 -0.000453303741703739
+0.000845772709589410 -0.000363245304235680
-0.000804622182620937 -0.000450947369419159
+0.001662480624635102 -0.000287901686841363
-0.000513359281078166 -0.000332590080821135
+0.001203849245823438 -0.000253691286501190
+0.000371990807940445 -0.000203109658023910
-0.000177663706484121 -0.000295871457724702
+0.001158621232871582 -0.000180130124702513
-0.001319213609645419 -0.000374662326229437
+0.001166684539859769 -0.000293375379694556
-0.001235318699514931 -0.000419942823685647
+0.000323847804666370 -0.000459457796777398
+0.000025845094891855 -0.000401469915643349
-0.000727548639427391 -0.000550346720283514
+0.001418009914122838 -0.000353329613262154
-0.001113877688472716 -0.000495406617613750
+0.001756184269688047 -0.000331692116364997
-0.000452312783816232 -0.000342253758861213
+0.000741631927604799 -0.000359499241578842
+0.000741350763147410 -0.000216970482336001
-0.000755416112537027 -0.000409058486708871
+0.001471676684772036 -0.000223260550975284
-0.001476005115916534 -0.000429155666879438
+0.001130035289151191 -0.000359930577120126
-0.000842464572157326 -0.000399585984082590
-0.000003283277562691 -0.000518893074952937
+0.000593535831946910 -0.000353649475734402
-0.001003781656276286 -0.000575953577366191
+0.001627576333568869 -0.000343329018708494
-0.001055105727669307 -0.000485396600176642
+0.001406425143706282 -0.000388985699338071
-0.000118429220544022 -0.000320860181016709
+0.000138512403432312 -0.000449438813943305
+0.001027499255038309 -0.000222297453678668
-0.001094539331300028 -0.000464732071208633
+0.001431596712973375 -0.000270283382191779
-0.001265147638709950 -0.000419363080818691
+0.000776137169182006 -0.000421687943444088
-0.000284543977312033 -0.000355067976613651
-0.000363900797026563 -0.000553409721480950
+0.000960253297883996 -0.000333359843126451
-0.001039001901612470 -0.000564852255476904
+0.001416475200392089 -0.000381997369474200
-0.000736159793975510 -0.000457026349066115
+0.000767066247172312 -0.000468399386622041
+0.000230381316060815 -0.000327195412966683
-0.000360039354514743 -0.000526457611993808
+0.001038409058678975 -0.000287984124465171
-0.000991043108892680 -0.000508982925020322
+0.001059628796235567 -0.000374907865362067
-0.000641310083854502 -0.000433759123394330
+0.000345790057645654 -0.000516223000204844
+0.000320190459210137 -0.000373873792856990
-0.000468903209881810 -0.000598320727912018
+0.001049912586449155 -0.000391773735673506
-0.000723018573591978 -0.000566994986071052
+0.000986334638183581 -0.000482849313962674
-0.000276964774222538 -0.000467306703795052
+0.000311010116761351 -0.000578753252294032
+0.000415320759244267 -0.000396690622468093
-0.000292240824494918 -0.000608270317093428
+0.000753663348193857 -0.000417339959753823
-0.000305047586748468 -0.000557367993734997
+0.000528771670615379 -0.000509824303819221
+0.000156017238896671 -0.000479401272017486
+0.001008138566302807 -0.000597745048223282
+0.001716790706791371 -0.000452333465142995
-0.000554765764420833 -0.000605303901253032
+0.001575988966361835 -0.000609243756962705
-0.001155625897194778 -0.000648199018821012
-0.000589957863062918 -0.000564907371491616
-0.000409242643403640 -0.000673391503286107
-0.000650478419374450 -0.000608703615451709
-0.000455054422411156 -0.000553542640190568
+0.000516140009343551 -0.000628734135462033
