+0.004912809374427713 -0.003055668716523604
-0.006645515231427435 -0.000986895929080817
+0.006636415900204575 -0.003992168394775032
-0.007499928356877643 +0.000069358100172751
+0.007115190192505019 -0.003128888448329602
-0.007048566057537231 +0.002477638130303801
+0.006690935705028350 -0.002933787596998063
-0.006866509249514928 +0.002175322940496726
+0.005533517997366783 -0.002662153995485660
-0.007824919625197402 +0.001940193792328318
+0.004652889362352862 -0.002235134400415117
-0.008420759896733805 +0.001341573345027945
+0.005472154954441719 -0.002843937215968816
-0.007632494075991651 +0.000861461031099022
+0.006533137669506280 -0.003611611489397364
-0.007079859321575396 +0.001436790339815093
+0.005877793319803076 -0.003374220411186912
-0.007453744283944021 +0.001798868591609680
+0.005974580568948385 -0.002651731608802082
-0.007941340231172950 +0.001505907333312353
+0.005752372964705182 -0.002791505887090757
-0.008310887433875910 +0.001362662146559550
+0.005726997371937482 -0.003006616266755101
-0.008139365665131768 +0.001451626127923100
+0.006020667509028551 -0.003445049312050079
-0.007773892271239756 +0.001570326490444059
+0.006413727930896015 -0.003473449905300274
-0.007440808796673013 +0.001420893270114958
+0.006698161907903209 -0.003044377012443675
-0.007881078318879329 +0.001499231805791465
+0.006170254050385659 -0.002672660459886365
-0.008524297734193057 +0.001842251427870596
+0.005725892048169338 -0.002799554299067353
-0.008832489111083334 +0.001733677447503283
+0.006016269786270786 -0.003361966562119510
-0.008833932220507693 +0.001554958605493107
+0.006586402378723268 -0.003751488341585786
-0.008890887054397018 +0.001342113205517949
+0.007097083458986278 -0.003681900071114086
-0.009367176472915340 +0.001408754933532615
+0.007657760192719686 -0.003380868037118256
-0.010315619995200169 +0.002077045749974551
+0.008699465269224240 -0.003456677393302959
-0.011317642582661267 +0.002516327098557551
+0.010676560051808719 -0.003972446904673414
-0.013192346436778000 +0.003124138796549380
+0.013595935905530838 -0.003698829725844278
-0.012064176281683402 +0.003710610880318802
+0.231433927214997948 -0.004292671910992259
+0.421568736425044777 +0.004435633919917933
+0.609153704877212654 -0.008350807654752605
+0.563917982370564674 +0.062125188052438794
+0.033711181879050062 +0.210201131464446966
-0.534710624466603779 +0.348747802858111355
-0.460569134845367711 +0.478358855141913897
-0.120736522806511051 +0.336683620816232709
-0.040689033988303522 -0.173579104338169088
-0.061760627983600914 -0.371938648902253033
-0.066850473274377736 -0.146955020046666246
+0.096465870564315798 -0.049284314580827646
+0.179980598412255249 -0.046633632767681552
+0.115326251799789864 -0.041199333468598304
+0.036557933696805857 +0.039182982139733785
+0.037995853882505690 +0.088617562373778769
+0.015477119850123585 +0.066396552576773862
-0.045918445205912248 +0.056846740420448301
-0.109071131657255960 +0.033109856514687626
-0.096444767788126565 +0.013796162621070942
-0.050471319464503658 -0.020954703104951129
+0.004336005670853070 -0.051379970128356350
+0.050894420090679411 -0.025585951698032280
+0.030357953331147713 -0.027930752444506782
+0.000855390615264240 -0.025196644847616301
+0.026160329350102648 +0.009875052286362538
+0.033755811484460406 +0.026263494951400568
-0.003232004344055156 +0.014907982486761607
-0.034802707308949889 -0.003120434020356858
-0.030663852490380183 +0.008034373092099829
-0.014707438533014695 +0.017732403224093071
-0.006037276390116562 -0.005102722201864867
-0.002270979279506886 -0.007799115408347465
+0.013353629714860106 -0.009782761174389292
+0.037363361084026506 -0.011875934421754376
+0.050979545220009179 -0.005635956704050750
+0.038335195962350133 +0.001805675790936063
+0.009348742392507419 +0.019220607873896615
-0.014517938661011903 +0.030084266247113703
-0.030768521793281229 +0.033193872299558475
-0.030652631244810338 +0.022424889703890102
-0.012845129404255883 +0.001084635188054989
+0.011411331345455654 -0.005557560256086223
+0.021878209581654408 -0.014188177440307937
+0.029065529948482615 -0.014496527425897420
+0.028588425466774422 -0.000262742285156827
+0.021138412015465680 +0.009887882607255582
+0.015925164881609125 +0.017763430633956953
-0.004739087817888470 +0.010736957732165597
-0.030123357991672373 +0.008130742405733183
-0.038084931946048117 +0.016252210813364525
-0.028973077517343647 +0.007209411091071894
-0.012479747787834115 -0.005811752336581998
-0.004354366594946033 -0.014556489163016266
-0.006052926342653650 -0.015687576895586537
-0.005689342276818103 -0.009384155932673770
-0.004871916544781895 -0.009818614676831081
-0.000344715316624873 -0.009071761240409659
-0.004439175693253992 -0.004962878327263744
-0.013240589025487861 +0.001276262159021685
-0.013610426145046896 -0.002945716102096858
-0.009293962545322550 -0.010608380927952316
-0.007740384448982826 -0.015687011295827415
+0.002682125928879509 -0.008917115522443220
-0.002214137835064583 -0.002431668193827580
-0.008184075253218423 +0.001551256970823378
-0.002264485597385500 +0.000188332630556250
+0.001688121135334098 -0.006974819083203063
+0.004593519427789193 -0.008881743749522046
-0.004955046731388534 -0.001799984792530719
-0.006411641284325716 -0.004767209875485327
-0.007054448493537929 -0.012799554064199616
-0.004734205394154287 -0.010012237695063835
-0.005199406889000620 -0.003521404650766819
-0.004974142187410616 -0.004389575305204861
-0.000670692961588313 +0.001008014216144790
+0.004125868001908119 +0.002534517111797459
+0.009899642740927533 +0.003921555000775045
+0.005055858090933573 +0.004361200297854860
+0.001016200850493677 +0.001069158191299216
-0.001362475456775390 -0.003239047813016782
-0.005187834040187122 -0.006400948203007593
-0.005668665538765378 -0.004817956324987612
-0.011969305832222795 -0.005913416025509892
-0.011084336629619419 -0.005564921365859779
-0.011799402323479660 -0.001259174609376237
-0.002445279804583864 -0.004945254660019630
+0.000721791736261487 -0.002542453883888660
+0.004979373704528993 -0.000669700808127570
+0.005096277093260810 +0.002028999175293016
+0.005213165191576653 -0.000700432148667002
+0.002153588123180252 -0.001363870515203113
-0.003560500001439410 +0.000847602929427723
-0.009854430811555907 +0.001043296015138464
-0.015412063651517120 -0.000886082703462922
-0.017621816254074059 -0.004420080334672682
-0.011884241252440992 -0.009362392658203066
-0.009698312586838839 -0.011559374246350165
-0.004460855737746247 -0.011731221652108123
-0.000321694879019871 -0.010600376764598494
+0.008650827089293312 -0.010202113834951954
+0.009937201356756084 -0.003619155436562939
+0.010096093993983410 +0.000102196506489137
+0.003100948891553151 +0.004176152024670437
+0.000615667740675714 +0.003991579480393611
-0.009044892324131616 +0.004590657324143197
-0.010486798420288729 +0.001794907602514246
-0.015488171934864861 -0.000895917780103459
-0.014957700528652152 -0.005499956522547212
-0.016644903695188965 -0.009077115367611664
-0.013162846891941903 -0.010719100739175664
-0.007933990683983438 -0.009481018035433775
+0.002736655470440452 -0.011215346182772002
+0.008272431316745441 -0.009158397371166768
+0.008745702519320536 -0.006424293419243467
+0.008270135723682855 -0.001821210612588581
+0.010121051299077923 -0.001330583585571146
+0.005088764372888053 +0.001534725571893111
-0.001479999646509458 +0.004245437766191309
-0.012381781523969395 +0.006325572616530070
-0.014568675238038906 +0.003905697431651075
-0.023835146081449939 +0.002843454134728098
-0.017199187649372304 -0.001741562131563233
-0.019531141327310365 -0.004863447187702546
+0.004680194830936299 -0.011915607400939107
+0.018720251638908093 -0.010853611257602579
+0.028211706395397967 -0.013819557890251695
+0.023745335182920921 -0.004983125456268998
+0.020586942222237670 +0.008999043519269357
+0.006789543340693767 +0.016504684261822798
+0.002635283999772614 +0.014649823255029058
-0.006926639666325229 +0.017348795297485373
-0.003439448838149988 +0.008430449292837601
-0.006471385933155875 +0.004746143812536088
+0.001899724947167520 +0.000668634401991344
+0.001100337894985402 -0.002759362141313060
+0.006994228866376357 -0.002369217765230941
+0.004850300775982442 -0.000646897742676830
+0.009631695109321291 +0.000649820179713467
+0.003433850747378606 +0.005047987861339660
+0.003095722682075128 +0.002893074829263110
-0.003751533449052654 +0.006610227425696211
-0.004980661673846559 +0.002786047414846556
-0.006318708404904579 +0.001885696379581844
-0.003731445366100221 -0.000109309774226579
-0.004034540493489660 -0.003322634877376334
+0.001174603303118246 -0.003011114326468126
+0.000295998242091498 -0.003113692417912400
+0.006349197401134791 -0.002759259036853628
+0.002258557276177808 -0.000051080395016596
+0.006993456672463925 -0.000662737004246772
+0.000120605201828830 +0.003450481804088236
+0.002676460384346953 +0.001590455970350325
-0.004505760138473303 +0.003385043059522298
-0.002878655439204587 +0.002256640936447337
-0.007157284976306666 +0.001741388281779022
-0.003713539206160182 -0.000550379080988872
-0.004181817680331075 -0.001413618849855358
+0.001087230751341397 -0.003780215248055436
+0.000848193011045038 -0.002839916295659668
+0.005612289413818780 -0.003312685392633723
+0.002743322423079376 -0.000589718276095757
+0.005919866936374472 -0.000162343962208179
+0.000946901695210063 +0.002016325045966727
+0.002995046737972984 +0.002465858200984985
-0.002660322281426169 +0.002947522176845093
+0.000223064894291265 +0.001529596741595676
-0.004680610459668298 +0.002041446339934801
-0.000430205138790701 -0.000798610658555452
-0.003732322013617496 +0.000350310655528545
+0.000968295064313441 -0.002677153840938129
-0.002364312013885388 -0.001239708268707658
+0.001901814601864159 -0.002163175294269178
-0.002081984926118110 -0.001047099804106502
+0.002361426783287611 -0.000431391161485848
-0.001901033754519878 +0.000011236268377803
+0.001716826420465348 -0.000278656374973790
-0.002309235814280563 +0.001112339723685497
+0.000716233625884410 -0.000772969753627480
-0.002194345507862652 +0.000772874643725433
+0.000450828955445971 -0.001195690666194770
-0.002478092993459284 +0.000248261362229598
+0.001043821981104511 -0.001216879931585735
-0.002703104160643032 -0.000534125877497024
+0.002074393929915554 -0.001496650301133265
-0.002056462135086594 -0.000599957242740796
+0.002838235118407368 -0.001307286605085684
-0.001773098485283908 +0.000500021518191180
+0.002893420589698575 -0.000381092536954216
-0.001977538126974314 +0.001270213426671237
+0.002440011232933442 +0.000194280132027716
-0.001790562340207490 +0.001818195607514214
+0.001971724280557430 -0.000034433700365732
-0.001299868378955983 +0.001254737546691587
+0.001592147240731496 -0.000462309649919784
-0.001198782929267726 +0.000343370684813243
+0.001664135837419422 -0.000978719414646604
-0.001420632387060880 +0.000138937007293199
+0.002536057741251746 -0.000909716835898435
-0.001698573252010999 +0.000397747747493093
+0.003205637852953849 -0.000244745408493515
-0.002029429543520362 +0.001131783241706804
+0.003049288469840093 +0.000066975633887174
-0.002411342718047259 +0.001461977321269560
+0.002281162727823628 -0.000193544972751420
-0.002647979254566448 +0.001146207819937160
+0.000931047738096465 -0.000781070496653550
-0.003119027800907540 +0.000688028039465318
-0.000067575940333495 -0.001424030732944670
-0.003278663017590821 -0.000006585061883315
+0.000177114260276603 -0.001524591282698717
-0.002736448953916935 -0.000546395195887039
+0.001795106669315749 -0.001516856298562797
-0.001843060106424527 -0.000607149714527444
+0.003349450221215650 -0.001221856627533722
-0.001407024125863347 +0.000128936443710363
+0.003716348534749124 -0.000729705904293593
-0.001749408028374361 +0.001196193012438386
+0.002642760921608764 -0.000428008960301508
-0.002823582039805418 +0.001631242083887958
+0.001212394320225824 -0.000405449911835950
-0.003313402225313314 +0.001069065106113471
+0.000711856023362490 -0.000925291541266111
-0.002814803754161352 +0.000294174711361640
+0.001452925934568585 -0.001238673209306406
-0.001865045208101608 -0.000147243448452751
+0.002580444360822961 -0.001051959424222924
-0.001543011427230286 +0.000165176546596079
+0.003332473163646071 -0.000704425706908669
-0.001568117814184234 +0.000797132466479401
+0.003258303065244792 -0.000561789717547338
-0.002188220975660993 +0.001130239630546719
+0.002225473734162584 -0.000588160949735066
-0.002980179733547987 +0.001232013213108922
+0.001473247089086806 -0.000803508055262958
-0.003274364515331456 +0.000855159381867037
+0.001373945834274340 -0.000972024903171843
-0.003087328124244087 +0.000424539328195702
+0.001853010458412837 -0.001141343189685375
-0.002494938562551786 +0.000117860525003636
+0.002479055349287215 -0.001123575862398718
-0.001866699770632974 +0.000141341282350321
+0.002623551621689143 -0.001005338641347488
-0.002007954306251383 +0.000591651735053814
+0.001971428347039733 -0.000753806009627179
-0.003066687867100114 +0.001007939728106186
+0.001558810880134087 -0.000766576237804530
-0.003071233305381472 +0.000932051925324867
+0.002198524581615107 -0.001334914507303695
-0.002169572499284093 +0.000409643149561898
+0.003165837202174839 -0.001205835393324314
-0.001931573251674072 +0.000359023003984152
+0.003466888936644608 -0.000626876753596149
-0.002571551784696183 +0.001011845272527817
+0.002943386574792987 -0.000495681295396020
-0.003300755791505313 +0.001415055986075997
+0.002095765195509192 -0.000729978847409047
-0.003387794650937637 +0.001076511268738640
+0.001593320875170612 -0.001082954920948529
-0.002761262499080486 +0.000477188663176760
+0.002014278636232318 -0.001309017218385597
-0.002051006195183169 +0.000260539510756108
+0.002878901265866818 -0.001287963268866182
-0.002015872339789740 +0.000646736760760935
+0.003258969714146697 -0.000982733541151151
-0.002648604251912608 +0.001062734255236814
+0.003020763395538022 -0.000631455767036854
-0.003431090912056761 +0.001048058979063893
+0.002499801144890484 -0.000644174205317830
-0.003820609395698643 +0.000827004917881791
+0.002147391881621045 -0.001086500825849806
-0.003537492232275886 +0.000652785998208949
+0.002187132848807916 -0.001565629789630082
-0.002832939861549047 +0.000627895455019047
+0.002484083970981724 -0.001648165803777323
-0.002345047848241175 +0.000614409991444615
+0.002697162787940331 -0.001200737797856887
-0.002518908501292466 +0.000634054440112719
+0.002738465403643336 -0.000721743586947729
-0.003123420589866255 +0.000733295514902768
+0.002766642319428083 -0.000742297178479578
-0.003613031702812405 +0.000825752898529531
+0.002893475765721722 -0.001153017214819837
-0.003599925525448584 +0.000880030795985545
+0.003025788439578840 -0.001513097582523763
-0.003183782391927775 +0.000886484950589260
+0.002992927353295818 -0.001456202603439970
-0.002808444776542891 +0.000853116621481561
+0.002805168801902526 -0.001130719308973751
-0.002821820015672132 +0.000862459842255013
+0.002635670703402820 -0.000893683489302886
-0.003135844200059076 +0.000886916038959961
+0.002636594664460590 -0.000945053832967871
-0.003448439725371985 +0.000833413817334334
+0.002794805836701784 -0.001180287471580344
-0.003569133968970088 +0.000730571799123366
+0.003032822237578180 -0.001345652050844257
-0.003492877196553812 +0.000694493834747523
+0.003185444766119965 -0.001405924026598404
-0.003379109687849001 +0.000835718320359159
+0.003154701080711262 -0.001409763457623042
-0.003332442012270283 +0.000997976611836637
+0.003001413771370926 -0.001317966721878141
-0.003411190622606042 +0.000999839459314158
+0.002868229698406331 -0.001169849306508068
-0.003594980831200967 +0.000846442669181532
+0.002858728205915536 -0.001116646322812834
-0.003704008309111688 +0.000696819145361158
+0.002948521605991836 -0.001259371825858550
-0.003621285436890754 +0.000718873143384495
+0.003056664714949238 -0.001470176128995361
-0.003483789609082645 +0.000844675676491181
+0.003157642860680506 -0.001531002211682644
-0.003450803342451877 +0.000950558698431680
+0.003271581188906637 -0.001426252444706821
-0.003558389584038757 +0.000985644939388076
+0.003371253913311266 -0.001274853520975479
-0.003749023805818834 +0.000948936767274700
+0.003389350331039737 -0.001212929052662552
-0.003905097657591441 +0.000915836903868938
+0.003334877103491610 -0.001297176101459499
-0.003932533485111227 +0.000912603976613294
+0.003226495544617806 -0.001427852150005365
-0.003841624859600301 +0.000929831541440763
+0.003102462658601676 -0.001507608959982040
-0.003717545393021432 +0.000943150024424362
+0.003077892370178592 -0.001514624809066352
-0.003675709620777399 +0.000915669322006713
+0.003218714281210467 -0.001472081756996929
-0.003797165341540011 +0.000876587256428750
+0.003452079474988289 -0.001442028262879333
-0.004054413790290250 +0.000876786464816649
+0.003632393817564512 -0.001441991041848505
-0.004280847953378400 +0.000915700178202151
+0.003660824172173442 -0.001487791755319219
-0.004331312542811955 +0.000971413492099236
+0.003534283631624986 -0.001569031629774818
-0.004187451652758552 +0.001011396460588672
+0.003360905458928315 -0.001634719990802443
-0.003968614079649795 +0.001012919462961854
+0.003262999579310147 -0.001638207522791869
-0.003884463173301775 +0.000971438539914397
+0.003320005179969992 -0.001565403535998286
-0.004032947225007227 +0.000897772320809666
+0.003521773916727834 -0.001496779715644199
-0.004301445084463468 +0.000865977852461602
+0.003762257694801611 -0.001524985937557300
-0.004498980677298734 +0.000918877303924048
+0.003896589689731629 -0.001625876785344846
-0.004538366024745242 +0.001028131259829715
+0.003870042984257734 -0.001719354386895007
-0.004438788200329655 +0.001121283717682993
+0.003739922974150771 -0.001749772386699999
-0.004316468024208039 +0.001123113261992578
+0.003594129647563975 -0.001707424963307503
-0.004293692580004904 +0.001042726763915574
+0.003539414363353807 -0.001645699941528995
-0.004403671849149738 +0.000941105292011381
+0.003633105236699974 -0.001623831807426851
-0.004589512604932127 +0.000893840739977095
+0.003816701497026915 -0.001678025033051577
-0.004742183921912627 +0.000941312623269878
+0.003978257265712709 -0.001783778220826684
-0.004766578614332681 +0.001037580885540365
+0.004040419199704453 -0.001873778656699950
-0.004692836489554045 +0.001113204955719419
+0.003989882177043784 -0.001888222533568685
-0.004674881681103466 +0.001128236703345760
+0.003898298265675251 -0.001826547238635666
-0.004763104822389242 +0.001083319132909593
+0.003859080148458311 -0.001780847587067183
-0.004861449174844323 +0.001011143747344179
+0.003901161339492838 -0.001795822566620880
-0.004901987887302611 +0.000956756281911818
+0.003997564694628517 -0.001844136599422622
-0.004903827621827127 +0.000977043748482557
+0.004100163008269506 -0.001914427363208787
-0.004921067575491505 +0.001077000199020812
+0.004161563081080733 -0.001978590053747760
-0.004987584430875587 +0.001167570522965882
+0.004168678263758588 -0.001990864708911891
-0.005092100075848061 +0.001163779685787345
+0.004174279295919976 -0.001955039463159421
-0.005198489778394103 +0.001081126363131978
+0.004228310141908387 -0.001933829228300048
-0.005273079723061048 +0.001023990900084873
+0.004297435837039482 -0.001974581739165608
-0.005286608190756548 +0.001053734231913007
+0.004310094917411373 -0.002046706375848688
-0.005247189888766497 +0.001119663645378285
+0.004251464394563042 -0.002089027050145451
-0.005221943465808284 +0.001151012246482730
+0.004195800333524502 -0.002091878713569223
-0.005283401211195258 +0.001133693358324792
+0.004237787784485150 -0.002091542519520614
-0.005434477421622383 +0.001100521527284199
+0.004394974718348002 -0.002117583605094257
-0.005604812363327254 +0.001081847219523476
+0.004579083267102584 -0.002155235761857933
-0.005711725201194878 +0.001088278133133273
+0.004668200308109974 -0.002182469675835562
-0.005702897401417046 +0.001125931056009688
+0.004633579326117843 -0.002211043953630833
-0.005635024767431211 +0.001176866441650078
+0.004519473177113717 -0.002241085699740537
-0.005633762275613334 +0.001218718490573424
+0.004383472933538060 -0.002261995603488338
-0.005655719739343483 +0.001211955490714637
+0.004423058326612453 -0.002268191817802116
-0.005746770757128230 +0.001099684344506427
+0.004629880573808663 -0.002265629257350639
-0.005936051625406320 +0.001060470458180010
+0.004828603308928388 -0.002289716773536847
-0.006086859980548342 +0.001133035083453071
+0.004927553952014547 -0.002346796131037995
-0.006139488691171902 +0.001206583769874788
+0.004901357294747392 -0.002417350352544486
-0.006140138722242804 +0.001259922482027659
+0.004791458499072714 -0.002462009069106806
-0.006102727465026651 +0.001262397847188946
+0.004712972637392525 -0.002471095171898377
-0.006080019234336423 +0.001194577656382782
+0.004726501579815139 -0.002453275206263798
-0.006148013666847057 +0.001128838879112265
+0.004833892722380289 -0.002433010454988330
-0.006307280473888375 +0.001112917341279909
+0.004991603087373448 -0.002458901442984512
-0.006472302837396651 +0.001156514136838664
+0.005100483366891092 -0.002542243342207471
-0.006566417202463730 +0.001228837191343900
+0.005116180965388210 -0.002629259579458410
-0.006580593292560187 +0.001275517246358264
+0.005081175818337582 -0.002678180400482826
-0.006561658004995207 +0.001267519030489906
+0.005058321641661085 -0.002676905262443731
-0.006577229400414822 +0.001218899164969238
+0.005081437956095202 -0.002648598023154418
-0.006653504001477685 +0.001178510561430241
+0.005142792401434448 -0.002640265195525849
-0.006767560986081072 +0.001175175899097620
+0.005214877149237148 -0.002676345000891541
-0.006880880856386634 +0.001204651131648764
+0.005280441647661130 -0.002751850513978754
-0.006965939379402581 +0.001248214899627318
+0.005330489337630456 -0.002833763983890638
-0.007029922411209804 +0.001276568512346253
+0.005378965239560730 -0.002882943411586683
-0.007104236020633332 +0.001274532653088010
+0.005443178872565488 -0.002893098794859369
-0.007209781632201516 +0.001255976145501144
+0.005525424405606116 -0.002887373111658170
-0.007333906192321495 +0.001237354452841486
+0.005620923896178950 -0.002901428566873096
-0.007478193348096993 +0.001238051441842970
+0.005762063815030856 -0.002942499431489197
-0.007786342462954629 +0.001257141392126826
+0.006502522797519370 -0.002974454657528672
-0.005105982136542456 +0.001345058587957499
+0.009052776430966036 -0.003398556357908228
-0.003045806888113944 +0.001400744137886853
+0.007993846736437504 -0.002144200027761608
-0.010243831444287988 +0.003332056835290864
+0.002711639516655243 -0.000311919313891620
-0.009294496698323378 +0.004865566833753662
