+0.002489281024664591 +0.002455911921705944
-0.005170495018441326 -0.004922722831999729
+0.002796827946178276 +0.002199528979326497
-0.005041766645785598 -0.005149822130009867
+0.002558092318007083 +0.002063040335644299
-0.005142358545552359 -0.005474427757091740
+0.002260951500349632 +0.002889401651553976
-0.004942392746990900 -0.006032087741309217
+0.002576930007382290 +0.002562574862564903
-0.005665162440318515 -0.005803783405535259
+0.002626853057408335 +0.002384263580068003
-0.005649372440153786 -0.005693318008999582
+0.002654286385792336 +0.002289625224949391
-0.005616640123124382 -0.005898565809134847
+0.002442984034285489 +0.002555785889474261
-0.005622952346667287 -0.005995029600096149
+0.002657865911248330 +0.002670140915842768
-0.005688192897126101 -0.006230766885524786
+0.002691952434239336 +0.002573645772205662
-0.005987280143624474 -0.006250631756666314
+0.002718407844548950 +0.002861513026782949
-0.005865711611705607 -0.006588651909410367
+0.002797160995691614 +0.003088936913281980
-0.006158871093276379 -0.006746424871461052
+0.003012590549805429 +0.003208754404748587
-0.006324166606419246 -0.006670159099267623
+0.003236436655630516 +0.002990349651668892
-0.006481066517799582 -0.006674984573894818
+0.003126111911025161 +0.003044688374507621
-0.006469263252722401 -0.006864413657475320
+0.003185971814265369 +0.003083969072350700
-0.006547637736604798 -0.007231745350638506
+0.003092203583507298 +0.003284552610351294
-0.006767230464747426 -0.007539265045708374
+0.003202977467719884 +0.003513552095424735
-0.006936363192015188 -0.008075268956695074
+0.003253413561031971 +0.003900664306354898
-0.007309761572373312 -0.008542263301388697
+0.003475320361442059 +0.004316379740012388
-0.007611301379119312 -0.009011208640062581
+0.003763507814539107 +0.004529907676236207
-0.008109763374279971 -0.009498919594136400
+0.003892269941120316 +0.005094563246430105
-0.008397915882081549 -0.010500396373717512
+0.004003867136760937 +0.006636109713981854
-0.008688772818457367 -0.012082675660663126
+0.004637307037160627 +0.009642400067589350
-0.008676893631396433 -0.016355000097253540
+0.005203217375240480 +0.017020717905249477
-0.008625760139774237 -0.016798385923244244
+0.004962278171230466 +0.553906339196547748
+0.018673524564910560 +0.606293993347701177
+0.497846041031889786 +0.346246632517019315
+0.426312042853624951 +0.320236190865503478
+0.311940217881416515 +0.300605833976937797
+0.346623339505345518 -0.238283360764817709
+0.355772147194011235 -0.870596675552159693
-0.306021341802465041 -0.455495159043705633
-0.621739839912744063 -0.055729705971724976
-0.356045799679985953 -0.007899656618761557
-0.158001467075843227 -0.001249634572415745
-0.066825169857342215 +0.145369213484338677
-0.022515905624569840 +0.173327115971867451
+0.085459776071972901 +0.176889094676861730
+0.197524742883412791 +0.092688680100054460
+0.256152126735203212 -0.051003254429589792
+0.070056997790989173 -0.085569857272308619
-0.088325499193535467 +0.005550014565760790
-0.063900347522310053 +0.080032420182168967
+0.059897821387351571 -0.010793586709396305
+0.034299990730236846 -0.104277063583243623
-0.082706463865643939 -0.074674958784220813
-0.094057138376700489 -0.032959707773085996
-0.025413999477290151 +0.005591530941152763
+0.015282852608031562 +0.008536032914693268
+0.019054930360596210 -0.016161487802373073
-0.030094586012389207 -0.007291104838919361
-0.026237882273262934 +0.028020396332659299
+0.039598303749960810 +0.028081918302977744
+0.049913870914240405 -0.016767492037750929
+0.002073937635601058 -0.041464782903469694
-0.036758345098749326 -0.037128375755389083
-0.033687501026651197 -0.009019924090724876
-0.013739595349702923 -0.002848296944913651
-0.000730031038973123 -0.011250969606098992
-0.014652695124099889 -0.018220305121548146
-0.018618704024084866 -0.007402946625829876
-0.004465147859920804 +0.004318401557059084
+0.012866664465575720 -0.001528169902765900
+0.000811184184067568 -0.005471971741844299
-0.009382606148671173 -0.009862052072645958
-0.009277724745106001 -0.008487984424155461
-0.007530903478801939 -0.001010310075850281
-0.001658181015010041 +0.002078437601071159
-0.002468623889705299 +0.000077714496499284
-0.004202760784851392 +0.001506016854280686
+0.000013087485650119 +0.008840565935920960
+0.006259598521731980 +0.006254101491135800
+0.006024893680485004 +0.005610337688246978
-0.007053783593832965 -0.004547659736196405
-0.011217427244666942 -0.004183638568806696
-0.007971186331897416 -0.011211495045797357
-0.005028130741965516 -0.008165243365341116
-0.009943539144718391 -0.002250714472889697
-0.002106019431229651 -0.005231578542811012
-0.000048751863253521 -0.005836649014310313
+0.004487452868692910 -0.001884246135006738
+0.002664445039258472 +0.004677238417612622
-0.001534152732473919 -0.001874237298280304
-0.004604783305131139 -0.007149580122415806
-0.008371240435765379 -0.009578923733883724
-0.007776365327779825 -0.008052868697221207
-0.011210531940965718 -0.001387598279286265
-0.010005292105185179 -0.009622468928425658
-0.003632543736841495 -0.005207301968376074
-0.002687167572609865 -0.005492446181148685
-0.002110467649946003 +0.002188548191086795
-0.000738226805866710 -0.001084994735783691
+0.008766879871402273 -0.002625539629148550
-0.000054533328104828 -0.000973546806585933
+0.000349591048126606 -0.006489174106005887
-0.001069996535748261 -0.004132848391816952
-0.005795224922565690 -0.009475741239248534
-0.009788023478120158 -0.009751380982238180
-0.012330448421833853 -0.015416880442802525
-0.012261919946546259 -0.013554005903855750
-0.015393222494603172 -0.017018816404358761
-0.011216513741991582 -0.029496046837371045
-0.016498640811384253 -0.016329531618102286
-0.018124145788074152 -0.011420544626178463
-0.010789789269455665 +0.005634412519801429
-0.008932327024309322 +0.014113413315542892
+0.004434164735543512 +0.029539246112343591
+0.008951777809025523 +0.029511613471346565
+0.021627536834494039 +0.012631486307200183
+0.019879918621495244 +0.006256980854050149
+0.013157599531490285 -0.012667014873066651
-0.000402087598732189 -0.018297545900428959
-0.010158945165289647 -0.022026492919079071
-0.011752387031370892 -0.019088249790738230
-0.016623750314726307 -0.015581099129036284
-0.013997776198120277 -0.013782824459602640
-0.011356614076719694 -0.003260144382445523
-0.006411214429044939 -0.008985065924593302
-0.002826568663202864 -0.005392792018887605
-0.008025752210518754 -0.005571325400819177
-0.005483936577800287 +0.000108636002456396
-0.007877667061843027 -0.002410858941449633
-0.004220810490509276 -0.004791219131755740
-0.006891358582494267 -0.001356332497777355
-0.003536762194925908 -0.003212042832741722
-0.004299371317504299 -0.002801076944894133
-0.000835592214546213 -0.006289194818840089
+0.001262577400544825 +0.002010532280334809
+0.001277703269439528 +0.004715725202931125
+0.005913525864992421 +0.001654298622925512
+0.008594582869300219 +0.001873077333957150
+0.007451148022987286 -0.000873782329742893
+0.002566508634772875 -0.001509302455513012
-0.000717495939482458 -0.008293537910521329
-0.002982577284916441 -0.009264508158915077
-0.010980841834238066 -0.013935229020075431
-0.012192058237640441 -0.008409456586449249
-0.013990900055433856 -0.006613933892889019
-0.007434255754809402 -0.006104870358353965
-0.008338883460183208 -0.003532074959643586
-0.005431842413479223 +0.001024480037605583
-0.004803142740673726 +0.002285940102506699
+0.000942950033328254 -0.003076162342318835
-0.001645556720680923 -0.006476559596054224
-0.003822308698244425 -0.012138685371722071
-0.009672424708886527 -0.021154365475812009
-0.013802049905664084 -0.011442930851713799
-0.020369440984756741 -0.002169168775208577
-0.008518696436429902 -0.002040308469053099
-0.005488863276982572 +0.022205209979978199
-0.001135609206713221 +0.027995198066101259
+0.022045908153845710 +0.028349994483366111
+0.029644952383906589 +0.019348106991811581
+0.027575393740429634 +0.006025214889156694
+0.020185910551856867 +0.000350014503397292
+0.006143923154271411 +0.001698272079837054
-0.000730472278765909 -0.003236749712152653
-0.000008837414395474 +0.005072196262245129
-0.004907828746907414 +0.001236880704897622
+0.001305280466832801 -0.000132809074474077
-0.000054742078760550 +0.006048846932107606
+0.002531147574964837 -0.004380698150862068
+0.004896562449667321 -0.002920382877716294
-0.002020157149233065 -0.003271202635801658
-0.001896514025272160 -0.000825513840889136
-0.000218698573138967 +0.001966337278716819
+0.000098330942715566 +0.001696805728693473
+0.000745828093334323 +0.000903886338675011
+0.001340478496133030 +0.000589787471314422
-0.001377839224770302 -0.001468643514789597
+0.000499994431219402 -0.001005282698418052
-0.001481456681525500 -0.000095774612888997
-0.001806177370989544 -0.002224172606496148
-0.001430769166555121 +0.002271045749617624
-0.001007062964431928 +0.000925683696621529
+0.002295143439352674 +0.000665092403327698
+0.001393843997653519 +0.001982619939278466
+0.001811689552585464 -0.002376198304251207
+0.000979702792103165 -0.000283072286330917
-0.000682904404036956 -0.003139521597437536
-0.000661193060444716 -0.002625942620956796
-0.002522112035304008 -0.003149820998141966
-0.002463853170915507 -0.003313274106561220
-0.003575846287026322 -0.002260964976593319
-0.001753544356746344 -0.001514092880194804
-0.002513621668848841 +0.000862042145709754
-0.000442315540166124 +0.000719063738731111
+0.000681127654349271 +0.002506448430095054
+0.000698353665586782 +0.001494498788996056
+0.002289726366766918 +0.002080263627999267
+0.001191348087038603 +0.001777079593049588
+0.001628340554873140 -0.000444224375805633
+0.000917345692303837 +0.001079996792049655
+0.000019492394794550 -0.001053689402746659
+0.000508571083271140 +0.000558259659407639
-0.000288917983037504 -0.000963489343874918
+0.000258671183858692 -0.000476540548852403
-0.000493309897770830 -0.001162755347445314
+0.000061292532960422 -0.001813274412222260
-0.001436149177348421 -0.001086521996929593
-0.000482090509267708 -0.002764277732754915
-0.001683225292282168 -0.001791734830579586
-0.002101630978022785 -0.002410595878463844
-0.001746158036653735 -0.001681374226651685
-0.002456933618738610 -0.001403774469285527
-0.001794327298536345 -0.001435907892634940
-0.002115813931830506 +0.000366108645529737
-0.001536962884765285 -0.000352406630023222
-0.000509384511138846 +0.001775844058836227
-0.000351867802515267 +0.000760727984736441
+0.001191334499249490 +0.001753157932044522
+0.000977548706153290 +0.001002595242875982
+0.001789551266404739 +0.000608592127897400
+0.001169576414965331 +0.000241019175474633
+0.001511022899642305 -0.000792647377003197
+0.000171957907459152 -0.000283843534616176
+0.000341856285632782 -0.001180122954992275
-0.000030298514416014 -0.000586704560565127
-0.000405215332943844 -0.000228549927789441
-0.000233037224217882 +0.000392052984495561
-0.000144371574784856 +0.001413460708300159
+0.000435006110265256 +0.001345562633830323
+0.000741177218539940 +0.002468779814611737
+0.000990649486942382 +0.000538515700304821
+0.001243039388928923 +0.001106156005560463
+0.000274694074406100 -0.001490431307190423
+0.000422524915060681 -0.002057999216809203
-0.001681331155126654 -0.002690730991677201
-0.001756242665382335 -0.002716580748231760
-0.002783100848052155 -0.001339311449396822
-0.002008624640823441 -0.001465398384654253
-0.001532882228688570 +0.000029544371602002
-0.000701515288125905 +0.000175276715310266
-0.000064717993782965 +0.000180733951735618
+0.000349872167829986 +0.000770512598092719
+0.000460149009458777 +0.000287761419645185
+0.000423802388613526 +0.001307202924959673
+0.000402914708618831 +0.000723612827059256
+0.000760692401536141 +0.001822891492489942
+0.000742363975499019 +0.000586545356910450
+0.001322145805265175 +0.001293042283629292
+0.000478078783093149 +0.000200323862285559
+0.001230154607548328 +0.000285942794992760
+0.000158298879834052 -0.000065235358225068
+0.000604370368222887 -0.000610523477593605
-0.000186864855040095 -0.000106341310902096
+0.000033452085132442 -0.000805259714707945
-0.000319572773898307 -0.000499247269056634
-0.000322819192482175 -0.000712147248546211
-0.000403482372171649 -0.000903314338079880
-0.000593490130300360 -0.000033644130624715
-0.000487739636586534 -0.000716275977183200
-0.000159143018651252 +0.000657238065030045
-0.000198217362883380 -0.000258247638027909
+0.000355921852947882 +0.001041979147734819
-0.000012037628377245 +0.000092102727943362
+0.000897033062043591 +0.000616686237929370
-0.000136936950413764 -0.000356050376360696
+0.000455661970364476 -0.000417318138938374
-0.000788386517939904 -0.000735468871037765
-0.000318063887353954 -0.001561583992630696
-0.001163142113643306 -0.001295278864215441
-0.001168946779695538 -0.001702719807253886
-0.001422971240106180 -0.001118122161028372
-0.001248746557640621 -0.000563456226581010
-0.000852910060026652 -0.000520153716410512
-0.000370102177858158 +0.000695091147006840
-0.000028904215395699 -0.000486726415678143
+0.000453110578983094 +0.000818292921318849
-0.000008113378904157 -0.000420317078234963
+0.000602850371210396 -0.000125426815274724
-0.000410839954575914 -0.000383907661051183
-0.000248834249068480 +0.000144460919806375
-0.000603867639555527 -0.000124345056431003
+0.000092527114515933 +0.000736209526823486
-0.000379669595328260 +0.000082334819080207
+0.000843151113185399 +0.000198853002496886
-0.000049379608335179 +0.000112634369609017
+0.000495287109136618 -0.000565636140142831
+0.000153595900297840 -0.000252665909054728
-0.000255142948758532 -0.000211307485242673
-0.000096765242528843 -0.001090573763482539
-0.000258091328671023 +0.000607490277347356
-0.000632184085058107 -0.001355476932992344
+0.000260737890811102 +0.000229198491262517
-0.000955628592326424 -0.000855074721959129
+0.000047524037873836 -0.000432131953758852
-0.000789821977493832 -0.000425069522516780
-0.000287119886457576 -0.000191115108272182
-0.000655252250559735 -0.000353007806761375
+0.000016194604868083 +0.000269284617129111
-0.000653545235675769 -0.000385138773903171
+0.000317557782395800 +0.000054763259427437
-0.000517529207354608 -0.000317189461447681
+0.000024733156333362 -0.000392317542077837
-0.000366415461919900 -0.000609822374356892
-0.000364680421137804 -0.000163777356430889
-0.000463361675979455 -0.001176293586015024
-0.000196692979474111 +0.000394860263226639
-0.000714022204463940 -0.001211975894453732
+0.000270737741102131 +0.000427616334502730
-0.000731776875748338 -0.000543176883697545
+0.000454086533121810 +0.000204915002246835
-0.000431539405949916 -0.000029983910448064
+0.000433070615905570 +0.000172222561423780
-0.000290024683916812 -0.000160045202124606
+0.000389269239633800 +0.000210246342174576
-0.000436802145213532 -0.000423846977908532
+0.000234352294701486 +0.000090514201418744
-0.000490486450937022 -0.000565847294845302
-0.000016677511415311 +0.000016866262148914
-0.000459418839724075 -0.000824108819262368
-0.000052401737389792 +0.000148767913999468
-0.000589278213204699 -0.001238384961720899
+0.000092204484941682 +0.000174734130544443
-0.000890313263364632 -0.001294272337305462
+0.000137637607876886 -0.000032728343653889
-0.001005967642624748 -0.000966269670404093
+0.000043999760027746 -0.000164107930554644
-0.000930587964497104 -0.000630517713406600
+0.000042568565468424 -0.000048414946272161
-0.000822240626011596 -0.000471131977659815
+0.000154879259840990 +0.000165295823791478
-0.000651556610049098 -0.000485157300190920
+0.000178062226027766 +0.000316334301927500
-0.000464099920597682 -0.000668937729393210
+0.000180613350756667 +0.000332010299055055
-0.000497220535554620 -0.001017479068310027
+0.000196191873949259 +0.000263744433845218
-0.000771836108821045 -0.001298091275167466
+0.000203218256521848 +0.000107240048409473
-0.001032957175963019 -0.001245115116653972
+0.000153469381178264 -0.000008931865224002
-0.001043378398035000 -0.000935643478190517
+0.000163594363487038 +0.000040005074257039
-0.000879467875115614 -0.000652911501832981
+0.000290573629707347 +0.000215387452916249
-0.000721602043794108 -0.000541819773065341
+0.000387469860350261 +0.000350405904887874
-0.000587818957741837 -0.000700441402378781
+0.000331819947690051 +0.000341939628550462
-0.000626782312514519 -0.001030258188575760
+0.000199448243778472 +0.000255459838647372
-0.000851173317907960 -0.001344537968656746
+0.000116587297621184 +0.000214351033722002
-0.001117391392267394 -0.001437288578218377
+0.000148710100122294 +0.000173875602560466
-0.001223297741265178 -0.001294590193354052
+0.000232436501058755 +0.000029527645005954
-0.001173280353962985 -0.001120221507073432
+0.000221261666570872 -0.000052127819175266
-0.001099807410685641 -0.001022305426691721
+0.000176046846579887 +0.000073460566087607
-0.001033956143324511 -0.001009806100838110
+0.000196045324383676 +0.000336185962012740
-0.000953200557971749 -0.001068861942608202
+0.000287794464066044 +0.000493750775721670
-0.000907797450958601 -0.001181193862657400
+0.000351545698929153 +0.000498679360432779
-0.000976021846826426 -0.001305617972413430
+0.000384865111815900 +0.000449264404711181
-0.001108518103188886 -0.001387462168692129
+0.000424509697946754 +0.000340303711214364
-0.001230871048062832 -0.001358513039930938
+0.000432180076839090 +0.000180830472050138
-0.001256041133337337 -0.001269435148411882
+0.000369540761113718 +0.000104025912979029
-0.001210641698327932 -0.001217511346040636
+0.000312980022021302 +0.000230186909420131
-0.001146724004338214 -0.001276823738910160
+0.000332827650675124 +0.000451584634694011
-0.001126131886812439 -0.001403459976065686
+0.000391192770339436 +0.000577600338900890
-0.001185178162136237 -0.001516281309842746
+0.000437157625401881 +0.000545786482975024
-0.001303070114526462 -0.001596766491709627
+0.000444924633466105 +0.000438681941661506
-0.001435803504170128 -0.001626816543657629
+0.000452668715430180 +0.000326794215664261
-0.001514417567687471 -0.001601401782528162
+0.000443418350961564 +0.000251470699414081
-0.001508488662176398 -0.001536292040237803
+0.000420317263386025 +0.000254564880548069
-0.001439214593234761 -0.001545003559208464
+0.000404669083176488 +0.000368243306268265
-0.001403607646759507 -0.001661844792099841
+0.000423388929602227 +0.000548223806692494
-0.001442647184307966 -0.001775800554367395
+0.000490492913066746 +0.000694599668806352
-0.001508385880633382 -0.001799271549750610
+0.000588934141538463 +0.000719475458199195
-0.001560858537444990 -0.001756057231165432
+0.000673328194331192 +0.000620291233716208
-0.001600671922460192 -0.001759508685999573
+0.000674896921849628 +0.000515772243814079
-0.001655455609146561 -0.001829670520738109
+0.000631857093378575 +0.000463975202508411
-0.001718091698742451 -0.001884956423152621
+0.000591686974353292 +0.000448984303693103
-0.001733565609563849 -0.001931421849822431
+0.000550236572959264 +0.000509576463400557
-0.001721878556683869 -0.002039973098936342
+0.000547941753417212 +0.000684215755027015
-0.001767977902579036 -0.002176463556462845
+0.000640277145165219 +0.000847270007323660
-0.001875786173508848 -0.002194852098250392
+0.000770586502801491 +0.000830566766342949
-0.001947907387945988 -0.002104339995863423
+0.000813003081005582 +0.000699229244964100
-0.001956345806790213 -0.002093473478011643
+0.000771201546359068 +0.000639950302370532
-0.001989972480064398 -0.002211070070100907
+0.000750060697939287 +0.000665700368822020
-0.002064689849758883 -0.002324156274415581
+0.000756052141546740 +0.000692821651559553
-0.002100024771696865 -0.002372106628961396
+0.000748547578331649 +0.000754676847908035
-0.002092137773259756 -0.002447031714381324
+0.000772133200830586 +0.000908901460346494
-0.002135508784953680 -0.002560147545260797
+0.000880149693508908 +0.001044508892117268
-0.002242547255377408 -0.002589678531996771
+0.001001634920791625 +0.001023628625567017
-0.002320827313859582 -0.002520410182748165
+0.001034598104090165 +0.000925880980888650
-0.002333686305448685 -0.002506660099713633
+0.001009185813892340 +0.000905326907839520
-0.002355402707344160 -0.002626936828353077
+0.001003412209398979 +0.000952867254131011
-0.002425941999346795 -0.002784685688520409
+0.001009008492153929 +0.000987009929089289
-0.002501407601836929 -0.002899737984900010
+0.001000619793210381 +0.001031685545151320
-0.002566704614280190 -0.002996822934473906
+0.001029052282334795 +0.001135915012196966
-0.002653265351466397 -0.003075791085533236
+0.001127596785050079 +0.001222878307079443
-0.002748366123538520 -0.003078479766201948
+0.001226403754259243 +0.001220376940837797
-0.002797359024544166 -0.003035612415128133
+0.001263785385563475 +0.001185191741830108
-0.002812896256940626 -0.003060268548991802
+0.001267227569557625 +0.001200301928215620
-0.002853736616781740 -0.003186074853011125
+0.001276431961897685 +0.001257903725446994
-0.002927134103851187 -0.003343504307219513
+0.001287334646985863 +0.001319315839058902
-0.003005319737041845 -0.003473511752031857
+0.001312858357393051 +0.001390965531712377
-0.003089616501635815 -0.003571037479585305
+0.001384660080872755 +0.001470227963051556
-0.003188603130602909 -0.003628112149173400
+0.001484158428152439 +0.001516700415142746
-0.003275013060378000 -0.003638107645315446
+0.001554709160519319 +0.001518691688941872
-0.003327117875871785 -0.003650343611907960
+0.001580771310984669 +0.001525537214262004
-0.003372358458815200 -0.003726170452862629
+0.001597090377381667 +0.001575015329000100
-0.003441166499184124 -0.003865842632422665
+0.001621893383388530 +0.001651459671303512
-0.003526361950788370 -0.004023906450571714
+0.001653133647402107 +0.001729860571177881
-0.003619195725719326 -0.004170348918290574
+0.001703685629770348 +0.001800070446892460
-0.003731764300361263 -0.004293109553648687
+0.001780173714521197 +0.001860316609189455
-0.003856530052480864 -0.004374367473975958
+0.001862771505332106 +0.001904876239840844
-0.003957312198707652 -0.004420532218543403
+0.001924340150794107 +0.001953111572311770
-0.004018968460793217 -0.004487202401858726
+0.001967898412331936 +0.002044765298500579
-0.004069715632886672 -0.004638862008609790
+0.002008751472431240 +0.002207242490226487
-0.004135640199213340 -0.004903039236411224
+0.002030018453927120 +0.002492400652733956
-0.004134947124648595 -0.005450012451974295
+0.001761013990413291 +0.003523749233879498
-0.004795604070454314 -0.005472247245212437
+0.002691242913215370 +0.001958378434436854
-0.005359287486421783 -0.004957455129339017
+0.002321857027414827 +0.002295748312093954
-0.004739046396541701 -0.005296805545559445
+0.002410450637392581 +0.002436411994559776
-0.005005602202804852 -0.005327720879805181
