+0.002554303314700429 -0.001173879542777959
+0.001623182753898450 -0.005182612516964528
-0.001807255402367561 -0.002527466568974929
-0.003201390684262646 -0.001776139983312665
-0.002188028050520707 -0.002291446582556624
-0.002788124515919174 +0.002025978535826028
-0.000628919275499775 +0.001457961147901772
+0.001276223341175244 -0.000634112068135365
+0.000921702111815253 +0.000587381846960195
+0.000332494370132001 -0.000578708427513945
+0.000788143432024426 -0.001150635986530240
-0.000213027611013634 -0.000635813096490090
-0.000763845010205570 -0.000811389476257374
-0.000854641738959649 -0.000114142007286495
-0.000100600567985893 -0.000405055920357259
-0.000868808110296753 -0.001003975641830351
-0.000219101163791979 +0.000844225162302703
-0.000170131535581406 -0.002173357234897352
-0.000281563665967773 +0.000439236067190069
-0.000973202668308647 -0.000708196032275053
+0.000778651966224931 -0.000715099420220271
-0.001089416561449183 -0.000422072668777989
+0.000224108026979161 -0.000599577169858657
-0.000553807091897239 -0.000644369957594195
-0.000006508737169794 -0.000372502585455780
-0.000810279390315125 -0.000822566200737793
+0.000274965044739922 +0.000230543335992549
-0.001076801413010030 -0.001396464699721820
+0.000476482366861476 +0.000573031837340330
-0.001159875169894187 -0.001472838230079028
+0.000777186872099918 +0.000626355029442159
-0.001440410357309838 -0.001724762336572927
+0.000854478966430079 +0.000914458490327869
-0.001372294620701769 -0.002239995941093339
+0.001134575130095231 +0.001134303201711198
-0.001796836315596517 -0.002619673415113918
+0.001585739768720196 +0.001140802121874486
-0.002505864393435179 -0.002884901548722596
+0.001683843491104849 +0.001348295533813824
-0.003052922823935997 -0.003171711636307110
+0.001924956259196639 +0.001789921011981001
-0.003662363643249284 -0.003588694211851353
+0.002428103737400223 +0.002663677869763961
-0.003999565620898601 -0.004617082358274694
+0.003612072349950990 +0.004431496816726440
-0.005197967947238528 -0.006518586580955208
+0.005381251536755501 +0.007706258893918913
-0.006807993229648196 -0.011157578654275125
+0.008400976133875426 +0.015671494465634688
-0.010543627761614157 -0.029204125563500081
+0.015732930445945578 +0.170381965978404798
-0.023723200592421032 +0.580046004222883660
+0.209426977209434984 +0.544775813746121718
+0.480519116387541412 +0.439970315045409843
+0.423429477923404851 +0.287618427617153172
+0.384111783810804464 +0.012987930592782172
+0.375383596922023055 -0.673128462614120959
-0.069541248955947321 -0.657284499195109229
-0.552658603082794242 -0.219689009750947378
-0.508952825154029953 -0.174024292157491545
-0.295915903154349624 +0.056739645512931557
-0.144263209568015360 +0.215503706719831822
+0.052602047211688381 +0.175612814387978045
+0.144465324270791867 +0.111791639696274980
+0.162118441968262417 +0.089176875955973317
+0.180590618168814609 +0.068010379912061658
+0.150340685202774493 -0.010308142022674719
+0.038458463224121969 -0.027105801239836948
-0.032330334720229753 -0.003655768706155351
+0.002751902459947107 -0.020124107845881489
-0.024886462423071923 -0.040668676029705399
-0.074873483897265058 -0.026421232405625210
-0.047613107122989017 -0.052379138519493905
-0.050706661293335578 -0.016775830631698806
-0.045438942809028625 +0.024672759108639811
+0.026125839204366993 +0.004023929690888446
+0.013054888349563091 -0.014897893613045311
+0.000137485619571405 +0.010177143358383376
+0.034121425674853031 +0.028547467774142372
+0.034761530040437041 +0.015647043355806276
+0.022983464063078718 +0.034877522989945016
+0.022296110418853200 +0.024224226929906320
+0.010527928009260931 -0.002611407929235126
+0.005076904327628435 +0.010540184549395801
+0.008928534153873777 +0.000000858086432951
-0.000537992736004580 -0.016110647968896732
-0.024154577570571885 -0.016482946261738012
-0.013247715539670836 -0.018668850971085886
+0.003157149478742374 -0.020408879778839012
+0.006166003491672475 -0.019016860958149175
+0.009969248504992239 -0.008261912780905496
+0.011453067645825040 -0.002503390304205987
+0.004885793091234458 +0.002779778989897365
+0.007893691890097469 +0.017017040898406180
+0.000714687564872556 +0.011796254758752508
-0.011075977087739105 +0.003284870665183559
-0.023875250409933171 +0.004709884203159122
-0.021527278536127063 -0.001420795851176162
-0.002751470594023356 -0.006880617674486951
-0.001159785822024180 -0.012813593273022193
-0.001983196908552618 -0.008993423296396333
+0.002564845162927504 -0.011546652077429326
+0.001554435882657182 -0.011575998596872323
+0.000464854139142054 -0.003743345420811276
+0.003096491129278092 -0.003025850381437276
-0.007641210527110020 -0.001569481568874620
-0.015145224145489378 -0.003568217992620997
-0.005118196640011047 +0.001192477294542564
-0.002583237452185190 -0.007935748643527703
-0.006868218904166547 -0.003927365163426400
-0.008738222133567827 -0.000921076608596011
-0.004209714137966732 -0.005233627903818041
-0.003339435340405554 -0.002039715168244883
-0.001452973970624171 -0.003237488831623938
-0.002229330631451666 +0.007768980339964185
-0.005801862870697628 -0.001232669976435090
+0.000484013781323725 +0.005259038615660131
+0.003267536262494809 +0.002119358760390347
+0.002301597389530580 -0.004979857095965379
-0.004656686706949501 -0.000604882399163319
-0.003574980329372048 -0.008790669272142046
-0.000964422931381212 -0.002403227765629070
-0.003508339189360140 -0.011611252031938590
-0.001380530045538867 -0.000998446839683207
-0.003492040147762474 -0.002794171613739667
+0.000131999269064187 -0.003883325537897554
+0.001674031738318321 +0.005406767020794058
+0.002633309860206466 -0.001268721085732625
+0.002369359161514944 +0.006927817570149210
+0.000338355689969139 -0.002492888927935685
+0.001191811100804944 +0.001832313922254462
-0.003650394365984959 -0.002850281237125862
-0.004633431254516974 -0.003027583283930548
-0.004615700723613183 -0.000439468869299922
-0.002776250907350215 -0.007610590687960207
-0.002083736725147592 +0.002348885178409410
+0.000733065924923519 -0.003933317476143152
+0.003003026501572866 +0.000188310183757300
+0.001044107490646514 -0.004355497359942988
+0.002200340743350110 -0.002337047526431498
-0.000419563353964432 -0.000271844500437303
-0.000661439500750868 -0.005566074489357351
-0.000952909937125767 -0.000618341955583095
-0.002028315347226591 -0.006264826821551098
-0.002550307835917400 +0.001497397882938251
-0.003280806641524086 +0.000848638089532068
-0.000923818182699170 +0.000565419902482301
-0.001055443603610310 +0.001046743110721319
-0.001806626662703844 +0.002005219273124187
-0.000162852900361100 +0.002579292077317357
+0.002397771895878413 -0.003403306983992812
+0.002504571898765571 -0.003881218130550024
+0.001206642900390403 -0.005423427562833986
-0.001435847466499783 -0.005182532428001737
-0.001374829594368401 -0.005176162739058665
-0.001695605520558089 -0.005586340750652514
-0.003811043653175414 -0.006626603026614705
-0.004811500313096310 -0.003144560180874375
-0.005757017816538158 -0.002904199480903933
-0.004130012238746046 -0.004049722165103199
-0.004999788062878648 -0.002957579661933298
-0.005041093775813065 -0.002971865941848950
-0.004357477938882246 -0.000060939433635477
-0.002221488820889000 -0.009209052429000060
+0.000685684851782178 -0.013921632668703715
-0.004573103091840724 -0.022692262160896287
-0.010411769021610662 -0.019111680634750702
-0.015835258109272818 -0.019027191875671388
-0.015219506179811439 -0.005004369094634975
-0.016384023607235343 +0.013460725275085888
-0.004757165037565659 +0.025673626132389597
+0.009020709158164955 +0.019403495235170053
+0.020432341046665546 -0.005091601731872826
+0.013320896835961136 -0.002517182725009304
+0.000605746029289420 -0.018785817479591176
-0.001993180378491926 -0.014013496118432809
-0.016074943861538359 +0.006395619211692238
-0.012547880510311559 +0.022515975326721293
+0.009742708442804272 +0.022941578733337069
+0.016161212627076496 +0.022115768748953935
+0.016281746822453515 +0.012116100320490236
+0.020171565628553795 -0.001303587806345999
+0.007598958817908494 -0.008740255891397045
-0.002902483307721443 -0.000680623651038503
-0.003306054355189002 -0.004173317413708660
-0.004216293101420857 +0.000728812227285797
-0.004850587857810562 -0.001069587267631650
-0.001419586494918329 +0.002612041393010071
+0.000828343786943131 -0.004308619576529263
+0.001843053759927063 -0.002608117091264404
-0.002791551823137173 +0.001024425377991321
+0.001825331508192514 -0.003173299461018898
+0.000686480545295159 +0.003147144476163960
-0.002519964349158202 +0.000598238991063257
+0.003132540974010422 +0.002080254659088383
-0.000423870286869181 -0.000782129657260406
-0.001928016338002178 +0.001646639092222424
+0.000971832090437151 +0.001994759241255418
-0.000382420295438643 -0.002484261896451814
-0.000889491899597203 +0.002349984698376951
+0.000850538126253358 -0.003219357625100869
-0.000213820149760529 -0.000449309995088785
-0.000815208620211896 -0.001964331917366818
-0.000019239285956148 +0.000030424367205550
-0.001353932424797971 -0.000412483998265695
+0.000014188282289308 -0.000801600741030977
-0.000649292841523321 +0.002546993523658773
+0.001281542637454355 -0.002183899766609503
+0.001059348766685303 +0.001852159101709086
-0.000334397224723713 -0.000347416695211332
+0.001396614034060535 +0.000004838337153325
-0.000531431666347810 +0.001066656016267491
-0.000500220162424217 -0.000610451973457040
+0.000248217098348942 +0.001819616589783710
-0.000773831496498339 -0.000607649051248831
+0.000353131689734575 +0.001387917714634003
+0.001010694293916070 +0.000552005767594309
+0.000955594390337178 -0.000706073415707768
+0.000922755799587012 +0.000034328400774710
-0.000396317190300994 -0.001372977370296886
-0.000286372798941640 -0.001603041769750133
-0.000980876049649318 -0.001744329062807645
-0.002133621636341825 -0.001501295343345156
-0.000876709190218470 -0.000932970146312019
-0.001231979289166734 -0.001743520219721829
-0.000718593502794824 -0.000777875101107508
-0.000115641503465960 -0.000611953966239511
-0.000105369777067955 -0.001461289557177074
-0.000523938397068456 -0.000046231940236719
-0.000739792778310616 -0.000794405245455479
-0.000411668868248358 -0.000000850673086468
-0.001255222256396655 -0.000498754583658267
-0.000613950542581962 +0.000112309883851849
-0.000728678748690783 -0.000352260423867257
-0.000502664129872303 -0.001214844730315690
-0.000590653754463823 +0.000337077342115430
-0.000417433027297314 -0.001116653874658503
+0.000082498870693879 +0.000582774151894811
-0.000220646669956519 -0.000597516002527889
+0.000741572114172807 +0.000924844272292926
+0.000339020249666030 +0.000498738034837721
+0.000969713738142998 -0.000192296727861172
+0.000459983348038773 +0.002015353935842163
+0.000436084238739179 -0.000178874226369818
+0.000772000524296749 +0.002383142908939566
+0.000241083376842664 +0.000313404735546471
+0.001125530251721991 +0.001119844148032217
+0.000061607310015802 +0.000304366079250229
+0.000431591900369737 -0.000987295697629897
-0.000244388417125642 +0.000703725165670066
-0.000425304883239274 -0.002284483208447271
-0.000166729572559511 +0.000767269140409233
-0.000751908263467445 -0.001460664654262994
+0.000290524443693134 -0.000370458067026823
-0.000587625829084638 -0.000276625344974180
-0.000046919194750310 -0.001584419755711665
-0.000419781465907893 +0.000604529269382083
-0.000875122663517274 -0.001635139074944539
-0.000365218062679578 +0.000964475403339071
-0.000653256479959546 -0.000882046672571248
-0.000119460443087113 +0.000286301913182065
-0.000330695013858341 +0.000466631874876204
+0.000265746806765196 -0.000815808762344640
-0.000026080441416255 +0.001052177352288936
-0.000009369791215277 -0.000972665252552796
+0.000119290688962089 +0.001201750484632080
-0.000139375104842455 -0.000389457643736712
+0.000327377995579105 +0.000565975890008387
-0.000049355188021974 +0.000705325863359333
+0.000525215668859286 -0.000468890959756953
+0.000190102291750969 +0.001239734934972109
+0.000176405402799774 -0.000926758174063337
+0.000391768159749338 +0.000629548724436803
-0.000160225395539661 -0.000587738237131833
+0.000143860789314847 -0.000019458755181134
-0.000116096045417562 +0.000302434665272802
+0.000040428832910040 -0.000556031222160125
+0.000043284864513337 +0.001312781038918011
+0.000060138432789341 -0.000119064714641461
+0.000464908183852184 +0.001169763612599658
+0.000326123711848394 +0.000365966960925701
+0.000533348993704984 -0.000130776398872228
+0.000376465918228662 -0.000177068431509497
-0.000062384682577239 -0.001821103233656744
-0.000488064825570897 -0.000795956023191571
-0.001180202565265711 -0.001202833231797342
-0.001128206284291509 +0.000171445062971662
-0.000667040889679400 +0.000527105440162615
-0.000109822564220598 +0.000592348976902477
+0.000589767601304002 +0.000171260533852998
+0.000782010710506182 -0.001317522366881325
+0.000108573025286766 -0.001519752888494438
-0.000705434647788643 -0.001350212585942361
-0.001298556805938970 -0.000320853087033213
-0.001000396677632710 +0.000514001955858715
-0.000461825962639621 +0.001470517892788946
+0.000345226689377025 +0.001425564418123855
+0.001185607755912831 -0.000104851706249372
+0.000942993372473906 -0.000344696514293276
-0.000160439047767555 -0.000719418940709518
-0.000053530233730747 -0.001562561741549041
-0.000731796530227082 +0.000343609649870329
-0.001176104440918648 -0.000364434459884212
+0.000307505645983021 +0.000688671968298172
-0.000267043615026922 +0.000090447374811706
+0.000295248784911155 -0.000215211026476893
+0.000370689935354653 +0.000307913684098576
-0.000092870553567714 -0.001178780483456210
+0.000077497745133659 +0.000544279011854720
-0.000445806762551321 -0.000549309362491868
+0.000035797019511230 +0.000152424601347984
-0.000136440781814573 +0.000080506129108908
-0.000144135573409060 -0.000264309987236144
+0.000019728023925331 +0.000398857310660972
+0.000059722178793520 -0.000793356999851946
-0.000283782716008374 +0.000683523685366103
+0.000002844147228453 -0.000802523111437504
+0.000109636745587449 +0.000081343153582367
-0.000582486627221455 -0.000280146013344265
+0.000222753686282745 -0.000671233077891020
-0.000498830878001885 +0.000176290626035996
-0.000374927971519626 -0.001022492356423460
-0.000066053740000405 +0.000491906910953938
-0.000578253710437709 -0.000875115587107145
+0.000116382198977177 +0.000116440128022548
-0.000303857856467426 -0.000101355017539200
-0.000008138009708216 -0.000557721652232217
+0.000013314636895995 +0.000522599745845646
-0.000230792230241951 -0.000702210082325315
+0.000059277855473189 +0.000606198172439863
-0.000155202035254189 -0.000445873789867785
-0.000090262658419471 +0.000307184865211442
-0.000043230792260467 +0.000022989185557844
+0.000045907330747552 -0.000324830509778605
-0.000155450849654497 +0.000449642710706046
+0.000112291871393545 -0.000766262654945598
-0.000100879571317266 +0.000383911860870167
-0.000198841090594673 -0.000680640810438262
+0.000021559562144700 +0.000006209867151107
-0.000359494277075536 -0.000129717398712053
+0.000022768815703039 -0.000481712608269292
-0.000183967118134606 +0.000441932312726190
-0.000092534506388760 -0.000685699941094310
+0.000097829050465017 +0.000355995864052400
-0.000245149209331656 -0.000396201646861971
+0.000045485240371544 -0.000136071866326351
-0.000188484506401607 +0.000003859262400803
-0.000238058144617337 -0.000516321386732473
-0.000115398288850067 +0.000242249484930854
-0.000254712354851131 -0.000597512171644875
-0.000135967526374371 -0.000005846720142224
-0.000196378228130796 -0.000308175033156409
-0.000181043628752533 -0.000407957932292497
-0.000169148285939649 -0.000062398959833985
-0.000251401674419674 -0.000480846215690190
-0.000147028524417589 +0.000002355696362181
-0.000200993911622559 -0.000363420098731830
-0.000157259829595003 -0.000162043260109760
-0.000142096888681895 -0.000139852007446930
-0.000185605704619691 -0.000356614446612680
-0.000129570898199194 +0.000020080369530848
-0.000209510162228087 -0.000280513428882078
-0.000081909857759453 +0.000009041390377136
-0.000134450905150105 -0.000138898435256369
-0.000078375285435390 -0.000191066655333024
-0.000078841351509912 -0.000007561400214023
-0.000158044299613451 -0.000429352583402416
-0.000096495092510976 +0.000034857101924422
-0.000238598784662657 -0.000363679982781626
-0.000090049561442688 -0.000151511874195555
-0.000217749134478714 -0.000129192036061358
-0.000121673290684671 -0.000455001125224162
-0.000150015709175623 +0.000009236185023712
-0.000247130004923231 -0.000607428183786129
-0.000124242409922416 -0.000002014780103225
-0.000329841983322606 -0.000414994117737171
-0.000109143076091963 -0.000226522838647922
-0.000277141718122191 -0.000004802861278906
-0.000121662719752083 -0.000550161683310947
-0.000132833975308724 +0.000206682326708745
-0.000255385953893028 -0.000627444755872179
-0.000036480641022003 +0.000030482413277527
-0.000353781106647793 -0.000363597737714554
-0.000107842641489038 -0.000354873470790201
-0.000282686287979174 +0.000017865380941800
-0.000229740218353435 -0.000678911775490946
-0.000158170241393367 +0.000180050782341479
-0.000307638083115810 -0.000672848344994311
-0.000092255711693860 -0.000042650834691321
-0.000320588461151854 -0.000359150570495400
-0.000140674640159509 -0.000417953296656962
-0.000260828710598427 +0.000005708873490409
-0.000216627594154616 -0.000660932349577404
-0.000192166439364466 +0.000190396392287218
-0.000261420181968639 -0.000593007925444402
-0.000110461082918510 +0.000030033807628436
-0.000287128482885568 -0.000247804471608158
-0.000079217233442898 -0.000333882903689212
-0.000228760095316422 +0.000041981118082407
-0.000154321602851983 -0.000647055246627811
-0.000164878553035128 +0.000069828840446281
-0.000287767156202922 -0.000673510596695560
-0.000172365943389564 -0.000128270213786792
-0.000370423805275720 -0.000318458209493052
-0.000194362785779171 -0.000379164151763401
-0.000269464888213151 +0.000035778992549264
-0.000192542282770163 -0.000610392571606750
-0.000138253919687196 -0.000012598253419995
-0.000271190875339357 -0.000639104424686885
-0.000192455401252558 -0.000307775130036021
-0.000367323828349105 -0.000312688799747500
-0.000307897247740303 -0.000450510389131821
-0.000280157393391874 +0.000019750756992700
-0.000259524948360917 -0.000477740905927330
-0.000148949950732365 -0.000062913285762596
-0.000211322004845923 -0.000453142246319646
-0.000197941109911170 -0.000403688849132332
-0.000281938277962152 -0.000305078962327031
-0.000338159660235039 -0.000508644861205674
-0.000304000650628667 -0.000168576369515331
-0.000309394613186995 -0.000446290206050111
-0.000273851979519197 -0.000187397279975410
-0.000237319354264035 -0.000409603192683734
-0.000229685903746112 -0.000387399809359501
-0.000299824053529406 -0.000291201875193930
-0.000260038062996453 -0.000527083787864033
-0.000286853891968001 -0.000195856896150630
-0.000341986727320027 -0.000463264292522968
-0.000218172193103354 -0.000266104320119684
-0.000320551923136450 -0.000307298467663793
-0.000252686714796966 -0.000461044732261594
-0.000246770940710620 -0.000175658661143591
-0.000344800458209494 -0.000551074351950474
-0.000205782627746389 -0.000246401186076699
-0.000374230662526003 -0.000412276895754633
-0.000269076356377971 -0.000470696911527180
-0.000289493549171786 -0.000254957163699415
-0.000385082379324470 -0.000601782390690433
-0.000249965230653418 -0.000236193307825979
-0.000384835415474932 -0.000548526030411067
-0.000305556826489074 -0.000366062895036628
-0.000331965797212067 -0.000368657133975020
-0.000325698072077107 -0.000554646625300526
-0.000328341383915770 -0.000226311126230928
-0.000331264011700305 -0.000632634648655076
-0.000317446741722030 -0.000240008720625658
-0.000382169836323984 -0.000546150817162090
-0.000282915648654387 -0.000393833420552509
-0.000417293466442259 -0.000359799918739273
-0.000292007703370525 -0.000599571616158954
-0.000372123370936497 -0.000208544457011109
-0.000375568433614797 -0.000702171442101276
-0.000278630756590653 -0.000237731804517083
-0.000464070163292813 -0.000564139518194938
-0.000255555121095703 -0.000461136728035418
-0.000416052630679965 -0.000330243905043095
-0.000365130995601837 -0.000672972404825604
-0.000311221162806354 -0.000227358858393135
-0.000430993683768155 -0.000739535090637579
-0.000328706942732730 -0.000296162548637445
-0.000424656355567517 -0.000571443634238138
-0.000361409814304383 -0.000524204435814565
-0.000411482115342971 -0.000321196780754309
-0.000375820155899405 -0.000693453956769713
-0.000374007729763320 -0.000262246032016382
-0.000409205749242352 -0.000695686783858822
-0.000356829246773420 -0.000355822414724679
-0.000442609474323194 -0.000590591794803839
-0.000351344983180697 -0.000534900377381959
-0.000464716858272865 -0.000430977909197907
-0.000387362672654636 -0.000699311336515200
-0.000423163971368229 -0.000345542552483655
-0.000463136182498071 -0.000728111733160748
-0.000380373463392443 -0.000409952135616464
-0.000479337371292786 -0.000610790435610545
-0.000403479446936169 -0.000605549106734079
-0.000454843432999398 -0.000418783125593838
-0.000446271048397327 -0.000768537058257417
-0.000428388334110050 -0.000352522870959196
-0.000481952274448850 -0.000728794864837538
-0.000411953082293904 -0.000484585366120852
-0.000485351290922734 -0.000571327738622745
-0.000438409565563238 -0.000659976823227199
-0.000462364812252356 -0.000473020942072575
-0.000485535927731145 -0.000720424029594706
-0.000449288847975849 -0.000510356015945221
-0.000507874133736110 -0.000644185723036823
-0.000455647308395652 -0.000631254557247283
-0.000499699769804489 -0.000551314914602587
-0.000480377268770378 -0.000723729411083177
-0.000491077784600064 -0.000532949699778943
-0.000500152173419131 -0.000727308561660606
-0.000510842671278251 -0.000586898903610946
-0.000488806118791384 -0.000661218723630247
-0.000548845849279518 -0.000673404105111934
-0.000463246455171649 -0.000596646040665284
-0.000583529425776134 -0.000732330035733852
-0.000445228261125834 -0.000601392583066340
-0.000617144686268179 -0.000718169053084012
-0.000439054599829561 -0.000676648988980486
-0.000647008236815268 -0.000651985647617812
-0.000426593453768546 -0.000764711050521654
-0.000689544454377107 -0.000611535566934343
-0.000391346019174002 -0.000780029233958455
-0.000702603730548342 -0.000712158746329156
-0.000989654233033587 -0.000362395830242712
-0.000318193304718773 -0.002121694853606533
-0.000665824879997883 +0.001540751961903939
-0.001213193779756073 +0.001561117404959094
+0.001313308223323606 +0.002630699423731993
+0.001977543405896072 +0.001840365462483538
+0.001249128162130436 +0.001583902339962509
