+0.000177757260567028 -0.000016605427577716
-0.000203005288930302 -0.000289910253878034
+0.000107024669748972 +0.000054657833850443
-0.000361718417879220 -0.000463359011550339
+0.000042830781839151 -0.000184807320097807
-0.000202593396724383 -0.000263438642446850
-0.000011697195976631 -0.000080671550380258
-0.000229127214880194 -0.000315473435511936
+0.000000819495693567 -0.000024042368379143
-0.000169228290715566 -0.000322195223697640
-0.000004550342056650 -0.000021676995037731
-0.000153878858253780 -0.000166146933550013
-0.000192762848296443 -0.000290446428445279
-0.000047024812497264 -0.000101671384227228
-0.000154354226656931 -0.000333752377024636
-0.000130809705278742 -0.000199362546043824
-0.000163194854261278 -0.000248460858421024
-0.000275467098578006 -0.000426056617888775
-0.000011529512909996 -0.000068741250392568
-0.000290763997794122 -0.000463482648529991
-0.000004211273825645 -0.000019331842569465
-0.000221548338504046 -0.000363900967728568
-0.000015376325491303 -0.000114952841000830
-0.000092954309971937 -0.000239691433975146
-0.000049465794452727 -0.000135479601442521
-0.000097412499363497 -0.000190474309659315
-0.000176049110142148 -0.000321413905478058
-0.000015164560684250 -0.000141705673669247
-0.000173296927436806 -0.000353925788049910
-0.000045523256254782 -0.000157490537448846
-0.000266092103438533 -0.000387694939594172
-0.000116002372766984 -0.000286986293210553
-0.000196157485005429 -0.000273895985479332
-0.000113700021060447 -0.000290525783432069
-0.000220886955329609 -0.000248942451753593
-0.000107867102650646 -0.000292019242073643
-0.000276183076897616 -0.000334239507314467
-0.000010584372903383 -0.000204517313587877
-0.000485026772926677 -0.000580127467498058
+0.000123930784507990 +0.000001132027492773
-0.000526630391375500 -0.000457922105378581
+0.000414843676640550 +0.000144504909322600
-0.000569629673274863 -0.000574115217635228
+0.001099840700865584 +0.000422559258350739
-0.000677941354763675 -0.000269548213567028
+0.002169329380634210 +0.001824878350011844
-0.001501185068156586 -0.000751599319148303
+0.004164506267062256 +0.003036798364748623
-0.006325842386870463 -0.005289504831234037
+0.086895994936797519 +0.040973127720213921
+0.289626338239838632 +0.223240206636900695
+0.417918483839554211 +0.362096133232606809
+0.544370075956330801 +0.524746816332988586
+0.342122784867505025 +0.470167578351170790
-0.163896295249332274 -0.055768168793848528
-0.483035820670706273 -0.515036948986940635
-0.263044469621291355 -0.277019611122639842
-0.068300809081120947 -0.081416242682051582
-0.019841670445600562 -0.055885455679050747
-0.070661302123319530 -0.038551480263797608
-0.006422557291514042 +0.032912020832254765
+0.115834882265830441 +0.109354041208301611
+0.141275359306578335 +0.097488067816825105
+0.084318159237009221 +0.067656245735101789
+0.046818007871229667 +0.057224016990465608
+0.025187266856413353 +0.018730911350830017
-0.005551104358045717 -0.032410453644594217
-0.061706715648889771 -0.059735565060199058
-0.086825036035092451 -0.030476839072698866
-0.067715571427370433 -0.037605371853869682
-0.029822746268562836 -0.041520774159460649
+0.019631895456692226 -0.008374856762927908
+0.035882277143847757 +0.033601416681562538
+0.003404308632860538 +0.026776262439885911
+0.001500047296446524 -0.003953801830164116
+0.029803233297323227 +0.000675761118529401
+0.034820316905735893 +0.026831737175834723
+0.007547403020396018 +0.009591100425238129
-0.014364713197930309 -0.005513663699516601
-0.012803907727178838 -0.006771779138599868
-0.002919029063542346 -0.008807441061070783
-0.004638829194944433 -0.003687028370683237
-0.004396953557083988 +0.007042765411732539
+0.003490902226843721 +0.011633022938510245
+0.023810541584042479 +0.023266146994499859
+0.032113556616643821 +0.027365287418115405
+0.029223678735470063 +0.024782729212252001
+0.007843003635242558 +0.005302966353123974
-0.011206163834609852 -0.010458543957378066
-0.018518039473278288 -0.024027158795785312
-0.010023216585988528 -0.019238222164914491
+0.004404424260534114 +0.003864607193644528
+0.017368512099955574 +0.023942334021363240
+0.020364833293564456 +0.029089299001163992
+0.023889777611739813 +0.029356453984465181
+0.023149153908007303 +0.018765587384669585
+0.018484149744411857 +0.017592728775321413
+0.009541555785516458 +0.007155600411762723
-0.007094144373530160 -0.009220655040693601
-0.025150089513601748 -0.026108840724082566
-0.026335001641974002 -0.026022611563240622
-0.019864581471211479 -0.019272533869768106
-0.010630761044377091 -0.012654486032684150
-0.004925148173837376 -0.007230380344119143
+0.009817551367835421 +0.009108655631968526
+0.008137580271913823 +0.006427102074975414
+0.001306700244711574 -0.000637388439023472
-0.010840913679000598 -0.005355176622969250
-0.016319886796155449 -0.007767783705022638
-0.008696740961433989 -0.006885435556544698
-0.010605432387727199 -0.005919359386996648
-0.012524186919588148 -0.009588608703861551
-0.009307215341196797 -0.008196930445469760
-0.004735834562384096 -0.008485844248808168
+0.008384627406374110 -0.001061440202185614
+0.013044662860794027 +0.002807166594633963
+0.001539331867474213 -0.006068638776526812
-0.006565088775229302 -0.008833805021762703
-0.002256451231625174 +0.000014751854189047
-0.000244996064947916 -0.000589865665720037
-0.002386094388528669 -0.001187858174907009
-0.006947895043480952 -0.000564225046776688
-0.004517736768880287 +0.001382238135067648
+0.001083225137771311 +0.004087771995016441
+0.002866305010535531 +0.002649942044045290
+0.004071200225455474 -0.001140435195043843
+0.001078758803438456 -0.002600615667983311
+0.002820709352979955 -0.001707941484916918
+0.005109724012756570 -0.003898795785467386
+0.000255986371840138 -0.005762616405011960
-0.000235122352764603 -0.003104098113173076
-0.002770923135793872 -0.000930597129909582
-0.000851734194472646 +0.001705490629400432
-0.000752623597563055 -0.000260099360380565
-0.002347651490195287 +0.003804081611568458
-0.003233888304521261 +0.003705286228845583
-0.001404863265667064 +0.002407333350230749
+0.001057112086526958 +0.001100622447560083
-0.000274000486329961 -0.004680889104009843
-0.000106911901141158 -0.004553722169468931
+0.000332342416847228 -0.006809130233675782
+0.001765393758201056 -0.008588568309609218
-0.001010742403094900 -0.010058794583622306
-0.004448310151235569 -0.008280020445977719
-0.002704754434886559 +0.000699165410908491
-0.004260001371235731 +0.002888869846330747
-0.003890385173752210 +0.005132574286271347
-0.005255653676634974 +0.004031626933054111
-0.002856238924273044 +0.006439641919350961
-0.001028948747260630 +0.005907293986055452
-0.002151555751073815 +0.000919615270678114
-0.001383856330203435 -0.004008927146211668
-0.000152167623422839 -0.007672660113620906
+0.003892051029618997 -0.005720081115991302
+0.002130041098416640 -0.008921164944794394
-0.001179503413713039 -0.008969138336342596
-0.000392074407076848 -0.004958573387966890
+0.000502007942537094 -0.000960653304438662
+0.000093368836396324 +0.001658373096735357
-0.002662632823248612 +0.000495746934113877
-0.001757343135078964 +0.003821946977879628
-0.001592562917472110 +0.003661095911158066
-0.000787465296936114 +0.005232190772805579
-0.002070698684771782 +0.002701138093961744
-0.000335892498531278 -0.000966384297346734
+0.002740056013878081 -0.001872693951167236
+0.003109409289374456 -0.003947982268628938
+0.002024745482533695 -0.005225403622228628
-0.000947244206339431 -0.008554738235279110
-0.001109458380672270 -0.006118736762107991
-0.002248105302230706 -0.005133167875460291
-0.007011672870957596 -0.006835293384260154
-0.004891175568498829 -0.001813064440529501
-0.004546645246308123 +0.001347636590168676
+0.004228014364525041 +0.007060815054129952
+0.013793793915025828 +0.018775194043944381
+0.011334819846291373 +0.014878884482756522
+0.005696360832997958 +0.004825312556965106
+0.001734913972902666 +0.001357451962006019
-0.002218372391357817 -0.003732548122678606
-0.001236841791017920 -0.002923728018864646
+0.000621173554507165 +0.001300342492026457
-0.003595201231562623 +0.001464828366873536
-0.000329989061687977 +0.001817659171263187
-0.000874866448629056 +0.002708351489669865
+0.000112453619686370 +0.001059357889868648
+0.003459320344306342 +0.003773634381385163
+0.002163186512683320 +0.001838403370539371
+0.002784216203281975 +0.001112374204822053
+0.002269788988844540 -0.000442859682062263
-0.000922649711343631 -0.002037063499655763
-0.000718541673782692 -0.001957415810342152
-0.002323397982473468 -0.001910889216244847
-0.001934893784563798 -0.000887761652972648
+0.000268380988015377 +0.000791003686967799
-0.000717856502689166 +0.001084354126241078
-0.000575347842620519 +0.001391503582576420
+0.000914671933821515 +0.000985308413555760
-0.000621967513536289 +0.000604602165718176
+0.000992297472820076 -0.000096503715818767
+0.000295130824963170 -0.001110855188395876
-0.000233874492447212 -0.000752402592469607
+0.000288766435693560 -0.001576469863237460
-0.001129592338715302 -0.002333148154960944
-0.000713946764360529 -0.000983172170503812
-0.000772009539511973 -0.001504416231106064
-0.000932944650729559 +0.000021304033877845
-0.000030446310329634 +0.000560210681613052
-0.000131364433794899 +0.000989485353141278
+0.000466377262498391 +0.001559191706449199
+0.000497508902208184 +0.001254535389217319
+0.000410532455093504 +0.000843268412598436
-0.000565548578527333 -0.000610420854285783
-0.000206890574730256 -0.000987767482974739
-0.000962969519777959 -0.001525298055294913
-0.000506843289279962 -0.001572148491740177
-0.000584106834395268 -0.001041185453237531
-0.000802603083605273 -0.001112917595479271
-0.000045498652796671 -0.000097459507218239
-0.000038656396918905 +0.000350792681699435
+0.000549407547963381 +0.000807850908750620
+0.000170879655008196 +0.000523428861207708
-0.000070068122924177 +0.000747705508450774
+0.000154833961674662 +0.000143351735184315
-0.000425512633377373 -0.000204037184238458
-0.000126491913640411 -0.000571157342616711
-0.000638864339313220 -0.001230413760107047
+0.000233978622869192 -0.000382697672647778
-0.000169882549419952 -0.001157507655665981
+0.000412090524883475 -0.000424635437264265
-0.000150175086145612 -0.000526422352302006
-0.000339455679830506 -0.000718421861723285
+0.000133083490446397 +0.000328825512780647
-0.000735511715609296 -0.000386415003850473
+0.000035043159716264 +0.000456644288383148
-0.000503634955848479 +0.000242569339782524
-0.000423104169546542 +0.000190411268322340
+0.000560434837006493 +0.000624197561470577
-0.000219867557348197 -0.000069941478949400
+0.000505540642399823 -0.000044391817889352
+0.000160719895161065 -0.000104498166317923
+0.000369019936853686 -0.000071043389924566
+0.000136627632994224 -0.000445249869794976
+0.000230699083843994 +0.000150990155205585
-0.000057536880078540 -0.000141176447717230
-0.000029514199184538 +0.000217344481554118
+0.000009429553580929 +0.000599149641785923
-0.000292055920080587 +0.000056753409851712
+0.000274605205214144 +0.000835897913957324
-0.000197071642142162 +0.000242251120769133
+0.000235557792510664 +0.000290628352646643
+0.000037590193431293 +0.000000174346583721
-0.000285858033250528 -0.000548158825063870
+0.000444907964318108 -0.000171870215168268
-0.000450778138398434 -0.000642922464575579
+0.000250765733516878 -0.000434741340457950
-0.000317619423103476 -0.000621895150079679
-0.000251304437761331 -0.000306625545083041
-0.000108472409999534 -0.000275782423789256
-0.000374050867223866 +0.000053837946763226
-0.000054686597271749 +0.000218836527059608
-0.000184188638613584 +0.000085082030039089
+0.000152306027062551 +0.000631757385220416
+0.000144185862022180 +0.000122139891853311
+0.000363503797353659 +0.000393854998025449
+0.000255247259136367 +0.000052429890426096
+0.000283961229119543 -0.000116461005393894
+0.000386580816696272 +0.000155867757038563
-0.000175590578033912 -0.000390761960782118
+0.000283235145690630 +0.000101830518842616
-0.000334117932096660 -0.000107775214603863
+0.000081531990798240 +0.000213727001955916
-0.000073889735428075 +0.000337134824956126
-0.000143763076972826 +0.000273845575509615
+0.000164955051820647 +0.000383520431880131
-0.000054496291173241 +0.000212661346700335
+0.000338828162660781 +0.000280409211439936
+0.000000330383130487 -0.000148732775994514
+0.000120596780981966 -0.000038703999061074
+0.000068598164469795 -0.000235029272524901
-0.000118082060724241 -0.000257520851536677
-0.000006541578107329 -0.000140303111134922
-0.000289687438932483 -0.000306808000661550
-0.000014824709751474 +0.000040010769095755
-0.000195108957476150 -0.000072022387261781
+0.000090015277967692 +0.000268744111701708
-0.000135877496825519 +0.000095658640223950
+0.000061648166804608 +0.000135755351611930
+0.000067341414967067 +0.000154036692330313
+0.000080115338047747 +0.000009395574511125
+0.000295139640514398 +0.000133629256225697
-0.000037735765156275 -0.000110136265187632
+0.000250999073705843 +0.000085331825199287
-0.000154779093845636 -0.000226431583937458
-0.000108977858335090 -0.000137838478269330
-0.000138666972932746 -0.000061676785925447
-0.000582031695561741 -0.000454747356647376
+0.000085311339978265 +0.000146866668547466
-0.000200968795412930 +0.000089270224215249
+0.000101838758963085 -0.000001779739328770
+0.000218004950654261 +0.000290590263709021
+0.000006224118740397 -0.000048395673958760
-0.000031314237538392 -0.000310995196147320
+0.000135965797284034 -0.000007221920019420
-0.000201841883865988 -0.000333339016305367
-0.000103983813114980 -0.000231433342382785
+0.000068596674492133 +0.000136469120476934
-0.000454239426122771 -0.000324436067394185
+0.000154994128565844 +0.000205747515139909
-0.000141371097595627 +0.000067440062406943
-0.000139469334053594 -0.000037581196814004
+0.000368830080362842 +0.000335758915797735
-0.000242206346735413 -0.000160224375002266
+0.000234892419529467 +0.000044897248968175
-0.000020928213354506 -0.000138081457398635
-0.000172863717478676 -0.000249581992867415
+0.000071223397138654 -0.000163174912510583
-0.000151432785169603 -0.000166375460175609
-0.000141710332041828 -0.000176848343153638
+0.000025442657600516 -0.000011976437219265
-0.000117025096106459 -0.000006013531542226
-0.000123972618248921 -0.000038010264173997
+0.000164839250374583 +0.000150100381793153
-0.000226086648783503 -0.000079356155896715
+0.000152845284635855 +0.000125325622869625
+0.000030622325902133 -0.000055501216431369
-0.000183943941345731 -0.000104365372954648
+0.000254245412119426 +0.000044716119854020
-0.000278541546030020 -0.000283501485757617
+0.000113305134877053 +0.000076795131437147
-0.000045732976420753 -0.000181543039192586
-0.000135178944552854 -0.000013210844136341
+0.000122526984273733 +0.000063865955575568
-0.000113118383746071 -0.000033899052028752
+0.000068588161520398 +0.000159034055509478
-0.000014289817751572 -0.000019410856673010
+0.000038652703357000 +0.000115679858688970
-0.000048224716645204 -0.000050079633729145
+0.000069673520583842 +0.000014478842168160
-0.000068802094893779 -0.000068492944919640
-0.000052382083206927 -0.000133155647355452
+0.000056839058452390 -0.000003495073496694
-0.000203581473936125 -0.000202517771013109
+0.000127829715162466 +0.000031491571926175
-0.000167664070546312 -0.000127358938108136
+0.000009611895023983 +0.000014666929802017
+0.000012099445725047 -0.000014426040901170
-0.000135518245281436 -0.000024450303097596
+0.000094414588046758 +0.000033227841501318
-0.000139708750304259 -0.000077631398977023
+0.000060143785895149 +0.000063515208619569
-0.000067072031675919 -0.000127255102335751
+0.000023848563083757 +0.000047737244126599
-0.000021259042467799 -0.000088007566206943
-0.000020989689334957 -0.000057025600970449
+0.000041491476289479 +0.000043023680809598
-0.000119541561840402 -0.000165278029875635
+0.000109687446404878 +0.000116321472578054
-0.000163316776093657 -0.000126843736118557
+0.000058644962804493 +0.000045795414783546
-0.000041335484742478 +0.000011082032103127
-0.000104915922553061 -0.000081660782529660
+0.000099721554384022 +0.000066870814285960
-0.000158722596805211 -0.000101477443169685
+0.000078670536180778 +0.000002328376312967
-0.000080042253422787 -0.000080608602234983
-0.000015760988516638 -0.000042544493007141
-0.000020947167701903 -0.000090053377624728
-0.000059947261641724 -0.000044859721340016
-0.000014105684961261 -0.000056660716206461
-0.000089914239443438 -0.000094275710815944
+0.000021870980509935 +0.000045075945705495
-0.000120898962050494 -0.000133235323852334
+0.000051629367223410 +0.000070170498454868
-0.000095963010064387 -0.000079355089480392
-0.000009642183092257 -0.000036170517960704
+0.000020181913934723 +0.000026347132459293
-0.000118604436013073 -0.000129742761402981
+0.000102780063215697 +0.000039592610906411
-0.000140452829787450 -0.000110126080608687
+0.000043859590430601 -0.000030527546461237
-0.000054334215623165 -0.000052864915072377
-0.000073827445974300 -0.000065370288170761
+0.000013695706985669 -0.000035212996967472
-0.000117498242989694 -0.000064901750380524
+0.000013097829774012 -0.000010227541072600
-0.000091353396347688 -0.000090161257704303
-0.000004783834019435 +0.000018918298765218
-0.000064975660694512 -0.000107376499255008
-0.000010415721208964 -0.000010679599695814
-0.000036431994097318 -0.000059726859652669
-0.000058498171528101 -0.000101392724934222
+0.000018431339663414 +0.000002055467847883
-0.000127718421489968 -0.000142010379168914
+0.000044505508003985 +0.000000836820520570
-0.000120185279176605 -0.000087355462872913
-0.000017503197401179 -0.000047766398622934
-0.000034167066034202 -0.000024338389727971
-0.000092239585158846 -0.000070195265670883
+0.000033458844088668 -0.000008558378908389
-0.000108652036016820 -0.000080630039599527
+0.000027909041201236 -0.000013127735614006
-0.000073896249327444 -0.000097111086040907
-0.000022398608153058 -0.000030399849291952
-0.000034766355528013 -0.000087421740298471
-0.000075167737461088 -0.000073621882483427
-0.000010928959847620 -0.000044161138207365
-0.000102542422354204 -0.000108022442113123
+0.000001895423794603 -0.000007581192162202
-0.000105221884246602 -0.000106537319108230
-0.000008152203063797 -0.000017898661130251
-0.000074529662175082 -0.000074016239359196
-0.000045032768962430 -0.000061383766482979
-0.000016500130824913 -0.000038119134970274
-0.000092409102803720 -0.000099180380671088
+0.000025808371286655 -0.000019049810783945
-0.000112525588507436 -0.000117988250603912
+0.000012241084212850 -0.000019808453793778
-0.000081238592462649 -0.000101665176597681
-0.000061455577050982 -0.000063398186680727
-0.000007940559216034 -0.000033313202255755
-0.000125825430400549 -0.000110975219561388
+0.000027603046795862 +0.000000687500267767
-0.000105167770782529 -0.000089669782311873
-0.000017477923252057 -0.000040714587027446
-0.000045145530544122 -0.000060350068205742
-0.000059041402889725 -0.000065029588408652
-0.000035174551968630 -0.000080531196653619
-0.000061281118936183 -0.000067059463521096
-0.000036997824386958 -0.000070171962433572
-0.000094574388418552 -0.000115806741408830
-0.000000551745545097 -0.000013258352114329
-0.000128526544156556 -0.000145355512384010
-0.000009402309003202 -0.000019971209929947
-0.000062730460318308 -0.000074628814942627
-0.000103117636999675 -0.000104971582425853
+0.000034822876288157 +0.000003090119660487
-0.000150902330526753 -0.000142632548214255
+0.000017959459516131 -0.000021397194560926
-0.000081058564663020 -0.000095805752724266
-0.000076091617787179 -0.000088704805989555
-0.000014243899260802 -0.000057997699268855
-0.000103835614038296 -0.000103248766928828
-0.000031458881602869 -0.000062397674963246
-0.000076931085558325 -0.000093278020425117
-0.000046613447412556 -0.000055458658221036
-0.000087679186712934 -0.000105077487789932
-0.000021683304881774 -0.000038485816126567
-0.000097768381215912 -0.000106952913337871
-0.000047408861518715 -0.000064831635286983
-0.000035734203376002 -0.000065990224893146
-0.000128523114973367 -0.000126789528672100
+0.000021943432154128 -0.000026438254301618
-0.000143952488864358 -0.000149639045745407
-0.000024644216854301 -0.000048652650026880
-0.000064683029014963 -0.000102258331745275
-0.000111489657744062 -0.000107720226993215
-0.000009514349265346 -0.000050779051973586
-0.000123815099473035 -0.000131900071207026
-0.000034430484729250 -0.000048742902723286
-0.000083052747772778 -0.000114064868308680
-0.000067717361902415 -0.000074015371368730
-0.000067515880140770 -0.000094816070625145
-0.000072415331627876 -0.000095796664054668
-0.000061882609989557 -0.000079551133267802
-0.000095349898971313 -0.000121614645859280
-0.000030215912791760 -0.000060132323447859
-0.000129163856754768 -0.000138542536573017
-0.000020201298426185 -0.000060809671268260
-0.000109638034594392 -0.000120013908721889
-0.000072499864001437 -0.000093598136750134
-0.000047866055336487 -0.000083470872176634
-0.000127291592456003 -0.000126028324067298
-0.000023465825333944 -0.000066766342794922
-0.000121583194154598 -0.000133002881433104
-0.000055275571835062 -0.000076538209973916
-0.000083894263733327 -0.000121777171894948
-0.000089935465007444 -0.000099661387713091
-0.000062464687617827 -0.000099637055303953
-0.000105908448042021 -0.000129683355180140
-0.000052642295796470 -0.000074796198523370
-0.000119060016556116 -0.000149126073778662
-0.000046228256754325 -0.000071421019534225
-0.000116374583227063 -0.000134583280633132
-0.000070362295381836 -0.000103323607915869
-0.000076810383367230 -0.000096363274753745
-0.000119977002045543 -0.000140777847916775
-0.000036228225645843 -0.000075712760130027
-0.000141446367384589 -0.000149254684476239
-0.000042696379132709 -0.000086509089434292
-0.000117295389736902 -0.000138010736015870
-0.000078666306198163 -0.000103629921112933
-0.000088928936520885 -0.000129412556897947
-0.000100582954072594 -0.000115116943249003
-0.000082946915328721 -0.000120886096120347
-0.000103259887339759 -0.000128428731264393
-0.000088120919395904 -0.000112098030867713
-0.000097066048580028 -0.000131127062447306
-0.000105373957062404 -0.000128515100813726
-0.000069617545273576 -0.000099851514496274
-0.000150771366119803 -0.000181124544956599
-0.000012991204070070 -0.000042017866609075
-0.000219274792252838 -0.000251202121566992
+0.000067579765298593 +0.000045041209688924
-0.000337158092200427 -0.000400836478482654
-0.000376470002205666 -0.000628105772732708
+0.000016848214157496 -0.000040251376196801
+0.000030450660280350 -0.000111930580217968
-0.000122104163593357 -0.000194568291345467
-0.000111823373210725 -0.000061543301108890
-0.000130818594997511 -0.000321054581009972
-0.000086347100254370 -0.000114709125071637
