-0.000903246261872340 -0.001038518815303305
-0.001581065961126078 -0.001508587031050009
-0.000302406582269210 -0.000720211991212985
-0.000938047592758679 -0.001166883651753927
-0.000424030742081488 -0.000762648162612931
-0.000658584447841518 -0.000283793371125588
-0.000311403194911385 -0.000667156689695607
-0.001308418942095716 -0.000581043283922447
-0.000742373929245134 -0.000137548402432453
-0.001297334313021046 -0.000821610226332031
-0.001070932689748316 -0.000678147668501289
-0.001239190077943196 -0.000865262541270156
-0.000638647515610096 -0.000869575433694603
-0.001179845459853010 -0.001030323468076362
-0.000229022650212727 -0.000590730586053733
-0.001135337234335686 -0.000802206398428016
-0.000658837448053591 -0.000481306870893990
-0.001429117948170171 -0.000638171097815311
-0.000688166943936044 -0.000661642995177219
-0.001332445390342735 -0.000870795717567068
-0.000706868399379109 -0.000862168370375907
-0.001286369370229745 -0.000867096165432946
-0.000817702271234785 -0.000736087353939658
-0.001153022861444747 -0.000968519581637993
-0.000828392191570217 -0.000717720770425319
-0.001239190416412945 -0.000890383178952418
-0.000851354834893875 -0.000696112568230920
-0.001228478754901867 -0.000892755715206753
-0.000668124144119490 -0.000678604898453516
-0.001211719658792621 -0.000920755275631553
-0.000834773778835937 -0.000740221532853839
-0.001296090502229923 -0.000836240567113288
-0.000927543418939601 -0.000899166349537843
-0.001275426587013843 -0.000870833224941327
-0.001205772606807352 -0.000882687854967964
-0.001140808126394100 -0.000773240013281742
-0.001457933841150767 -0.001056143607054654
-0.000881632110686169 -0.000847002221630797
-0.001643153966250188 -0.001143313580333895
-0.000714765280483926 -0.000980485997414597
-0.001983826826154664 -0.001148372214648532
-0.000328294573099037 -0.000762587092987716
-0.002388497782227278 -0.001224571522121766
+0.000428107021126355 -0.000412197789193121
-0.002567274686821415 -0.001149515621405583
+0.002041364515988604 +0.000298531124579537
-0.004190026491947173 -0.001178879853831491
+0.004663493807689567 +0.001491153065547654
-0.003299706126993526 -0.002501195652735321
+0.208272309761298624 +0.002685134687025529
+0.427599248885372374 -0.007805710469637312
+0.605375812337101360 +0.060227859873959871
+0.485241198178647526 +0.254825168144429459
-0.070758594473050260 +0.412428318425565210
-0.458253666438237284 +0.530150301106999566
-0.322679636129025615 +0.206260190132516952
-0.090408234463585063 -0.312405503919541250
-0.084957700462073057 -0.325827096221941392
-0.086116355926421834 -0.079667440115999799
-0.039055577952240940 -0.044957811238585985
+0.134594997076258438 -0.070549430505660399
+0.179904243610892439 -0.034159729897347973
+0.070336066642083056 +0.070518820225905166
-0.046285546175222597 +0.110867660243555127
-0.013095992431148574 +0.066325513719878881
-0.004845355513234690 +0.002498915610474495
-0.030922516825785278 -0.024126645281833569
-0.058265595931454216 -0.019879526046943187
-0.024886259529288093 -0.026266406255560974
+0.009657293758973635 -0.026059616480439373
+0.053693501728627788 +0.004716025982390765
+0.026263330059928036 +0.013590658076563591
-0.025920823715251961 +0.024216177048858117
-0.035877451638079559 +0.028113410261937234
+0.009961147266889129 +0.013555369915470319
+0.019107653236871969 -0.021175370693614481
+0.001390411669415593 -0.030345956934830956
-0.025919381583092080 -0.001699684580156553
-0.006880898931202693 +0.005246729390917764
+0.001839950170421217 -0.010552283298296333
+0.002516068490492596 -0.005932006579597181
-0.012965960995708618 -0.006445217884458473
+0.002937060063143019 +0.008109090900520401
+0.027372033195571393 +0.014133682156961161
+0.045398499780595347 +0.019814669230836759
+0.013635959541161043 +0.020862799213499348
-0.004438357730405173 +0.015386074577048190
-0.016966361650937248 +0.003649405786547623
-0.000393172116436975 -0.002633264633073724
+0.002855073732056698 -0.004108789135356043
+0.017792387024773697 +0.006618656913198664
+0.007881144537619341 +0.009772680271837135
+0.016688252939414078 +0.013200731133364268
+0.024545046418677070 +0.017762632540469579
+0.025311795372756653 +0.010943092321182988
-0.000050943023127788 +0.001795598616886680
-0.014841849328961692 +0.002017047381877980
-0.036657462393358368 -0.007759545568731043
-0.030962707865578181 -0.015304807553193661
-0.028631951446459639 -0.014476225029529491
-0.012234085955395995 -0.013563364810225598
-0.003180606030899388 -0.014173681581473179
+0.000586272722695616 -0.004079563349665490
-0.007836583166317442 +0.000289321647493124
+0.001379932908837072 +0.001678494223306281
-0.002962133774725732 +0.003551768085145522
+0.001589100600272048 +0.007663428678367498
-0.006596328257848860 +0.000512039361120330
-0.005394310577366491 -0.010977800419567130
-0.007440787509679769 -0.022097850181911016
+0.003047838305763874 -0.015244084276106721
-0.004758583717236444 -0.010324936687741527
-0.009194719260300660 -0.003953694197380935
-0.016921241007253878 -0.002940653806555647
-0.008559125939105279 -0.003331820747099243
-0.008438764576928829 -0.002525827083700071
+0.002046200043394808 +0.006938423279281047
-0.002485375164624567 -0.002428688071092790
+0.005538020495107196 -0.011567044138193931
+0.002567398779987847 -0.011135566744390941
+0.002644875174383829 -0.006326392821035356
-0.007408289715886333 -0.004361232635615135
-0.000980937308808324 +0.001771438812565976
-0.004273585977078399 +0.001641849307036077
-0.004438031492618805 +0.002388501226571033
-0.009291303796080069 +0.000942761596941719
+0.001994363603701387 +0.000366135382677691
+0.003272880769151059 -0.005104576753978895
+0.006261020053822912 -0.004463377509775346
-0.003238141423783316 -0.005847354451566095
+0.001089267740802591 -0.004997992898062449
-0.003447181046213207 -0.005767416976370559
+0.000192531926073335 -0.001539623099446006
-0.009282760373275479 +0.000487033078194856
-0.007983475581016863 +0.000522745110631082
-0.009397655989856247 -0.001623391134069177
-0.001367078124064761 -0.000954207940733863
-0.006953546883397979 -0.001978665970979548
-0.003665999088322540 -0.001970020707499628
-0.004433808617438712 -0.004022575584310524
+0.001192685641248178 -0.001226904138718176
-0.002731309765017515 -0.002686731060522208
-0.000443709991076631 -0.002563047164641215
-0.007164284827686406 -0.005428623403780258
-0.001325645423899251 -0.006618384949773877
-0.006240861768952790 -0.007560932596966026
-0.004959901324009116 -0.002561160764976208
-0.009880370719815885 -0.003605096046533133
-0.002922310756128066 -0.005697541693444132
-0.004994880844068683 -0.002744517018929050
-0.001332840628158007 +0.000865694243052521
-0.004497637147467937 -0.001582723598992594
+0.000265402708635118 -0.001641067593882148
-0.002544432815944046 -0.004642951608998500
-0.001611556278847720 -0.005076065225972289
-0.006727147775280757 -0.004591778398836377
-0.002947459968984165 -0.004581536723132801
-0.008385064534073778 -0.008412361513531332
-0.008095622491770239 -0.003142023212366604
-0.013003140345006069 -0.002317967709390766
-0.005311187525013448 -0.004388878460703235
-0.004640354012969842 -0.004616308099614821
+0.000286468372540594 -0.002063147994899916
-0.003272861072643611 -0.002840416183657734
+0.002723131092389597 -0.001490028488662986
+0.001460072729297850 -0.001445726645613464
+0.002587138425431306 -0.002329971399984102
-0.004722552409825633 -0.002649874845370598
-0.004022832265225361 -0.001374803711046176
-0.008225508853096544 -0.005842172783528491
-0.001775228208971037 -0.007101459171534564
+0.001543699542693316 -0.004974149328897869
+0.008570720678776183 -0.002571926696423481
+0.018697319976532074 +0.001763900719919875
+0.016246981915619157 +0.007450765607978154
+0.005123443851454581 +0.016414831760645711
+0.009239698946619452 +0.019413688796480609
+0.002810785843756487 +0.005775860929516369
-0.000012476474479467 +0.004675692703975023
+0.002047434585713645 +0.006172639322497031
+0.003714879805273342 -0.002567535062591608
-0.002631255805525704 -0.003976644805433013
+0.005531619021950845 +0.007332385738416450
+0.001328749855371000 -0.002111985311454227
+0.000693179444708335 +0.000473659772251403
+0.001485488727230207 +0.009041541732320857
+0.000723036451958101 -0.000205619020566813
-0.004559859398377488 -0.000964893557652818
+0.001145045319024984 +0.004162049091325781
-0.002914205178316941 -0.004316933441675129
+0.000366631378639978 -0.002525484606510323
+0.000427112699028075 +0.000746320242539188
+0.001726835845655915 -0.002506011792626714
-0.001946152770326230 -0.000756981266417747
+0.001583362476207460 +0.002666088598632494
-0.001748081280034459 -0.000742951489112411
+0.000260021433249623 +0.000955835215958050
-0.001312380080907291 +0.000101763742936019
+0.000127885000833601 -0.000423422188005016
-0.001850553274096770 -0.000388570329663538
+0.000956369914477180 -0.000683583202279914
-0.002341614666888973 -0.001022079803090705
+0.000528751360127124 -0.000085180416648705
-0.001903402589520038 -0.001683639115863542
+0.000607382296392792 +0.000290543455678908
-0.000440671583778198 -0.000399787598763786
+0.002771582759774307 -0.000028745757272455
+0.000382312619452390 +0.000491815391241480
+0.003101762409946363 +0.001640679867337692
+0.000418619950171885 +0.000673756476127614
+0.001713958827018392 +0.001340741776500024
-0.000438122447067524 +0.000965083382512676
+0.001054048572157033 +0.001125391422623770
-0.002569365877573169 -0.000430663010381246
+0.000203490676513941 +0.000590685964592624
-0.001828549449789361 -0.000985548004635009
-0.000132730017996391 -0.001425761109578565
-0.001690241761976257 -0.000676632131015294
+0.000672319444043640 -0.000245493358500275
-0.002325763998016002 -0.001921456268823577
+0.000673476078497576 +0.000548865608376457
-0.001759422257357312 -0.000179264023373182
+0.000224391114351619 -0.000843664881638737
-0.001283682762535348 +0.000208784892523456
+0.000621501194871597 +0.000313866641129350
-0.001567482248402586 -0.001435792889861489
+0.000453864924163115 +0.000562724820252140
-0.001738414197047821 -0.000614721117925157
+0.000554988098970908 -0.000811329246559790
-0.001469793648017472 -0.000484551222607638
+0.000516420828197603 -0.000520230462929031
-0.001139171453952371 -0.001302909805247429
+0.001351236986366807 -0.000062467935851986
-0.000870034585768423 -0.000917223725387827
+0.001461027485147512 +0.000397561727437219
-0.000597260542501559 +0.000171083427793761
+0.001054243036248124 +0.000218670455818426
-0.000516909380493856 +0.000842665086792560
+0.001557148366757535 +0.001190668967725515
-0.000549822668609725 -0.000307076949109108
+0.002002104377533146 +0.001369216649580391
+0.000120521373307756 +0.000104945287592849
+0.001632241320873033 +0.000074756860600101
-0.000040459582620501 +0.000656426176282441
+0.001573662285526063 +0.000549465905457818
-0.000821890979489572 -0.000392927184340054
+0.001154981337727143 +0.001061380763241280
-0.001119438286821293 +0.000131571307667449
+0.000314851682014404 +0.000340400692205234
-0.001268302488032373 +0.000317557232257771
+0.000459978194049954 +0.000247888561486580
-0.001527139847763153 -0.000544151424764598
+0.000683857020030835 +0.000271381497224664
-0.001265024837748548 -0.000829339817640633
+0.000499650384891905 -0.000171934640787725
-0.001222399277205449 -0.000669247256051361
+0.000376272538028970 -0.000347720892543888
-0.001213519354686144 -0.000667404140329056
+0.000616361538925970 -0.000291191153890279
-0.001245659654767064 -0.000658705726344805
+0.000659947683397648 +0.000134031294851518
-0.000814594787470814 -0.000333536114704053
+0.000942970925455626 +0.000159891162750050
-0.000558742992448854 +0.000104150705879353
+0.001152982668735971 +0.000588252899477120
-0.000669775024871771 -0.000139537418782076
+0.001154871154200580 +0.000567840351226335
-0.000804073143292774 -0.000170517132535956
+0.000786470435923878 +0.000146780179418219
-0.000861733951109268 -0.000451176734196514
+0.000662741040912748 +0.000080166988978096
-0.000922260130244538 -0.000396712666336738
+0.000673627841404451 +0.000050815230318239
-0.000952296821958732 +0.000038554532566364
+0.000741224085387059 +0.000317599716611437
-0.000801164302505138 -0.000207904998160073
+0.000615421947073754 +0.000527709504031597
-0.000840200388772066 -0.000094265122662249
+0.000691686498268579 -0.000020578301307164
-0.001177915439774136 -0.000289650409035138
+0.000388058113921082 +0.000138007751741641
-0.001455705319694552 -0.000858921537494572
-0.000099957070293648 -0.000080942935839558
-0.001487509215073796 -0.000696647402631039
+0.000002958195108696 -0.000677986993927180
-0.001426264529146805 -0.000732256510316174
+0.000405787989386600 -0.000230318798858987
-0.000947328674269361 -0.000823803436384820
+0.000548874925595670 -0.000107299044239859
-0.000707981254498006 -0.000196036761503067
+0.000705059951089849 -0.000057950890066962
-0.000927712041675112 -0.000351274933471870
+0.000780898805452420 +0.000320080778738001
-0.000912343636090824 -0.000458939006125280
+0.000808298425297087 +0.000040422808993638
-0.000411066892884776 -0.000145600388866740
+0.000612332427603246 +0.000200931052396761
-0.000270042811709392 +0.000089167108733461
+0.000875460810907035 +0.000378117071660709
-0.000886202891695425 +0.000031891935656948
+0.000913000287859131 +0.000581562269763219
-0.000699672482837032 -0.000292934885989069
+0.000216603561961134 +0.000059149554744289
-0.000496004495500421 +0.000056605567984155
+0.000567184788983420 -0.000301421146295771
-0.001078015826644421 -0.000521310331089794
+0.000968429017626865 +0.000632496237322762
-0.000721104157586805 -0.000703915167930974
+0.000317926044173439 +0.000103229241787295
-0.000340872192820793 +0.000498421674885063
+0.000396146497432387 -0.000285089696206442
-0.000947609319476211 -0.000151568429959795
+0.000748720753947746 +0.000708510703886084
-0.000966246841596283 -0.000791354722127408
+0.000226169710408841 +0.000083706855639042
-0.000705592903233208 +0.000033141716858451
+0.000132315094317936 -0.000556359363653482
-0.001037045396605790 -0.000354609902874486
+0.000413367656566480 +0.000131271043943032
-0.001037137242639836 -0.000822247485377736
+0.000318286344203137 +0.000053104304855479
-0.000666764592310068 -0.000272936936289172
+0.000342730560091672 -0.000204909144761161
-0.000637352747512789 -0.000114118826756594
+0.000577733566289094 +0.000089939417161513
-0.000709905466507589 -0.000276440564036213
+0.000541324565238713 +0.000261999574373598
-0.000601558535697884 -0.000292183372470183
+0.000401264027895549 +0.000113831600595788
-0.000606264088274439 -0.000174850575303290
+0.000482635807080956 -0.000036796267090042
-0.000727375852241785 -0.000221586136505258
+0.000465831267449005 +0.000092967357136474
-0.000642421605273412 -0.000298955288491041
+0.000308665032573405 +0.000093449391949877
-0.000679442756727973 -0.000169161459680633
+0.000381296502122523 +0.000063275736166454
-0.000829138968944768 -0.000279280094752132
+0.000334698466827576 +0.000120912513105138
-0.000702912065362881 -0.000276697763380946
+0.000166366299973384 -0.000098766164707831
-0.000729039254297871 -0.000239448890493652
+0.000297110146338890 -0.000016349007482223
-0.000895616765547039 -0.000514606222172159
+0.000281537455040097 +0.000057698112881762
-0.000750425543556676 -0.000323669178744454
+0.000113344751354325 -0.000274827695180949
-0.000721465597548380 -0.000178059592015957
+0.000205748579570722 -0.000062381828635477
-0.000859505434609682 -0.000526386065898601
+0.000258707970745170 +0.000119259521784276
-0.000780458312388381 -0.000380898851295617
+0.000163516807576071 -0.000202733860628734
-0.000664919793921470 -0.000186339760941197
+0.000225936214126082 -0.000131136770002248
-0.000697709290442862 -0.000415512663453327
+0.000351719455258787 +0.000100669557439460
-0.000672026101770648 -0.000403718005094243
+0.000296315090494706 -0.000017588739863743
-0.000550082167337976 -0.000129250904862449
+0.000233795730135213 -0.000123898704188888
-0.000603386188604914 -0.000139258201403006
+0.000328763913818473 +0.000100934565516243
-0.000698976193327523 -0.000375333770846309
+0.000284686733897264 +0.000157367120403963
-0.000621824772300901 -0.000238848263251765
+0.000151369026815361 -0.000136501839865081
-0.000640413064595661 -0.000142938470293009
+0.000193195012830767 -0.000064249389888761
-0.000771136053198447 -0.000415874375700497
+0.000171744215142681 +0.000067397257171117
-0.000721219085496185 -0.000370063155604637
+0.000047559977720447 -0.000170788385355313
-0.000685250111658138 -0.000208166559712112
+0.000096380103148483 -0.000170730256013061
-0.000760825848868395 -0.000370294977287435
+0.000161196539899567 -0.000016421966591748
-0.000729522422065974 -0.000405051193368937
+0.000098462700642668 -0.000091316391846376
-0.000662245023546610 -0.000297729164208529
+0.000082401842476817 -0.000149474399365079
-0.000706744615694985 -0.000313522232742595
+0.000120243757473240 -0.000094353940165319
-0.000724294988007912 -0.000372895034842896
+0.000083756056564780 -0.000075076278154574
-0.000661688121406004 -0.000331655709026678
+0.000054697335979848 -0.000137027518009201
-0.000662205441947075 -0.000273714631712805
+0.000107545187670348 -0.000117107340108268
-0.000691340532279051 -0.000331958711348876
+0.000117027443634754 -0.000060934291455012
-0.000656442929588268 -0.000336912426387661
+0.000079196740365043 -0.000101665261641608
-0.000646419903580453 -0.000299808430574092
+0.000071279270679800 -0.000100084804922219
-0.000677642415839816 -0.000312528162497880
+0.000053803645295764 -0.000099931237250421
-0.000691908053243141 -0.000297655094628918
+0.000008201769337893 -0.000117127423941823
-0.000693837202302426 -0.000335233128386437
-0.000023995987096286 -0.000118588036071293
-0.000717834325151181 -0.000350127798422051
-0.000025571260107133 -0.000188576543100102
-0.000755953858270167 -0.000348081149320003
-0.000037582802445891 -0.000183801552922468
-0.000748933719390450 -0.000428329698173599
-0.000075546657319165 -0.000161002543009931
-0.000728605805868233 -0.000397557653137278
-0.000062886441061887 -0.000226685233059920
-0.000738263247673862 -0.000352247709618751
-0.000043350539247229 -0.000183469287083462
-0.000710445906334582 -0.000392547924551135
-0.000073752371831666 -0.000156696272895469
-0.000693759778135645 -0.000354455966472724
-0.000071428410635398 -0.000201151129980756
-0.000736230241371050 -0.000364136091608543
-0.000056930982729798 -0.000183033942708658
-0.000743083145145319 -0.000404346524582202
-0.000092283592850051 -0.000202443101212502
-0.000702131843636594 -0.000379130659239197
-0.000121466633607196 -0.000220875035924890
-0.000704426391336415 -0.000374103258587631
-0.000085514115061863 -0.000196448018736853
-0.000744038299514489 -0.000382049847455391
-0.000084028945565886 -0.000180636596089842
-0.000707955333418572 -0.000378233643300086
-0.000155962590687218 -0.000211712072020171
-0.000690997137115944 -0.000350142016545193
-0.000139739380785312 -0.000237424746701573
-0.000777067250636518 -0.000403048036011895
-0.000118360718299584 -0.000183511946784192
-0.000769591571734103 -0.000448896343863108
-0.000217612203693750 -0.000248890886324975
-0.000723566908361779 -0.000357907072982977
-0.000227803665190845 -0.000321241380132942
-0.000799856229345017 -0.000415504173968154
-0.000176756476954410 -0.000211416036047768
-0.000809718295978482 -0.000505663350622618
-0.000241359337441988 -0.000254770679001551
-0.000751219722889954 -0.000394828078203728
-0.000265282445277848 -0.000354716108275407
-0.000790522371588706 -0.000417253616525837
-0.000220092511955582 -0.000260113237943806
-0.000809872600659079 -0.000509039532437219
-0.000249999415979085 -0.000262490820262147
-0.000767284939452349 -0.000432433545414009
-0.000280168599194086 -0.000342054584397990
-0.000780405708470936 -0.000411570882057833
-0.000260702614634932 -0.000301364829288902
-0.000808993802822099 -0.000471772773520917
-0.000274273901358420 -0.000276399847321984
-0.000795619642807257 -0.000470044885750818
-0.000305839129041599 -0.000315556164582590
-0.000803903524247326 -0.000448970566899167
-0.000308343812694247 -0.000333578851511234
-0.000831992271107934 -0.000467325807608735
-0.000320299453613990 -0.000323459997477282
-0.000825459564426562 -0.000490506805772946
-0.000350114213125553 -0.000336487251300025
-0.000832203936945742 -0.000478344548521394
-0.000349856984866098 -0.000356770342872449
-0.000862261833387716 -0.000488598131901491
-0.000367721222750060 -0.000353853790318863
-0.000854413168945953 -0.000503845045123265
-0.000409650972303244 -0.000378254298243190
-0.000867465333820607 -0.000506110569584724
-0.000404092494782425 -0.000380171476347395
-0.000907498779014132 -0.000547970924721386
-0.000413792774417572 -0.000377012262430813
-0.000890403422322663 -0.000536647542699786
-0.000458129693934589 -0.000433398826778100
-0.000887913151960590 -0.000513044506597992
-0.000449216052281180 -0.000419011049066899
-0.000929454669436657 -0.000573622956927696
-0.000444244680904115 -0.000387813186354436
-0.000920281244654811 -0.000563903308566056
-0.000487981804667228 -0.000453227573358503
-0.000903236998056817 -0.000522147487546827
-0.000495515014438250 -0.000455592961648542
-0.000936510866088093 -0.000580664754539007
-0.000485131245998742 -0.000407502538072319
-0.000947579366813412 -0.000600579685495755
-0.000524647014128039 -0.000451887186146429
-0.000930158916590933 -0.000550358846563236
-0.000554569480391555 -0.000495403657028664
-0.000957481965890674 -0.000571810897645136
-0.000545377555753196 -0.000458582717477981
-0.000989080503442957 -0.000628145030627631
-0.000572008820930241 -0.000464841409837694
-0.000973181078689924 -0.000601023795755989
-0.000619143527772990 -0.000533458013689783
-0.000978429369567678 -0.000583871139547797
-0.000624087129364176 -0.000525135451155709
-0.001007775826151476 -0.000646641597991926
-0.000644271429816622 -0.000499573058211742
-0.000995715523471516 -0.000646904086716390
-0.000697686705936789 -0.000560301314275872
-0.000986463510418593 -0.000608063735118379
-0.000718414425407338 -0.000583156877525851
-0.001009441132706318 -0.000645830865915788
-0.000736392345803379 -0.000561456616355288
-0.001000475520365331 -0.000662072421453806
-0.000794428944785810 -0.000608099889670273
-0.000971751211241694 -0.000617163727150917
-0.000850471150348034 -0.000676265152451816
-0.000646117054074734 -0.000671482413281402
+0.000080817792232326 -0.000897932757982593
+0.000165464197769275 -0.000879853601685492
+0.000517573259097979 +0.000007228503380178
-0.000820509410411235 -0.000063286645746683
-0.001465305593834360 +0.000520902820876174
-0.001878136584585325 +0.000129570221545120
