-0.000599741750351903 -0.000728733709126847
-0.000879429248942009 -0.000609802040232416
-0.000067583100235965 -0.000545231167327295
-0.000081385060282483 +0.000035412102622148
-0.000139147258128057 +0.000068864437155553
-0.000171683866133793 -0.000181422780833974
+0.000034425021541733 -0.000001507453562025
-0.000143070739785527 +0.000037936336906782
+0.000048669748083993 -0.000099245121938511
-0.000285373410741422 +0.000044553634613630
-0.000253189563023462 -0.000286330029871990
-0.000537534848764795 -0.000413332049940868
-0.000331056453723636 -0.000252193810166371
-0.000539875957628990 -0.000438805194846726
-0.000141468691404411 -0.000200215675067215
-0.000287548478640498 -0.000191275553481741
+0.000058177728213166 -0.000101024618483391
-0.000232356000213366 +0.000000024463248851
-0.000228110669060407 -0.000196610651337549
-0.000227905239021302 -0.000189722128559389
-0.000262523596253020 -0.000228564304377104
-0.000190703149257586 -0.000145329254975204
-0.000287868429193249 -0.000262398704652018
-0.000340528822039145 -0.000227142389266438
-0.000208700706337689 -0.000292583489574523
-0.000250236136776652 -0.000283725792153857
-0.000127025767240700 -0.000099638939125827
-0.000197699706819713 -0.000228766059521855
-0.000168322813895821 -0.000045279624963777
-0.000120635354138946 -0.000215165759213534
-0.000134449201825494 +0.000026815364950226
-0.000096994076979020 -0.000160219748428544
-0.000431234677858284 -0.000130197126586316
-0.000091784010285981 -0.000291060544551552
-0.000573595704465305 -0.000208739639997348
+0.000079708396537793 -0.000316952482263589
-0.000688094075516349 -0.000085272982793009
+0.000065720703483187 -0.000492855938600791
-0.000789287750739139 -0.000068120725357932
+0.000363704440501993 -0.000447497550359074
-0.000749912273784962 +0.000494340988005018
+0.000508065181123868 -0.000599403547430898
-0.000935386784387237 +0.000664019596533472
+0.001318629975682049 -0.000813275325089969
-0.001119562656056662 +0.001382780547086621
+0.002795054750811700 -0.000016584017007038
-0.002710979730335586 +0.001755492729027287
+0.005276362877154344 -0.000535029175912457
-0.007568290446333648 +0.001052592342494609
+0.106995843187504519 +0.009906298522841590
+0.313938940490713525 +0.173908426243031655
+0.447551163911194982 +0.330573272533107976
+0.558449287725272026 +0.491803338710611104
+0.272577417133189281 +0.518890658727933718
-0.260234322959018161 +0.062749738893967927
-0.475237152163355936 -0.475886525341455424
-0.203951483589958960 -0.322488407185987369
-0.051843626962806068 -0.070203161979628906
-0.032619016908691643 -0.058441079917038535
-0.078420085411489218 -0.050917406658233112
+0.015107200403958042 +0.008742236185643116
+0.131449425028866140 +0.095273491805629051
+0.136135793054539544 +0.102043214715834468
+0.067028738658559794 +0.064980114728129992
+0.041952218540789198 +0.047361001101820788
+0.027438499299815823 +0.033955673081474000
-0.007251405063293835 -0.013806300723804819
-0.073879507829444732 -0.055520077119954644
-0.089360654427588573 -0.043613483804926918
-0.063974294544434776 -0.037192471496109610
-0.017921439696774205 -0.039941943388745599
+0.031797928649901108 -0.008271248768773970
+0.036133296562983454 +0.030735366683863622
+0.002394164664942429 +0.037700569635810068
+0.006510251322538477 -0.001161181730965303
+0.026050477988595305 -0.004472798855310323
+0.023156827107029501 +0.018484747115565081
-0.007892966473900340 +0.011957446155086635
-0.021264555966451496 -0.007528771924549128
-0.008748621330741635 -0.010501202042825918
+0.002800821728103877 -0.009946803077131579
-0.003121999534227830 +0.001041238925904620
-0.002856959831762978 +0.001903395893594389
+0.009813758576455330 +0.010609241436206420
+0.033911518457639941 +0.022193147466578741
+0.037804991734184827 +0.033627503699465794
+0.025897412755413046 +0.029477080050465905
+0.000962047144098903 +0.008841778417142237
-0.017549974073704969 -0.011416102766308198
-0.019909024042950411 -0.018830273268166081
-0.007417699225229328 -0.021983889913672873
+0.002843254072050250 +0.002196443683382096
+0.013909726104558637 +0.021104468489299623
+0.018070784985217019 +0.024904632565675093
+0.026057064102319116 +0.025070289515809707
+0.023664616893238601 +0.020259778183551160
+0.017353870984585892 +0.012344969137167899
+0.005256576030135541 +0.009043298611072755
-0.010175851000378683 -0.006485394672568768
-0.026292893656178672 -0.023178757862283950
-0.025633949949705692 -0.026311995871921623
-0.019632334056686351 -0.017038553474507254
-0.010628308176123808 -0.015137947234774660
+0.001563389519855186 -0.006055874988349955
+0.011803413084927016 +0.005088563782287936
+0.002992613926529155 +0.012612920845752204
-0.000100862465714590 +0.000879445348131975
-0.010088666344121146 -0.004445566868951329
-0.007964704301459433 -0.010346044445389288
-0.007806143797661066 -0.009205802941738082
-0.014199573957905925 -0.010333191983093012
-0.015866838243042608 -0.008239774972510317
-0.008814262924945096 -0.007585787141139208
-0.003808149240204463 -0.004538967830117153
+0.008121232718485135 -0.004891359626793052
+0.005004721361769186 +0.004368779642638970
-0.002968994559833705 -0.000300390928779758
-0.003383859129700137 -0.004797289742020456
+0.001160645225833358 -0.003619200883720795
+0.001069419594909053 +0.001370457128420887
-0.002210898863425266 -0.004174805470629239
-0.005714324047803935 -0.000894581924426925
-0.002378199798044551 +0.000793285586192223
-0.000909259758978174 +0.004302565374053897
+0.002769230589128906 +0.001180408922410424
+0.000168921791363967 +0.000316717823158975
+0.000369850073776087 -0.002417729062891363
+0.001749070217024956 -0.001055158151287023
+0.004789172101732886 -0.003619487323088385
+0.001234474653564486 -0.004744507165081280
+0.000913494828285707 -0.005562094419509292
-0.001465038673186628 +0.000868395138775609
-0.000669111514292190 +0.000399107026410479
+0.000124202712051287 +0.002148273251690785
-0.001269477365749888 +0.001752265339390809
-0.003591958093389080 +0.004890828131204544
-0.000627333560566574 +0.001371329832591574
-0.000833785692263174 +0.000235958035112009
-0.001578412069835753 -0.003850699394076153
-0.004500446526173541 -0.003913920373220561
-0.001228888604364920 -0.004546806192630270
-0.002188547445256369 -0.006554739860752872
-0.001539334516602164 -0.008607055059656508
-0.002746591677805566 -0.004475318555161041
+0.000155296898935960 -0.000930784797986322
+0.001159562524187928 +0.002424864382294890
+0.000154380633448665 -0.000658281898732820
-0.000963959082170148 +0.001837371536817669
-0.001308589951661250 +0.002055524652403271
-0.001364701351480943 +0.003344007468563788
-0.000781907538463509 -0.000894568167040428
-0.003667954319041601 -0.003945184204329147
-0.001477391582295219 -0.006497155630069723
-0.000905973424771872 -0.005970304680153123
+0.000035945842209096 -0.006549097924212212
-0.004257986672366683 -0.007447093362888279
-0.002314349519848614 -0.005216954092574499
-0.001672193182865960 +0.000998569118736836
-0.000384748671596595 +0.002647526252394088
-0.001537401669535590 +0.003637315493105081
-0.003335532638746829 +0.003384618113431123
-0.001967274069547270 +0.006241609399745153
+0.000289239947546888 +0.003451039155399113
+0.000314694209005020 +0.002277350293968835
+0.000813421443023270 -0.001279193886982381
+0.000439884200847162 -0.003195219647792554
+0.002358984110572629 -0.004502368574439151
-0.000707895502379920 -0.006743597730168696
-0.000830458954149205 -0.006591832502057698
-0.002625092326213907 -0.004489187960451580
-0.003905082467341436 -0.004008963421634152
-0.007113210073439451 -0.006474327722853313
-0.005715031097914457 -0.005757157589864760
-0.008860892015974798 -0.003789930262123676
+0.002562245205518359 -0.002429395489950538
+0.013082649473370012 +0.016062263854269218
+0.008553897105741013 +0.015439801444702313
+0.008750443222066896 +0.007295749704715832
+0.006887824785046889 +0.006131990421717047
-0.000733907877063289 +0.001434902455211939
+0.002664265041947320 -0.003435192997226527
+0.000606449208492177 +0.002929367901767996
-0.003497849751475934 +0.002206067358335929
-0.000080599986223173 -0.001643742763897407
-0.002023806576399945 +0.003203211595912976
-0.000785522677562418 -0.000695586187994431
+0.002177196246875610 -0.000250890053389212
+0.001681659006957428 +0.003205760747939091
+0.003653128973231444 -0.000199469203554161
+0.002626441967833859 +0.000923448966986224
-0.000175505558113260 +0.000152763060270514
-0.000409979993506407 -0.002712064707579315
-0.002424564757266014 -0.001040580192884949
-0.001825582829017884 -0.001341938092515467
+0.000131230843729928 -0.000085269964061978
-0.001044282380531685 +0.002161530755870112
+0.000431312910461213 +0.001363035986702846
+0.001017846946703514 +0.001514208880067654
+0.000595203594154516 +0.002135359777632898
+0.001533764011675918 +0.000354248894369530
+0.000204672440408277 -0.000250523649814371
-0.000127222719942377 -0.000318295960450752
-0.000369111808183942 -0.002294652336841672
-0.001849011177771159 -0.001924716375838220
-0.002065119346780682 -0.002780745084929162
-0.002435387643960390 -0.002934327471526087
-0.002129387507903933 -0.001416338290225011
-0.000640376670253822 -0.001218147305618164
+0.000269760340392586 +0.001063089396832493
+0.000936633061409178 +0.001549123129880140
+0.001437527084769578 +0.001700217317544024
+0.000910316185721531 +0.001871262165902249
+0.000488532936607729 +0.000075616602313939
+0.000228698227025320 -0.000316017931992986
-0.000614102609231541 -0.000550319960912906
-0.000674706351852894 -0.001613422318524209
-0.000803253451121540 -0.001054409073937662
-0.000771936007820128 -0.000634762349536681
-0.000497898845461157 -0.000997473699318906
+0.000288672862804512 +0.000482921599874242
+0.000527925030145399 +0.001018001488448197
+0.000413454681887333 +0.000466789731317965
+0.000251351424122214 +0.001194443014914316
-0.000262520963714939 +0.000212687722154585
-0.000587291186129456 -0.000216655423972254
-0.000678978275606979 -0.000625324545651557
-0.000539552986732146 -0.001124022573183556
-0.000416847767330831 -0.000673385971222906
-0.000186776368314435 -0.000599178529991001
+0.000018757412327576 -0.000518748206513267
-0.000220476043894311 -0.000288820412559947
+0.000504271217357414 -0.000095476988787093
-0.000114873726694668 -0.000017836286502863
+0.000140057638176050 +0.000064448535461912
+0.000063176689950027 +0.000244927522252822
-0.000513524378361272 -0.000022443991565064
+0.000064377577498763 +0.000147610532720675
+0.000016113829347532 -0.000096989959161395
-0.000251337104006912 +0.000030766735818491
+0.000058508324766903 -0.000562534088767636
-0.000115577161323107 -0.000132786531171931
+0.000088782976043726 -0.000105130015892137
+0.000203825065460667 -0.000272838178601385
+0.000152824341383493 +0.000172420411540717
+0.000051228813799978 +0.000134783269472681
+0.000315680128522646 +0.000458591643459005
+0.000025755237726809 +0.000689922062061688
+0.000291149614649443 +0.000606073559577771
+0.000085173615437469 +0.000854647339354054
+0.000101124230358435 +0.000549234897645044
+0.000271195748893799 +0.000598489575926503
-0.000124838903869660 -0.000071992734063431
-0.000088885947318962 -0.000242755949987883
-0.000129922783466666 -0.000738866108521629
-0.000430298103400632 -0.000683122237107538
-0.000207564147664370 -0.000918906141440183
-0.000528035201899634 -0.000860362461306182
-0.000467419086787050 -0.000561287205755735
-0.000411281915526169 -0.000525444351493077
-0.000190654705987060 +0.000012508191478459
-0.000275850469668100 +0.000185684452730402
+0.000044888897785198 +0.000232266741647339
+0.000110677554323557 +0.000764214782830704
+0.000220007824396179 +0.000413838087605171
+0.000290055818573688 +0.000529714232261726
+0.000143206393276199 +0.000106841645666508
+0.000131537829499115 +0.000127944615302748
+0.000143091764858859 -0.000203884683681482
-0.000114677495665230 -0.000213926578805977
-0.000019956101433216 -0.000396603756086105
-0.000298446937038269 -0.000416527438722388
-0.000234585555344691 -0.000289771486856935
-0.000215494156936565 -0.000258077140398178
-0.000143611677554563 +0.000082610827834543
-0.000171446961800974 +0.000146606868026819
+0.000131210840703733 +0.000142317210648387
+0.000167508675762902 +0.000519507022738008
+0.000193940584627541 +0.000161737566819670
+0.000285813460825233 +0.000350298131846762
+0.000284169628256411 +0.000181215208276761
+0.000210125024025848 +0.000334998162448621
+0.000345389555034355 +0.000132145132151861
+0.000020907359066890 +0.000225136373991234
+0.000038018013920956 +0.000114737777615910
-0.000132893837821775 +0.000002008383483534
-0.000215631196130561 +0.000083714078254821
-0.000243275659237203 -0.000100272215027578
-0.000204135211194410 -0.000112543472706244
-0.000234648094380028 -0.000081254485746794
-0.000110841085583877 -0.000336323759409548
-0.000114544914821843 -0.000164966871225348
+0.000097944457793681 -0.000233755890505654
+0.000066838162763079 +0.000069493780699915
+0.000050279505111300 -0.000123958489532615
+0.000088045473349906 +0.000129462551568402
-0.000295279977562542 -0.000023814274896821
-0.000463992707085834 -0.000437234786671503
+0.000048855774031058 +0.000058482870348502
-0.000492009541050724 +0.000106829531382873
+0.000114430425926445 -0.000130918792105464
+0.000259628019371624 +0.000496334646798033
-0.000267129490170366 +0.000028717206983434
+0.000272370909007334 -0.000267855913176798
+0.000097421343224006 +0.000071454090396390
-0.000350353028629816 -0.000208338796398609
+0.000250709463163579 -0.000477005727852754
-0.000322836769963475 +0.000245172760767867
-0.000340259104745250 -0.000383740378520292
+0.000020451945623057 -0.000135732967440377
-0.000429845626188946 +0.000282583836789141
-0.000047682055834580 -0.000221292311309594
+0.000185134968145984 +0.000304181649174007
-0.000191448765451852 +0.000316929968103064
+0.000341068944813679 -0.000109727370717128
-0.000012693549227470 +0.000290969007868357
-0.000106317066512304 -0.000112068207877646
+0.000129893045124460 -0.000239181936100692
-0.000272719818119105 -0.000001183789064906
-0.000158398537240576 -0.000264106410058029
-0.000079207379858198 -0.000239129005986535
-0.000364770234742025 +0.000079223004680457
-0.000046821016901297 -0.000261889038490559
-0.000149753654163015 +0.000044843080289267
-0.000156377012207262 +0.000077034495593965
+0.000078401200636388 -0.000109236305619549
-0.000064676542628553 +0.000159149599189772
-0.000032951842137382 -0.000028311860098728
+0.000067700836168902 -0.000105455450579646
-0.000206270763254919 +0.000033327687313820
-0.000024803498753517 -0.000224282666857555
-0.000133212689049522 -0.000067381374946242
-0.000180702678348431 -0.000060613581672302
-0.000008889842757315 -0.000082374420257596
-0.000108575986331200 +0.000093642075218666
-0.000048038934815343 +0.000079416905466035
+0.000051894074301400 +0.000023355175199886
-0.000067956259448404 +0.000206046660774342
+0.000017938393092999 -0.000033608565088367
-0.000015658748736934 +0.000022795599965029
-0.000094029461971600 +0.000044907868613101
-0.000096265210352263 -0.000213646901640970
-0.000095160529413829 -0.000038985475036835
-0.000170471207087975 -0.000100635118824233
-0.000072587285563189 -0.000182068246810857
-0.000107959230859458 +0.000061643348320132
-0.000085528092807650 -0.000056733661727907
-0.000029630156043672 +0.000043824676031427
-0.000075592688000054 +0.000113611887000060
-0.000039283105131748 +0.000025269340749901
-0.000045135311951736 +0.000051652475816954
-0.000080673901178893 +0.000075914785244144
-0.000048807344127554 -0.000066158088928292
-0.000118783825327348 -0.000008347757861574
-0.000082684944170040 -0.000055510350680128
-0.000133467818715450 -0.000151536928797141
-0.000125757778439198 -0.000057702382275992
-0.000116226183878966 -0.000135329260525858
-0.000154812792224320 -0.000116237888334336
-0.000120607675071018 -0.000040442575791339
-0.000112099420732452 -0.000099964189166977
-0.000126830913987411 +0.000009246877009785
-0.000084737660519195 -0.000035414165604078
-0.000089647452342082 +0.000002452848988625
-0.000093524297057000 +0.000017361912918200
-0.000057722328261882 -0.000007777881330539
-0.000072159111700876 +0.000015273321639215
-0.000085974890539011 -0.000011632025705073
-0.000046902843046200 -0.000013793947435821
-0.000112349885220334 -0.000030698828933599
-0.000079785924726474 -0.000032383677439984
-0.000099901230506831 -0.000048770145951623
-0.000134488045053614 -0.000040731607853301
-0.000088185726786404 -0.000030761946517370
-0.000135418553597602 -0.000051060459104634
-0.000117894174617263 -0.000008668299377398
-0.000099514229147389 -0.000057676902482088
-0.000130739737365963 -0.000014469710551806
-0.000091710581273414 -0.000035457065948313
-0.000097057672669893 -0.000042342930735700
-0.000108393162917068 -0.000003554772211294
-0.000093079504745104 -0.000059558030975541
-0.000095706529955937 -0.000007821843249603
-0.000125282185320978 -0.000033133792942609
-0.000100731971381160 -0.000043953380166365
-0.000123726986866773 -0.000013747805727258
-0.000137273051042812 -0.000043889002598126
-0.000107135223159506 -0.000033154955851811
-0.000149645985796751 -0.000045059810113159
-0.000125764402150822 -0.000046705534584211
-0.000125627141838305 -0.000069519450408752
-0.000146159092508251 -0.000051052982349012
-0.000116428751946345 -0.000069087466569910
-0.000132213074883208 -0.000070420652964757
-0.000136034506507048 -0.000038729298245503
-0.000122103692832099 -0.000082800035178486
-0.000130824765756696 -0.000021037632498739
-0.000139109591694508 -0.000041998476430036
-0.000119282494811832 -0.000037792296115545
-0.000129112516321742 +0.000002523712050041
-0.000136403112441578 -0.000035377882086477
-0.000111678191303683 -0.000017487267226413
-0.000141390922867976 -0.000029227676263727
-0.000129404213959035 -0.000043565661996724
-0.000125610547833440 -0.000053284242660269
-0.000143466539728899 -0.000050272215209409
-0.000135758731385910 -0.000060733949046400
-0.000137345068446657 -0.000072021511032015
-0.000155546749085061 -0.000037510001291319
-0.000145583986075740 -0.000076057085448961
-0.000149490887444011 -0.000033492650698286
-0.000162002041063138 -0.000040675230331259
-0.000144883177470232 -0.000048760451281743
-0.000158470539001037 -0.000027031859295131
-0.000155882489793356 -0.000053221313413222
-0.000136798334364609 -0.000038220945178217
-0.000163442950756021 -0.000051782300742157
-0.000125224533655702 -0.000048968141044432
-0.000150181385457458 -0.000039587200856183
-0.000166628366592795 -0.000073999925417460
-0.000133668162060600 -0.000050801070273645
-0.000191665500273188 -0.000061137077270417
-0.000174643788430589 -0.000080508349316589
-0.000142593259105068 -0.000044730871574997
-0.000214045084788904 -0.000043171870202583
-0.000145678609110367 -0.000081917092334802
-0.000154401954183875 -0.000014762222029149
-0.000206287203064366 -0.000061408799559809
-0.000119012955250229 -0.000078831281147575
-0.000173913253906310 -0.000010440075444186
-0.000192760161331502 -0.000088890629500840
-0.000114740284353713 -0.000063820464221781
-0.000219334601661943 -0.000020407232363513
-0.000170523496491671 -0.000107276016597040
-0.000150393595528555 -0.000032761391079268
-0.000231885706438104 -0.000038126044922045
-0.000143914439046322 -0.000086205641761899
-0.000179813036526241 -0.000012912153547512
-0.000211198350081931 -0.000047866618288470
-0.000133984744191823 -0.000082148725187713
-0.000208803834015059 -0.000011332502332859
-0.000187989395529123 -0.000089123862530495
-0.000158549243726684 -0.000074704331957977
-0.000228923895515730 -0.000037340446655930
-0.000181774808368297 -0.000111741873158131
-0.000192037625439513 -0.000058099233585498
-0.000236502174568607 -0.000057472883738394
-0.000174244495002664 -0.000102679056963848
-0.000218002996802344 -0.000031359746357131
-0.000213390592954665 -0.000071520735090381
-0.000174394090787087 -0.000069026252382606
-0.000224833645896435 -0.000034334008093998
-0.000191692758128038 -0.000075107688478308
-0.000190038996904358 -0.000064109229287873
-0.000233254285667676 -0.000049764583482565
-0.000185788374144222 -0.000094350108531755
-0.000233084583113272 -0.000065143669037955
-0.000225433936577641 -0.000076698527442044
-0.000212606718534237 -0.000099462411941768
-0.000237240975232372 -0.000055804611567211
-0.000225404146373222 -0.000088510549045587
-0.000212694363223500 -0.000076542536889970
-0.000242196186053364 -0.000048414069798609
-0.000213234809392183 -0.000095725400485686
-0.000226343980976259 -0.000051593334822682
-0.000235932513123837 -0.000070390542958993
-0.000220118404904717 -0.000086813556352993
-0.000234632694131013 -0.000056557425442544
-0.000246578404032660 -0.000086423158135842
-0.000222495805977723 -0.000084285335205894
-0.000258806968707993 -0.000064717291606045
-0.000234322272007696 -0.000091471493979768
-0.000246837932673440 -0.000078305852140115
-0.000252694640273776 -0.000067625474265460
-0.000245345700696168 -0.000095461083313360
-0.000253779626864686 -0.000073327704717852
-0.000257538015089742 -0.000076757299012186
-0.000252456581581377 -0.000102053486872725
-0.000262900841660927 -0.000066626512668432
-0.000261092241136889 -0.000098968928477578
-0.000262236236617375 -0.000090219895324869
-0.000269325346034521 -0.000078023569216383
-0.000266025171139569 -0.000102107533228982
-0.000270388738886919 -0.000080238663029912
-0.000273201431860971 -0.000088011921256528
-0.000272093056129726 -0.000091965810387058
-0.000275702663630233 -0.000082812976770824
-0.000283275425553402 -0.000089952582281823
-0.000270991096473844 -0.000092712832877662
-0.000298857045362025 -0.000088716489089768
-0.000268434082406580 -0.000094814935877157
-0.000308089315037650 -0.000099832029248759
-0.000273720381584724 -0.000090415503691928
-0.000312629189871589 -0.000106641400702615
-0.000277447144960774 -0.000094796344212514
-0.000323012510827505 -0.000099668389293015
-0.000272085943016910 -0.000102745487785294
-0.000339408600749223 -0.000093095790794211
-0.000263848666731528 -0.000100030002742223
-0.000356102792353594 -0.000101504134151924
-0.000254465586216410 -0.000086173763502159
-0.000379254525363018 -0.000121969857878880
-0.000229611954190769 -0.000063096953164049
-0.000429829183956242 -0.000158972042966333
-0.000160186782382315 -0.000002102557879222
-0.000564250998115215 -0.000286253662516707
-0.000294321117769422 -0.000434458015190414
+0.000289529439351373 +0.000038883425345945
+0.000328202077397544 +0.000437546310812120
+0.000794172588814106 +0.000506769757973519
+0.000578960984060531 +0.000967904957492184
-0.000266079013486678 +0.000579561572807074
-0.001286069278211223 -0.000967313152187733
