+0.000112418239477320 +0.000252294591805494
-0.000426391338948314 +0.000062207647437999
+0.000023804242604883 +0.000355866646093262
-0.000538034480967928 -0.000088812602617941
-0.000105792364315780 +0.000097124855216868
-0.000336035981879998 +0.000155107946354730
-0.000226268256595251 +0.000176737600838116
-0.000391423034938017 +0.000077001645959308
-0.000118645491620399 +0.000325638539689039
-0.000488124301823938 +0.000022448810616424
+0.000032159436418527 +0.000345333184616490
-0.000562815302354509 +0.000186976758997884
-0.000028524942155411 +0.000036542035929120
-0.000406640860829182 +0.000323140000291014
-0.000127150318460457 +0.000035926305509767
-0.000457117524139305 +0.000221210669697293
-0.000258590084922479 +0.000147536629159429
-0.000475554510248801 +0.000050786874230787
-0.000203082257003975 +0.000296321513343294
-0.000424200918706263 +0.000028529945248197
-0.000250907016977855 +0.000319378494173805
-0.000376802518998711 +0.000067851028630758
-0.000252810875899822 +0.000294771721556531
-0.000331997616534824 +0.000177625299865123
-0.000195809598595387 +0.000257986785248719
-0.000498743026524112 +0.000228538273882341
-0.000249497588118501 +0.000117112594170859
-0.000483744855379863 +0.000278501294466541
-0.000322788836639904 +0.000133682764451720
-0.000447574630873878 +0.000296607355418612
-0.000463721871015290 +0.000089880686720910
-0.000292759431624885 +0.000222319839525573
-0.000540340722715180 +0.000181117571004929
-0.000133804176135084 +0.000178530636369249
-0.000733181200246849 +0.000235132570027905
-0.000027026056888080 +0.000121193428846918
-0.000873050549328082 +0.000191177082028694
+0.000045130422095845 +0.000161202067951147
-0.001140587353008555 +0.000014537226834116
+0.000278827152272257 +0.000348999182924825
-0.001159230461186089 +0.000237345559588928
+0.000605141082962723 +0.000485007820572382
-0.001309738386681814 +0.000207178339430751
+0.001475637930113901 +0.000655987394328894
-0.001760706146628915 +0.000621343505331685
+0.002921204470588567 +0.001920561145109526
-0.003070856699914307 +0.000435582661863712
+0.005082046597986078 +0.002702113631683264
-0.004365897191509025 -0.003248079231847981
+0.147951504811880741 +0.031983542569346962
+0.330919161564275921 +0.203197351434965756
+0.465442924520829138 +0.340121508134343109
+0.538962284497766508 +0.500850849040558765
+0.224294908030528622 +0.477685592270168158
-0.306222191808267541 +0.012356957680887955
-0.472386751843638930 -0.480036386604976717
-0.180801538764117892 -0.311511192624171374
-0.046429747009953420 -0.095134480671003052
-0.028112816094029349 -0.047400129806524430
-0.080309169135762609 -0.030804965868512925
+0.033969955872326305 +0.024336665653744614
+0.136015124634116025 +0.103185923179296868
+0.136597355667427589 +0.091728476252188024
+0.058696966744605325 +0.071484796717477581
+0.033686592095228979 +0.065225018583762312
+0.008202032069253833 +0.018521193981227431
-0.016304401999243136 -0.034797445209447157
-0.071542915296629053 -0.057089841783955389
-0.082125246343834488 -0.030009133325451291
-0.062650724065007768 -0.027888567564915413
-0.011019013992779644 -0.038414688612759443
+0.031328428104519697 -0.011108766177175419
+0.036924671503351367 +0.036272013086754165
-0.005816806880747214 +0.029022112131339969
+0.005801259716028673 -0.003998949599804581
+0.037852699585929017 +0.002185839561665070
+0.033675222611201684 +0.025840333931731775
-0.010054045949749325 +0.010168094550629314
-0.017856490537022058 -0.008793843884716247
-0.014198055340382220 -0.008747127997086277
-0.006505677453504694 -0.007738746263283900
-0.010041120953174110 -0.001554235994514777
-0.004082506818847918 +0.008628361727771899
+0.006231543611420235 +0.018279832106967396
+0.031196507114554534 +0.030487014552782622
+0.031722002055872320 +0.032224594482661059
+0.030624819980672138 +0.026538556912664442
+0.007930697151978340 +0.005654664183671479
-0.007616791663318259 -0.012685927756938241
-0.018989250596886262 -0.024282665234615371
-0.004979790510697050 -0.024677973830562930
+0.005644203684441918 -0.005087776069923168
+0.016088608252114018 +0.019061395972635606
+0.013014444885366717 +0.029002814449741728
+0.018197625895791117 +0.031484616390917923
+0.018235298199817552 +0.023665984063470421
+0.017788403272853040 +0.021658602624889844
+0.002106689239240896 +0.016365079180298978
-0.012743534493858011 +0.003221211640674000
-0.022041586244728743 -0.016406487185562684
-0.014083470146914249 -0.023052017345259586
-0.011601995094898208 -0.019830491684973518
-0.010049648500867186 -0.017436282056999042
-0.004618474557515137 -0.012064615632845473
+0.009949503667715191 +0.004351993294375245
-0.004796595799038820 +0.004695704564262212
-0.012181431817126127 -0.002225202896255283
-0.026020447602893657 -0.005981499628968650
-0.017416772244893367 -0.007624304933678806
-0.009502070449918189 -0.002801160888965400
-0.007811318188900161 -0.000701531382248597
-0.005411026198817435 -0.000708808926349271
+0.005799327755393813 +0.000888108334653785
+0.010132948974033586 -0.003751507823756432
+0.015234644198408222 -0.002372531294852442
+0.004412868789436666 +0.002421338147953826
-0.008042450483026476 -0.006432560531923062
-0.014002309472475011 -0.012252754217125558
-0.009445890279638835 -0.005697657001160972
-0.010506542859800558 -0.001632032725913129
-0.006940626006932401 -0.001928366798369965
-0.005929338273049971 -0.002393362704534571
+0.002150446586560617 +0.001843068424218588
+0.009890224885537277 +0.007627293224961276
+0.018457313790911856 +0.006986170705481057
+0.014377789639478339 +0.005285124397891383
+0.005984533865522772 +0.002067147184150815
+0.000359404337191190 +0.002777562269209076
-0.004858338342140621 +0.001697880726297733
-0.010142875100802190 -0.002913478441039394
-0.009912439634799774 -0.004995715379337351
-0.014334584498024095 -0.006217074580380928
-0.008259602318139461 -0.003948338588078177
-0.006131898713207802 -0.002582869579597731
+0.000031559388703487 -0.000738863768682436
+0.005395871322506638 -0.001340939406234521
+0.013924340488749442 -0.000049146004932840
+0.012923527120987498 +0.003776027786888367
+0.007898521889243344 +0.002324885836834034
+0.004517051054543211 +0.004355939061423486
+0.002758224152595587 +0.003103807288814073
-0.002786382924003190 +0.003335445318129457
-0.012108517310009266 +0.001187037974669167
-0.016552994452961638 -0.002625455592838399
-0.013285551278066923 -0.001733424238436985
-0.012288365314129166 -0.003461775169601810
-0.008168739559310936 -0.001537355531206012
-0.005931777431331189 -0.000391042672187471
+0.004038532332392738 +0.001874200132535312
+0.006337413727252625 +0.002600906855617853
+0.005204554984691015 +0.002741849684158640
+0.002331893890944267 +0.004676568719485311
+0.001334925889901439 +0.002850568027000395
-0.000873261097307150 +0.002614335299365897
-0.006502335826045324 -0.002181839174029326
-0.008068810426575885 -0.005064228860838198
-0.007050336508748999 -0.004544513613967580
-0.006675898985174906 -0.003856760664253672
-0.005411468176804993 -0.003252664384398572
-0.000760345193599137 -0.003786180696067389
+0.008941153337269759 +0.000374801156729331
+0.009113384433059084 +0.002103230812248048
+0.007178643148729321 +0.006168661777209593
+0.003583627982761076 +0.005980488860637447
+0.003153859135289206 +0.005186082956013549
-0.000420875281823503 +0.006822664025663255
-0.005481951315257097 +0.005211649731198441
-0.011111743021690268 +0.002105476010194264
-0.012368116280019749 -0.001809612516794983
-0.008001699622236120 -0.004221456995389883
-0.006854167805354134 -0.004168492549671448
-0.004807489883409019 -0.009762813388426354
+0.003618424427800931 -0.003172333111461075
+0.004736787046614345 -0.005031684558618648
+0.016220504470084048 -0.007021836187169077
+0.020463625846553951 +0.012293463446417779
+0.009798850921590845 +0.009124074756437903
+0.000605725058224603 +0.002706341799145509
-0.001876578081264263 +0.004925838153705057
-0.006332732033347180 -0.003073985115920150
-0.001185562950359882 -0.007573177267506032
+0.000724824152059468 +0.001299641861765455
-0.002443224642554809 -0.004683745807109137
+0.003283035395113709 +0.000236179573858560
+0.001845099749839456 +0.001776182288168206
+0.003566755780766269 -0.001195340562699130
+0.005887414970952661 +0.004801319854183311
+0.002402851507034901 +0.002438921240237316
+0.002323232890132658 +0.000812535694394784
+0.000184892690713567 +0.002830219103090064
-0.003409116979918757 -0.002994323316476789
-0.002392102041809778 -0.000978814302439856
-0.003726341400002596 -0.002252337397096608
-0.002310599135919643 -0.003181348498325754
+0.000542868203279558 +0.000183500677297730
-0.000346705561516915 -0.000062085571150013
+0.000910913743194202 -0.000068577516031291
+0.002033003260865102 +0.002170025908078260
+0.000625852145039569 +0.000351054717299102
+0.001846138108334003 +0.001496473625095965
+0.000374930151942534 +0.000264568914233657
-0.000083814002313333 +0.000174924739786369
-0.001028096704621740 -0.000334175883040135
-0.001994569836015603 -0.001663886433615316
-0.001557743138362604 -0.001615594006636154
-0.001766467224590057 -0.001144901000769223
-0.001190120455808125 -0.001493084967470115
-0.000189258238120898 +0.000357495001931063
+0.000367687111735939 +0.000493396273006361
+0.001367495309506992 +0.001016592206979423
+0.001373161047663387 +0.001426088788687346
+0.000815375519328121 +0.001433595336093534
-0.000127632841928857 -0.000048689494221371
-0.000109898096082185 +0.000193333762612478
-0.001452906204203739 -0.001051508659031428
-0.000884802615099460 -0.000905360750971434
-0.001856812654614953 -0.000982063420187180
-0.001492693327860333 -0.001173265642445290
-0.000809740307806722 -0.000806673726975346
-0.000466693992105942 -0.000157479421425161
+0.000311472414627432 -0.000072162894792248
+0.000274398724508039 +0.000494069134144415
+0.000572772905495252 +0.000318476433363202
+0.000783861868914419 +0.000465852540600152
+0.000505478450494789 +0.000234759044022096
+0.000350486309306122 +0.000305371819356194
+0.000003028518933394 -0.000365949181391200
+0.000386032959130730 +0.000649418643068664
-0.000573866104099862 -0.000277605850125990
+0.000017103644533936 +0.000338719545333439
-0.001459117302777304 +0.000012205864954676
-0.000814780571233769 -0.000345064585745335
-0.000919644096914655 +0.000214139641010389
-0.001077274795109842 -0.000303177206522428
+0.000063728466916156 +0.000168244449669529
-0.000378437708503406 +0.000362235258956473
+0.000500871263803074 -0.000162913041141059
+0.000873415198437292 +0.000852539229107345
+0.000255450009254383 +0.000083770918875097
+0.000808453301945875 +0.000230585127853123
-0.000067002351573771 -0.000003947048930004
+0.000123805158129146 +0.000074160512892856
-0.000688662662390757 -0.000429451613713811
-0.000245528631345883 -0.000110805830711710
-0.000767531330526847 -0.000430137863455462
-0.000206467384173129 -0.000333599478514112
-0.000100491850774593 -0.000032870329128050
+0.000307094938313456 -0.000223642916284017
+0.000872462133160601 +0.000326962495462875
+0.000684208778909346 +0.000224313083556265
+0.000949370791713122 +0.000345984934736874
+0.000212189823349988 +0.000660373564433474
+0.000143342256403608 -0.000033629079306907
-0.000045908872058914 +0.000650924593436687
-0.000975804749708009 -0.000119320633783522
-0.000385231165902444 +0.000178215310385192
-0.001475303566005555 -0.000051067683977632
-0.000631266458753835 -0.000215462757721805
-0.000771406396607125 -0.000180017748972059
-0.000199807948441506 -0.000264926097729250
+0.000174413551071370 -0.000126693761705736
+0.000358629377912581 -0.000153476637791374
+0.000721503555439004 +0.000120615092430704
+0.000627413027216212 +0.000070725252380092
+0.000688271500883664 +0.000204114748929122
+0.000268591136444306 +0.000236144965379308
+0.000129914944051634 -0.000059154810379132
-0.000149344105233000 +0.000332482532366107
-0.000539037652549975 -0.000445408308054581
-0.000077192436026953 +0.000013716121725215
-0.000515992325846021 -0.000284070283200692
+0.000370943066706271 -0.000204668030751991
+0.000009527278685491 +0.000048650660557580
+0.000558169430843615 -0.000088489908948809
+0.000508439829641887 +0.000259431192590582
+0.000462210633042990 +0.000192620627210456
+0.000431482511398253 +0.000392190911646243
-0.000079674911774802 +0.000213971059343487
-0.000042102357576226 +0.000060375094954566
-0.000399585581951788 +0.000138402567787420
-0.000532093295533105 -0.000227223413997917
-0.000552241790777427 -0.000044171585228112
-0.000542343873739540 -0.000360546041884649
-0.000032125582167255 -0.000172387478635727
-0.000087591761055796 -0.000231506427447277
+0.000493176512199921 +0.000020020570394144
+0.000157622943050056 -0.000045963201498205
+0.000534114107067846 +0.000073349291583813
+0.000271854414889962 +0.000168110397676687
+0.000298289435052762 +0.000005418412358777
+0.000055997385944004 +0.000268914832350393
-0.000183913180509045 -0.000010785636213618
-0.000173380357769971 +0.000102868290565931
-0.000561400607455865 -0.000039545899901273
-0.000185056566506424 -0.000233270992929833
-0.000396840042303944 +0.000276207127396246
-0.000357944259705363 -0.000655930827307759
+0.000426516837400273 +0.000217438471520053
-0.000037456060195588 +0.000232183005174396
+0.000389577929988375 -0.000307845461095055
+0.000238739348931221 +0.000697226331675624
-0.000131866977735187 +0.000145880739198422
-0.000258948105283169 -0.000352202422582906
-0.000015637372391653 +0.000524974373816387
-0.000665493457475041 -0.000450866801326701
-0.000104159714328575 -0.000313465726146014
-0.000191198054363656 +0.000388759658787499
-0.000481187046636383 -0.000729764184453197
+0.000359580362911838 +0.000231634290704275
-0.000162428233332429 +0.000176863035997954
+0.000157324884892673 -0.000437961099280642
+0.000454535866040995 +0.000740239957423922
-0.000234626835370871 -0.000173351697242530
+0.000307327724146184 +0.000043374269241121
-0.000179816732455068 +0.000451097152814009
-0.000256489144273585 -0.000461674250532557
-0.000089749110852869 +0.000191645583609559
-0.000272440957222508 +0.000021373975137851
-0.000309058849131238 -0.000392290192667386
+0.000060756947747990 +0.000309899174236725
-0.000266793499643408 -0.000135520531504237
-0.000005635101347992 -0.000082685107492852
+0.000160650081853496 +0.000382877074515543
-0.000212007241730719 -0.000217528858318310
+0.000283126590672991 +0.000272489980516051
-0.000126069112354223 +0.000147589335888820
-0.000092366966277569 -0.000198008522172666
+0.000104726235398332 +0.000323269010766278
-0.000391243247760551 -0.000266050368367233
+0.000098762227314585 -0.000000150993057871
-0.000279064175801948 +0.000070993075109615
-0.000070117756869725 -0.000268039724075057
-0.000000397795877037 +0.000159450619342333
-0.000055568097711458 -0.000046121262859739
+0.000070216527245790 -0.000000478933698144
+0.000056059040812914 +0.000141444512058919
+0.000066823835126140 +0.000052986000229010
-0.000012413066165878 +0.000014499060423032
+0.000112973022775976 +0.000167699499958564
-0.000174528637600089 -0.000026928166697691
-0.000000079687494864 +0.000004876804978860
-0.000115227812510011 +0.000130451459132019
-0.000248540341686131 -0.000161871636407286
+0.000054332936956433 +0.000139033904304217
-0.000321509833224342 -0.000034560598129331
+0.000053464254455788 -0.000036550626391864
-0.000136274061089882 +0.000143135648974626
-0.000065528483630208 -0.000085590035064798
+0.000028403759455179 +0.000106360859380621
-0.000097173076655670 -0.000009013038582207
+0.000051088201504153 +0.000049705954590471
-0.000088334295405029 -0.000007353937855652
+0.000038128975555105 +0.000059063269900474
-0.000132109545649448 -0.000006874003617219
+0.000003813171288410 -0.000010775502772035
-0.000113939362810698 +0.000084719480247432
-0.000119612730768570 -0.000113024216646707
+0.000035970819273853 +0.000129052134899075
-0.000227704084976973 -0.000061972413271634
+0.000125793627903232 +0.000019348398399356
-0.000155238672047234 +0.000118600114331989
+0.000014605691509156 -0.000093834947425977
+0.000022044752221991 +0.000168526928465792
-0.000126690041467023 -0.000034290007937594
+0.000059751922109612 +0.000068408217695519
-0.000168348187606826 +0.000046561877686746
-0.000026238115364647 +0.000013224460880383
-0.000161120080497422 +0.000034502614598491
-0.000096278503922793 +0.000003883428824612
-0.000133203658386137 +0.000032199096476461
-0.000124955092173982 -0.000037047485929562
-0.000042563932395251 +0.000073342754779853
-0.000138393178513561 -0.000050019300493493
+0.000049319068097273 +0.000064956113802654
-0.000137069161652435 +0.000026785703017950
+0.000050541340031005 -0.000025367680457586
-0.000082052049787394 +0.000130419984381503
-0.000065829206197033 -0.000080651651917363
-0.000000010993977482 +0.000122085346744746
-0.000195410275799319 -0.000013385124349817
+0.000013006825045188 +0.000017780093705308
-0.000199794978085327 +0.000069039057117741
-0.000056638874569091 -0.000032203746016244
-0.000101518330594560 +0.000068285188780215
-0.000116864041922892 -0.000002472908967139
-0.000020772001244591 +0.000047221799699299
-0.000123875023098494 +0.000024362674648760
-0.000004189137992219 +0.000051677879257548
-0.000120825067365826 +0.000030718800090294
-0.000025618182288141 +0.000042165831558584
-0.000134217078657091 +0.000064868098468768
-0.000089080823451609 -0.000022165321584573
-0.000107106526468878 +0.000101081829279476
-0.000170505000451600 -0.000052027003241443
-0.000039800715724556 +0.000062975689874500
-0.000197408823271617 +0.000011825592589257
-0.000015789414871391 -0.000009964440783042
-0.000129979574780264 +0.000074194941133567
-0.000054351274519148 -0.000016389024042721
-0.000042011800000302 +0.000078843931276454
-0.000116938255350969 +0.000020152665626089
-0.000010367731048168 +0.000053847412924449
-0.000153552290026171 +0.000048025011632447
-0.000048460329614485 +0.000024875534956258
-0.000153053077325428 +0.000060268567332227
-0.000108855154986404 +0.000000867850984988
-0.000118600084316059 +0.000061039689343982
-0.000144493954397517 -0.000001993446245380
-0.000065681039582727 +0.000060703127493462
-0.000161080916641338 +0.000012937597141148
-0.000031473857884916 +0.000056678138689471
-0.000150762659285583 +0.000038120578204332
-0.000048725677413866 +0.000034044907958728
-0.000113139020526552 +0.000073110490822886
-0.000111877579837744 +0.000003079615461856
-0.000075212106296612 +0.000086821127515327
-0.000176273458849264 -0.000004036391212279
-0.000052715436838812 +0.000058616880055640
-0.000197991654452514 +0.000036404990486493
-0.000071607925622449 -0.000017486112746194
-0.000126842341845615 +0.000109236830049471
-0.000138413954190627 -0.000047463702725349
-0.000032891967442770 +0.000088303943355014
-0.000164673645680105 +0.000055169599280574
-0.000043131687744634 -0.000001108367887220
-0.000129246209099386 +0.000105922452726940
-0.000096539252950572 +0.000036048295992552
-0.000133939479982284 +0.000010917650057444
-0.000102353226634707 +0.000104080012807681
-0.000154497300255860 +0.000008536208813873
-0.000140199607654250 +0.000008092392416128
-0.000088295607334333 +0.000128371887557857
-0.000218475927943216 -0.000064434305492276
-0.000029007848872590 +0.000097574638166475
-0.000190313172096973 +0.000078016476868330
-0.000109640541258740 -0.000062969215888151
-0.000064241518850754 +0.000191136703882405
-0.000214782207869323 -0.000049472105397075
-0.000031435719372308 +0.000067641178078513
-0.000191265396110557 +0.000112290676787655
-0.000117900026763746 -0.000054540504036062
-0.000124366466032928 +0.000122377171800244
-0.000159846354448356 +0.000025489685110605
-0.000131932542677616 +0.000004690290957600
-0.000134998041721289 +0.000102897278685701
-0.000136325068312492 +0.000015937892152181
-0.000157763428651290 +0.000029010220017965
-0.000079107535745006 +0.000114509669441796
-0.000205577526206778 -0.000010422778621605
-0.000072222970204992 +0.000080448588717334
-0.000163946925094503 +0.000094137171648677
-0.000171501203022018 -0.000035434518675669
-0.000072636606485413 +0.000158219969556613
-0.000249371476859512 -0.000018285505677096
-0.000069843849987391 +0.000059675960279858
-0.000206387872696640 +0.000105550567249818
-0.000152052246430432 -0.000033050590691603
-0.000130035614381971 +0.000127688316299520
-0.000194793884879302 +0.000019026223737087
-0.000120929942625062 +0.000047047703481167
-0.000175169709861824 +0.000090158566082289
-0.000140315993146107 +0.000026765027578619
-0.000170985045023886 +0.000068785328372284
-0.000136031943524927 +0.000065918558991115
-0.000181866712296004 +0.000050147294870318
-0.000156878350029516 +0.000046751630939733
-0.000145267648123964 +0.000095419510067948
-0.000220745120579320 +0.000005480191764407
-0.000096750390614574 +0.000103680230672330
-0.000243594233544608 +0.000045622863775372
-0.000120287852748575 +0.000038128627122277
-0.000188658912794426 +0.000112597440400502
-0.000188653054578361 +0.000007785546460515
-0.000136159350361461 +0.000104018001529708
-0.000216495400973691 +0.000051037092483917
-0.000142145015985682 +0.000056909970395061
-0.000202559397819323 +0.000085170620037692
-0.000167916952428757 +0.000045425446774510
-0.000192882441096150 +0.000082876903427167
-0.000185407656412337 +0.000048832759553603
-0.000181302053405089 +0.000087231435903136
-0.000213631287341601 +0.000039290466069998
-0.000152210668335040 +0.000093090081736737
-0.000240367428631372 +0.000052670131781739
-0.000146564403267969 +0.000063153902813044
-0.000220055158690768 +0.000096798844219386
-0.000192507718321779 +0.000028974223630206
-0.000166781506020455 +0.000113553984595986
-0.000244246953128597 +0.000041881601112450
-0.000142578396346961 +0.000085303029067985
-0.000255910893885327 +0.000076197842302731
-0.000159010600870310 +0.000062300926616478
-0.000244104658125917 +0.000086279868263519
-0.000179916371728801 +0.000065075059674232
-0.000237676088902915 +0.000081757777021188
-0.000188766595777955 +0.000069730330173213
-0.000236873900329826 +0.000082315640691528
-0.000190638648794524 +0.000076106808856037
-0.000246238678478050 +0.000069121352942400
-0.000172305907256854 +0.000106876297031443
-0.000291682241700034 +0.000029392629106650
-0.000107794828965040 +0.000154846545405350
-0.000397087533737507 -0.000017634848120023
+0.000037448977036982 +0.000219370796026154
-0.000643107107906154 -0.000130429193170622
-0.000416971218264761 -0.000423707908464273
-0.000044754164991123 +0.000252756642315360
-0.000309156954519234 +0.000140105234194558
-0.000211397991092807 +0.000142804361863277
-0.000302799272881514 +0.000250103559469691
-0.000150372472106797 -0.000081172447167980
-0.000231946797118697 +0.000270885125546968
