-0.001804302636213504 -0.000262470030002904
-0.000693461550114644 -0.000367160958863595
+0.000104454348465536 +0.000648771211159508
+0.000209708826328242 +0.002343840518199798
-0.000456953356910874 +0.001384630565054682
-0.000355368663854009 +0.000581267762363758
+0.000083854117133108 +0.000162663137312942
-0.000569989072858241 -0.001617758502005217
-0.000063592742634979 -0.001263905319725329
-0.000308002773235448 -0.000252764950620710
-0.001196141585610122 -0.000780557960117225
-0.000280752794899236 +0.000060330585884699
-0.000205024911891147 +0.000527631774364317
-0.000265590332850896 +0.000429584385545091
-0.000537174568191868 +0.000364270038230587
+0.000167472049054900 -0.000349471514810832
-0.000621976865050189 -0.000264782801103649
+0.000203134256852907 -0.000438681624861893
-0.000894317045626482 -0.000422893687538688
-0.000266001022261535 +0.000283314914305322
-0.000807736324483149 -0.000321306086730210
-0.000060684087044599 -0.000067069537782178
-0.000433319365800766 +0.000215321049690340
-0.000086348149556902 -0.000188191472058719
-0.000605494778195855 -0.000022031416006563
+0.000050882798629275 -0.000116164927803316
-0.000816826709544700 -0.000199175587388905
+0.000092127106069038 -0.000010793484785651
-0.001154647624821343 -0.000216573782824431
+0.000082212239464831 -0.000057679404831703
-0.001295414026198227 -0.000189576103610599
+0.000328026455429141 -0.000180417586773233
-0.001756189821599784 +0.000008093372112471
+0.000423990155089165 -0.000106151312894792
-0.002042866407517595 -0.000156450117718612
+0.000634248932305523 +0.000051583470396680
-0.002225060524493058 -0.000172370951397444
+0.000996926148713141 +0.000075290454619970
-0.002518592257092354 -0.000110661416425177
+0.001617198049817022 -0.000059859669546932
-0.002987582596552282 -0.000264315302358338
+0.002368904637387977 -0.000180120243452976
-0.004025038883094235 -0.000408137649838937
+0.003853044094400788 -0.000343409542169613
-0.006334528544348506 -0.000473363578937083
+0.007431252631692381 -0.000262518388689092
+0.006219584136528657 -0.000421834669869194
+0.475617242766042669 -0.000228995186678782
+0.760444052459649300 -0.000335331652877062
+0.408407261023866208 +0.000484308994563118
+0.011586127581427269 +0.000134666972384339
-0.062326225417367570 +0.000611842242602092
-0.064913236102466285 -0.000347225765421538
-0.160214233685218532 +0.000484525384989963
-0.206634476264963285 -0.000542967296717693
-0.289893343097112954 +0.004131346595639500
-0.184105980127249047 +0.000726917588445414
+0.040588925107617163 +0.142864837882460488
+0.116381204352902473 +0.425063097739686091
+0.005716059417534922 +0.397868706798749416
-0.011279292028181127 +0.121207494611676597
+0.108902701213263439 -0.023136335191948521
+0.119418049508425855 -0.123886585661807505
+0.038782527532794514 -0.153280425971266926
-0.044280282720629879 -0.108930119139631382
-0.086112165489186293 -0.109120426477596261
-0.030928043735811199 -0.070872339678180810
+0.030009053439900183 +0.045982862367600880
-0.022075028953040518 +0.124981773996351894
-0.045579798551683919 +0.086878747533290945
+0.004752193727150989 -0.001328315228146088
+0.048640709618874005 -0.015062166728600904
+0.032356354023288542 +0.000872274807262473
-0.008054934018944034 +0.005212216903284122
-0.031453736806526938 +0.007328623417202449
-0.003834913409498450 -0.018744129603408252
+0.035898054058903922 -0.011344418044350286
+0.031242465890140701 +0.019871054877563857
+0.005266664359527671 +0.018822005020969375
-0.001536741939509337 +0.000783321952072438
+0.001982350596860593 -0.008691626145835929
-0.005388216032102716 +0.007092745214199692
-0.030333030347273221 +0.016898434508891148
-0.043545860481843258 +0.016353298226381530
-0.042545067346538817 +0.008861864703946950
-0.029973943722561180 +0.001572959148513822
-0.015914360092085317 +0.007675566309261850
-0.014133296694528882 +0.017273548490680132
-0.010814978918187624 +0.015336278877600223
-0.007768363380168856 +0.008757670894441461
+0.000202461139045707 +0.004443040912887214
+0.005495741188776307 +0.007330593004880804
+0.007072386834654418 +0.012435478670851208
+0.003074021254134504 +0.009232268950099719
+0.005029816969699446 -0.005308753082675885
+0.006818959894883046 -0.016691657409940327
+0.008373514002964100 -0.013517724849940696
+0.004639374992468105 -0.012494479100931592
-0.005594011715379904 -0.012281297699251910
-0.003539832306568163 -0.005790188876013935
+0.000601330383561770 -0.002424495163753599
+0.004293804731086141 +0.006489982705129778
+0.000530302837023886 +0.013141441115820305
-0.003443729527550962 +0.007557706431057574
+0.001750457322053868 -0.003411778697605353
+0.000602696004140419 -0.013736546357150093
+0.003460071088109988 -0.010227059412552557
-0.001501172631362638 -0.004764706325712203
-0.003261230371277939 -0.008033956711476980
+0.002065481022300576 -0.006911721188729954
+0.008469023931733068 -0.004526454374546962
+0.005354328898429017 -0.003507954758314429
-0.000884251799321484 +0.005717246373987513
+0.003805802841576826 +0.001288457131035716
+0.000116703257262502 -0.009762940804183214
+0.001015345952099749 -0.006460107939901111
-0.002850408711738380 +0.000684851394688314
-0.002498922624717639 +0.003795877389417851
-0.000810802747231468 +0.000634271661308290
-0.002937717113838422 +0.000964887381927080
-0.000265763178627199 +0.004623926345696241
-0.003931825127361651 +0.004800027227023338
+0.003413813105492259 +0.003058458523751470
+0.004281651202990337 -0.002033863855745422
+0.001685007788105917 -0.004854997359972894
+0.000846280459011770 -0.003156421589133662
-0.001205028600743218 -0.001805611203698078
-0.000672903148374977 -0.003441450927268934
-0.005831883548497964 -0.002930586740491810
-0.005199741649594013 -0.001400302039711035
-0.005626470680596990 -0.000377381495865648
-0.002646320016603101 +0.000264097991645749
-0.000951328196517775 -0.000197781071008433
-0.002918590085153069 +0.000635113592871084
-0.002231416635510582 +0.000431473274510215
-0.000296930451929625 -0.000424987635277581
+0.001396600803870789 -0.002189950570371774
-0.002564589362632427 -0.003419342807210323
-0.002076836131565339 -0.002200362402892346
-0.002270550151282618 -0.002705905028884977
-0.002527065136485278 -0.002540601147893990
-0.001167876754222143 -0.000457430365302494
-0.001406935265617882 +0.001360825094888743
+0.000747837156745207 +0.000391797746316901
+0.002165276408311617 -0.000777406253314043
+0.000771517659739017 -0.000402428824058043
-0.002632957531941838 +0.000151495159600623
-0.003800294090105271 -0.000662854059421441
-0.001933595218085883 -0.002859842922779133
-0.000880256605731117 -0.003340795043928866
-0.005270256709371135 -0.003024219419284662
-0.006257404327936094 -0.001879520806240498
-0.006188340230282183 -0.002421216054750655
-0.004261297093360362 -0.002123154139273074
-0.001745518775781228 +0.000261334281543256
-0.003716419078568713 +0.001983426722659692
-0.000772554259784389 +0.002363986004217444
-0.000481458562929173 +0.001917167333896162
+0.001321096903636270 +0.002325135736234946
-0.003005848635441219 +0.001807635993942622
-0.013021274149833549 -0.001168013545714602
-0.021517254425446587 -0.003179891612825552
-0.023760634564978626 -0.003581098513781201
-0.016384986598044861 -0.004572705883529897
-0.008217096383376104 -0.006145083318356606
+0.005888849968249356 -0.007070616209270634
+0.010778917059332458 -0.005492441625937338
+0.015324916733575744 -0.002101416794929895
-0.002753830541407117 -0.001657249789433400
-0.003347165709598673 -0.001268634669376432
+0.011030639113057260 -0.002311911241911589
+0.004103641230891684 -0.006307065637192640
+0.010226742952208948 -0.010373886675417636
+0.009902841094121458 -0.010766783659336403
-0.002181076290278558 -0.005581117192282564
+0.004221927137140584 +0.001075218581754308
+0.007150060093183877 +0.005584181387418490
+0.003079263882697691 +0.005078235664428278
+0.006119997964272884 -0.002007254012581564
+0.002339219150657127 -0.009924120838340728
+0.002692157309712524 -0.005660899415912882
-0.000404292355487296 -0.000723999670066379
-0.006761298695552698 +0.002706125680332369
-0.001592878515396225 +0.014438992608397035
-0.003237204222332306 +0.013256388037254190
-0.003246476704609638 +0.009014358776570166
+0.004972814024220338 +0.009807015696708943
-0.001829583636345794 +0.000659126941059865
+0.001836083849486163 -0.002923332442389529
+0.003382290804072643 -0.001882561732361219
-0.001183614989793474 -0.001107181385420788
+0.001942670610259658 +0.002481159475062160
-0.001165024598255871 +0.001800317094699081
+0.001362521740824477 +0.002182006747176952
+0.001157204554992274 +0.001266459559960130
+0.000577593115659146 -0.002429669660467659
+0.001164680558161157 -0.000643129373122813
-0.001766664816891209 -0.001722015548954167
-0.001323810568517844 -0.003174778412918818
-0.001211917075857685 +0.000271307437548841
-0.001409516958471651 -0.000752479532857879
-0.000874031040616818 +0.000234638663114961
+0.000511753311867044 +0.001122612095187374
+0.000469022874777788 +0.000095407194003091
+0.001458734298330855 +0.001515174293974878
+0.001499104517028376 +0.000144811712665839
+0.000516047439340259 +0.000641478758891312
+0.000083146034082662 +0.000505329230375329
-0.000103569573043761 -0.000869382479871453
-0.000047766915406364 +0.000247788294669212
-0.000171355756731354 -0.000587229108856669
+0.000208219803510458 -0.000585969990939405
-0.000168381601808585 -0.000395089206466692
+0.000267849104414558 -0.001200733215684314
-0.000373963005954841 -0.000838845093594179
-0.000636831063551432 -0.000203402868873613
-0.000707234682122396 +0.000355589952992969
-0.001260270049524898 +0.000816520997993916
-0.000811847379651168 +0.001345864286707397
-0.000773078315401702 +0.001674597149505467
-0.001164775763712454 +0.001186060237621253
-0.001394142222098377 +0.000821809844561474
-0.000526981567308714 -0.000077316741082713
-0.001555388634961244 -0.000976922260779070
-0.000533055681034770 -0.000660919682301339
-0.000750219145939587 -0.001072994205504069
-0.000793459963882186 -0.000817549423855232
+0.000080920677007808 -0.000724617973870024
-0.001155385532165424 -0.000709045147452354
+0.000374181271833301 +0.000144142411735150
-0.001006830270643817 -0.000585666677644171
-0.000270501584100014 -0.000513215534189300
+0.000143776512917690 -0.000368052092400441
-0.000454836289140124 -0.001084598557189316
+0.000505281527936655 -0.000571486223817145
-0.000262033018162206 -0.000388674119706619
+0.000781263905049918 -0.000727271269998470
-0.000059809700537818 -0.000343337443712754
+0.001035559601558684 -0.000429169409035951
+0.001066393119950181 -0.000602547130141918
+0.000974055824546443 -0.000257451359831974
+0.001391439079239804 -0.000515182597873877
+0.000293293244350947 +0.000109333057706695
+0.000868047045188846 +0.000172674685593329
-0.000577138998181114 +0.000232930836008028
+0.000138128259827827 +0.000775867136654578
-0.000983849598467413 +0.000096250201824005
-0.001019876084758423 +0.000405469547787736
-0.000389207642409301 +0.000215741161481864
-0.001605985987440532 +0.000216335603181089
-0.000230597931152201 +0.000568792167942676
-0.001142522439898696 +0.000255866177829894
-0.000171012954285429 +0.000494751353259391
-0.000014760104383340 +0.000264370193892006
+0.000033808062102149 +0.000259582622768122
+0.000603350057215124 +0.000188074394056026
-0.000146055446641793 +0.000114448248797576
+0.000705838356064727 +0.000077687200906417
-0.000069774020756702 +0.000096487782649016
+0.000146059629333639 -0.000107922437449142
-0.000054510769459703 -0.000483181419920210
-0.000107064899499839 -0.000384758843991403
+0.000049867876697698 -0.000795335381629472
-0.000374276669041957 -0.000558202271298252
+0.000221872225344082 -0.000449646074525900
-0.000167269699157538 -0.000447972384928583
+0.000408121986705571 -0.000083873291213564
+0.000345412300505081 -0.000106542977168726
+0.000169278625063323 +0.000135063105059066
+0.000306134506010835 +0.000052659090642710
+0.000058367909127902 +0.000210749191686783
+0.000413282963287827 +0.000266470958616647
-0.000019169782105593 +0.000215163443401493
+0.000227823302270325 +0.000349933451023873
+0.000472559548044144 +0.000268013645337536
+0.000324567325945690 +0.000280850095492749
+0.000598141866552850 +0.000100978250641323
-0.000145180226892785 +0.000085765750452572
-0.000585493561636548 -0.000015682665050832
-0.000893551954750617 -0.000043241447415262
-0.001271838921246144 +0.000032199902195299
-0.000430882079743663 +0.000094822400620671
-0.000039857884732988 +0.000143281082533514
+0.000188596987307733 +0.000145774272111267
+0.000216130929359136 +0.000338962223634171
-0.000488724739258474 +0.000333997372519683
-0.000643018855204241 +0.000400645892084461
-0.000708688701057646 +0.000235454546860578
-0.000330286095564310 -0.000164751172294356
+0.000460309636399021 -0.000375538545435756
+0.000213176881415775 -0.000583092992816613
+0.000010160532100790 -0.000437361125485793
+0.000291013512132802 +0.000043719166289354
-0.000273479079891843 +0.000286345312299461
-0.000487856234255445 +0.000253443023650914
+0.000708124656992475 -0.000043054906619772
-0.000649672049110149 -0.000652448909689905
-0.000024427853664963 -0.000857128101512579
+0.000234531454759704 -0.000789990990785526
-0.001150595580968200 -0.000265303635736379
+0.000474672989519789 +0.000332521702383433
-0.000774761904905677 +0.000369697253964318
+0.000109833433317573 +0.000615567121750872
+0.000431782932953817 +0.000291217120844333
-0.000465587908324294 -0.000320808214285458
+0.000780723247484294 -0.000135081619431845
-0.000316935175048026 -0.000204541281175127
-0.000174677362955612 -0.000320083053312420
+0.000139187769175000 +0.000404253076118247
-0.000394964983686283 +0.000193503845431162
-0.000261416301791217 +0.000030141944770068
+0.000173171636170089 +0.000277709616150095
-0.000453432949160670 -0.000435484082857703
-0.000096420059843328 -0.000092093219133393
-0.000023698786562519 -0.000244372350779787
-0.000789031265808403 -0.000277881032798272
+0.000233274398922556 +0.000324954654770955
-0.000747933505302709 -0.000219286815484304
-0.000079783327509027 +0.000302612742635724
+0.000023207973133738 +0.000214365209257356
-0.000621726242140005 -0.000173647290892039
+0.000516376783532287 +0.000278890835085345
-0.000526291202897608 -0.000181736975328070
+0.000117312155931592 -0.000134069088397540
+0.000022007184366291 -0.000007301146875499
-0.000348952557723499 -0.000324133529559713
+0.000248224871861045 -0.000083603895965613
-0.000265604291443587 -0.000139469142410573
+0.000148897472364115 -0.000243708685626481
-0.000076470154952325 +0.000051918978313467
-0.000037395829740636 -0.000228524561927020
-0.000045313653684084 -0.000077131104235418
-0.000213519674755389 +0.000043579461068389
-0.000101713907472496 -0.000225492458162006
-0.000264098992495568 +0.000181522738924455
-0.000087396614166323 -0.000039010525145706
-0.000202816093124336 +0.000029262434662835
-0.000088905962940882 +0.000183562792800145
-0.000084731646461672 -0.000089849980208277
-0.000139430261951604 +0.000129437642608618
-0.000057156689575188 -0.000056785098374852
-0.000110801841092973 -0.000008765453930489
-0.000093885200916266 +0.000026920822830280
-0.000153437130985064 -0.000068108763976091
-0.000115834770708207 +0.000075269669747646
-0.000231378227621045 -0.000044195074739721
-0.000262387250242272 +0.000022542752912760
-0.000216381211338962 -0.000004462926774542
-0.000338526895846772 -0.000063385136771964
-0.000200552842917887 -0.000024264742002913
-0.000244733290391803 -0.000112674175500181
-0.000246499651271028 -0.000045839032862006
-0.000087412742375032 -0.000044579293651535
-0.000310113497980596 -0.000072658947798798
-0.000043338714660240 +0.000040136263403360
-0.000152433088587838 -0.000060229345991720
-0.000170225633550670 -0.000055309830357662
+0.000085562939776229 -0.000013293060643841
-0.000260612650755823 -0.000144025601277316
+0.000040215528613908 -0.000045724165413165
-0.000220638095210269 -0.000087905275028949
-0.000168906685261539 -0.000102413820087776
-0.000100238772952485 -0.000032504406064253
-0.000340406503704731 -0.000124907370734487
-0.000028469054550517 -0.000068511282556922
-0.000358308136941171 -0.000066098617159908
-0.000114839003139095 -0.000091864700035462
-0.000259696833796841 +0.000010589568245032
-0.000246182007823436 -0.000008629419084827
-0.000157303215914152 -0.000014583839738810
-0.000294929366145078 +0.000056684555490715
-0.000059110471237921 -0.000052605478983157
-0.000332971800810068 +0.000009078646374044
-0.000021848115656913 -0.000007182551270435
-0.000299871626264064 -0.000069940225009878
-0.000154450843442784 +0.000040173561698376
-0.000144452533859454 -0.000098586283396946
-0.000360097952679982 -0.000022619905728191
-0.000033010165841414 -0.000069430100406329
-0.000445683102258284 -0.000128939921933226
-0.000085076992786291 -0.000029241355114492
-0.000348220897950883 -0.000127096183290994
-0.000266645339014224 -0.000036354616103247
-0.000151039548050738 -0.000059382953243315
-0.000408029335066603 -0.000057738269053423
-0.000064106355954644 -0.000048173942610989
-0.000388971996744321 -0.000065415826032330
-0.000116294746202501 -0.000056327909858041
-0.000272776963005061 -0.000084770932623049
-0.000218956741569960 -0.000033239933799056
-0.000128687809126466 -0.000087275067327095
-0.000302402910702331 -0.000027972521827235
-0.000042463347064556 -0.000072072676106685
-0.000297627793704900 -0.000065064541946908
-0.000109192789542529 -0.000057242172007005
-0.000291675003262018 -0.000120802613192100
-0.000281557496929426 -0.000047531219446672
-0.000257833286724087 -0.000120269598433789
-0.000374036159931869 -0.000058058023907963
-0.000150876126807618 -0.000071130421495069
-0.000336224127672220 -0.000068788329436544
-0.000152445398482116 -0.000024390782428299
-0.000294724277477461 -0.000061050781028386
-0.000315778145944032 +0.000005171698951369
-0.000231840510890515 -0.000046995959323390
-0.000379019812892723 -0.000028102971008847
-0.000176174703713073 -0.000057778964384412
-0.000279225664971548 -0.000083959620113131
-0.000245379563894269 -0.000062327672574082
-0.000223487215645306 -0.000071666439988720
-0.000356428811666555 -0.000030986537827221
-0.000242309239520799 -0.000053127510794283
-0.000327351262068471 -0.000051556089004643
-0.000312314605078066 -0.000109900454607817
-0.000244335697210559 -0.000124335274940147
-0.000340638694165325 -0.000123257442460569
-0.000302829124003172 -0.000119067004765332
-0.000298914749439555 -0.000044647933059839
-0.000329934001393584 -0.000046892406032498
-0.000325067703065457 -0.000022639187345332
-0.000248416490396203 -0.000045088318101718
-0.000335957004229196 -0.000090719014485632
-0.000282426605345960 -0.000085793446956862
-0.000245178318279097 -0.000119776167004931
-0.000411552864308927 -0.000092768742784476
-0.000187564607944742 -0.000057341988698350
-0.000404665662058465 -0.000088541932037021
-0.000305909670833544 -0.000048803312664449
-0.000217996795368530 -0.000071156504509530
-0.000493230592165731 -0.000121424834555565
-0.000146285662733117 -0.000074025807283755
-0.000460961257882135 -0.000112263803922786
-0.000348176523587443 -0.000099746380557888
-0.000269641290904399 -0.000052221058294996
-0.000516758345880173 -0.000089199458619505
-0.000227307374274785 -0.000058398196853458
-0.000451443164998660 -0.000054776933066890
-0.000338803012961169 -0.000103562878957006
-0.000334936472633163 -0.000049755779070048
-0.000400797094473486 -0.000095462244581692
-0.000332149711833270 -0.000107721718074816
-0.000379732177990024 -0.000040246022163428
-0.000361053713171236 -0.000147420672839488
-0.000404498349306090 -0.000060769282329745
-0.000311398604979863 -0.000088266156652603
-0.000476284884913578 -0.000145853690787568
-0.000294503006832461 -0.000034929249927245
-0.000440182185935721 -0.000160137693559305
-0.000429508837867099 -0.000081109075662170
-0.000283849109658257 -0.000093261653673384
-0.000539382281685819 -0.000149811773587851
-0.000266612341202282 -0.000052559574782628
-0.000492373582643269 -0.000138966850417591
-0.000395256430382587 -0.000086326728973768
-0.000376471119589725 -0.000083118781028468
-0.000504560675719946 -0.000124932549462990
-0.000297969771991512 -0.000079529622001611
-0.000528706837387734 -0.000107420521513154
-0.000341651222945314 -0.000120332573271476
-0.000449601687893420 -0.000083374033369068
-0.000443967848877022 -0.000104426312018992
-0.000380383598281599 -0.000113996101363718
-0.000513118147354599 -0.000080046154176045
-0.000373428968482974 -0.000137339937745794
-0.000527598333323190 -0.000105314271881892
-0.000416818875622013 -0.000119646793423036
-0.000480885605953197 -0.000126151266531518
-0.000486537860206317 -0.000093886154490814
-0.000443602019282047 -0.000135979967435365
-0.000509739234325908 -0.000082058126955164
-0.000452736077585821 -0.000124607905184376
-0.000504782694473333 -0.000104065448707847
-0.000468788034856574 -0.000102544261727068
-0.000495745017918306 -0.000136434287983876
-0.000488103720506780 -0.000097768858260541
-0.000476811389036547 -0.000147831106999834
-0.000526337253549697 -0.000107585049972231
-0.000463073537300746 -0.000129997743599297
-0.000555085882623213 -0.000138496687751657
-0.000477532881684392 -0.000105186258850131
-0.000537003032009374 -0.000154724751092292
-0.000532129138758504 -0.000118970811831976
-0.000502623482545535 -0.000134589404810620
-0.000569953772491597 -0.000146760790699678
-0.000517251825576582 -0.000118131344407641
-0.000547873347187245 -0.000143819741392706
-0.000577475144404025 -0.000129169334169944
-0.000506044185517923 -0.000125986383644157
-0.000610500690741346 -0.000147115343704451
-0.000515157084511906 -0.000125200224347030
-0.000584757153275983 -0.000139868350331723
-0.000578723432285959 -0.000144295783838269
-0.000541112296424059 -0.000124519243029008
-0.000628521516233370 -0.000151728104248245
-0.000539750527393134 -0.000136255418773067
-0.000630778210234294 -0.000141391899858401
-0.000579796704336010 -0.000157447285706862
-0.000611326344640409 -0.000142932472899584
-0.000623018073261963 -0.000153166653835519
-0.000600385830080179 -0.000159500999538493
-0.000647073448633237 -0.000138855113770997
-0.000619153447582850 -0.000166888860979461
-0.000612470471457901 -0.000145168601240384
-0.000855948664958363 -0.000154327829128575
+0.002728286087174265 -0.000163177791151091
+0.003243362546630455 -0.000172268837783340
+0.001285112120706233 -0.000277995104958271
+0.000257934765347286 -0.000182239773258760
-0.000468776660951701 -0.000095016690160377
-0.002353190835209695 -0.000304890588339043
-0.000912567415020853 -0.000296173706934757
-0.000690318539429190 -0.000379446312420719
