+0.001881073698931766 +0.002381965649868557
-0.003390873621959258 -0.000589765211950998
+0.002825155814981332 -0.002382213946541660
-0.003078719985614283 -0.000938397145479623
+0.003519996933252139 -0.002068343501574652
-0.003280864616468042 -0.000499414379529017
+0.002357130779378166 -0.000047691770185533
-0.004597933038631380 -0.000428514407054714
+0.001880454841999387 +0.000305341646933098
-0.004867997669514952 -0.000105365310896832
+0.002192840792263734 -0.000172324728166137
-0.003905067137948202 -0.000360228512783447
+0.002858806407823667 -0.001386974585357445
-0.003370349393215946 -0.000513769092561026
+0.002795179541104704 -0.001284609277124302
-0.004182997490120274 -0.000639960131532141
+0.001817210809443810 -0.000126735793524969
-0.004151153522505496 -0.000325520707867049
+0.002132695532451916 -0.000106995620189077
-0.003997571477872457 -0.000222097261270913
+0.002360330492166840 -0.000925475954525471
-0.004261753867809490 -0.000677769261467776
+0.002757815904276601 -0.000936533281053462
-0.004600584973085359 -0.000625115401695701
+0.002983304056758795 -0.000608126301278995
-0.004726932386628373 -0.000723178679953230
+0.002951202408286230 -0.000488291977207721
-0.004217291254813710 -0.000500378996823668
+0.002626600680243653 -0.000705323097104804
-0.004129297920339098 -0.000122521938921348
+0.002280515349467598 -0.000918219662305687
-0.004254399378057190 -0.000305094711503362
+0.002304990102810201 -0.000745109550496561
-0.004511758401597411 -0.000463951751211060
+0.002462978011047230 -0.000431969389245751
-0.004973388395090376 -0.000500932781181793
+0.003047088990518488 -0.000372636409799502
-0.005264602846321329 -0.000751876269938427
+0.003406385651756362 -0.000710832013802148
-0.005786249867381596 -0.000871321863366731
+0.003414698379473423 -0.001042625776341143
-0.006036362338038064 -0.000580836218567948
+0.003896218745331169 -0.001074610139129818
-0.005857972169329491 -0.000199106586205072
+0.005076224061034823 -0.000830412215523036
-0.006827245287399839 -0.000139759077160222
+0.006986490093184465 -0.000199886654965974
-0.001237644043699449 +0.000030625931149780
+0.257136591974835182 +0.000525838392748407
+0.512210800533576038 -0.000532862573675992
+0.682239546559782362 +0.000270600496277156
+0.428079033389966557 -0.003064196078410016
-0.178269423544209743 +0.022115556988441649
-0.497932846437298515 +0.185262091273083407
-0.305421238388148886 +0.345879153876478274
-0.089382160122080070 +0.482488325044217792
-0.097266334002521715 +0.295289742044015813
-0.110874828944963755 -0.166447926060585782
-0.010156619376196389 -0.288507645878775199
+0.165124737811626954 -0.108486255898423811
+0.183626929101323999 -0.044377426129898090
+0.050475506774777530 -0.072773683505371833
-0.050482252425711090 -0.055030484045184833
-0.012448614253522863 +0.034995918496945819
-0.003620125047074310 +0.100564798055371329
-0.047930128580137399 +0.072959758008836556
-0.058299816807779056 +0.021978249341362218
-0.019929212273805577 -0.016827612994541857
+0.027079860044586075 -0.015318021533357309
+0.052319125535902539 -0.015724373427300067
+0.013880164984179304 -0.028176446456861598
-0.037951573832290746 -0.002488810036990518
-0.030038362588227018 +0.019939492748567246
+0.009139491079309456 +0.022595371274383765
+0.021835394521836991 +0.027994880095076780
-0.008002586960002625 +0.013417510481386015
-0.017660130194862893 -0.014375316103876478
+0.000409708894706219 -0.025330224648194621
+0.010374629573032371 -0.007336174906119444
-0.001600619463190284 +0.002656798378680533
-0.011397110784513106 -0.005409552772880213
+0.005062167390649941 -0.004081303609944057
+0.036004370148369227 +0.001791086752460269
+0.028273842981508798 +0.008560341515186216
-0.002494570699455359 +0.020913245961880510
-0.015290092618254821 +0.019805001662589843
-0.010333527442798283 +0.005811948434377052
+0.007443726057675353 +0.000844115995333125
+0.022037850403986158 +0.001651695752336721
+0.021144610746561876 +0.005494328572824408
+0.016444851238520207 +0.013881415287017767
+0.021815794480312227 +0.020922799435086688
+0.023358067306425277 +0.014287194037084897
+0.015338625696524919 +0.012583075607901482
-0.011553767966784458 +0.005778134261914385
-0.034237947855190687 -0.000857174211777547
-0.043538991863211543 -0.004337459361201649
-0.030331002908776904 -0.013607144559837983
-0.015696294053935592 -0.011402993958719016
-0.015229485772694496 -0.003089074199077299
-0.014899113539963678 -0.004778801315338959
-0.009452533695182957 -0.012019680046567387
+0.009443023551083200 -0.005896306996954602
+0.010776581151089560 +0.004501707879428026
+0.000482490621272776 +0.006930150990398774
-0.010636844021289425 -0.000647697557954605
-0.007276099853007727 -0.003726695496055181
+0.003891285555529110 +0.003418591229430055
+0.003449731496369349 +0.000566637481898280
-0.008851288080724422 -0.006696263317506779
-0.020635125962009806 -0.018734007685144001
-0.007354800657021947 -0.017424691077310851
+0.004285869740476777 -0.007613300378743400
-0.001253963500947097 -0.003049158895655506
-0.008176499816843121 -0.003027617633016615
-0.006410849355681485 -0.003675089670804541
+0.006509458903565740 +0.000475789380880159
+0.007051805595730518 +0.004098745720431481
+0.001930540754749348 -0.000659690176496869
-0.005281349538644626 -0.009276779994876137
+0.001006887704921363 -0.011208020406189694
+0.007390384334345359 -0.006931111910436733
+0.001680493780573141 -0.009654096594248974
-0.005572053584772672 -0.007715710003394852
-0.009626083399782510 -0.003154978154919740
-0.002706073274467868 +0.002644571338816310
-0.001803621388483038 +0.007549360900441289
-0.003865051596773863 +0.005804599000128266
-0.001821649155721490 +0.004209075689594643
-0.000318719065606892 +0.003939203357222170
+0.008870041243041783 +0.003093515307438109
+0.003293577602719171 -0.004530086215760576
-0.005430332020890505 -0.010841114336606216
-0.008958856664393514 -0.010040983219366383
-0.004123410288262586 -0.006358217600826124
-0.004298176014871267 -0.001720324155620684
-0.006784178035429954 -0.002870913435256102
-0.004227359112139337 -0.002518782581036780
-0.001360088491875333 +0.001207027665050130
+0.000350712443285703 +0.005723941219583168
+0.000156432982668297 +0.005405368987203610
-0.003923240067634805 +0.001021047624169745
-0.005064538931101743 -0.000198796117869759
-0.004778293165108996 -0.000941159761394962
-0.005487876950655398 -0.003661019546482640
-0.010469294961356297 -0.007209018707335046
-0.007759609453233901 -0.009014470259939577
-0.004880268366633479 -0.006538635335523124
-0.003312447651283460 -0.004283958046856296
-0.000996296681580046 -0.004389819942218541
+0.001956335267407665 -0.004614431698565909
+0.000241156329723901 -0.001070695890979005
+0.001216362932239005 +0.002614940287977899
-0.001237607082106169 +0.002871438848147720
-0.002345226764759868 +0.001182575853018363
-0.007919706706483162 -0.000998316360755919
-0.008970149669781302 -0.001870806443537733
-0.010664203803520752 -0.003227221014665960
-0.011527398943204219 -0.006281128619531538
-0.007208094364251473 -0.005843493971272967
-0.004322469789379299 -0.005354159797422649
-0.000339249852857550 -0.002580692165526811
+0.004565393262569957 -0.001386816301209263
+0.006817860882418442 -0.002123023877685781
+0.005365443169608149 +0.000767844073031444
+0.001518597808959010 +0.001183700404115209
+0.000377548655562534 +0.000936806958769950
-0.006095776512283160 -0.000274254006107722
-0.012395072413682373 -0.002006105556993119
-0.023094054614270297 -0.002714812756990144
-0.020469305474130537 -0.003187933792666304
-0.017623502412855353 -0.003696728983626382
+0.009525751567796689 -0.002951323900323664
+0.027639681746062347 -0.005944467855286339
+0.027037023767974247 -0.008906475392177374
+0.025263718192745907 -0.008245315923652283
+0.013384591874647814 -0.006784932540925487
+0.003045265035620387 +0.012685302825948812
+0.000575941865099933 +0.018299923546004682
-0.008552989952212667 +0.012175393373316334
-0.004740800991698380 +0.013832824475432170
-0.002742040538712916 +0.003236209324964375
+0.004380405710098737 -0.000948315075125258
+0.006244848764558001 -0.001319251502267582
+0.004617421335410526 -0.005863471836965485
+0.003734513499786003 -0.001292227195933984
+0.000740492446331692 -0.001753591848794134
-0.002404155475466458 +0.003821395681314024
-0.003910130087991208 +0.006681492405907586
-0.005438943508557111 +0.003253519252551636
-0.003643018106591638 +0.004707283034265412
+0.002291407448161774 -0.000013714717034419
+0.002158181498706599 -0.003375322911890265
+0.001970249944525165 -0.002623708426114476
+0.001252302312884934 -0.004859824395979478
-0.001926325574370307 -0.002622128917855449
+0.001657200427176144 +0.000725639388143977
-0.002715016728527173 +0.000213695281795907
+0.000333969670220352 +0.002323348694502957
-0.001713070031319391 +0.000404748115720948
-0.001156176112710606 +0.000530390386395802
+0.000188231697301952 +0.001132073915816662
-0.002279543209187578 -0.001441313060446257
-0.001173087384377932 +0.000711906842773299
-0.000834954097247372 -0.001472851696547379
-0.000694534954068286 -0.001403403335620640
+0.001717049498182208 +0.000203899998447749
+0.000459295700222988 -0.001422866047461916
+0.001745842832970249 +0.000251170666649429
+0.000554053985093444 -0.000855534207257338
+0.001657909519890249 -0.001032217834949007
+0.000192437889035525 -0.000555930700150526
-0.000060200324570313 -0.000750961900580255
-0.001639517654541271 +0.000990967964974262
-0.001307002472326183 +0.000563717942712027
-0.001737317846815044 +0.001280431227887562
-0.000515725357966284 +0.001069417002072490
-0.001281559561771797 +0.000147770168026165
-0.001038869245359532 +0.000142413873823851
-0.001615261744996487 -0.001493508028804879
+0.000118264268637194 -0.001299985392156633
-0.000721472661161280 -0.001263269374316726
+0.000670286739973919 -0.001426347809064502
-0.000737995046486442 -0.000691237958405260
+0.000198353982209229 -0.000845308603917118
-0.000232695909539625 +0.000187970017058472
-0.000174469989824020 +0.000465797532638438
-0.000775095781252535 +0.000366473228950142
-0.001332356438508961 +0.000341017957538717
-0.001492729025900680 -0.000093313035870344
-0.000267769651295559 +0.000014092226936402
-0.001798732278105733 -0.000313616191377084
+0.000359801412510539 -0.000555624938378579
-0.001199544328548236 -0.001165905922059437
+0.001472853880606344 -0.001023299905845343
-0.000019225497822535 -0.001160090168088527
+0.001322253517132874 -0.000889386612075142
-0.000018149789672767 -0.000317309593092502
+0.000197682322615569 -0.000276637495221596
+0.000667086237954372 +0.001048399442129643
-0.000250614316006460 +0.000528378492082192
-0.000072023393322060 +0.001073030429935699
-0.000015407813571494 +0.000653162233048175
-0.000275883040386314 +0.000277590756907775
+0.001289646278118477 +0.000499597882824844
-0.000349326178771776 -0.000767049854600900
+0.002102089718783368 -0.000103547960492275
-0.000505261424093214 -0.000866999027302306
+0.001866116684037700 -0.000098257852625931
-0.000679257496783502 +0.000105207547648399
+0.000297578812850354 +0.000115049157167344
-0.000878922825393528 +0.001270451907183686
-0.000214361642348448 +0.000512813793156890
-0.000256280564313095 +0.001365483372900684
-0.000878707506509201 +0.000183056286996386
-0.000427569297596487 -0.000015545758395751
-0.000828405502088504 -0.000284271517612572
-0.001189797338288958 -0.000788624833145290
+0.000033126099130729 -0.000431078994947554
-0.001727622903872100 -0.001309035170084228
+0.000803586743083895 -0.000480813464942664
-0.001379026190161560 -0.000850398023469164
+0.001830619365481953 -0.000210730729743977
-0.000401947392425470 +0.000012759052734908
+0.001565429978031061 -0.000112163231511166
+0.000549618452650926 +0.000534069544970178
+0.000543727778227852 +0.000033127736021660
+0.000167841359183408 +0.000748875833749562
-0.000300008370865040 -0.000081285717250037
-0.000782122442769476 +0.000286479465433888
-0.000502389532383771 +0.000106404614080170
-0.001025443970873692 -0.000486550534517109
+0.000385454254037241 -0.000103828905045968
-0.001181175285061563 -0.000760372099177821
+0.001265287374801445 -0.000177824136550651
-0.000831688367194092 -0.000284219205584449
+0.001634670594833923 +0.000163187485584863
-0.000180240992091126 +0.000352161421976434
+0.001380105220690344 +0.000227674733080624
-0.000118170101528073 +0.000631820211224636
+0.000283636960933840 -0.000049840329180144
-0.000510262346116309 +0.000288479676614564
-0.000528031922438958 -0.000185725741753260
-0.001564070367471180 -0.000158001652758289
-0.000502256728505679 -0.000266655255259817
-0.001942830001656825 -0.000615083211560507
+0.000156464279982055 -0.000033456169014169
-0.001173582188466023 -0.000569989905276706
+0.000996879175636973 -0.000194738798112341
+0.000040632517474560 -0.000108665688366793
+0.001429514646634266 -0.000519287594302099
+0.000192003216640206 +0.000117259504444154
+0.000470013835409568 -0.000332219536214498
-0.001739812079683390 +0.000037270688257534
-0.000219829205538159 +0.000259695121560103
-0.001824128670964137 -0.000081212600248219
+0.000430856596942560 +0.000406106919182127
-0.000285496618484349 -0.000566340130122631
+0.001192295345762315 -0.000749794483134865
-0.000166603266373921 -0.000238836350752723
+0.001468387419458444 -0.000761635089736272
-0.001238244558799764 +0.000184733068330333
+0.000638807259445488 +0.000528586612806633
-0.001753774426873270 +0.000072907473575379
-0.000305691390646401 +0.000570079180295635
-0.000838917384131999 +0.000150093738806881
-0.000329973841912912 -0.000481824353465386
+0.000049861225306258 +0.000009551155815867
+0.000632985932778524 -0.001123293533178556
-0.000401682991959806 -0.000400988063633090
+0.001647858603001928 -0.000294471663484702
-0.001661915862312027 -0.000725129560150611
+0.001540528361009534 +0.000934577777572637
-0.001815458130489743 -0.000359863699128146
+0.000794422160683983 +0.000602004062282752
-0.000988757573759672 +0.000492950511787771
+0.000084158471247806 -0.000699439523274677
-0.000623885626987682 +0.000653012243112684
-0.000072044170444187 -0.000990795305823289
-0.000806666974713523 -0.000005953178190229
+0.000243255354713206 -0.000245188038599971
-0.000998563258650567 -0.000712140267154361
+0.000610947432486183 +0.000294622986690623
-0.000937998613289567 -0.000689614170996352
+0.000979794125984914 +0.000072680353879409
-0.001115794010016758 -0.000126746618904005
+0.001314490753906691 -0.000281970861176685
-0.001621922471392277 +0.000070942984030514
+0.001307790147769678 -0.000169356673769841
-0.001663473851935340 -0.000076165547758276
+0.000713874460350891 -0.000014133050712425
-0.001018188217501862 -0.000044696899604964
+0.000112132873767034 -0.000289492396393433
-0.000354813202857080 +0.000061567364832862
+0.000127792313599401 -0.000588015442786129
-0.000431437598373205 -0.000014284370171938
+0.000669340806632789 -0.000347335276036046
-0.001159172704978989 -0.000284988171126168
+0.001287199660952568 +0.000212185027634698
-0.001722977652336661 -0.000440233589318096
+0.001336921778045386 +0.000402334518855914
-0.001744288602577377 -0.000267334821026473
+0.000936477429117486 -0.000019544566226994
-0.001390407852200922 +0.000067149872597173
+0.000597022343422255 -0.000547113946782589
-0.001046541960151420 +0.000163543411421956
+0.000455158604376706 -0.000639880656427470
-0.000912768442523964 -0.000067653113121797
+0.000582820110603949 -0.000273222918340151
-0.001017209861849128 -0.000323327900929962
+0.000781318122249536 +0.000056994383574886
-0.001280811431416090 -0.000374445375780896
+0.000961775312643697 +0.000048332436223237
-0.001592060451934723 -0.000207970237642467
+0.001006146484426798 -0.000161346074245020
-0.001688962145546121 -0.000063404090340755
+0.000876971417371083 -0.000317922619673699
-0.001436715895371207 -0.000099642608138174
+0.000754357290144375 -0.000354991747171478
-0.001203484614611775 -0.000218323493230917
+0.000762324840481705 -0.000316924904646716
-0.001141111910423329 -0.000252426783162608
+0.000912447228386522 -0.000211315632380869
-0.001332041869287918 -0.000214548768478097
+0.001082273886147132 -0.000121095654469774
-0.001599879707053665 -0.000153597826998835
+0.001085760934625968 -0.000082947806054190
-0.001619376999429128 -0.000124577485636023
+0.000895208205636806 -0.000173979463230218
-0.001423849599344512 -0.000119402239696792
+0.000706501792458620 -0.000350658133507274
-0.001257677505296160 -0.000135539362736407
+0.000637380151305633 -0.000410389866597608
-0.001374470599977671 -0.000207768143039962
+0.000859322505582259 -0.000265115106525696
-0.001686113261797115 -0.000290340203094890
+0.001215549330239377 -0.000068448869222733
-0.001888907388554852 -0.000368651158799600
+0.001357892207463889 -0.000041837932277994
-0.001839527909039587 -0.000295812409286194
+0.001211623518371000 -0.000242371694320649
-0.001599737814001999 -0.000102351769989167
+0.000836330554710064 -0.000478353457172856
-0.001357196397726210 +0.000000927113686756
+0.000561493056522074 -0.000512986338982754
-0.001317901235040599 -0.000073390511726535
+0.000635213922355573 -0.000335321903138107
-0.001503140404504467 -0.000296036419428814
+0.000984882327755535 -0.000100600900197830
-0.001850535470055667 -0.000468226820737047
+0.001402939378507499 -0.000029948238663267
-0.002181696776563524 -0.000429904863279399
+0.001562254246871769 -0.000140075378889795
-0.002166304255588059 -0.000270683868589807
+0.001339851309180614 -0.000344119014774557
-0.001809502071786349 -0.000101894504995529
+0.000926321285023142 -0.000540066064502951
-0.001444203259642297 -0.000025011872751555
+0.000630523997355233 -0.000542679135842781
-0.001353769804333329 -0.000110410991692956
+0.000708396700443429 -0.000338942931218002
-0.001634636797131032 -0.000288242619239043
+0.001084310986854766 -0.000123275455379137
-0.002057161001520440 -0.000446730970521123
+0.001467073593402315 -0.000050608241972565
-0.002351923155370765 -0.000465906420562535
+0.001603042183447626 -0.000190821977319228
-0.002369133710118900 -0.000340372978252135
+0.001394774556615566 -0.000402601260870006
-0.002081451180722046 -0.000181820184028289
+0.001010422779564555 -0.000535574337213191
-0.001702117079385390 -0.000076656739669361
+0.000804302562418698 -0.000552520259377116
-0.001544022483309828 -0.000122155967988216
+0.000939023138363473 -0.000411961239853950
-0.001850023912706018 -0.000326480204973448
+0.001256865010949727 -0.000193105269355767
-0.002357332613628487 -0.000501786306848368
+0.001471803288340258 -0.000081362327944075
-0.002528080510991746 -0.000493696163487008
+0.001437969463981572 -0.000259135964477859
-0.002321576163779582 -0.000298282419442542
+0.001318341172099099 -0.000576061432586108
-0.002096822853661727 -0.000144426064431233
+0.001261740067052769 -0.000613296391240092
-0.002069056793065552 -0.000235644273547046
+0.001226477968956011 -0.000375122506733857
-0.002149621191429249 -0.000385171177863182
+0.001192415941857750 -0.000233371505141870
-0.002236338735979174 -0.000379935054044218
+0.001257996553431576 -0.000337978115093936
-0.002363995080971227 -0.000307331650756550
+0.001445152853025669 -0.000471982222142513
-0.002513939459487829 -0.000347135985980963
+0.001536339919207347 -0.000429653278572044
-0.002507546479399228 -0.000438012060730237
+0.001384172075083623 -0.000366054035002329
-0.002316545005782371 -0.000374835647033386
+0.001194134413302680 -0.000464067829968398
-0.002248204618483792 -0.000240416559184220
+0.001273060257595018 -0.000544870654822248
-0.002500213858528579 -0.000297465111746290
+0.001576894212998839 -0.000418005689078110
-0.002823520956085878 -0.000520560783229304
+0.001733778746469626 -0.000265844397586392
-0.002841117014538801 -0.000586763980117228
+0.001552067692603064 -0.000376640863422896
-0.002552945857639124 -0.000359723235581040
+0.001266885348340088 -0.000660657220923073
-0.002324097404571226 -0.000144430201878747
+0.001230861120017807 -0.000735655823259592
-0.002420407686648612 -0.000258827638504956
+0.001432119680534817 -0.000486298426051337
-0.002759145600879812 -0.000559694406263872
+0.001641070734680478 -0.000229490200185425
-0.003008049853922749 -0.000669776848231170
+0.001776112174308606 -0.000275716645780078
-0.003080303393335233 -0.000517504004050131
+0.001813124337527078 -0.000556865468494551
-0.003039894861843025 -0.000342589870089609
+0.001710598410658475 -0.000698831974053069
-0.002870926098567335 -0.000322757162267376
+0.001478190827978194 -0.000642154884441927
-0.002659593886595101 -0.000375023160744863
+0.001278947890898091 -0.000584233288676287
-0.002626252147272923 -0.000410870804100739
+0.001354699757648660 -0.000554602941719974
-0.002890630557229117 -0.000482573793274434
+0.001717099343219489 -0.000485887706927772
-0.003309757925981309 -0.000620968302720293
+0.002059404725034141 -0.000403930493337749
-0.003550734745499116 -0.000690280321094180
+0.002082843440357278 -0.000443052871841815
-0.003425013786132907 -0.000557541911740866
+0.001807505943495280 -0.000651966641734278
-0.003106218112938068 -0.000341094510648698
+0.001503573840029672 -0.000834965066960336
-0.002916330670154529 -0.000282040583784579
+0.001415397383697801 -0.000794495305994397
-0.003001443185947990 -0.000446194732467945
+0.001585417072815691 -0.000588291047853901
-0.003285193184209944 -0.000672308123404533
+0.001873616606757655 -0.000443010643738264
-0.003582212310925485 -0.000754651949142716
+0.002088486544248026 -0.000485303395049124
-0.003727362715972852 -0.000661024840257974
+0.002110576868969936 -0.000642051051986109
-0.003680438267452323 -0.000520334432272670
+0.001950159492272126 -0.000772978084933665
-0.003521582299243745 -0.000450611098182405
+0.001749583387973961 -0.000799402064547658
-0.003410406022456918 -0.000486396325585670
+0.001686974401522099 -0.000745648903668632
-0.003468860149133612 -0.000589641701885027
+0.001818821280182389 -0.000675533004494897
-0.003683307553214417 -0.000690852829756489
+0.002038602607272740 -0.000634416389605282
-0.003921298058772713 -0.000732806449310014
+0.002192821581947902 -0.000644834371981274
-0.004039100429123458 -0.000707842494431046
+0.002207960348971639 -0.000695764254394384
-0.004049113970875411 -0.000666689582987921
+0.002198201379593769 -0.000729554893865270
-0.004224320947198869 -0.000720142013571611
+0.002869316810845546 -0.000524425008871983
-0.001530731830303115 -0.000524896394756985
+0.005687728426184667 -0.000916556042604225
-0.000100468188095050 -0.000511669553693820
+0.003050688182285388 -0.001179606824518407
-0.006436032238782505 +0.000038308772746541
+0.000273082319872577 +0.000986375205649175
-0.005602504442203597 +0.001617127304587080
