-0.001045808308706472 +0.003784419260827621
+0.000807111928286510 -0.006028201486611614
-0.000640397946710962 +0.005214554806142739
+0.001099334016561859 -0.004329367639020676
-0.000768212078362920 +0.005163866862422577
+0.000613853453147212 -0.004088011734169361
-0.001783322377730802 +0.004236725774821004
+0.000114897356392021 -0.004886759499266430
-0.001775215287339697 +0.004576639269891958
+0.000457791248759144 -0.006030774851727189
-0.001235800724147889 +0.005384045081532810
+0.000907824921135684 -0.005774557230186327
-0.001175210507004139 +0.005352841585508883
+0.000844248388219930 -0.005395864407021257
-0.001315256068600040 +0.005521801831960409
+0.000755617990845540 -0.005984281907040217
-0.001568713781489185 +0.006112642227750515
+0.000729874379349744 -0.006613029610592460
-0.001544866940070739 +0.006547449214227266
+0.000693448714716204 -0.006943997606723363
-0.001467481717872714 +0.006788783854951005
+0.000770541196459859 -0.007312790951477095
-0.001625401681430783 +0.006815651589498501
+0.001016320595564434 -0.007393765587913022
-0.001687173366688349 +0.007158931915679571
+0.001125578713330388 -0.007746478304415891
-0.001709930524524403 +0.007707437508927767
+0.001133075957400823 -0.008201998282827165
-0.001833824487747149 +0.008241995142779212
+0.001027828619587088 -0.008532245094557852
-0.001997492428903742 +0.008646065116272399
+0.001096875035935086 -0.009032106385697222
-0.002095608772033204 +0.008916063421068252
+0.001340120634640040 -0.009653305342956593
-0.002051066147024412 +0.009364888791456064
+0.001499876304834124 -0.010420010202496083
-0.001992016663908120 +0.010224713598488843
+0.001522627662956376 -0.011547750520008858
-0.002169388880704642 +0.011532379924381251
+0.001492276943858904 -0.012793555146829498
-0.002519969135857310 +0.012874275911350376
+0.001480651960986465 -0.013931754860469568
-0.002788285764939680 +0.014667418038792382
+0.001807574599105666 -0.015456509379617638
-0.002935748502204891 +0.017075684051101825
+0.001986186394870424 -0.018537669094612765
-0.002949063837319294 +0.021689486421220792
+0.002395871014927462 -0.019060467675792937
-0.002716372639076595 +0.385253385685744520
+0.003790960573479632 +0.541925856811308782
-0.002385861440230386 +0.755490583188245690
+0.003937201958895404 +0.552752054907537760
-0.004925803668657900 +0.193153663096871486
+0.003185855264662345 -0.652472051490572080
-0.003427091872713566 -0.847032202935757983
+0.128861681164556319 -0.426581243228073448
+0.247968720999954595 -0.181034513857443458
+0.349203744075145928 +0.056960111790483450
+0.347979465376465680 +0.140460629366292722
+0.270222333864899578 +0.308495444145316378
-0.009391984116524667 +0.200216636520147373
-0.281510458294843391 +0.043560303115629903
-0.321053935850927064 +0.005358221665620094
-0.208095167626321742 -0.052132656010612025
-0.068500988019305070 -0.086650866535694926
-0.016958744716487145 -0.063442060302220715
+0.047725024051403039 -0.012670905831577730
+0.092663166826377569 -0.000529680771649632
+0.102228682490602907 -0.021740469132037310
+0.081377777515925870 +0.004534307641833391
+0.037632596568425235 +0.013408518041722630
-0.001227690060089989 +0.043908467907640608
+0.023619579974239208 +0.035937655684062278
+0.003222592801498942 -0.001046577373708267
-0.020333548413646461 +0.012340799215161419
-0.030685141765847877 +0.006979109968282030
-0.029308013180753146 -0.031626803769785841
-0.010971207481476532 -0.010988165591970050
+0.009213963769129346 +0.008212185254149653
+0.005519487361775811 +0.002359912664439920
+0.009329208505180441 -0.002280143748545709
+0.024401163267334020 -0.016052902392102122
+0.030935250882644091 -0.012177536927969785
+0.015388933981332354 +0.006253068671994667
-0.003983791039320748 +0.041097555064206315
-0.007472667647765497 +0.056966683755479142
-0.011262278907559816 +0.053017011529320757
+0.000057633520816245 +0.025216978003515425
+0.012336614507800797 -0.015745592992127810
+0.018305560909748837 -0.019400485558184778
+0.028292120639885510 -0.012686677914192852
+0.033617012239784569 -0.029863945588390145
+0.029294460466408608 -0.036630182578061839
+0.017309538799775707 -0.027013172256919186
+0.003598574463947947 -0.015750472733671136
-0.012811695579736222 +0.006770612572180687
-0.022110972878116777 +0.011094080104426474
-0.019769054750739860 +0.001095831412011966
-0.018484956866733813 -0.004717779811254664
-0.018646970417825127 -0.003688497181707640
-0.006546317652546018 -0.001856174887091933
+0.007277004873284431 -0.007191040101640331
+0.013667166011936543 -0.002949435203685524
+0.009987831479459548 -0.013156992888598867
+0.005342457666317938 -0.003569880857021453
-0.000694775587908921 -0.002402561482662544
-0.002164491300765896 +0.001202839315123784
+0.002041641711472412 +0.004863976754790439
-0.004523393869832420 +0.000714466980238445
-0.014605993164958352 +0.009358339001598933
-0.018113095724861375 -0.001135822554302623
-0.008357289230015871 +0.002712193235040114
+0.000346673751401371 +0.000517487875628028
+0.000342910540051624 -0.001086058684284817
-0.004506573142620710 +0.002516707690071416
-0.003946322436357855 -0.004318105930459259
+0.003393413606642722 +0.006910258406025542
+0.003826357191637602 -0.005689029168269336
-0.001185934799068802 +0.005183721963157489
-0.009745853945006652 -0.004366799400642848
-0.011645110617296121 +0.001418291555169337
-0.006056884426895125 +0.002802447605096114
-0.006240485403803968 -0.008113617202851130
-0.004689312428887045 -0.001652163962709027
-0.005953480565322609 -0.012002802640764766
-0.002562539090798813 +0.000273491159997943
-0.000644789587253403 -0.009014144889056485
-0.000603963325848656 -0.004010674333703561
-0.001631492984191186 +0.004472058015445067
-0.003452516200992971 -0.000230258985467374
-0.000208352913321652 +0.014381039985209544
-0.001679614830993940 +0.000892195318203930
-0.002173000724267037 +0.014614019823531478
-0.002498546782685114 +0.002179441579018108
-0.003752279137821831 +0.006566219458101674
-0.004931793306983602 -0.001933751772601831
-0.005953889659392470 -0.010240906930146362
-0.000110270315854896 -0.002513363678715541
-0.001486544251739903 -0.008859937399432784
+0.000505505657694500 -0.003956272615241643
+0.001495798579514163 -0.009824439374086971
+0.003016563101626550 -0.003745676327207953
+0.003252537939844913 -0.001086146019609345
+0.001280197400355285 +0.001018736965522570
+0.000895574566703478 +0.008735373082215246
+0.000047670393536943 +0.003621834157307958
-0.000069228886337278 +0.011683952197669219
-0.002959597822233617 +0.001376531702791368
-0.006098702492271989 +0.001399785001807102
-0.005592881910419108 -0.006645508559029563
-0.004010979706811144 -0.002502788364654496
-0.001351150519507903 -0.004428372796881789
+0.000219024315221061 -0.005152077675406753
+0.004334114561774311 -0.003608347777601602
+0.004638088009336419 -0.002897666757472170
+0.005597537309176183 -0.000331228092982489
+0.004255392334057090 -0.000128658857190196
+0.001762139968977978 +0.002161919915612591
-0.001563534579562338 +0.004406723504352176
-0.003352612199461208 +0.007191604834229218
-0.005393363576493531 +0.003992378999684888
-0.007504682169400128 -0.000672078183066832
-0.007966440802779227 +0.000027124049524204
-0.005655233645899265 -0.004459563116453723
-0.003543996063315332 -0.001097370669339085
-0.000585768939430957 -0.010381140364122347
+0.002354246739837994 -0.000839515812393095
+0.004495255606270085 -0.009924269430529313
+0.006013230032629846 +0.003692600404095983
+0.005850664836873060 -0.007303380568582776
+0.002219648495278455 -0.003142512243610062
+0.001832459238968441 +0.014485899130891053
-0.002623461609342002 -0.014624995148819191
-0.005466536013933318 -0.002323016301540862
-0.012618361903301300 +0.022045418243701556
-0.011732923849456641 +0.001712465727846690
-0.011732785660810662 +0.011509720369959911
-0.006116544377592799 +0.011602663999072726
-0.000017990414773025 -0.011117119268993031
+0.003363409272944353 -0.002621348808674318
+0.009020089876252184 -0.007038916370996122
+0.012574702104361592 -0.007836259249670130
+0.013245666110326924 +0.008421817832968179
+0.006815531883421692 -0.005625001172036515
+0.000287232124239770 +0.007569583819467925
-0.002657761343978313 +0.006232923820713616
-0.002719474684627673 -0.007793745564930371
-0.001898551800105092 +0.008790615806651719
+0.001710891814159780 -0.009359035904891141
+0.003002694262360524 +0.000116431684486459
+0.002489310504012382 -0.000558984196094653
+0.003183193504095856 -0.005717254825933871
+0.002359764870698159 +0.003689112972780486
-0.001475095947119755 -0.004229486731404480
-0.000541195333113805 +0.003612163711414956
-0.003136060691959370 -0.001137097488159302
-0.003409889970517554 +0.001552023960589572
-0.002871762930008133 +0.001845088303126139
-0.003225394557182887 +0.000432446990079970
-0.001336528559845855 +0.000665174600416285
-0.000876202881753454 -0.000612297462209570
+0.001207100245440526 +0.000877447999929942
+0.001388114112023020 -0.003175838811292303
+0.002730663768411941 +0.002453307632994596
+0.002733726686879029 -0.002363078448825731
+0.002349582581026170 +0.000128642998446042
+0.001176214736892806 -0.000101284259788540
-0.000360316372720879 -0.001302471932650828
-0.000945161306776622 +0.001994614765062730
-0.003136393120053914 -0.000948426109754036
-0.002413277536176725 +0.002959161172837632
-0.002848259207945257 -0.001629314108390673
-0.001988619750288736 +0.001676896023576497
-0.000305553581306444 -0.000942986672601767
+0.000058198354395880 -0.001478478574270846
+0.001822096874942198 +0.000782449762197030
+0.001975785739063971 -0.002533790847504480
+0.002112244710177714 +0.001188822222370302
+0.001340373069304367 -0.000700253308912007
+0.000344326430017168 +0.001140213014672920
-0.000187696179929937 +0.001436726453113999
-0.001157425044805920 +0.000415654277021419
-0.001541986697971129 +0.000349967749040092
-0.001480482278412661 -0.000037856399555665
-0.001093179760358640 -0.001083042701582750
-0.000451352395261380 -0.001421277179642640
+0.000282781378945735 -0.000353699815871321
+0.000700507559185871 -0.002354984932053058
+0.000642182698177872 +0.000611504440966398
+0.000572678802207308 -0.001206954569111998
+0.000494636396404812 +0.000864169391284223
-0.000164745232832819 +0.000496171213836502
-0.000551821895694570 +0.000635652548428703
-0.000986404970799954 +0.001530919351371192
-0.001296343764893117 +0.000140182296186210
-0.000955860222189381 +0.000823575109183917
-0.001200466714060374 -0.000815072911686762
-0.000326750788111978 +0.000496614114228825
-0.000225306728763651 -0.001865069005984643
+0.000409799410285227 -0.000100455574002557
+0.000780212611567556 -0.001069801759831411
+0.000827621994574266 -0.000693877505534279
+0.000877845488087947 +0.001159538025761794
+0.000313709891154303 -0.001133914236840998
+0.000357757070282556 +0.002977961810147247
-0.000453876317510191 -0.000857635300309445
-0.000197879538692271 +0.002247028083609898
-0.000582799284432962 +0.000202132618298212
-0.000511093190035297 -0.000181247353630703
+0.000048403175607155 +0.001229466075129304
-0.000241454025151954 -0.002109664611118270
+0.000795187975399569 +0.000852726396101480
+0.000356085490117860 -0.002399389776514306
+0.001116415079183719 -0.000093499769294379
+0.000844967771991254 -0.001330243263954638
+0.000670676531758018 -0.000706904871903451
+0.000778469051505611 +0.000606156054621343
-0.000242440756905186 -0.001010182334439562
-0.000216685983013601 +0.002101489059774382
-0.001082956805086596 -0.001264483253135796
-0.000987192727104580 +0.002193792973961552
-0.001264422439691094 -0.000774058010875052
-0.001142440792716502 +0.000608484262876981
-0.000582380656917406 +0.000748896869837304
-0.000640466083924336 -0.001594074443004814
+0.000325560452760667 +0.001533971606089185
+0.000093737914801455 -0.002131183093445230
+0.000796123290058184 +0.000940235911856490
+0.000666762870969170 -0.000902099816801413
+0.000673899881739826 -0.000278204437661573
+0.000677835290220439 +0.000882451845819325
-0.000051432420197860 -0.001039945804785012
+0.000140007612029380 +0.001652198875948945
-0.000557510595845210 -0.001029722481867612
-0.000467088703462241 +0.001159540086684741
-0.000495084272202378 -0.000263580087407391
-0.000502360318817129 +0.000082704527567923
-0.000053671619952437 +0.000174972321353935
-0.000108187076167756 -0.000469655314593875
+0.000414856412171103 +0.000421617399317602
+0.000215928540875487 -0.000887146883320971
+0.000433878005355304 +0.000455620950031388
+0.000321331906212532 -0.000547738493105312
+0.000149070658662461 +0.000196661864470957
+0.000102542135370823 -0.000124364274570061
-0.000136505497186033 -0.000268583568413359
-0.000056305266559535 +0.000337002157940654
-0.000229350320505390 -0.000809414654357635
-0.000151312621341639 +0.000512498806368020
-0.000087977657581303 -0.000842174890927883
-0.000177277063523280 +0.000433946281725683
+0.000053857041815973 -0.000090069252472927
-0.000184263146857832 -0.000544642206649515
-0.000077012713459990 +0.000774359279332286
-0.000202818131112467 -0.000012036020208144
-0.000248465587691738 -0.000706824164277434
-0.000270892757029729 +0.000971166012405583
-0.000359497096587429 -0.000414038931085947
-0.000312327688121949 -0.000678944530862017
-0.000345324395389279 +0.001505570762652892
-0.000182454635871664 -0.001468443986837641
+0.000029119146300904 +0.000913034959411798
+0.000057869142424663 -0.000239492606665800
+0.000327233696484217 -0.000882149558229011
+0.000373264630590927 +0.000836863237817592
+0.000329695015518612 -0.001077946313766287
+0.000351782667299418 +0.000396849201229232
-0.000116977913028971 +0.000190660047057201
-0.000000090196474988 -0.000130020798191757
-0.000573949038553111 +0.000148850588997385
-0.000414227268212557 +0.000614012015473786
-0.000388825011986629 -0.000874867873230656
-0.000452890442657561 +0.000652583211794330
+0.000033315931640410 -0.000292562608710519
-0.000058940045597256 -0.000941320162501133
+0.000300911232136741 +0.001208629000763989
+0.000168445885255868 -0.001773893792431147
+0.000352806934226180 +0.001178720330913957
+0.000097664306111744 -0.000593740253151496
+0.000052801632006202 -0.000340796969409668
-0.000006119999741962 +0.001114155089409624
-0.000369023540928709 -0.001440949854124129
-0.000090125235906586 +0.001381223883248094
-0.000507952157587525 -0.001003599316776742
-0.000165290341118875 +0.000328034118323226
-0.000275371239841109 -0.000109236332144400
-0.000226566957072030 -0.000485744143733899
+0.000098731322923869 +0.000382088237695154
-0.000200761874989359 -0.000773646487779615
+0.000215277323838940 +0.000688174185044662
-0.000094110049660440 -0.000767234403831682
+0.000037228146299518 +0.000659490141728279
-0.000070024729894164 -0.000270874671131630
-0.000188673589704425 +0.000082962334725696
-0.000088430612610955 +0.000422452419298514
-0.000290983685352178 -0.000577683084262886
-0.000026179458486316 +0.000705626678296818
-0.000214921917685637 -0.000837150987900501
+0.000064125731637773 +0.000472664267705735
+0.000016629017829153 -0.000614116782982174
+0.000051276192653167 -0.000027077424347280
+0.000194562932672088 -0.000064488732481317
-0.000069541194794542 -0.000483098064766808
+0.000149490476506721 +0.000521282763138314
-0.000184906978594507 -0.000682364154466825
-0.000092630070678335 +0.000661455051965034
-0.000198419252548084 -0.000340773016968269
-0.000295699700756770 +0.000058603835176023
-0.000146780434966336 +0.000268495405416585
-0.000265081605061721 -0.000547158430392212
-0.000064743908559262 +0.000384448738626686
-0.000102626402912542 -0.000545782070808958
-0.000003841290231490 +0.000050511489246441
+0.000037821435600003 -0.000231131244458242
-0.000026030753558763 -0.000174668751874564
+0.000046209158209380 -0.000096423703204868
-0.000110484781825360 -0.000040289471330899
-0.000070669752266141 -0.000109656461984384
-0.000189957955538622 +0.000037671775333478
-0.000218087103315930 +0.000028783731596161
-0.000202056490426356 -0.000105224995215300
-0.000262019418437645 +0.000133438928226926
-0.000176847142047911 -0.000178752561987019
-0.000152315876585552 +0.000015099054309365
-0.000129470789302740 -0.000104074431641237
-0.000016305506607825 -0.000137550258466464
-0.000067946674137927 -0.000061750950061475
+0.000023278918506214 -0.000136063692856698
-0.000035237279222255 -0.000067069251746171
-0.000031161272013378 -0.000148509131419679
-0.000051717675562879 +0.000068062376680980
-0.000119280089577776 -0.000349566253835138
-0.000085938347516795 +0.000308654671016221
-0.000175283356468277 -0.000505100762465604
-0.000117174883186263 +0.000266221229956839
-0.000158473077410469 -0.000252232048670360
-0.000148876696340392 -0.000179044190292454
-0.000083282900688504 +0.000210709515191472
-0.000188924550203332 -0.000549188330086657
-0.000013441592116075 +0.000379689114324203
-0.000203657423041034 -0.000457366246369150
-0.000046277741808889 +0.000099880470073900
-0.000153456202745097 -0.000032142368373148
-0.000159253963945113 -0.000340341622863324
-0.000084664900573830 +0.000319898424810586
-0.000232143395820757 -0.000609024433517026
-0.000058433421637705 +0.000430720460800435
-0.000199540360207278 -0.000632700281332341
-0.000094830525302056 +0.000305093631373767
-0.000102274272299514 -0.000385333514694946
-0.000167633789043873 -0.000048402658393429
-0.000029025221977874 +0.000066290490188554
-0.000227231344911328 -0.000452992957296477
-0.000032991917719340 +0.000399366965419437
-0.000246997369127689 -0.000545901472129823
-0.000103246732952195 +0.000281701353560380
-0.000209386886344308 -0.000208060320322847
-0.000195755478191949 -0.000220203004369003
-0.000122829411733942 +0.000306995863275407
-0.000234594729254446 -0.000710982172056086
-0.000059696029879371 +0.000556548377518707
-0.000173379847881103 -0.000760168260148041
-0.000072565636833044 +0.000344953190856674
-0.000069416541635790 -0.000404672040209157
-0.000149901130141008 -0.000064480420966392
-0.000010254729291177 -0.000000552731464030
-0.000232384699733639 -0.000330951070535646
-0.000047997526862982 +0.000146946103962541
-0.000258042833084534 -0.000295435861693583
-0.000140871066515245 -0.000009078777136236
-0.000226749999485870 -0.000072057691589759
-0.000207729824109654 -0.000282702097376311
-0.000172787943012906 +0.000135501069011965
-0.000209787835972148 -0.000462993045708456
-0.000138696223494703 +0.000232298591132129
-0.000159819001261088 -0.000544045682911689
-0.000154510115391523 +0.000292659371448441
-0.000103161824096658 -0.000526295117829948
-0.000204935620240360 +0.000177631621030006
-0.000087381096731427 -0.000272658766915169
-0.000243342914547993 -0.000097054616487454
-0.000120554992122678 -0.000085339386810940
-0.000249844943351773 -0.000109321460655227
-0.000163328380029076 -0.000259361131423832
-0.000229068212725434 +0.000136152897972328
-0.000179877184966464 -0.000493419764346684
-0.000206785161063171 +0.000221960751384357
-0.000156065046842501 -0.000448218872253088
-0.000208679100035148 +0.000068774341526451
-0.000119455169943004 -0.000304507171415454
-0.000234240771782021 +0.000042102024520245
-0.000103521588481656 -0.000402404848870991
-0.000266677693760424 +0.000255942936153955
-0.000123092910261781 -0.000603971061217901
-0.000266380305982389 +0.000366048644757283
-0.000166168756013490 -0.000606063659082723
-0.000235985661050675 +0.000257555789080939
-0.000177566986154708 -0.000523968613188985
-0.000231071608825414 +0.000194452403750059
-0.000137179417242890 -0.000552484734343606
-0.000264924893232668 +0.000233321305991772
-0.000096598536456702 -0.000564166145920190
-0.000305152042084769 +0.000187140884330556
-0.000097321851960180 -0.000442716412048572
-0.000328656813434004 +0.000084638539674017
-0.000131328470671517 -0.000403107981825518
-0.000328602145599877 +0.000197884586399619
-0.000167866951930155 -0.000664422582591901
-0.000308593527819762 +0.000535743913330968
-0.000185358448476921 -0.001004382108856321
-0.000283142404488842 +0.000735284386202848
-0.000174094287627649 -0.001060281036246496
-0.000285190168772168 +0.000617310655337278
-0.000128990378269411 -0.000853884321375745
-0.000336339676467410 +0.000374531666619310
-0.000075231825481575 -0.000642980693119048
-0.000401294098653534 +0.000231269386780304
-0.000062142198827562 -0.000590060585870539
-0.000421157223155869 +0.000292657114818933
-0.000102467620522939 -0.000750328478574771
-0.000392368076414314 +0.000543157131386633
-0.000151723169660151 -0.001055401565275346
-0.000358986783454920 +0.000835993361399350
-0.000165377142658258 -0.001314814866788163
-0.000356547951513938 +0.000984156383936438
-0.000135467868127584 -0.001366771407058085
-0.000391373130925299 +0.000921849643316065
-0.000087224416868507 -0.001249254328863269
-0.000447371178557396 +0.000780533984025146
-0.000048549750464570 -0.001124496994761553
-0.000498028121991855 +0.000691381591873328
-0.000039366178947324 -0.001090166301655714
-0.000512101172306424 +0.000714274746801726
-0.000064053719964562 -0.001202282616816544
-0.000491184968885671 +0.000897871329277551
-0.000096062162220028 -0.001467912898916602
-0.000472778237541034 +0.001190128589837273
-0.000102514863569686 -0.001751841922134728
-0.000489153898371559 +0.001400729262439520
-0.000077139642118996 -0.001860275426029301
-0.000538010020296160 +0.001399478452130059
-0.000038314903568853 -0.001784708152525797
-0.000592344120531592 +0.001301587253441763
-0.000007265219791569 -0.001730039329153010
-0.000626908406090963 +0.001311914822689252
+0.000003581137098017 -0.001834642775358209
-0.000632278990322796 +0.001461437202448861
-0.000002498996961900 -0.002027848147661680
-0.000624551753053555 +0.001639106127076840
-0.000006338689549970 -0.002202667086014058
-0.000635321999860287 +0.001790235220648862
+0.000010156478897841 -0.002350698164752816
-0.000678131362323625 +0.001935981485119639
+0.000041239177298483 -0.002497331278982572
-0.000733208673029304 +0.002076085590908223
+0.000067160517531981 -0.002632493852567630
-0.000773180776800246 +0.002197555447778022
+0.000079583456810153 -0.002772164593743005
-0.000792509309681842 +0.002350039354388214
+0.000088270262476476 -0.002983563178777272
-0.000804781850596577 +0.002593309710290330
+0.000102604660321733 -0.003283695495824698
-0.000822376025149127 +0.002915076443344958
+0.000113036573451176 -0.003668844731149104
-0.000815972649044525 +0.003461625132943826
-0.000023464809106545 -0.004818606688928488
-0.000900295725501402 +0.005411892556939834
+0.000292644087090399 -0.003366648889407107
-0.001276071105384454 +0.004567166186991248
+0.000423330304693647 -0.002563334631354198
-0.001424198304660191 +0.002264167342279836
+0.000194315884012645 -0.005820719477199927
