00000 -0.351
00010 -0.313
00020 -0.223
00030 -0.123
00040 -0.043
00050 +0.010
00060 +0.036
00070 +0.041
00080 +0.034
00090 +0.027
00100 +0.035
00110 +0.067
00120 +0.124
00130 +0.193
00140 +0.258
00150 +0.310
00160 +0.346
00170 +0.368
00180 +0.380
00190 +0.388
00200 +0.397
00210 +0.410
00220 +0.430
00230 +0.455
00240 +0.481
00250 +0.504
00260 +0.521
00270 +0.530
00280 +0.533
00290 +0.531
00300 +0.528
00310 +0.525
00320 +0.525
00330 +0.529
00340 +0.536
00350 +0.544
00360 +0.552
00370 +0.556
00380 +0.557
00390 +0.554
00400 +0.551
00410 +0.549
00420 +0.551
00430 +0.561
00440 +0.581
00450 +0.610
00460 +0.646
00470 +0.686
00480 +0.728
00490 +0.773
00500 +0.823
00510 +0.883
00520 +0.956
00530 +1.047
00540 +1.154
00550 +1.270
00560 +1.386
00570 +1.493
00580 +1.588
00590 +1.670
00600 +1.744
00610 +1.813
00620 +1.879
00630 +1.940
00640 +1.994
00650 +2.035
00660 +2.061
00670 +2.072
00680 +2.071
00690 +2.061
00700 +2.048
00710 +2.033
00720 +2.020
00730 +2.007
00740 +1.993
00750 +1.976
00760 +1.953
00770 +1.925
00780 +1.891
00790 +1.854
00800 +1.816
00810 +1.781
00820 +1.750
00830 +1.724
00840 +1.703
00850 +1.684
00860 +1.668
00870 +1.651
00880 +1.634
00890 +1.619
00900 +1.609
00910 +1.606
00920 +1.612
00930 +1.626
00940 +1.646
00950 +1.670
00960 +1.691
00970 +1.709
00980 +1.721
00990 +1.730
01000 +1.737
01010 +1.745
01020 +1.756
01030 +1.769
01040 +1.785
01050 +1.801
01060 +1.815
01070 +1.825
01080 +1.831
01090 +1.835
01100 +1.837
01110 +1.840
01120 +1.845
01130 +1.855
01140 +1.868
01150 +1.884
01160 +1.902
01170 +1.920
01180 +1.936
01190 +1.950
01200 +1.964
01210 +1.978
01220 +1.996
01230 +2.018
01240 +2.046
01250 +2.080
01260 +2.117
01270 +2.156
01280 +2.194
01290 +2.230
01300 +2.262
01310 +2.292
01320 +2.322
01330 +2.354
01340 +2.388
01350 +2.425
01360 +2.462
01370 +2.497
01380 +2.525
01390 +2.545
01400 +2.556
01410 +2.559
01420 +2.558
01430 +2.554
01440 +2.551
01450 +2.548
01460 +2.545
01470 +2.539
01480 +2.528
01490 +2.510
01500 +2.485
01510 +2.454
01520 +2.420
01530 +2.385
01540 +2.350
01550 +2.318
01560 +2.289
01570 +2.260
01580 +2.231
01590 +2.199
01600 +2.164
01610 +2.124
01620 +2.082
01630 +2.041
01640 +2.005
01650 +1.976
01660 +1.955
01670 +1.942
01680 +1.934
01690 +1.928
01700 +1.921
01710 +1.912
01720 +1.901
01730 +1.891
01740 +1.885
01750 +1.884
01760 +1.891
01770 +1.902
01780 +1.916
01790 +1.929
01800 +1.938
01810 +1.942
01820 +1.941
01830 +1.939
01840 +1.937
01850 +1.938
01860 +1.944
01870 +1.955
01880 +1.969
01890 +1.983
01900 +1.995
01910 +2.003
01920 +2.006
01930 +2.007
01940 +2.008
01950 +2.011
01960 +2.020
01970 +2.035
01980 +2.055
01990 +2.078
02000 +2.102
02010 +2.123
02020 +2.141
02030 +2.155
02040 +2.169
02050 +2.184
02060 +2.204
02070 +2.231
02080 +2.263
02090 +2.299
02100 +2.334
02110 +2.364
02120 +2.389
02130 +2.407
02140 +2.421
02150 +2.434
02160 +2.449
02170 +2.468
02180 +2.492
02190 +2.518
02200 +2.544
02210 +2.568
02220 +2.587
02230 +2.602
02240 +2.614
02250 +2.625
02260 +2.639
02270 +2.656
02280 +2.678
02290 +2.705
02300 +2.733
02310 +2.760
02320 +2.784
02330 +2.802
02340 +2.816
02350 +2.825
02360 +2.832
02370 +2.839
02380 +2.847
02390 +2.855
02400 +2.863
02410 +2.867
02420 +2.865
02430 +2.853
02440 +2.832
02450 +2.802
02460 +2.765
02470 +2.724
02480 +2.683
02490 +2.641
02500 +2.600
02510 +2.557
02520 +2.510
02530 +2.458
02540 +2.398
02550 +2.333
02560 +2.263
02570 +2.193
02580 +2.125
02590 +2.061
02600 +2.002
02610 +1.945
02620 +1.888
02630 +1.830
02640 +1.769
02650 +1.704
02660 +1.636
02670 +1.569
02680 +1.505
02690 +1.447
02700 +1.395
02710 +1.349
02720 +1.308
02730 +1.271
02740 +1.238
02750 +1.207
02760 +1.182
02770 +1.166
02780 +1.163
02790 +1.177
02800 +1.211
02810 +1.266
02820 +1.342
02830 +1.435
02840 +1.541
02850 +1.655
02860 +1.771
02870 +1.885
02880 +1.994
02890 +2.095
02900 +2.188
02910 +2.271
02920 +2.344
02930 +2.404
02940 +2.450
02950 +2.481
02960 +2.497
02970 +2.498
02980 +2.490
02990 +2.474
03000 +2.454
03010 +2.435
03020 +2.415
03030 +2.397
03040 +2.376
03050 +2.352
03060 +2.324
03070 +2.290
03080 +2.252
03090 +2.212
03100 +2.174
03110 +2.140
03120 +2.111
03130 +2.087
03140 +2.067
03150 +2.048
03160 +2.029
03170 +2.009
03180 +1.990
03190 +1.972
03200 +1.961
03210 +1.957
03220 +1.964
03230 +1.981
03240 +2.007
03250 +2.039
03260 +2.075
03270 +2.112
03280 +2.150
03290 +2.187
03300 +2.226
03310 +2.268
03320 +2.312
03330 +2.359
03340 +2.408
03350 +2.457
03360 +2.503
03370 +2.544
03380 +2.579
03390 +2.608
03400 +2.633
03410 +2.656
03420 +2.679
03430 +2.703
03440 +2.728
03450 +2.754
03460 +2.779
03470 +2.802
03480 +2.820
03490 +2.834
03500 +2.844
03510 +2.851
03520 +2.857
03530 +2.863
03540 +2.872
03550 +2.883
03560 +2.894
03570 +2.902
03580 +2.907
03590 +2.905
03600 +2.897
03610 +2.882
03620 +2.863
03630 +2.841
03640 +2.818
03650 +2.793
03660 +2.765
03670 +2.733
03680 +2.692
03690 +2.640
03700 +2.577
03710 +2.502
03720 +2.418
03730 +2.326
03740 +2.230
03750 +2.131
03760 +2.029
03770 +1.925
03780 +1.817
03790 +1.705
03800 +1.590
03810 +1.473
03820 +1.359
03830 +1.252
03840 +1.157
03850 +1.075
03860 +1.009
03870 +0.960
03880 +0.925
03890 +0.905
03900 +0.897
03910 +0.901
03920 +0.918
03930 +0.948
03940 +0.993
03950 +1.052
03960 +1.127
03970 +1.215
03980 +1.315
03990 +1.423
04000 +1.536
04010 +1.651
04020 +1.768
04030 +1.884
04040 +2.001
04050 +2.118
04060 +2.235
04070 +2.350
04080 +2.462
04090 +2.566
04100 +2.660
04110 +2.740
04120 +2.802
04130 +2.847
04140 +2.875
04150 +2.888
04160 +2.887
04170 +2.875
04180 +2.852
04190 +2.818
04200 +2.773
04210 +2.716
04220 +2.649
04230 +2.572
04240 +2.490
04250 +2.405
04260 +2.323
04270 +2.246
04280 +2.176
04290 +2.114
04300 +2.059
04310 +2.010
04320 +1.967
04330 +1.929
04340 +1.899
04350 +1.877
04360 +1.866
04370 +1.868
04380 +1.883
04390 +1.911
04400 +1.950
04410 +1.997
04420 +2.051
04430 +2.109
04440 +2.170
04450 +2.236
04460 +2.305
04470 +2.378
04480 +2.456
04490 +2.537
04500 +2.620
04510 +2.701
04520 +2.779
04530 +2.849
04540 +2.912
04550 +2.967
04560 +3.014
04570 +3.055
04580 +3.091
04590 +3.121
04600 +3.147
04610 +3.166
04620 +3.179
04630 +3.184
04640 +3.180
04650 +3.169
04660 +3.150
04670 +3.127
04680 +3.101
04690 +3.073
04700 +3.046
04710 +3.019
04720 +2.992
04730 +2.963
04740 +2.933
04750 +2.901
04760 +2.868
04770 +2.835
04780 +2.804
04790 +2.776
04800 +2.754
04810 +2.737
04820 +2.725
04830 +2.717
04840 +2.711
04850 +2.707
04860 +2.704
04870 +2.703
04880 +2.705
04890 +2.711
04900 +2.722
04910 +2.739
04920 +2.761
04930 +2.787
04940 +2.814
04950 +2.842
04960 +2.869
04970 +2.895
04980 +2.921
04990 +2.949
05000 +2.979
05010 +3.011
05020 +3.047
05030 +3.084
05040 +3.123
05050 +3.161
05060 +3.198
05070 +3.234
05080 +3.269
05090 +3.304
05100 +3.340
05110 +3.379
05120 +3.421
05130 +3.465
05140 +3.512
05150 +3.560
05160 +3.607
05170 +3.652
05180 +3.696
05190 +3.738
05200 +3.779
05210 +3.819
05220 +3.858
05230 +3.897
05240 +3.934
05250 +3.968
05260 +3.997
05270 +4.018
05280 +4.030
05290 +4.033
05300 +4.026
05310 +4.011
05320 +3.989
05330 +3.962
05340 +3.930
05350 +3.892
05360 +3.849
05370 +3.800
05380 +3.744
05390 +3.683
05400 +3.620
05410 +3.556
05420 +3.495
05430 +3.439
05440 +3.389
05450 +3.346
05460 +3.310
05470 +3.278
05480 +3.252
05490 +3.231
05500 +3.216
05510 +3.208
05520 +3.208
05530 +3.218
05540 +3.239
05550 +3.269
05560 +3.308
05570 +3.354
05580 +3.405
05590 +3.460
05600 +3.519
05610 +3.581
05620 +3.646
05630 +3.716
05640 +3.791
05650 +3.869
05660 +3.949
05670 +4.029
05680 +4.107
05690 +4.181
05700 +4.250
05710 +4.313
05720 +4.370
05730 +4.423
05740 +4.471
05750 +4.515
05760 +4.554
05770 +4.588
05780 +4.616
05790 +4.638
05800 +4.651
05810 +4.659
05820 +4.660
05830 +4.658
05840 +4.654
05850 +4.649
05860 +4.646
05870 +4.643
05880 +4.642
05890 +4.640
05900 +4.639
05910 +4.637
05920 +4.635
05930 +4.634
05940 +4.636
05950 +4.642
05960 +4.651
05970 +4.665
05980 +4.682
05990 +4.701
06000 +4.720
06010 +4.738
06020 +4.754
06030 +4.769
06040 +4.782
06050 +4.796
06060 +4.810
06070 +4.824
06080 +4.838
06090 +4.850
06100 +4.859
06110 +4.863
06120 +4.862
06130 +4.855
06140 +4.844
06150 +4.831
06160 +4.816
06170 +4.799
06180 +4.783
06190 +4.765
06200 +4.744
06210 +4.721
06220 +4.694
06230 +4.664
06240 +4.632
06250 +4.599
06260 +4.567
06270 +4.538
06280 +4.511
06290 +4.488
06300 +4.467
06310 +4.446
06320 +4.425
06330 +4.404
06340 +4.383
06350 +4.363
06360 +4.346
06370 +4.332
06380 +4.322
06390 +4.317
06400 +4.313
06410 +4.311
06420 +4.308
06430 +4.302
06440 +4.295
06450 +4.286
06460 +4.276
06470 +4.268
06480 +4.262
06490 +4.257
06500 +4.253
06510 +4.249
06520 +4.242
06530 +4.233
06540 +4.220
06550 +4.204
06560 +4.189
06570 +4.175
06580 +4.164
06590 +4.156
06600 +4.152
06610 +4.149
06620 +4.148
06630 +4.146
06640 +4.144
06650 +4.142
06660 +4.143
06670 +4.147
06680 +4.157
06690 +4.172
06700 +4.194
06710 +4.219
06720 +4.247
06730 +4.276
06740 +4.304
06750 +4.333
06760 +4.363
06770 +4.394
06780 +4.428
06790 +4.466
06800 +4.506
06810 +4.548
06820 +4.588
06830 +4.625
06840 +4.658
06850 +4.685
06860 +4.708
06870 +4.727
06880 +4.744
06890 +4.759
06900 +4.773
06910 +4.785
06920 +4.793
06930 +4.796
06940 +4.793
06950 +4.783
06960 +4.768
06970 +4.749
06980 +4.728
06990 +4.707
07000 +4.688
07010 +4.670
07020 +4.653
07030 +4.636
07040 +4.617
07050 +4.596
07060 +4.574
07070 +4.552
07080 +4.533
07090 +4.518
07100 +4.508
07110 +4.504
07120 +4.504
07130 +4.506
07140 +4.509
07150 +4.512
07160 +4.513
07170 +4.514
07180 +4.516
07190 +4.520
07200 +4.527
07210 +4.538
07220 +4.552
07230 +4.565
07240 +4.577
07250 +4.585
07260 +4.589
07270 +4.590
07280 +4.588
07290 +4.585
07300 +4.584
07310 +4.585
07320 +4.588
07330 +4.591
07340 +4.593
07350 +4.592
07360 +4.587
07370 +4.579
07380 +4.569
07390 +4.561
07400 +4.555
07410 +4.553
07420 +4.555
07430 +4.559
07440 +4.565
07450 +4.570
07460 +4.574
07470 +4.575
07480 +4.575
07490 +4.576
07500 +4.578
07510 +4.584
07520 +4.594
07530 +4.606
07540 +4.619
07550 +4.630
07560 +4.638
07570 +4.642
07580 +4.642
07590 +4.639
07600 +4.635
07610 +4.632
07620 +4.631
07630 +4.631
07640 +4.630
07650 +4.628
07660 +4.622
07670 +4.611
07680 +4.595
07690 +4.576
07700 +4.555
07710 +4.535
07720 +4.518
07730 +4.504
07740 +4.492
07750 +4.481
07760 +4.470
07770 +4.457
07780 +4.442
07790 +4.425
07800 +4.409
07810 +4.397
07820 +4.389
07830 +4.387
07840 +4.391
07850 +4.398
07860 +4.409
07870 +4.419
07880 +4.428
07890 +4.436
07900 +4.444
07910 +4.452
07920 +4.464
07930 +4.480
07940 +4.499
07950 +4.522
07960 +4.546
07970 +4.568
07980 +4.586
07990 +4.600
08000 +4.609
08010 +4.615
08020 +4.620
08030 +4.626
08040 +4.634
08050 +4.643
08060 +4.652
08070 +4.659
08080 +4.661
08090 +4.658
08100 +4.648
08110 +4.633
08120 +4.615
08130 +4.598
08140 +4.583
08150 +4.569
08160 +4.558
08170 +4.546
08180 +4.531
08190 +4.512
08200 +4.488
08210 +4.460
08220 +4.429
08230 +4.399
08240 +4.372
08250 +4.349
08260 +4.330
08270 +4.314
08280 +4.298
08290 +4.280
08300 +4.258
08310 +4.232
08320 +4.203
08330 +4.173
08340 +4.146
08350 +4.124
08360 +4.107
08370 +4.094
08380 +4.083
08390 +4.071
08400 +4.054
08410 +4.033
08420 +4.008
08430 +3.981
08440 +3.957
08450 +3.937
08460 +3.924
08470 +3.919
08480 +3.918
08490 +3.919
08500 +3.918
08510 +3.914
08520 +3.908
08530 +3.902
08540 +3.901
08550 +3.906
08560 +3.922
08570 +3.949
08580 +3.983
08590 +4.023
08600 +4.064
08610 +4.105
08620 +4.144
08630 +4.183
08640 +4.225
08650 +4.273
08660 +4.329
08670 +4.394
08680 +4.466
08690 +4.543
08700 +4.619
08710 +4.693
08720 +4.762
08730 +4.827
08740 +4.890
08750 +4.954
08760 +5.022
08770 +5.095
08780 +5.174
08790 +5.257
08800 +5.340
08810 +5.419
08820 +5.492
08830 +5.559
08840 +5.621
08850 +5.681
08860 +5.744
08870 +5.811
08880 +5.883
08890 +5.957
08900 +6.032
08910 +6.103
08920 +6.166
08930 +6.220
08940 +6.266
08950 +6.306
08960 +6.342
08970 +6.377
08980 +6.412
08990 +6.446
09000 +6.476
09010 +6.497
09020 +6.508
09030 +6.506
09040 +6.490
09050 +6.463
09060 +6.427
09070 +6.386
09080 +6.342
09090 +6.295
09100 +6.246
09110 +6.192
09120 +6.132
09130 +6.062
09140 +5.983
09150 +5.896
09160 +5.803
09170 +5.709
09180 +5.616
09190 +5.526
09200 +5.442
09210 +5.361
09220 +5.280
09230 +5.199
09240 +5.114
09250 +5.026
09260 +4.936
09270 +4.847
09280 +4.763
09290 +4.687
09300 +4.621
09310 +4.564
09320 +4.514
09330 +4.467
09340 +4.421
09350 +4.375
09360 +4.328
09370 +4.284
09380 +4.246
09390 +4.217
09400 +4.198
09410 +4.190
09420 +4.192
09430 +4.198
09440 +4.206
09450 +4.214
09460 +4.221
09470 +4.227
09480 +4.235
09490 +4.248
09500 +4.269
09510 +4.298
09520 +4.334
09530 +4.374
09540 +4.414
09550 +4.451
09560 +4.484
09570 +4.512
09580 +4.538
09590 +4.563
09600 +4.592
09610 +4.626
09620 +4.664
09630 +4.706
09640 +4.748
09650 +4.786
09660 +4.818
09670 +4.843
09680 +4.863
09690 +4.879
09700 +4.895
09710 +4.914
09720 +4.937
09730 +4.962
09740 +4.988
09750 +5.010
09760 +5.026
09770 +5.034
09780 +5.034
09790 +5.029
09800 +5.020
09810 +5.012
09820 +5.005
09830 +5.000
09840 +4.996
09850 +4.990
09860 +4.978
09870 +4.959
09880 +4.930
09890 +4.894
09900 +4.853
09910 +4.810
09920 +4.767
09930 +4.726
09940 +4.688
09950 +4.650
09960 +4.609
09970 +4.563
09980 +4.510
09990 +4.449
10000 +4.383
10010 +4.314
10020 +4.247
10030 +4.184
10040 +4.126
10050 +4.073
10060 +4.021
10070 +3.969
10080 +3.913
10090 +3.852
10100 +3.788
10110 +3.723
10120 +3.661
10130 +3.605
10140 +3.558
10150 +3.519
10160 +3.487
10170 +3.458
10180 +3.429
10190 +3.398
10200 +3.365
10210 +3.331
10220 +3.300
10230 +3.275
10240 +3.257
10250 +3.248
10260 +3.247
10270 +3.251
10280 +3.256
10290 +3.259
10300 +3.259
10310 +3.257
10320 +3.253
10330 +3.251
10340 +3.255
10350 +3.265
10360 +3.283
10370 +3.306
10380 +3.331
10390 +3.356
10400 +3.376
10410 +3.392
10420 +3.404
10430 +3.416
10440 +3.430
10450 +3.450
10460 +3.478
10470 +3.513
10480 +3.553
10490 +3.593
10500 +3.631
10510 +3.664
10520 +3.692
10530 +3.717
10540 +3.744
10550 +3.776
10560 +3.815
10570 +3.862
10580 +3.914
10590 +3.968
10600 +4.019
10610 +4.064
10620 +4.102
10630 +4.134
10640 +4.162
10650 +4.191
10660 +4.224
10670 +4.261
10680 +4.300
10690 +4.340
10700 +4.376
10710 +4.404
10720 +4.422
10730 +4.431
10740 +4.434
10750 +4.433
10760 +4.433
10770 +4.436
10780 +4.443
10790 +4.453
10800 +4.461
10810 +4.465
10820 +4.463
10830 +4.452
10840 +4.436
10850 +4.416
10860 +4.397
10870 +4.383
10880 +4.375
10890 +4.373
10900 +4.375
10910 +4.376
10920 +4.375
10930 +4.368
10940 +4.355
10950 +4.340
10960 +4.325
10970 +4.315
10980 +4.312
10990 +4.318
11000 +4.331
11010 +4.348
11020 +4.365
11030 +4.380
11040 +4.391
11050 +4.398
11060 +4.405
11070 +4.415
11080 +4.433
11090 +4.460
11100 +4.498
11110 +4.544
11120 +4.594
11130 +4.643
11140 +4.689
11150 +4.729
11160 +4.767
11170 +4.805
11180 +4.849
11190 +4.902
11200 +4.967
11210 +5.040
11220 +5.118
11230 +5.196
11240 +5.268
11250 +5.332
11260 +5.390
11270 +5.444
11280 +5.501
11290 +5.564
11300 +5.636
11310 +5.717
11320 +5.802
11330 +5.886
11340 +5.963
11350 +6.032
11360 +6.090
11370 +6.143
11380 +6.194
11390 +6.249
11400 +6.310
11410 +6.378
11420 +6.451
11430 +6.523
11440 +6.591
11450 +6.649
11460 +6.698
11470 +6.738
11480 +6.772
11490 +6.807
11500 +6.846
11510 +6.891
11520 +6.942
11530 +6.995
11540 +7.047
11550 +7.091
11560 +7.126
11570 +7.151
11580 +7.168
11590 +7.183
11600 +7.201
11610 +7.225
11620 +7.256
11630 +7.294
11640 +7.333
11650 +7.369
11660 +7.397
11670 +7.415
11680 +7.425
11690 +7.430
11700 +7.435
11710 +7.447
11720 +7.468
11730 +7.497
11740 +7.531
11750 +7.564
11760 +7.591
11770 +7.608
11780 +7.616
11790 +7.615
11800 +7.613
11810 +7.614
11820 +7.622
11830 +7.639
11840 +7.663
11850 +7.688
11860 +7.708
11870 +7.720
11880 +7.720
11890 +7.709
11900 +7.692
11910 +7.675
11920 +7.663
11930 +7.659
11940 +7.665
11950 +7.675
11960 +7.685
11970 +7.689
11980 +7.682
11990 +7.664
12000 +7.637
12010 +7.608
12020 +7.583
12030 +7.568
12040 +7.565
12050 +7.573
12060 +7.587
12070 +7.599
12080 +7.604
12090 +7.598
12100 +7.582
12110 +7.562
12120 +7.545
12130 +7.538
12140 +7.546
12150 +7.568
12160 +7.601
12170 +7.635
12180 +7.664
12190 +7.682
12200 +7.689
12210 +7.688
12220 +7.685
12230 +7.689
12240 +7.706
12250 +7.736
12260 +7.777
12270 +7.822
12280 +7.863
12290 +7.893
12300 +7.908
12310 +7.911
12320 +7.907
12330 +7.902
12340 +7.905
12350 +7.919
12360 +7.945
12370 +7.978
12380 +8.011
12390 +8.037
12400 +8.048
12410 +8.045
12420 +8.031
12430 +8.011
12440 +7.996
12450 +7.993
12460 +8.005
12470 +8.032
12480 +8.066
12490 +8.100
12500 +8.124
12510 +8.135
12520 +8.132
12530 +8.122
12540 +8.114
12550 +8.117
12560 +8.138
12570 +8.180
12580 +8.236
12590 +8.298
12600 +8.355
12610 +8.399
12620 +8.427
12630 +8.442
12640 +8.453
12650 +8.471
12660 +8.505
12670 +8.558
12680 +8.628
12690 +8.708
12700 +8.787
12710 +8.854
12720 +8.902
12730 +8.931
12740 +8.948
12750 +8.963
12760 +8.987
12770 +9.027
12780 +9.088
12790 +9.165
12800 +9.248
12810 +9.324
12820 +9.384
12830 +9.423
12840 +9.443
12850 +9.453
12860 +9.468
12870 +9.499
12880 +9.556
12890 +9.638
12900 +9.738
12910 +9.842
12920 +9.937
12930 +10.011
12940 +10.063
12950 +10.100
12960 +10.135
12970 +10.183
12980 +10.258
12990 +10.365
13000 +10.499
13010 +10.645
13020 +10.785
13030 +10.902
13040 +10.989
13050 +11.047
13060 +11.087
13070 +11.126
13080 +11.179
13090 +11.256
13100 +11.355
13110 +11.465
13120 +11.565
13130 +11.637
13140 +11.666
13150 +11.649
13160 +11.596
13170 +11.525
13180 +11.454
13190 +11.403
13200 +11.378
13210 +11.376
13220 +11.381
13230 +11.374
13240 +11.335
13250 +11.257
13260 +11.144
13270 +11.010
13280 +10.881
13290 +10.778
13300 +10.720
13310 +10.708
13320 +10.731
13330 +10.766
13340 +10.786
13350 +10.773
13360 +10.722
13370 +10.646
13380 +10.568
13390 +10.517
13400 +10.515
13410 +10.570
13420 +10.674
13430 +10.801
13440 +10.919
13450 +11.002
13460 +11.036
13470 +11.029
13480 +11.001
13490 +10.982
13500 +10.999
13510 +11.066
13520 +11.179
13530 +11.320
13540 +11.456
13550 +11.557
13560 +11.605
13570 +11.599
13580 +11.555
13590 +11.503
13600 +11.473
13610 +11.491
13620 +11.568
13630 +11.694
13640 +11.843
13650 +11.980
13660 +12.077
13670 +12.121
13680 +12.120
13690 +12.099
13700 +12.097
13710 +12.148
13720 +12.274
13730 +12.471
13740 +12.713
13750 +12.957
13760 +13.160
13770 +13.295
13780 +13.361
13790 +13.382
13800 +13.396
13810 +13.440
13820 +13.536
13830 +13.683
13840 +13.852
13850 +14.000
13860 +14.083
13870 +14.078
13880 +13.986
13890 +13.832
13900 +13.655
13910 +13.489
13920 +13.362
13930 +13.283
13940 +13.240
13950 +13.210
13960 +13.162
13970 +13.073
13980 +12.934
13990 +12.750
14000 +12.545
14010 +12.345
14020 +12.180
14030 +12.068
14040 +12.014
14050 +12.005
14060 +12.012
14070 +12.002
14080 +11.949
14090 +11.842
14100 +11.692
14110 +11.523
14120 +11.366
14130 +11.250
14140 +11.189
14150 +11.179
14160 +11.194
14170 +11.196
14180 +11.154
14190 +11.048
14200 +10.880
14210 +10.674
14220 +10.459
14230 +10.267
14240 +10.119
14250 +10.018
14260 +9.952
14270 +9.891
14280 +9.808
14290 +9.681
14300 +9.504
14310 +9.288
14320 +9.055
14330 +8.833
14340 +8.648
14350 +8.516
14360 +8.440
14370 +8.408
14380 +8.394
14390 +8.372
14400 +8.321
14410 +8.232
14420 +8.116
14430 +7.996
14440 +7.904
14450 +7.871
14460 +7.918
14470 +8.043
14480 +8.220
14490 +8.412
14500 +8.576
14510 +8.688
14520 +8.745
14530 +8.767
14540 +8.791
14550 +8.851
14560 +8.967
14570 +9.135
14580 +9.322
14590 +9.482
14600 +9.572
14610 +9.570
14620 +9.479
14630 +9.322
14640 +9.136
14650 +8.955
14660 +8.803
14670 +8.686
14680 +8.593
14690 +8.504
14700 +8.395
14710 +8.248
14720 +8.057
14730 +7.830
14740 +7.583
14750 +7.340
14760 +7.126
14770 +6.959
14780 +6.845
14790 +6.776
14800 +6.734
14810 +6.693
14820 +6.630
14830 +6.537
14840 +6.415
14850 +6.285
14860 +6.175
14870 +6.112
14880 +6.114
14890 +6.184
14900 +6.303
14910 +6.442
14920 +6.571
14930 +6.670
14940 +6.734
14950 +6.777
14960 +6.822
14970 +6.898
14980 +7.024
14990 +7.204
15000 +7.424
15010 +7.662
15020 +7.888
15030 +8.081
15040 +8.229
15050 +8.335
15060 +8.413
15070 +8.482
15080 +8.562
15090 +8.663
15100 +8.789
15110 +8.930
15120 +9.068
15130 +9.184
15140 +9.257
15150 +9.279
15160 +9.247
15170 +9.176
15180 +9.085
15190 +8.998
15200 +8.933
15210 +8.899
15220 +8.888
15230 +8.879
15240 +8.844
15250 +8.761
15260 +8.617
15270 +8.420
15280 +8.193
15290 +7.967
15300 +7.774
15310 +7.630
15320 +7.533
15330 +7.464
15340 +7.391
15350 +7.286
15360 +7.131
15370 +6.931
15380 +6.706
15390 +6.485
15400 +6.299
15410 +6.166
15420 +6.089
15430 +6.052
15440 +6.030
15450 +5.997
15460 +5.934
15470 +5.835
15480 +5.706
15490 +5.566
15500 +5.435
15510 +5.334
15520 +5.277
15530 +5.262
15540 +5.279
15550 +5.307
15560 +5.321
15570 +5.303
15580 +5.244
15590 +5.148
15600 +5.033
15610 +4.928
15620 +4.857
15630 +4.837
15640 +4.869
15650 +4.933
15660 +5.002
15670 +5.043
15680 +5.039
15690 +4.986
15700 +4.902
15710 +4.815
15720 +4.760
15730 +4.760
15740 +4.818
15750 +4.919
15760 +5.034
15770 +5.131
15780 +5.188
15790 +5.197
15800 +5.170
15810 +5.128
15820 +5.099
15830 +5.107
15840 +5.159
15850 +5.253
15860 +5.368
15870 +5.483
15880 +5.574
15890 +5.627
15900 +5.638
15910 +5.614
15920 +5.575
15930 +5.544
15940 +5.541
15950 +5.580
15960 +5.658
15970 +5.761
15980 +5.863
15990 +5.938
16000 +5.965
16010 +5.937
16020 +5.866
16030 +5.779
16040 +5.709
16050 +5.686
16060 +5.720
16070 +5.799
16080 +5.894
16090 +5.967
16100 +5.985
16110 +5.935
16120 +5.826
16130 +5.689
16140 +5.565
16150 +5.487
16160 +5.468
16170 +5.500
16180 +5.552
16190 +5.590
16200 +5.584
16210 +5.521
16220 +5.405
16230 +5.259
16240 +5.112
16250 +4.992
16260 +4.917
16270 +4.890
16280 +4.899
16290 +4.921
16300 +4.932
16310 +4.910
16320 +4.842
16330 +4.729
16340 +4.588
16350 +4.447
16360 +4.339
16370 +4.289
16380 +4.305
16390 +4.374
16400 +4.465
16410 +4.540
16420 +4.565
16430 +4.528
16440 +4.441
16450 +4.343
16460 +4.283
16470 +4.299
16480 +4.402
16490 +4.567
16500 +4.748
16510 +4.897
16520 +4.981
16530 +4.990
16540 +4.943
16550 +4.876
16560 +4.831
16570 +4.835
16580 +4.891
16590 +4.981
16600 +5.077
16610 +5.149
16620 +5.179
16630 +5.159
16640 +5.096
16650 +5.005
16660 +4.910
16670 +4.832
16680 +4.786
16690 +4.778
16700 +4.803
16710 +4.847
16720 +4.890
16730 +4.912
16740 +4.898
16750 +4.844
16760 +4.760
16770 +4.672
16780 +4.615
16790 +4.617
16800 +4.688
16810 +4.817
16820 +4.973
16830 +5.119
16840 +5.225
16850 +5.276
16860 +5.282
16870 +5.273
16880 +5.294
16890 +5.375
16900 +5.523
16910 +5.717
16920 +5.920
16930 +6.095
16940 +6.211
16950 +6.256
16960 +6.240
16970 +6.191
16980 +6.144
16990 +6.127
17000 +6.147
17010 +6.195
17020 +6.249
17030 +6.286
17040 +6.283
17050 +6.231
17060 +6.130
17070 +5.992
17080 +5.838
17090 +5.692
17100 +5.578
17110 +5.506
17120 +5.477
17130 +5.477
17140 +5.488
17150 +5.485
17160 +5.452
17170 +5.385
17180 +5.304
17190 +5.247
17200 +5.258
17210 +5.363
17220 +5.557
17230 +5.805
17240 +6.064
17250 +6.293
17260 +6.461
17270 +6.561
17280 +6.610
17290 +6.643
17300 +6.695
17310 +6.778
17320 +6.887
17330 +6.998
17340 +7.084
17350 +7.125
17360 +7.107
17370 +7.033
17380 +6.922
17390 +6.799
17400 +6.687
17410 +6.596
17420 +6.528
17430 +6.474
17440 +6.424
17450 +6.368
17460 +6.296
17470 +6.203
17480 +6.089
17490 +5.959
17500 +5.824
17510 +5.701
17520 +5.612
17530 +5.574
17540 +5.595
17550 +5.668
17560 +5.770
17570 +5.872
17580 +5.954
17590 +6.012
17600 +6.062
17610 +6.130
17620 +6.241
17630 +6.399
17640 +6.585
17650 +6.769
17660 +6.922
17670 +7.025
17680 +7.075
17690 +7.081
17700 +7.062
17710 +7.038
17720 +7.022
17730 +7.019
17740 +7.019
17750 +7.011
17760 +6.985
17770 +6.935
17780 +6.860
17790 +6.762
17800 +6.646
17810 +6.516
17820 +6.378
17830 +6.238
17840 +6.099
17850 +5.963
17860 +5.833
17870 +5.704
17880 +5.574
17890 +5.435
17900 +5.280
17910 +5.114
17920 +4.951
17930 +4.820
17940 +4.747
17950 +4.742
17960 +4.796
17970 +4.890
17980 +4.997
17990 +5.090
18000 +5.147
18010 +5.164
18020 +5.152
18030 +5.130
18040 +5.111
18050 +5.096
18060 +5.076
18070 +5.034
18080 +4.955
18090 +4.829
18100 +4.657
18110 +4.450
18120 +4.227
18130 +4.003
18140 +3.790
18150 +3.589
18160 +3.396
18170 +3.204
18180 +3.009
18190 +2.809
18200 +2.608
18210 +2.415
18220 +2.251
18230 +2.139
18240 +2.106
18250 +2.167
18260 +2.322
18270 +2.550
18280 +2.823
18290 +3.114
18300 +3.409
18310 +3.706
18320 +4.011
18330 +4.332
18340 +4.666
18350 +5.003
18360 +5.323
18370 +5.608
18380 +5.847
18390 +6.038
18400 +6.185
18410 +6.297
18420 +6.384
18430 +6.456
18440 +6.517
18450 +6.567
18460 +6.602
18470 +6.614
18480 +6.599
18490 +6.555
18500 +6.483
18510 +6.387
18520 +6.274
18530 +6.150
18540 +6.023
18550 +5.898
18560 +5.780
18570 +5.668
18580 +5.561
18590 +5.459
18600 +5.359
18610 +5.264
18620 +5.186
18630 +5.143
18640 +5.159
18650 +5.255
18660 +5.433
18670 +5.674
18680 +5.941
18690 +6.203
18700 +6.441
18710 +6.654
18720 +6.854
18730 +7.057
18740 +7.274
18750 +7.505
18760 +7.737
18770 +7.949
18780 +8.124
18790 +8.254
18800 +8.340
18810 +8.392
18820 +8.424
18830 +8.450
18840 +8.482
18850 +8.526
18860 +8.579
18870 +8.634
18880 +8.679
18890 +8.707
18900 +8.715
18910 +8.706
18920 +8.688
18930 +8.673
18940 +8.674
18950 +8.706
18960 +8.778
18970 +8.893
18980 +9.042
18990 +9.212
19000 +9.382
19010 +9.537
19020 +9.671
19030 +9.787
19040 +9.898
19050 +10.022
19060 +10.167
19070 +10.333
19080 +10.499
19090 +10.644
19100 +10.745
19110 +10.795
19120 +10.797
19130 +10.764
19140 +10.719
19150 +10.682
19160 +10.672
19170 +10.691
19180 +10.731
19190 +10.773
19200 +10.798
19210 +10.794
19220 +10.756
19230 +10.691
19240 +10.613
19250 +10.541
19260 +10.492
19270 +10.478
19280 +10.496
19290 +10.537
19300 +10.582
19310 +10.615
19320 +10.622
19330 +10.602
19340 +10.559
19350 +10.507
19360 +10.468
19370 +10.462
19380 +10.505
19390 +10.594
19400 +10.713
19410 +10.831
19420 +10.922
19430 +10.965
19440 +10.958
19450 +10.916
19460 +10.869
19470 +10.849
19480 +10.880
19490 +10.964
19500 +11.080
19510 +11.196
19520 +11.277
19530 +11.304
19540 +11.275
19550 +11.203
19560 +11.119
19570 +11.056
19580 +11.044
19590 +11.089
19600 +11.178
19610 +11.280
19620 +11.361
19630 +11.394
19640 +11.369
19650 +11.295
19660 +11.194
19670 +11.102
19680 +11.051
19690 +11.058
19700 +11.120
19710 +11.210
19720 +11.294
19730 +11.340
19740 +11.328
19750 +11.259
19760 +11.148
19770 +11.028
19780 +10.935
19790 +10.899
19800 +10.923
19810 +10.992
19820 +11.072
19830 +11.127
19840 +11.129
19850 +11.066
19860 +10.948
19870 +10.802
19880 +10.666
19890 +10.577
19900 +10.554
19910 +10.590
19920 +10.656
19930 +10.713
19940 +10.726
19950 +10.671
19960 +10.548
19970 +10.377
19980 +10.194
19990 +10.045
20000 +9.961
20010 +9.949
20020 +9.988
20030 +10.038
20040 +10.055
20050 +10.006
20060 +9.875
20070 +9.672
20080 +9.431
20090 +9.206
20100 +9.047
20110 +8.979
20120 +8.993
20130 +9.048
20140 +9.089
20150 +9.070
20160 +8.968
20170 +8.797
20180 +8.612
20190 +8.483
20200 +8.465
20210 +8.564
20220 +8.741
20230 +8.936
20240 +9.098
20250 +9.192
20260 +9.208
20270 +9.159
20280 +9.073
20290 +8.991
20300 +8.946
20310 +8.960
20320 +9.029
20330 +9.136
20340 +9.250
20350 +9.343
20360 +9.394
20370 +9.393
20380 +9.350
20390 +9.287
20400 +9.238
20410 +9.233
20420 +9.288
20430 +9.401
20440 +9.553
20450 +9.715
20460 +9.860
20470 +9.967
20480 +10.029
20490 +10.056
20500 +10.072
20510 +10.112
20520 +10.204
20530 +10.362
20540 +10.580
20550 +10.836
20560 +11.101
20570 +11.347
20580 +11.554
20590 +11.714
20600 +11.836
20610 +11.949
20620 +12.087
20630 +12.279
20640 +12.533
20650 +12.837
20660 +13.161
20670 +13.467
20680 +13.715
20690 +13.872
20700 +13.923
20710 +13.890
20720 +13.821
20730 +13.772
20740 +13.775
20750 +13.831
20760 +13.912
20770 +13.972
20780 +13.966
20790 +13.861
20800 +13.653
20810 +13.378
20820 +13.098
20830 +12.875
20840 +12.746
20850 +12.712
20860 +12.748
20870 +12.814
20880 +12.868
20890 +12.875
20900 +12.819
20910 +12.715
20920 +12.604
20930 +12.540
20940 +12.571
20950 +12.713
20960 +12.946
20970 +13.224
20980 +13.474
20990 +13.612
21000 +13.565
21010 +13.316
21020 +12.924
21030 +12.496
21040 +12.126
21050 +11.853
21060 +11.665
21070 +11.526
21080 +11.390
21090 +11.224
21100 +11.011
21110 +10.756
21120 +10.488
21130 +10.244
21140 +10.061
21150 +9.959
21160 +9.934
21170 +9.966
21180 +10.023
21190 +10.071
21200 +10.082
21210 +10.040
21220 +9.948
21230 +9.827
21240 +9.712
21250 +9.639
21260 +9.630
21270 +9.685
21280 +9.785
21290 +9.900
21300 +9.998
21310 +10.050
21320 +10.040
21330 +9.972
21340 +9.871
21350 +9.779
21360 +9.733
21370 +9.756
21380 +9.843
21390 +9.969
21400 +10.100
21410 +10.196
21420 +10.227
21430 +10.176
21440 +10.055
21450 +9.903
21460 +9.774
21470 +9.710
21480 +9.723
21490 +9.792
21500 +9.878
21510 +9.929
21520 +9.903
21530 +9.773
21540 +9.548
21550 +9.278
21560 +9.034
21570 +8.874
21580 +8.813
21590 +8.827
21600 +8.872
21610 +8.903
21620 +8.883
21630 +8.795
21640 +8.646
21650 +8.471
21660 +8.315
21670 +8.219
21680 +8.198
21690 +8.242
21700 +8.321
21710 +8.401
21720 +8.448
21730 +8.435
21740 +8.350
21750 +8.203
21760 +8.026
21770 +7.866
21780 +7.761
21790 +7.723
21800 +7.736
21810 +7.767
21820 +7.774
21830 +7.721
21840 +7.581
21850 +7.354
21860 +7.073
21870 +6.799
21880 +6.592
21890 +6.482
21900 +6.453
21910 +6.465
21920 +6.470
21930 +6.430
21940 +6.325
21950 +6.163
21960 +5.983
21970 +5.843
21980 +5.788
21990 +5.831
22000 +5.950
22010 +6.104
22020 +6.256
22030 +6.377
22040 +6.453
22050 +6.484
22060 +6.483
22070 +6.480
22080 +6.503
22090 +6.572
22100 +6.687
22110 +6.834
22120 +6.988
22130 +7.127
22140 +7.232
22150 +7.290
22160 +7.300
22170 +7.273
22180 +7.235
22190 +7.216
22200 +7.237
22210 +7.301
22220 +7.393
22230 +7.488
22240 +7.562
22250 +7.594
22260 +7.571
22270 +7.497
22280 +7.395
22290 +7.301
22300 +7.252
22310 +7.259
22320 +7.310
22330 +7.382
22340 +7.444
22350 +7.476
22360 +7.464
22370 +7.410
22380 +7.329
22390 +7.254
22400 +7.213
22410 +7.220
22420 +7.270
22430 +7.341
22440 +7.411
22450 +7.459
22460 +7.470
22470 +7.440
22480 +7.372
22490 +7.286
22500 +7.204
22510 +7.151
22520 +7.133
22530 +7.142
22540 +7.158
22550 +7.160
22560 +7.128
22570 +7.049
22580 +6.921
22590 +6.753
22600 +6.575
22610 +6.419
22620 +6.308
22630 +6.243
22640 +6.203
22650 +6.158
22660 +6.083
22670 +5.960
22680 +5.787
22690 +5.579
22700 +5.375
22710 +5.220
22720 +5.145
22730 +5.143
22740 +5.182
22750 +5.220
22760 +5.229
22770 +5.196
22780 +5.123
22790 +5.033
22800 +4.960
22810 +4.942
22820 +5.000
22830 +5.118
22840 +5.259
22850 +5.384
22860 +5.468
22870 +5.501
22880 +5.487
22890 +5.441
22900 +5.394
22910 +5.378
22920 +5.421
22930 +5.523
22940 +5.654
22950 +5.776
22960 +5.856
22970 +5.879
22980 +5.847
22990 +5.772
23000 +5.684
23010 +5.624
23020 +5.638
23030 +5.745
23040 +5.920
23050 +6.108
23060 +6.258
23070 +6.345
23080 +6.370
23090 +6.356
23100 +6.340
23110 +6.375
23120 +6.517
23130 +6.785
23140 +7.136
23150 +7.489
23160 +7.780
23170 +7.984
23180 +8.116
23190 +8.207
23200 +8.298
23210 +8.437
23220 +8.662
23230 +8.981
23240 +9.353
23250 +9.702
23260 +9.967
23270 +10.132
23280 +10.217
23290 +10.258
23300 +10.294
23310 +10.361
23320 +10.491
23330 +10.697
23340 +10.954
23350 +11.195
23360 +11.355
23370 +11.415
23380 +11.397
23390 +11.338
23400 +11.276
23410 +11.244
23420 +11.273
23430 +11.384
23440 +11.565
23450 +11.756
23460 +11.878
23470 +11.902
23480 +11.848
23490 +11.761
23500 +11.680
23510 +11.639
23520 +11.672
23530 +11.808
23540 +12.041
23550 +12.299
23560 +12.479
23570 +12.534
23580 +12.493
23590 +12.411
23600 +12.333
23610 +12.294
23620 +12.327
23630 +12.459
23640 +12.688
23650 +12.947
23660 +13.118
23670 +13.134
23680 +13.026
23690 +12.863
23700 +12.698
23710 +12.565
23720 +12.495
23730 +12.524
23740 +12.689
23750 +12.973
23760 +13.237
23770 +13.321
23780 +13.216
23790 +13.017
23800 +12.806
23810 +12.632
23820 +12.552
23830 +12.668
23840 +13.167
23850 +14.178
23860 +15.331
23870 +15.915
23880 +15.899
23890 +15.693
23900 +15.553
23910 +15.605
23920 +15.980
23930 +16.913
23940 +18.755
23950 +21.425
23960 +22.659
23970 +21.376
23980 +19.982
23990 +19.195
