00000 +2.307
00010 +2.000
00020 +1.298
00030 +0.570
00040 +0.016
00050 -0.315
00060 -0.438
00070 -0.394
00080 -0.242
00090 -0.070
00100 +0.012
00110 -0.089
00120 -0.378
00130 -0.770
00140 -1.151
00150 -1.447
00160 -1.629
00170 -1.704
00180 -1.695
00190 -1.641
00200 -1.588
00210 -1.577
00220 -1.634
00230 -1.756
00240 -1.912
00250 -2.060
00260 -2.166
00270 -2.211
00280 -2.195
00290 -2.129
00300 -2.039
00310 -1.952
00320 -1.897
00330 -1.889
00340 -1.926
00350 -1.989
00360 -2.047
00370 -2.074
00380 -2.052
00390 -1.980
00400 -1.870
00410 -1.746
00420 -1.640
00430 -1.581
00440 -1.589
00450 -1.657
00460 -1.762
00470 -1.869
00480 -1.951
00490 -1.995
00500 -2.011
00510 -2.027
00520 -2.083
00530 -2.217
00540 -2.448
00550 -2.763
00560 -3.120
00570 -3.473
00580 -3.782
00590 -4.034
00600 -4.233
00610 -4.404
00620 -4.575
00630 -4.773
00640 -5.011
00650 -5.279
00660 -5.556
00670 -5.811
00680 -6.020
00690 -6.169
00700 -6.263
00710 -6.317
00720 -6.355
00730 -6.403
00740 -6.483
00750 -6.605
00760 -6.762
00770 -6.933
00780 -7.089
00790 -7.207
00800 -7.273
00810 -7.289
00820 -7.273
00830 -7.254
00840 -7.262
00850 -7.322
00860 -7.431
00870 -7.563
00880 -7.671
00890 -7.716
00900 -7.676
00910 -7.558
00920 -7.393
00930 -7.221
00940 -7.084
00950 -7.007
00960 -6.988
00970 -7.000
00980 -7.008
00990 -6.981
01000 -6.907
01010 -6.789
01020 -6.645
01030 -6.503
01040 -6.391
01050 -6.328
01060 -6.317
01070 -6.346
01080 -6.389
01090 -6.417
01100 -6.411
01110 -6.362
01120 -6.279
01130 -6.179
01140 -6.088
01150 -6.031
01160 -6.026
01170 -6.072
01180 -6.151
01190 -6.237
01200 -6.301
01210 -6.327
01220 -6.311
01230 -6.269
01240 -6.224
01250 -6.209
01260 -6.247
01270 -6.345
01280 -6.489
01290 -6.646
01300 -6.784
01310 -6.878
01320 -6.921
01330 -6.924
01340 -6.910
01350 -6.908
01360 -6.940
01370 -7.014
01380 -7.120
01390 -7.237
01400 -7.338
01410 -7.403
01420 -7.425
01430 -7.407
01440 -7.367
01450 -7.324
01460 -7.301
01470 -7.311
01480 -7.359
01490 -7.433
01500 -7.514
01510 -7.582
01520 -7.620
01530 -7.622
01540 -7.592
01550 -7.545
01560 -7.502
01570 -7.483
01580 -7.502
01590 -7.559
01600 -7.639
01610 -7.718
01620 -7.770
01630 -7.779
01640 -7.741
01650 -7.668
01660 -7.584
01670 -7.516
01680 -7.485
01690 -7.496
01700 -7.538
01710 -7.588
01720 -7.618
01730 -7.612
01740 -7.563
01750 -7.480
01760 -7.383
01770 -7.294
01780 -7.235
01790 -7.218
01800 -7.237
01810 -7.275
01820 -7.311
01830 -7.320
01840 -7.292
01850 -7.226
01860 -7.132
01870 -7.030
01880 -6.944
01890 -6.893
01900 -6.881
01910 -6.901
01920 -6.932
01930 -6.951
01940 -6.936
01950 -6.877
01960 -6.779
01970 -6.657
01980 -6.539
01990 -6.450
02000 -6.409
02010 -6.418
02020 -6.459
02030 -6.505
02040 -6.529
02050 -6.514
02060 -6.459
02070 -6.383
02080 -6.318
02090 -6.295
02100 -6.338
02110 -6.446
02120 -6.597
02130 -6.758
02140 -6.898
02150 -6.999
02160 -7.057
02170 -7.085
02180 -7.107
02190 -7.148
02200 -7.225
02210 -7.343
02220 -7.492
02230 -7.653
02240 -7.801
02250 -7.918
02260 -7.997
02270 -8.041
02280 -8.066
02290 -8.094
02300 -8.148
02310 -8.242
02320 -8.379
02330 -8.545
02340 -8.719
02350 -8.876
02360 -8.998
02370 -9.079
02380 -9.127
02390 -9.163
02400 -9.209
02410 -9.287
02420 -9.401
02430 -9.542
02440 -9.685
02450 -9.801
02460 -9.870
02470 -9.883
02480 -9.849
02490 -9.788
02500 -9.726
02510 -9.685
02520 -9.678
02530 -9.699
02540 -9.735
02550 -9.764
02560 -9.770
02570 -9.742
02580 -9.684
02590 -9.607
02600 -9.529
02610 -9.468
02620 -9.438
02630 -9.443
02640 -9.474
02650 -9.516
02660 -9.549
02670 -9.561
02680 -9.543
02690 -9.499
02700 -9.439
02710 -9.382
02720 -9.342
02730 -9.332
02740 -9.349
02750 -9.382
02760 -9.414
02770 -9.424
02780 -9.398
02790 -9.332
02800 -9.232
02810 -9.116
02820 -9.003
02830 -8.913
02840 -8.852
02850 -8.816
02860 -8.791
02870 -8.759
02880 -8.706
02890 -8.630
02900 -8.537
02910 -8.440
02920 -8.357
02930 -8.304
02940 -8.286
02950 -8.302
02960 -8.339
02970 -8.379
02980 -8.408
02990 -8.414
03000 -8.396
03010 -8.359
03020 -8.316
03030 -8.282
03040 -8.270
03050 -8.285
03060 -8.322
03070 -8.368
03080 -8.407
03090 -8.425
03100 -8.412
03110 -8.370
03120 -8.308
03130 -8.241
03140 -8.187
03150 -8.154
03160 -8.147
03170 -8.155
03180 -8.161
03190 -8.150
03200 -8.108
03210 -8.032
03220 -7.931
03230 -7.822
03240 -7.724
03250 -7.656
03260 -7.624
03270 -7.624
03280 -7.641
03290 -7.659
03300 -7.665
03310 -7.655
03320 -7.633
03330 -7.612
03340 -7.608
03350 -7.633
03360 -7.695
03370 -7.787
03380 -7.898
03390 -8.012
03400 -8.114
03410 -8.197
03420 -8.258
03430 -8.303
03440 -8.344
03450 -8.395
03460 -8.464
03470 -8.554
03480 -8.662
03490 -8.776
03500 -8.882
03510 -8.968
03520 -9.030
03530 -9.068
03540 -9.092
03550 -9.114
03560 -9.147
03570 -9.200
03580 -9.272
03590 -9.356
03600 -9.438
03610 -9.505
03620 -9.547
03630 -9.562
03640 -9.556
03650 -9.540
03660 -9.528
03670 -9.532
03680 -9.555
03690 -9.592
03700 -9.633
03710 -9.663
03720 -9.671
03730 -9.654
03740 -9.615
03750 -9.567
03760 -9.524
03770 -9.499
03780 -9.499
03790 -9.522
03800 -9.562
03810 -9.608
03820 -9.651
03830 -9.685
03840 -9.713
03850 -9.739
03860 -9.775
03870 -9.827
03880 -9.904
03890 -10.005
03900 -10.125
03910 -10.257
03920 -10.390
03930 -10.516
03940 -10.629
03950 -10.728
03960 -10.819
03970 -10.908
03980 -11.005
03990 -11.113
04000 -11.233
04010 -11.360
04020 -11.484
04030 -11.594
04040 -11.681
04050 -11.742
04060 -11.778
04070 -11.796
04080 -11.804
04090 -11.810
04100 -11.819
04110 -11.828
04120 -11.832
04130 -11.821
04140 -11.786
04150 -11.725
04160 -11.638
04170 -11.530
04180 -11.414
04190 -11.300
04200 -11.196
04210 -11.107
04220 -11.031
04230 -10.961
04240 -10.892
04250 -10.815
04260 -10.729
04270 -10.635
04280 -10.540
04290 -10.454
04300 -10.386
04310 -10.341
04320 -10.319
04330 -10.316
04340 -10.322
04350 -10.328
04360 -10.325
04370 -10.311
04380 -10.288
04390 -10.264
04400 -10.247
04410 -10.247
04420 -10.267
04430 -10.303
04440 -10.347
04450 -10.388
04460 -10.415
04470 -10.424
04480 -10.413
04490 -10.389
04500 -10.362
04510 -10.341
04520 -10.333
04530 -10.339
04540 -10.353
04550 -10.366
04560 -10.368
04570 -10.350
04580 -10.313
04590 -10.259
04600 -10.197
04610 -10.140
04620 -10.097
04630 -10.074
04640 -10.069
04650 -10.076
04660 -10.084
04670 -10.083
04680 -10.069
04690 -10.041
04700 -10.006
04710 -9.976
04720 -9.962
04730 -9.971
04740 -10.006
04750 -10.060
04760 -10.123
04770 -10.181
04780 -10.225
04790 -10.253
04800 -10.266
04810 -10.276
04820 -10.294
04830 -10.329
04840 -10.386
04850 -10.460
04860 -10.540
04870 -10.614
04880 -10.670
04890 -10.702
04900 -10.711
04910 -10.706
04920 -10.699
04930 -10.701
04940 -10.718
04950 -10.752
04960 -10.794
04970 -10.834
04980 -10.862
04990 -10.870
05000 -10.858
05010 -10.833
05020 -10.805
05030 -10.785
05040 -10.785
05050 -10.807
05060 -10.849
05070 -10.901
05080 -10.953
05090 -10.995
05100 -11.023
05110 -11.038
05120 -11.047
05130 -11.062
05140 -11.093
05150 -11.146
05160 -11.222
05170 -11.314
05180 -11.410
05190 -11.499
05200 -11.572
05210 -11.627
05220 -11.667
05230 -11.703
05240 -11.745
05250 -11.801
05260 -11.874
05270 -11.961
05280 -12.050
05290 -12.131
05300 -12.193
05310 -12.230
05320 -12.245
05330 -12.243
05340 -12.236
05350 -12.235
05360 -12.246
05370 -12.270
05380 -12.302
05390 -12.333
05400 -12.352
05410 -12.354
05420 -12.336
05430 -12.303
05440 -12.264
05450 -12.232
05460 -12.215
05470 -12.221
05480 -12.247
05490 -12.286
05500 -12.326
05510 -12.358
05520 -12.374
05530 -12.374
05540 -12.366
05550 -12.359
05560 -12.365
05570 -12.392
05580 -12.442
05590 -12.508
05600 -12.578
05610 -12.639
05620 -12.682
05630 -12.702
05640 -12.701
05650 -12.690
05660 -12.680
05670 -12.681
05680 -12.698
05690 -12.728
05700 -12.761
05710 -12.784
05720 -12.786
05730 -12.761
05740 -12.711
05750 -12.642
05760 -12.568
05770 -12.502
05780 -12.452
05790 -12.422
05800 -12.406
05810 -12.395
05820 -12.378
05830 -12.345
05840 -12.294
05850 -12.230
05860 -12.162
05870 -12.104
05880 -12.068
05890 -12.060
05900 -12.077
05910 -12.111
05920 -12.147
05930 -12.173
05940 -12.181
05950 -12.171
05960 -12.151
05970 -12.132
05980 -12.127
05990 -12.145
06000 -12.187
06010 -12.245
06020 -12.306
06030 -12.356
06040 -12.384
06050 -12.387
06060 -12.370
06070 -12.343
06080 -12.320
06090 -12.312
06100 -12.323
06110 -12.351
06120 -12.384
06130 -12.411
06140 -12.421
06150 -12.407
06160 -12.370
06170 -12.320
06180 -12.268
06190 -12.228
06200 -12.209
06210 -12.212
06220 -12.232
06230 -12.258
06240 -12.277
06250 -12.280
06260 -12.264
06270 -12.232
06280 -12.195
06290 -12.165
06300 -12.156
06310 -12.172
06320 -12.212
06330 -12.265
06340 -12.317
06350 -12.357
06360 -12.375
06370 -12.373
06380 -12.357
06390 -12.340
06400 -12.334
06410 -12.350
06420 -12.389
06430 -12.442
06440 -12.497
06450 -12.541
06460 -12.564
06470 -12.563
06480 -12.542
06490 -12.513
06500 -12.488
06510 -12.480
06520 -12.494
06530 -12.527
06540 -12.571
06550 -12.613
06560 -12.642
06570 -12.652
06580 -12.644
06590 -12.625
06600 -12.607
06610 -12.602
06620 -12.621
06630 -12.665
06640 -12.729
06650 -12.802
06660 -12.870
06670 -12.924
06680 -12.959
06690 -12.977
06700 -12.988
06710 -13.005
06720 -13.040
06730 -13.099
06740 -13.181
06750 -13.276
06760 -13.370
06770 -13.448
06780 -13.504
06790 -13.535
06800 -13.549
06810 -13.558
06820 -13.576
06830 -13.612
06840 -13.669
06850 -13.739
06860 -13.811
06870 -13.870
06880 -13.906
06890 -13.916
06900 -13.904
06910 -13.880
06920 -13.859
06930 -13.853
06940 -13.869
06950 -13.906
06960 -13.954
06970 -14.001
06980 -14.035
06990 -14.049
07000 -14.042
07010 -14.023
07020 -14.003
07030 -13.997
07040 -14.015
07050 -14.059
07060 -14.124
07070 -14.197
07080 -14.265
07090 -14.315
07100 -14.343
07110 -14.353
07120 -14.353
07130 -14.357
07140 -14.379
07150 -14.425
07160 -14.492
07170 -14.570
07180 -14.645
07190 -14.702
07200 -14.732
07210 -14.736
07220 -14.720
07230 -14.699
07240 -14.686
07250 -14.692
07260 -14.720
07270 -14.764
07280 -14.810
07290 -14.845
07300 -14.858
07310 -14.846
07320 -14.814
07330 -14.774
07340 -14.741
07350 -14.728
07360 -14.742
07370 -14.782
07380 -14.838
07390 -14.896
07400 -14.943
07410 -14.971
07420 -14.980
07430 -14.979
07440 -14.980
07450 -14.998
07460 -15.043
07470 -15.118
07480 -15.215
07490 -15.320
07500 -15.418
07510 -15.496
07520 -15.551
07530 -15.586
07540 -15.613
07550 -15.647
07560 -15.699
07570 -15.776
07580 -15.874
07590 -15.981
07600 -16.082
07610 -16.162
07620 -16.214
07630 -16.240
07640 -16.249
07650 -16.255
07660 -16.272
07670 -16.310
07680 -16.371
07690 -16.448
07700 -16.527
07710 -16.595
07720 -16.643
07730 -16.667
07740 -16.675
07750 -16.678
07760 -16.692
07770 -16.730
07780 -16.799
07790 -16.897
07800 -17.011
07810 -17.127
07820 -17.232
07830 -17.318
07840 -17.387
07850 -17.447
07860 -17.511
07870 -17.596
07880 -17.711
07890 -17.856
07900 -18.023
07910 -18.193
07920 -18.350
07930 -18.482
07940 -18.584
07950 -18.661
07960 -18.726
07970 -18.792
07980 -18.873
07990 -18.972
08000 -19.082
08010 -19.187
08020 -19.271
08030 -19.317
08040 -19.320
08050 -19.282
08060 -19.216
08070 -19.138
08080 -19.064
08090 -19.004
08100 -18.960
08110 -18.924
08120 -18.879
08130 -18.814
08140 -18.719
08150 -18.594
08160 -18.449
08170 -18.297
08180 -18.159
08190 -18.047
08200 -17.968
08210 -17.918
08220 -17.882
08230 -17.843
08240 -17.785
08250 -17.702
08260 -17.596
08270 -17.480
08280 -17.370
08290 -17.285
08300 -17.234
08310 -17.217
08320 -17.220
08330 -17.223
08340 -17.207
08350 -17.160
08360 -17.082
08370 -16.981
08380 -16.876
08390 -16.787
08400 -16.730
08410 -16.709
08420 -16.714
08430 -16.726
08440 -16.725
08450 -16.697
08460 -16.638
08470 -16.555
08480 -16.467
08490 -16.394
08500 -16.356
08510 -16.361
08520 -16.405
08530 -16.471
08540 -16.539
08550 -16.590
08560 -16.615
08570 -16.619
08580 -16.614
08590 -16.620
08600 -16.658
08610 -16.739
08620 -16.864
08630 -17.019
08640 -17.183
08650 -17.334
08660 -17.458
08670 -17.553
08680 -17.627
08690 -17.698
08700 -17.786
08710 -17.908
08720 -18.069
08730 -18.259
08740 -18.460
08750 -18.649
08760 -18.807
08770 -18.926
08780 -19.012
08790 -19.080
08800 -19.151
08810 -19.243
08820 -19.368
08830 -19.524
08840 -19.696
08850 -19.863
08860 -20.006
08870 -20.113
08880 -20.184
08890 -20.232
08900 -20.275
08910 -20.336
08920 -20.428
08930 -20.558
08940 -20.718
08950 -20.889
08960 -21.053
08970 -21.192
08980 -21.299
08990 -21.380
09000 -21.448
09010 -21.524
09020 -21.626
09030 -21.764
09040 -21.938
09050 -22.132
09060 -22.327
09070 -22.500
09080 -22.637
09090 -22.735
09100 -22.801
09110 -22.853
09120 -22.911
09130 -22.991
09140 -23.097
09150 -23.221
09160 -23.347
09170 -23.451
09180 -23.516
09190 -23.533
09200 -23.506
09210 -23.451
09220 -23.387
09230 -23.336
09240 -23.311
09250 -23.314
09260 -23.334
09270 -23.354
09280 -23.355
09290 -23.325
09300 -23.260
09310 -23.168
09320 -23.067
09330 -22.978
09340 -22.918
09350 -22.896
09360 -22.912
09370 -22.951
09380 -22.996
09390 -23.028
09400 -23.035
09410 -23.015
09420 -22.977
09430 -22.940
09440 -22.923
09450 -22.943
09460 -23.007
09470 -23.107
09480 -23.230
09490 -23.353
09500 -23.461
09510 -23.542
09520 -23.597
09530 -23.638
09540 -23.683
09550 -23.752
09560 -23.858
09570 -24.003
09580 -24.179
09590 -24.369
09600 -24.555
09610 -24.723
09620 -24.864
09630 -24.982
09640 -25.089
09650 -25.200
09660 -25.331
09670 -25.489
09680 -25.676
09690 -25.881
09700 -26.093
09710 -26.298
09720 -26.487
09730 -26.654
09740 -26.803
09750 -26.939
09760 -27.073
09770 -27.212
09780 -27.360
09790 -27.515
09800 -27.672
09810 -27.823
09820 -27.964
09830 -28.091
09840 -28.206
09850 -28.310
09860 -28.407
09870 -28.499
09880 -28.583
09890 -28.658
09900 -28.718
09910 -28.762
09920 -28.791
09930 -28.809
09940 -28.826
09950 -28.850
09960 -28.889
09970 -28.946
09980 -29.015
09990 -29.088
10000 -29.152
10010 -29.197
10020 -29.219
10030 -29.223
10040 -29.221
10050 -29.228
10060 -29.259
10070 -29.326
10080 -29.431
10090 -29.568
10100 -29.720
10110 -29.870
10120 -30.000
10130 -30.101
10140 -30.173
10150 -30.228
10160 -30.283
10170 -30.356
10180 -30.462
10190 -30.608
10200 -30.788
10210 -30.987
10220 -31.183
10230 -31.354
10240 -31.485
10250 -31.571
10260 -31.617
10270 -31.640
10280 -31.660
10290 -31.697
10300 -31.761
10310 -31.851
10320 -31.956
10330 -32.056
10340 -32.132
10350 -32.166
10360 -32.150
10370 -32.085
10380 -31.986
10390 -31.872
10400 -31.762
10410 -31.670
10420 -31.601
10430 -31.549
10440 -31.504
10450 -31.449
10460 -31.373
10470 -31.268
10480 -31.133
10490 -30.977
10500 -30.813
10510 -30.656
10520 -30.518
10530 -30.404
10540 -30.314
10550 -30.243
10560 -30.181
10570 -30.122
10580 -30.060
10590 -29.992
10600 -29.921
10610 -29.855
10620 -29.800
10630 -29.766
10640 -29.756
10650 -29.772
10660 -29.813
10670 -29.878
10680 -29.963
10690 -30.066
10700 -30.184
10710 -30.315
10720 -30.461
10730 -30.622
10740 -30.800
10750 -31.001
10760 -31.229
10770 -31.493
10780 -31.796
10790 -32.145
10800 -32.540
10810 -32.976
10820 -33.442
10830 -33.927
10840 -34.420
10850 -34.917
10860 -35.427
10870 -35.964
10880 -36.544
10890 -37.169
10900 -37.815
10910 -38.420
10920 -38.878
10930 -39.079
10940 -38.980
10950 -38.631
10960 -38.135
10970 -37.579
10980 -37.009
10990 -36.432
11000 -35.840
11010 -35.223
11020 -34.586
11030 -33.945
11040 -33.326
11050 -32.756
11060 -32.249
11070 -31.809
11080 -31.430
11090 -31.100
11100 -30.802
11110 -30.524
11120 -30.256
11130 -29.997
11140 -29.751
11150 -29.527
11160 -29.333
11170 -29.172
11180 -29.044
11190 -28.940
11200 -28.851
11210 -28.766
11220 -28.674
11230 -28.570
11240 -28.453
11250 -28.326
11260 -28.195
11270 -28.068
11280 -27.944
11290 -27.821
11300 -27.691
11310 -27.545
11320 -27.375
11330 -27.179
11340 -26.959
11350 -26.725
11360 -26.487
11370 -26.256
11380 -26.036
11390 -25.824
11400 -25.614
11410 -25.400
11420 -25.177
11430 -24.944
11440 -24.707
11450 -24.476
11460 -24.259
11470 -24.063
11480 -23.889
11490 -23.733
11500 -23.588
11510 -23.444
11520 -23.298
11530 -23.147
11540 -22.994
11550 -22.846
11560 -22.710
11570 -22.590
11580 -22.487
11590 -22.396
11600 -22.307
11610 -22.212
11620 -22.103
11630 -21.977
11640 -21.833
11650 -21.678
11660 -21.519
11670 -21.362
11680 -21.210
11690 -21.061
11700 -20.909
11710 -20.745
11720 -20.560
11730 -20.351
11740 -20.119
11750 -19.870
11760 -19.615
11770 -19.365
11780 -19.129
11790 -18.909
11800 -18.700
11810 -18.493
11820 -18.277
11830 -18.046
11840 -17.800
11850 -17.543
11860 -17.288
11870 -17.048
11880 -16.833
11890 -16.649
11900 -16.489
11910 -16.343
11920 -16.199
11930 -16.046
11940 -15.881
11950 -15.707
11960 -15.534
11970 -15.376
11980 -15.247
11990 -15.152
12000 -15.087
12010 -15.043
12020 -15.003
12030 -14.956
12040 -14.894
12050 -14.817
12060 -14.735
12070 -14.659
12080 -14.605
12090 -14.579
12100 -14.582
12110 -14.604
12120 -14.630
12130 -14.646
12140 -14.641
12150 -14.612
12160 -14.564
12170 -14.511
12180 -14.466
12190 -14.440
12200 -14.439
12210 -14.456
12220 -14.478
12230 -14.490
12240 -14.480
12250 -14.443
12260 -14.380
12270 -14.304
12280 -14.230
12290 -14.172
12300 -14.140
12310 -14.133
12320 -14.141
12330 -14.150
12340 -14.145
12350 -14.119
12360 -14.070
12370 -14.008
12380 -13.947
12390 -13.903
12400 -13.888
12410 -13.906
12420 -13.949
12430 -14.004
12440 -14.055
12450 -14.091
12460 -14.107
12470 -14.107
12480 -14.101
12490 -14.105
12500 -14.132
12510 -14.188
12520 -14.269
12530 -14.365
12540 -14.459
12550 -14.535
12560 -14.586
12570 -14.610
12580 -14.613
12590 -14.608
12600 -14.608
12610 -14.624
12620 -14.658
12630 -14.702
12640 -14.744
12650 -14.768
12660 -14.763
12670 -14.724
12680 -14.655
12690 -14.567
12700 -14.475
12710 -14.394
12720 -14.333
12730 -14.291
12740 -14.260
12750 -14.226
12760 -14.175
12770 -14.100
12780 -14.000
12790 -13.885
12800 -13.767
12810 -13.664
12820 -13.589
12830 -13.545
12840 -13.528
12850 -13.523
12860 -13.517
12870 -13.496
12880 -13.457
12890 -13.402
12900 -13.344
12910 -13.298
12920 -13.278
12930 -13.293
12940 -13.339
12950 -13.407
12960 -13.479
12970 -13.541
12980 -13.582
12990 -13.602
13000 -13.609
13010 -13.614
13020 -13.633
13030 -13.677
13040 -13.747
13050 -13.836
13060 -13.928
13070 -14.005
13080 -14.056
13090 -14.075
13100 -14.066
13110 -14.042
13120 -14.017
13130 -14.007
13140 -14.018
13150 -14.048
13160 -14.086
13170 -14.115
13180 -14.124
13190 -14.104
13200 -14.058
13210 -13.995
13220 -13.931
13230 -13.881
13240 -13.857
13250 -13.859
13260 -13.882
13270 -13.910
13280 -13.930
13290 -13.931
13300 -13.909
13310 -13.869
13320 -13.824
13330 -13.787
13340 -13.772
13350 -13.784
13360 -13.820
13370 -13.868
13380 -13.912
13390 -13.939
13400 -13.940
13410 -13.916
13420 -13.874
13430 -13.827
13440 -13.789
13450 -13.771
13460 -13.774
13470 -13.792
13480 -13.809
13490 -13.811
13500 -13.787
13510 -13.732
13520 -13.652
13530 -13.559
13540 -13.468
13550 -13.396
13560 -13.350
13570 -13.327
13580 -13.318
13590 -13.307
13600 -13.281
13610 -13.231
13620 -13.161
13630 -13.079
13640 -13.001
13650 -12.944
13660 -12.917
13670 -12.925
13680 -12.957
13690 -13.001
13700 -13.039
13710 -13.060
13720 -13.060
13730 -13.044
13740 -13.023
13750 -13.011
13760 -13.023
13770 -13.063
13780 -13.129
13790 -13.208
13800 -13.284
13810 -13.339
13820 -13.365
13830 -13.362
13840 -13.337
13850 -13.304
13860 -13.279
13870 -13.275
13880 -13.294
13890 -13.329
13900 -13.364
13910 -13.384
13920 -13.375
13930 -13.332
13940 -13.261
13950 -13.177
13960 -13.096
13970 -13.038
13980 -13.011
13990 -13.013
14000 -13.032
14010 -13.052
14020 -13.054
14030 -13.031
14040 -12.984
14050 -12.923
14060 -12.866
14070 -12.830
14080 -12.831
14090 -12.869
14100 -12.937
14110 -13.017
14120 -13.089
14130 -13.139
14140 -13.161
14150 -13.160
14160 -13.150
14170 -13.149
14180 -13.171
14190 -13.226
14200 -13.309
14210 -13.405
14220 -13.493
14230 -13.555
14240 -13.578
14250 -13.561
14260 -13.516
14270 -13.460
14280 -13.411
14290 -13.387
14300 -13.389
14310 -13.411
14320 -13.434
14330 -13.437
14340 -13.405
14350 -13.334
14360 -13.231
14370 -13.114
14380 -13.004
14390 -12.921
14400 -12.877
14410 -12.869
14420 -12.883
14430 -12.897
14440 -12.892
14450 -12.857
14460 -12.793
14470 -12.712
14480 -12.634
14490 -12.579
14500 -12.563
14510 -12.588
14520 -12.644
14530 -12.711
14540 -12.767
14550 -12.794
14560 -12.786
14570 -12.748
14580 -12.695
14590 -12.647
14600 -12.623
14610 -12.633
14620 -12.674
14630 -12.731
14640 -12.785
14650 -12.813
14660 -12.804
14670 -12.757
14680 -12.683
14690 -12.601
14700 -12.532
14710 -12.493
14720 -12.491
14730 -12.520
14740 -12.562
14750 -12.596
14760 -12.606
14770 -12.582
14780 -12.529
14790 -12.462
14800 -12.399
14810 -12.361
14820 -12.361
14830 -12.402
14840 -12.472
14850 -12.552
14860 -12.622
14870 -12.667
14880 -12.679
14890 -12.665
14900 -12.639
14910 -12.621
14920 -12.630
14930 -12.677
14940 -12.760
14950 -12.867
14960 -12.977
14970 -13.067
14980 -13.120
14990 -13.131
15000 -13.109
15010 -13.072
15020 -13.042
15030 -13.041
15040 -13.079
15050 -13.153
15060 -13.242
15070 -13.324
15080 -13.372
15090 -13.374
15100 -13.330
15110 -13.255
15120 -13.175
15130 -13.118
15140 -13.104
15150 -13.139
15160 -13.212
15170 -13.298
15180 -13.370
15190 -13.406
15200 -13.397
15210 -13.351
15220 -13.287
15230 -13.234
15240 -13.219
15250 -13.256
15260 -13.346
15270 -13.469
15280 -13.598
15290 -13.705
15300 -13.766
15310 -13.777
15320 -13.747
15330 -13.699
15340 -13.663
15350 -13.666
15360 -13.720
15370 -13.820
15380 -13.942
15390 -14.052
15400 -14.116
15410 -14.114
15420 -14.042
15430 -13.919
15440 -13.776
15450 -13.652
15460 -13.576
15470 -13.561
15480 -13.591
15490 -13.633
15500 -13.648
15510 -13.601
15520 -13.479
15530 -13.290
15540 -13.067
15550 -12.853
15560 -12.691
15570 -12.610
15580 -12.607
15590 -12.655
15600 -12.712
15610 -12.734
15620 -12.691
15630 -12.579
15640 -12.416
15650 -12.244
15660 -12.113
15670 -12.064
15680 -12.113
15690 -12.246
15700 -12.422
15710 -12.590
15720 -12.706
15730 -12.741
15740 -12.695
15750 -12.599
15760 -12.503
15770 -12.464
15780 -12.522
15790 -12.682
15800 -12.913
15810 -13.157
15820 -13.350
15830 -13.443
15840 -13.414
15850 -13.281
15860 -13.099
15870 -12.943
15880 -12.882
15890 -12.944
15900 -13.107
15910 -13.309
15920 -13.478
15930 -13.549
15940 -13.488
15950 -13.304
15960 -13.053
15970 -12.819
15980 -12.684
15990 -12.694
16000 -12.835
16010 -13.050
16020 -13.260
16030 -13.392
16040 -13.401
16050 -13.277
16060 -13.057
16070 -12.816
16080 -12.639
16090 -12.585
16100 -12.663
16110 -12.827
16120 -13.004
16130 -13.115
16140 -13.101
16150 -12.934
16160 -12.636
16170 -12.271
16180 -11.931
16190 -11.699
16200 -11.610
16210 -11.640
16220 -11.722
16230 -11.776
16240 -11.734
16250 -11.562
16260 -11.266
16270 -10.900
16280 -10.553
16290 -10.315
16300 -10.234
16310 -10.297
16320 -10.442
16330 -10.592
16340 -10.681
16350 -10.669
16360 -10.553
16370 -10.370
16380 -10.190
16390 -10.091
16400 -10.122
16410 -10.280
16420 -10.520
16430 -10.779
16440 -11.003
16450 -11.154
16460 -11.219
16470 -11.213
16480 -11.177
16490 -11.168
16500 -11.232
16510 -11.384
16520 -11.605
16530 -11.854
16540 -12.088
16550 -12.270
16560 -12.377
16570 -12.408
16580 -12.381
16590 -12.335
16600 -12.319
16610 -12.365
16620 -12.478
16630 -12.634
16640 -12.797
16650 -12.934
16660 -13.022
16670 -13.053
16680 -13.036
16690 -13.003
16700 -12.993
16710 -13.042
16720 -13.158
16730 -13.326
16740 -13.519
16750 -13.708
16760 -13.876
16770 -14.016
16780 -14.136
16790 -14.253
16800 -14.388
16810 -14.561
16820 -14.777
16830 -15.025
16840 -15.288
16850 -15.549
16860 -15.800
16870 -16.037
16880 -16.265
16890 -16.487
16900 -16.709
16910 -16.932
16920 -17.153
16930 -17.362
16940 -17.554
16950 -17.726
16960 -17.879
16970 -18.013
16980 -18.132
16990 -18.234
17000 -18.315
17010 -18.372
17020 -18.399
17030 -18.398
17040 -18.376
17050 -18.342
17060 -18.302
17070 -18.261
17080 -18.220
17090 -18.180
17100 -18.143
17110 -18.108
17120 -18.079
17130 -18.056
17140 -18.037
17150 -18.020
17160 -18.003
17170 -17.986
17180 -17.974
17190 -17.973
17200 -17.992
17210 -18.038
17220 -18.114
17230 -18.215
17240 -18.323
17250 -18.421
17260 -18.495
17270 -18.542
17280 -18.570
17290 -18.590
17300 -18.618
17310 -18.665
17320 -18.736
17330 -18.826
17340 -18.914
17350 -18.973
17360 -18.980
17370 -18.929
17380 -18.828
17390 -18.692
17400 -18.541
17410 -18.395
17420 -18.267
17430 -18.169
17440 -18.096
17450 -18.033
17460 -17.955
17470 -17.842
17480 -17.684
17490 -17.488
17500 -17.270
17510 -17.055
17520 -16.869
17530 -16.740
17540 -16.686
17550 -16.701
17560 -16.758
17570 -16.812
17580 -16.827
17590 -16.787
17600 -16.700
17610 -16.592
17620 -16.500
17630 -16.465
17640 -16.518
17650 -16.673
17660 -16.910
17670 -17.178
17680 -17.419
17690 -17.589
17700 -17.673
17710 -17.685
17720 -17.663
17730 -17.652
17740 -17.700
17750 -17.837
17760 -18.068
17770 -18.355
17780 -18.629
17790 -18.816
17800 -18.866
17810 -18.777
17820 -18.583
17830 -18.340
17840 -18.111
17850 -17.949
17860 -17.886
17870 -17.916
17880 -17.988
17890 -18.030
17900 -17.977
17910 -17.801
17920 -17.519
17930 -17.177
17940 -16.834
17950 -16.554
17960 -16.387
17970 -16.359
17980 -16.450
17990 -16.601
18000 -16.735
18010 -16.788
18020 -16.734
18030 -16.589
18040 -16.398
18050 -16.222
18060 -16.125
18070 -16.156
18080 -16.332
18090 -16.625
18100 -16.966
18110 -17.269
18120 -17.461
18130 -17.507
18140 -17.421
18150 -17.254
18160 -17.081
18170 -16.978
18180 -17.000
18190 -17.156
18200 -17.397
18210 -17.630
18220 -17.746
18230 -17.673
18240 -17.403
18250 -16.987
18260 -16.515
18270 -16.084
18280 -15.780
18290 -15.647
18300 -15.671
18310 -15.776
18320 -15.858
18330 -15.825
18340 -15.636
18350 -15.306
18360 -14.898
18370 -14.503
18380 -14.218
18390 -14.112
18400 -14.205
18410 -14.456
18420 -14.776
18430 -15.066
18440 -15.246
18450 -15.278
18460 -15.173
18470 -14.991
18480 -14.819
18490 -14.750
18500 -14.845
18510 -15.112
18520 -15.494
18530 -15.889
18540 -16.177
18550 -16.259
18560 -16.088
18570 -15.696
18580 -15.178
18590 -14.660
18600 -14.260
18610 -14.041
18620 -13.987
18630 -14.009
18640 -13.990
18650 -13.827
18660 -13.466
18670 -12.919
18680 -12.255
18690 -11.585
18700 -11.030
18710 -10.685
18720 -10.570
18730 -10.624
18740 -10.739
18750 -10.807
18760 -10.752
18770 -10.548
18780 -10.221
18790 -9.842
18800 -9.516
18810 -9.344
18820 -9.385
18830 -9.623
18840 -9.985
18850 -10.375
18860 -10.707
18870 -10.922
18880 -10.996
18890 -10.943
18900 -10.821
18910 -10.713
18920 -10.707
18930 -10.850
18940 -11.125
18950 -11.453
18960 -11.729
18970 -11.852
18980 -11.750
18990 -11.406
19000 -10.859
19010 -10.202
19020 -9.560
19030 -9.044
19040 -8.711
19050 -8.531
19060 -8.411
19070 -8.243
19080 -7.945
19090 -7.478
19100 -6.851
19110 -6.119
19120 -5.382
19130 -4.771
19140 -4.397
19150 -4.295
19160 -4.400
19170 -4.587
19180 -4.733
19190 -4.753
19200 -4.605
19210 -4.299
19220 -3.897
19230 -3.520
19240 -3.313
19250 -3.383
19260 -3.718
19270 -4.195
19280 -4.657
19290 -4.969
19300 -5.045
19310 -4.854
19320 -4.424
19330 -3.855
19340 -3.304
19350 -2.939
19360 -2.850
19370 -2.985
19380 -3.195
19390 -3.323
19400 -3.254
19410 -2.931
19420 -2.354
19430 -1.586
19440 -0.750
19450 -0.026
19460 +0.412
19470 +0.498
19480 +0.320
19490 +0.051
19500 -0.149
19510 -0.175
19520 +0.026
19530 +0.446
19540 +1.007
19550 +1.545
19560 +1.833
19570 +1.709
19580 +1.211
19590 +0.532
19600 -0.126
19610 -0.620
19620 -0.869
19630 -0.843
19640 -0.579
19650 -0.201
19660 +0.075
19670 +0.042
19680 -0.346
19690 -0.950
19700 -1.574
19710 -2.063
19720 -2.317
19730 -2.277
19740 -1.938
19750 -1.379
19760 -0.778
19770 -0.372
19780 -0.308
19790 -0.538
19800 -0.894
19810 -1.210
19820 -1.370
19830 -1.312
19840 -1.010
19850 -0.496
19860 +0.124
19870 +0.658
19880 +0.901
19890 +0.772
19900 +0.374
19910 -0.117
19920 -0.549
19930 -0.827
19940 -0.894
19950 -0.725
19960 -0.345
19970 +0.135
19980 +0.501
19990 +0.536
20000 +0.198
20010 -0.360
20020 -0.943
20030 -1.417
20040 -1.706
20050 -1.762
20060 -1.563
20070 -1.134
20080 -0.610
20090 -0.251
20100 -0.293
20110 -0.727
20120 -1.346
20130 -1.950
20140 -2.424
20150 -2.707
20160 -2.754
20170 -2.530
20180 -2.047
20190 -1.454
20200 -1.072
20210 -1.173
20220 -1.694
20230 -2.372
20240 -3.013
20250 -3.521
20260 -3.848
20270 -3.936
20280 -3.707
20290 -3.102
20300 -2.254
20310 -1.670
20320 -1.803
20330 -2.465
20340 -3.254
20350 -3.981
20360 -4.604
20370 -5.115
20380 -5.420
20390 -4.923
20400 -0.318
20410 +11.992
20420 +0.853
20430 -1.886
20440 -3.093
20450 -3.772
20460 -4.211
20470 -4.522
20480 -4.759
20490 -4.950
20500 -5.117
20510 -5.274
20520 -5.437
20530 -5.617
20540 -5.824
20550 -6.048
20560 -6.254
20570 -6.390
20580 -6.424
20590 -6.377
20600 -6.300
20610 -6.241
20620 -6.230
20630 -6.282
20640 -6.407
20650 -6.596
20660 -6.822
20670 -7.037
20680 -7.189
20690 -7.249
20700 -7.225
20710 -7.155
20720 -7.085
20730 -7.056
20740 -7.094
20750 -7.212
20760 -7.399
20770 -7.621
20780 -7.829
20790 -7.979
20800 -8.048
20810 -8.045
20820 -8.000
20830 -7.951
20840 -7.937
20850 -7.986
20860 -8.111
20870 -8.300
20880 -8.515
20890 -8.711
20900 -8.851
20910 -8.927
20920 -8.950
20930 -8.942
20940 -8.931
20950 -8.946
20960 -9.015
20970 -9.153
20980 -9.340
20990 -9.532
21000 -9.691
21010 -9.806
21020 -9.890
21030 -9.965
21040 -10.051
21050 -10.171
21060 -10.352
21070 -10.516
21080 -10.283
21090 -9.959
21100 -9.874
21110 -9.890
21120 -9.939
21130 -10.000
21140 -10.067
21150 -10.140
21160 -10.219
21170 -10.305
21180 -10.402
21190 -10.514
21200 -10.648
21210 -10.806
21220 -10.980
21230 -11.135
21240 -11.225
21250 -11.246
21260 -11.237
21270 -11.234
21280 -11.255
21290 -11.302
21300 -11.378
21310 -11.484
21320 -11.617
21330 -11.763
21340 -11.893
21350 -11.977
21360 -12.011
21370 -12.016
21380 -12.016
21390 -12.029
21400 -12.065
21410 -12.133
21420 -12.237
21430 -12.377
21440 -12.535
21450 -12.679
21460 -12.778
21470 -12.826
21480 -12.838
21490 -12.837
21500 -12.844
21510 -12.879
21520 -12.954
21530 -13.081
21540 -13.255
21550 -13.452
21560 -13.628
21570 -13.747
21580 -13.801
21590 -13.810
21600 -13.803
21610 -13.810
21620 -13.856
21630 -13.963
21640 -14.144
21650 -14.386
21660 -14.646
21670 -14.865
21680 -15.003
21690 -15.060
21700 -15.064
21710 -15.058
21720 -15.082
21730 -15.172
21740 -15.355
21750 -15.640
21760 -15.993
21770 -16.341
21780 -16.607
21790 -16.752
21800 -16.796
21810 -16.789
21820 -16.787
21830 -16.843
21840 -16.999
21850 -17.274
21860 -17.645
21870 -18.037
21880 -18.346
21890 -18.498
21900 -18.496
21910 -18.394
21920 -18.264
21930 -18.169
21940 -18.159
21950 -18.265
21960 -18.489
21970 -18.790
21980 -19.080
21990 -19.270
22000 -19.316
22010 -19.238
22020 -19.096
22030 -18.955
22040 -18.879
22050 -18.917
22060 -19.103
22070 -19.433
22080 -19.846
22090 -20.239
22100 -20.508
22110 -20.613
22120 -20.585
22130 -20.496
22140 -20.432
22150 -20.468
22160 -20.665
22170 -21.048
22180 -21.585
22190 -22.167
22200 -22.643
22210 -22.901
22220 -22.933
22230 -22.822
22240 -22.681
22250 -22.607
22260 -22.672
22270 -22.907
22280 -23.285
22290 -23.706
22300 -24.027
22310 -24.136
22320 -24.024
22330 -23.772
22340 -23.486
22350 -23.255
22360 -23.149
22370 -23.205
22380 -23.430
22390 -23.777
22400 -24.145
22410 -24.422
22420 -24.535
22430 -24.492
22440 -24.362
22450 -24.233
22460 -24.189
22470 -24.295
22480 -24.587
22490 -25.056
22500 -25.626
22510 -26.160
22520 -26.522
22530 -26.655
22540 -26.606
22550 -26.485
22560 -26.402
22570 -26.440
22580 -26.645
22590 -27.001
22600 -27.419
22610 -27.741
22620 -27.827
22630 -27.648
22640 -27.288
22650 -26.870
22660 -26.493
22670 -26.221
22680 -26.085
22690 -26.083
22700 -26.176
22710 -26.286
22720 -26.333
22730 -26.267
22740 -26.097
22750 -25.866
22760 -25.635
22770 -25.462
22780 -25.391
22790 -25.455
22800 -25.655
22810 -25.954
22820 -26.276
22830 -26.535
22840 -26.673
22850 -26.683
22860 -26.612
22870 -26.524
22880 -26.488
22890 -26.560
22900 -26.766
22910 -27.092
22920 -27.466
22930 -27.777
22940 -27.926
22950 -27.880
22960 -27.679
22970 -27.402
22980 -27.128
22990 -26.919
23000 -26.807
23010 -26.790
23020 -26.823
23030 -26.834
23040 -26.754
23050 -26.555
23060 -26.257
23070 -25.905
23080 -25.555
23090 -25.256
23100 -25.048
23110 -24.954
23120 -24.971
23130 -25.063
23140 -25.171
23150 -25.238
23160 -25.230
23170 -25.149
23180 -25.025
23190 -24.900
23200 -24.824
23210 -24.840
23220 -24.972
23230 -25.210
23240 -25.510
23250 -25.802
23260 -26.022
23270 -26.137
23280 -26.156
23290 -26.116
23300 -26.072
23310 -26.076
23320 -26.169
23330 -26.358
23340 -26.609
23350 -26.854
23360 -27.016
23370 -27.050
23380 -26.958
23390 -26.777
23400 -26.563
23410 -26.373
23420 -26.254
23430 -26.231
23440 -26.295
23450 -26.404
23460 -26.499
23470 -26.532
23480 -26.489
23490 -26.386
23500 -26.261
23510 -26.164
23520 -26.142
23530 -26.235
23540 -26.453
23550 -26.769
23560 -27.124
23570 -27.454
23580 -27.714
23590 -27.897
23600 -28.029
23610 -28.159
23620 -28.346
23630 -28.640
23640 -29.069
23650 -29.614
23660 -30.207
23670 -30.753
23680 -31.172
23690 -31.440
23700 -31.587
23710 -31.681
23720 -31.793
23730 -31.979
23740 -32.255
23750 -32.582
23760 -32.869
23770 -33.024
23780 -33.014
23790 -32.876
23800 -32.685
23810 -32.517
23820 -32.436
23830 -32.492
23840 -32.711
23850 -33.077
23860 -33.527
23870 -33.980
23880 -34.380
23890 -34.728
23900 -35.080
23910 -35.518
23920 -36.144
23930 -37.067
23940 -38.395
23950 -40.212
23960 -42.532
23970 -45.202
23980 -47.765
23990 -49.505
