00000 +0.212
00010 +0.152
00020 -0.007
00030 -0.213
00040 -0.411
00050 -0.563
00060 -0.648
00070 -0.664
00080 -0.624
00090 -0.554
00100 -0.486
00110 -0.453
00120 -0.475
00130 -0.555
00140 -0.674
00150 -0.805
00160 -0.924
00170 -1.012
00180 -1.062
00190 -1.077
00200 -1.068
00210 -1.049
00220 -1.038
00230 -1.049
00240 -1.086
00250 -1.146
00260 -1.218
00270 -1.288
00280 -1.345
00290 -1.381
00300 -1.395
00310 -1.392
00320 -1.381
00330 -1.374
00340 -1.381
00350 -1.409
00360 -1.457
00370 -1.518
00380 -1.584
00390 -1.644
00400 -1.694
00410 -1.730
00420 -1.759
00430 -1.787
00440 -1.827
00450 -1.888
00460 -1.974
00470 -2.085
00480 -2.213
00490 -2.348
00500 -2.481
00510 -2.607
00520 -2.722
00530 -2.831
00540 -2.937
00550 -3.047
00560 -3.164
00570 -3.286
00580 -3.410
00590 -3.530
00600 -3.637
00610 -3.729
00620 -3.801
00630 -3.857
00640 -3.899
00650 -3.934
00660 -3.969
00670 -4.008
00680 -4.053
00690 -4.106
00700 -4.162
00710 -4.218
00720 -4.270
00730 -4.315
00740 -4.353
00750 -4.385
00760 -4.417
00770 -4.453
00780 -4.499
00790 -4.557
00800 -4.626
00810 -4.701
00820 -4.774
00830 -4.839
00840 -4.887
00850 -4.915
00860 -4.924
00870 -4.918
00880 -4.903
00890 -4.885
00900 -4.866
00910 -4.843
00920 -4.809
00930 -4.759
00940 -4.687
00950 -4.593
00960 -4.481
00970 -4.362
00980 -4.246
00990 -4.142
01000 -4.055
01010 -3.985
01020 -3.925
01030 -3.869
01040 -3.808
01050 -3.740
01060 -3.662
01070 -3.580
01080 -3.499
01090 -3.427
01100 -3.369
01110 -3.326
01120 -3.295
01130 -3.269
01140 -3.241
01150 -3.203
01160 -3.152
01170 -3.087
01180 -3.015
01190 -2.942
01200 -2.878
01210 -2.829
01220 -2.796
01230 -2.773
01240 -2.753
01250 -2.726
01260 -2.687
01270 -2.636
01280 -2.579
01290 -2.527
01300 -2.489
01310 -2.473
01320 -2.480
01330 -2.504
01340 -2.536
01350 -2.566
01360 -2.587
01370 -2.598
01380 -2.603
01390 -2.607
01400 -2.618
01410 -2.642
01420 -2.680
01430 -2.729
01440 -2.783
01450 -2.835
01460 -2.881
01470 -2.918
01480 -2.946
01490 -2.969
01500 -2.993
01510 -3.024
01520 -3.068
01530 -3.125
01540 -3.195
01550 -3.273
01560 -3.354
01570 -3.432
01580 -3.505
01590 -3.571
01600 -3.635
01610 -3.702
01620 -3.778
01630 -3.866
01640 -3.965
01650 -4.069
01660 -4.172
01670 -4.263
01680 -4.338
01690 -4.395
01700 -4.438
01710 -4.473
01720 -4.508
01730 -4.549
01740 -4.599
01750 -4.655
01760 -4.712
01770 -4.764
01780 -4.807
01790 -4.839
01800 -4.860
01810 -4.877
01820 -4.894
01830 -4.919
01840 -4.954
01850 -5.000
01860 -5.055
01870 -5.111
01880 -5.165
01890 -5.212
01900 -5.250
01910 -5.281
01920 -5.309
01930 -5.340
01940 -5.378
01950 -5.426
01960 -5.483
01970 -5.545
01980 -5.605
01990 -5.658
02000 -5.696
02010 -5.719
02020 -5.727
02030 -5.724
02040 -5.715
02050 -5.706
02060 -5.696
02070 -5.686
02080 -5.667
02090 -5.635
02100 -5.583
02110 -5.508
02120 -5.416
02130 -5.313
02140 -5.208
02150 -5.113
02160 -5.033
02170 -4.967
02180 -4.913
02190 -4.863
02200 -4.811
02210 -4.752
02220 -4.686
02230 -4.616
02240 -4.549
02250 -4.490
02260 -4.444
02270 -4.412
02280 -4.390
02290 -4.371
02300 -4.349
02310 -4.317
02320 -4.271
02330 -4.213
02340 -4.146
02350 -4.078
02360 -4.015
02370 -3.962
02380 -3.919
02390 -3.884
02400 -3.849
02410 -3.809
02420 -3.757
02430 -3.696
02440 -3.629
02450 -3.567
02460 -3.518
02470 -3.491
02480 -3.489
02490 -3.507
02500 -3.538
02510 -3.573
02520 -3.605
02530 -3.631
02540 -3.653
02550 -3.678
02560 -3.712
02570 -3.761
02580 -3.826
02590 -3.904
02600 -3.987
02610 -4.068
02620 -4.140
02630 -4.199
02640 -4.246
02650 -4.284
02660 -4.320
02670 -4.360
02680 -4.407
02690 -4.460
02700 -4.515
02710 -4.565
02720 -4.604
02730 -4.626
02740 -4.628
02750 -4.613
02760 -4.585
02770 -4.549
02780 -4.512
02790 -4.477
02800 -4.443
02810 -4.410
02820 -4.372
02830 -4.328
02840 -4.278
02850 -4.227
02860 -4.180
02870 -4.148
02880 -4.138
02890 -4.153
02900 -4.193
02910 -4.252
02920 -4.324
02930 -4.398
02940 -4.470
02950 -4.536
02960 -4.597
02970 -4.655
02980 -4.717
02990 -4.784
03000 -4.859
03010 -4.940
03020 -5.022
03030 -5.099
03040 -5.168
03050 -5.223
03060 -5.266
03070 -5.299
03080 -5.326
03090 -5.352
03100 -5.380
03110 -5.412
03120 -5.445
03130 -5.475
03140 -5.496
03150 -5.504
03160 -5.496
03170 -5.474
03180 -5.440
03190 -5.400
03200 -5.360
03210 -5.322
03220 -5.288
03230 -5.255
03240 -5.220
03250 -5.178
03260 -5.128
03270 -5.070
03280 -5.008
03290 -4.947
03300 -4.895
03310 -4.858
03320 -4.838
03330 -4.835
03340 -4.845
03350 -4.862
03360 -4.881
03370 -4.899
03380 -4.916
03390 -4.933
03400 -4.955
03410 -4.986
03420 -5.029
03430 -5.083
03440 -5.144
03450 -5.207
03460 -5.265
03470 -5.312
03480 -5.348
03490 -5.374
03500 -5.393
03510 -5.410
03520 -5.430
03530 -5.454
03540 -5.481
03550 -5.507
03560 -5.525
03570 -5.531
03580 -5.521
03590 -5.495
03600 -5.456
03610 -5.408
03620 -5.357
03630 -5.307
03640 -5.259
03650 -5.210
03660 -5.155
03670 -5.090
03680 -5.010
03690 -4.913
03700 -4.802
03710 -4.682
03720 -4.559
03730 -4.442
03740 -4.333
03750 -4.235
03760 -4.144
03770 -4.057
03780 -3.970
03790 -3.882
03800 -3.793
03810 -3.710
03820 -3.639
03830 -3.587
03840 -3.559
03850 -3.555
03860 -3.571
03870 -3.602
03880 -3.640
03890 -3.678
03900 -3.712
03910 -3.742
03920 -3.770
03930 -3.799
03940 -3.833
03950 -3.872
03960 -3.913
03970 -3.951
03980 -3.979
03990 -3.992
04000 -3.986
04010 -3.959
04020 -3.915
04030 -3.859
04040 -3.798
04050 -3.736
04060 -3.675
04070 -3.616
04080 -3.554
04090 -3.485
04100 -3.406
04110 -3.315
04120 -3.215
04130 -3.112
04140 -3.013
04150 -2.926
04160 -2.855
04170 -2.802
04180 -2.764
04190 -2.736
04200 -2.712
04210 -2.688
04220 -2.663
04230 -2.640
04240 -2.625
04250 -2.624
04260 -2.640
04270 -2.674
04280 -2.723
04290 -2.779
04300 -2.835
04310 -2.884
04320 -2.923
04330 -2.951
04340 -2.974
04350 -2.995
04360 -3.020
04370 -3.051
04380 -3.086
04390 -3.120
04400 -3.149
04410 -3.166
04420 -3.168
04430 -3.153
04440 -3.126
04450 -3.092
04460 -3.057
04470 -3.026
04480 -3.002
04490 -2.983
04500 -2.968
04510 -2.949
04520 -2.924
04530 -2.891
04540 -2.849
04550 -2.805
04560 -2.763
04570 -2.732
04580 -2.715
04590 -2.714
04600 -2.727
04610 -2.748
04620 -2.771
04630 -2.790
04640 -2.803
04650 -2.812
04660 -2.823
04670 -2.841
04680 -2.873
04690 -2.920
04700 -2.981
04710 -3.048
04720 -3.115
04730 -3.173
04740 -3.218
04750 -3.250
04760 -3.272
04770 -3.290
04780 -3.310
04790 -3.336
04800 -3.367
04810 -3.399
04820 -3.424
04830 -3.437
04840 -3.431
04850 -3.406
04860 -3.364
04870 -3.311
04880 -3.253
04890 -3.198
04900 -3.148
04910 -3.103
04920 -3.061
04930 -3.015
04940 -2.960
04950 -2.893
04960 -2.814
04970 -2.728
04980 -2.640
04990 -2.560
05000 -2.492
05010 -2.441
05020 -2.403
05030 -2.373
05040 -2.343
05050 -2.304
05060 -2.253
05070 -2.192
05080 -2.124
05090 -2.059
05100 -2.003
05110 -1.962
05120 -1.932
05130 -1.909
05140 -1.882
05150 -1.841
05160 -1.782
05170 -1.703
05180 -1.608
05190 -1.506
05200 -1.405
05210 -1.313
05220 -1.230
05230 -1.153
05240 -1.075
05250 -0.986
05260 -0.882
05270 -0.760
05280 -0.623
05290 -0.479
05300 -0.337
05310 -0.208
05320 -0.097
05330 -0.004
05340 +0.075
05350 +0.148
05360 +0.223
05370 +0.306
05380 +0.398
05390 +0.494
05400 +0.587
05410 +0.664
05420 +0.719
05430 +0.747
05440 +0.753
05450 +0.747
05460 +0.742
05470 +0.750
05480 +0.775
05490 +0.815
05500 +0.863
05510 +0.905
05520 +0.931
05530 +0.937
05540 +0.925
05550 +0.906
05560 +0.893
05570 +0.897
05580 +0.926
05590 +0.977
05600 +1.041
05610 +1.105
05620 +1.158
05630 +1.191
05640 +1.204
05650 +1.205
05660 +1.205
05670 +1.214
05680 +1.239
05690 +1.280
05700 +1.330
05710 +1.378
05720 +1.413
05730 +1.424
05740 +1.409
05750 +1.369
05760 +1.315
05770 +1.257
05780 +1.208
05790 +1.171
05800 +1.146
05810 +1.126
05820 +1.100
05830 +1.057
05840 +0.989
05850 +0.897
05860 +0.789
05870 +0.680
05880 +0.584
05890 +0.511
05900 +0.462
05910 +0.431
05920 +0.406
05930 +0.374
05940 +0.324
05950 +0.253
05960 +0.170
05970 +0.086
05980 +0.015
05990 -0.033
06000 -0.055
06010 -0.057
06020 -0.050
06030 -0.050
06040 -0.066
06050 -0.104
06060 -0.160
06070 -0.226
06080 -0.289
06090 -0.339
06100 -0.372
06110 -0.390
06120 -0.400
06130 -0.413
06140 -0.440
06150 -0.488
06160 -0.559
06170 -0.646
06180 -0.740
06190 -0.829
06200 -0.902
06210 -0.956
06220 -0.993
06230 -1.021
06240 -1.050
06250 -1.093
06260 -1.155
06270 -1.234
06280 -1.320
06290 -1.400
06300 -1.460
06310 -1.493
06320 -1.498
06330 -1.484
06340 -1.462
06350 -1.449
06360 -1.453
06370 -1.476
06380 -1.510
06390 -1.543
06400 -1.562
06410 -1.557
06420 -1.529
06430 -1.483
06440 -1.434
06450 -1.393
06460 -1.374
06470 -1.379
06480 -1.404
06490 -1.439
06500 -1.473
06510 -1.496
06520 -1.502
06530 -1.494
06540 -1.478
06550 -1.466
06560 -1.468
06570 -1.492
06580 -1.538
06590 -1.601
06600 -1.668
06610 -1.726
06620 -1.765
06630 -1.781
06640 -1.776
06650 -1.760
06660 -1.747
06670 -1.749
06680 -1.771
06690 -1.812
06700 -1.861
06710 -1.902
06720 -1.921
06730 -1.911
06740 -1.875
06750 -1.821
06760 -1.766
06770 -1.726
06780 -1.709
06790 -1.717
06800 -1.740
06810 -1.763
06820 -1.772
06830 -1.758
06840 -1.722
06850 -1.673
06860 -1.623
06870 -1.588
06880 -1.579
06890 -1.598
06900 -1.640
06910 -1.692
06920 -1.741
06930 -1.775
06940 -1.791
06950 -1.791
06960 -1.783
06970 -1.779
06980 -1.792
06990 -1.829
07000 -1.889
07010 -1.965
07020 -2.041
07030 -2.104
07040 -2.143
07050 -2.155
07060 -2.145
07070 -2.125
07080 -2.111
07090 -2.116
07100 -2.145
07110 -2.194
07120 -2.249
07130 -2.293
07140 -2.312
07150 -2.300
07160 -2.262
07170 -2.211
07180 -2.164
07190 -2.138
07200 -2.142
07210 -2.174
07220 -2.220
07230 -2.265
07240 -2.293
07250 -2.297
07260 -2.278
07270 -2.248
07280 -2.221
07290 -2.214
07300 -2.236
07310 -2.288
07320 -2.360
07330 -2.440
07340 -2.509
07350 -2.558
07360 -2.582
07370 -2.586
07380 -2.580
07390 -2.581
07400 -2.601
07410 -2.646
07420 -2.714
07430 -2.791
07440 -2.862
07450 -2.910
07460 -2.928
07470 -2.915
07480 -2.881
07490 -2.844
07500 -2.820
07510 -2.822
07520 -2.850
07530 -2.894
07540 -2.938
07550 -2.962
07560 -2.958
07570 -2.921
07580 -2.862
07590 -2.797
07600 -2.742
07610 -2.713
07620 -2.713
07630 -2.734
07640 -2.760
07650 -2.775
07660 -2.766
07670 -2.728
07680 -2.667
07690 -2.594
07700 -2.525
07710 -2.474
07720 -2.449
07730 -2.447
07740 -2.457
07750 -2.464
07760 -2.454
07770 -2.418
07780 -2.355
07790 -2.272
07800 -2.184
07810 -2.106
07820 -2.051
07830 -2.024
07840 -2.019
07850 -2.022
07860 -2.017
07870 -1.990
07880 -1.935
07890 -1.856
07900 -1.766
07910 -1.684
07920 -1.627
07930 -1.604
07940 -1.612
07950 -1.638
07960 -1.662
07970 -1.668
07980 -1.648
07990 -1.604
08000 -1.547
08010 -1.495
08020 -1.466
08030 -1.469
08040 -1.504
08050 -1.560
08060 -1.619
08070 -1.665
08080 -1.687
08090 -1.685
08100 -1.667
08110 -1.645
08120 -1.636
08130 -1.650
08140 -1.691
08150 -1.753
08160 -1.824
08170 -1.886
08180 -1.929
08190 -1.946
08200 -1.939
08210 -1.918
08220 -1.897
08230 -1.891
08240 -1.908
08250 -1.950
08260 -2.006
08270 -2.062
08280 -2.104
08290 -2.119
08300 -2.107
08310 -2.075
08320 -2.037
08330 -2.010
08340 -2.007
08350 -2.033
08360 -2.081
08370 -2.136
08380 -2.181
08390 -2.204
08400 -2.201
08410 -2.176
08420 -2.143
08430 -2.117
08440 -2.113
08450 -2.135
08460 -2.181
08470 -2.236
08480 -2.287
08490 -2.319
08500 -2.326
08510 -2.310
08520 -2.279
08530 -2.246
08540 -2.225
08550 -2.223
08560 -2.241
08570 -2.271
08580 -2.301
08590 -2.317
08600 -2.310
08610 -2.277
08620 -2.224
08630 -2.160
08640 -2.099
08650 -2.053
08660 -2.028
08670 -2.022
08680 -2.024
08690 -2.021
08700 -2.001
08710 -1.959
08720 -1.895
08730 -1.819
08740 -1.745
08750 -1.689
08760 -1.657
08770 -1.651
08780 -1.663
08790 -1.678
08800 -1.683
08810 -1.671
08820 -1.640
08830 -1.598
08840 -1.557
08850 -1.530
08860 -1.526
08870 -1.547
08880 -1.587
08890 -1.633
08900 -1.673
08910 -1.698
08920 -1.704
08930 -1.697
08940 -1.683
08950 -1.674
08960 -1.678
08970 -1.700
08980 -1.738
08990 -1.783
09000 -1.825
09010 -1.855
09020 -1.866
09030 -1.860
09040 -1.841
09050 -1.818
09060 -1.801
09070 -1.798
09080 -1.810
09090 -1.833
09100 -1.859
09110 -1.879
09120 -1.885
09130 -1.875
09140 -1.851
09150 -1.821
09160 -1.795
09170 -1.782
09180 -1.786
09190 -1.806
09200 -1.836
09210 -1.866
09220 -1.889
09230 -1.900
09240 -1.899
09250 -1.891
09260 -1.884
09270 -1.888
09280 -1.906
09290 -1.941
09300 -1.987
09310 -2.037
09320 -2.083
09330 -2.118
09340 -2.140
09350 -2.152
09360 -2.159
09370 -2.168
09380 -2.185
09390 -2.212
09400 -2.249
09410 -2.289
09420 -2.326
09430 -2.352
09440 -2.364
09450 -2.361
09460 -2.347
09470 -2.328
09480 -2.311
09490 -2.300
09500 -2.298
09510 -2.301
09520 -2.303
09530 -2.299
09540 -2.284
09550 -2.255
09560 -2.216
09570 -2.170
09580 -2.126
09590 -2.089
09600 -2.062
09610 -2.045
09620 -2.033
09630 -2.022
09640 -2.007
09650 -1.984
09660 -1.954
09670 -1.920
09680 -1.887
09690 -1.862
09700 -1.848
09710 -1.845
09720 -1.853
09730 -1.866
09740 -1.879
09750 -1.890
09760 -1.895
09770 -1.897
09780 -1.899
09790 -1.905
09800 -1.919
09810 -1.944
09820 -1.978
09830 -2.019
09840 -2.063
09850 -2.107
09860 -2.145
09870 -2.180
09880 -2.210
09890 -2.241
09900 -2.276
09910 -2.317
09920 -2.366
09930 -2.422
09940 -2.482
09950 -2.542
09960 -2.599
09970 -2.650
09980 -2.697
09990 -2.741
10000 -2.785
10010 -2.832
10020 -2.885
10030 -2.944
10040 -3.008
10050 -3.074
10060 -3.139
10070 -3.200
10080 -3.257
10090 -3.309
10100 -3.360
10110 -3.412
10120 -3.467
10130 -3.527
10140 -3.593
10150 -3.662
10160 -3.732
10170 -3.801
10180 -3.867
10190 -3.928
10200 -3.986
10210 -4.042
10220 -4.099
10230 -4.159
10240 -4.224
10250 -4.292
10260 -4.363
10270 -4.434
10280 -4.502
10290 -4.567
10300 -4.626
10310 -4.680
10320 -4.732
10330 -4.785
10340 -4.839
10350 -4.895
10360 -4.954
10370 -5.013
10380 -5.070
10390 -5.122
10400 -5.168
10410 -5.207
10420 -5.240
10430 -5.270
10440 -5.297
10450 -5.324
10460 -5.351
10470 -5.378
10480 -5.403
10490 -5.422
10500 -5.434
10510 -5.437
10520 -5.431
10530 -5.418
10540 -5.399
10550 -5.376
10560 -5.352
10570 -5.326
10580 -5.298
10590 -5.267
10600 -5.230
10610 -5.186
10620 -5.133
10630 -5.073
10640 -5.008
10650 -4.940
10660 -4.873
10670 -4.808
10680 -4.747
10690 -4.688
10700 -4.632
10710 -4.576
10720 -4.518
10730 -4.458
10740 -4.398
10750 -4.339
10760 -4.285
10770 -4.237
10780 -4.198
10790 -4.167
10800 -4.143
10810 -4.123
10820 -4.105
10830 -4.087
10840 -4.068
10850 -4.050
10860 -4.033
10870 -4.021
10880 -4.014
10890 -4.013
10900 -4.017
10910 -4.025
10920 -4.035
10930 -4.043
10940 -4.048
10950 -4.049
10960 -4.048
10970 -4.045
10980 -4.043
10990 -4.044
11000 -4.048
11010 -4.055
11020 -4.063
11030 -4.070
11040 -4.073
11050 -4.070
11060 -4.062
11070 -4.048
11080 -4.030
11090 -4.013
11100 -3.997
11110 -3.985
11120 -3.975
11130 -3.966
11140 -3.955
11150 -3.939
11160 -3.916
11170 -3.886
11180 -3.851
11190 -3.814
11200 -3.780
11210 -3.750
11220 -3.726
11230 -3.707
11240 -3.690
11250 -3.671
11260 -3.647
11270 -3.615
11280 -3.578
11290 -3.538
11300 -3.499
11310 -3.466
11320 -3.440
11330 -3.423
11340 -3.411
11350 -3.400
11360 -3.386
11370 -3.366
11380 -3.340
11390 -3.309
11400 -3.278
11410 -3.253
11420 -3.238
11430 -3.234
11440 -3.240
11450 -3.253
11460 -3.268
11470 -3.281
11480 -3.290
11490 -3.296
11500 -3.303
11510 -3.316
11520 -3.341
11530 -3.382
11540 -3.438
11550 -3.508
11560 -3.586
11570 -3.665
11580 -3.741
11590 -3.812
11600 -3.878
11610 -3.945
11620 -4.018
11630 -4.100
11640 -4.193
11650 -4.294
11660 -4.396
11670 -4.493
11680 -4.575
11690 -4.639
11700 -4.683
11710 -4.712
11720 -4.732
11730 -4.749
11740 -4.768
11750 -4.790
11760 -4.812
11770 -4.828
11780 -4.830
11790 -4.813
11800 -4.778
11810 -4.727
11820 -4.669
11830 -4.612
11840 -4.566
11850 -4.534
11860 -4.515
11870 -4.505
11880 -4.495
11890 -4.478
11900 -4.452
11910 -4.418
11920 -4.382
11930 -4.353
11940 -4.342
11950 -4.354
11960 -4.390
11970 -4.445
11980 -4.509
11990 -4.573
12000 -4.630
12010 -4.678
12020 -4.719
12030 -4.763
12040 -4.817
12050 -4.889
12060 -4.979
12070 -5.083
12080 -5.192
12090 -5.292
12100 -5.375
12110 -5.434
12120 -5.471
12130 -5.490
12140 -5.503
12150 -5.517
12160 -5.538
12170 -5.565
12180 -5.592
12190 -5.608
12200 -5.604
12210 -5.574
12220 -5.517
12230 -5.440
12240 -5.354
12250 -5.272
12260 -5.203
12270 -5.151
12280 -5.114
12290 -5.082
12300 -5.045
12310 -4.994
12320 -4.927
12330 -4.848
12340 -4.767
12350 -4.696
12360 -4.647
12370 -4.627
12380 -4.632
12390 -4.655
12400 -4.684
12410 -4.706
12420 -4.716
12430 -4.713
12440 -4.706
12450 -4.703
12460 -4.717
12470 -4.755
12480 -4.816
12490 -4.893
12500 -4.975
12510 -5.047
12520 -5.100
12530 -5.132
12540 -5.146
12550 -5.150
12560 -5.157
12570 -5.175
12580 -5.211
12590 -5.260
12600 -5.314
12610 -5.360
12620 -5.389
12630 -5.392
12640 -5.373
12650 -5.339
12660 -5.302
12670 -5.278
12680 -5.274
12690 -5.294
12700 -5.331
12710 -5.373
12720 -5.407
12730 -5.423
12740 -5.420
12750 -5.404
12760 -5.387
12770 -5.384
12780 -5.406
12790 -5.458
12800 -5.535
12810 -5.622
12820 -5.706
12830 -5.772
12840 -5.815
12850 -5.838
12860 -5.849
12870 -5.861
12880 -5.886
12890 -5.929
12900 -5.988
12910 -6.051
12920 -6.104
12930 -6.132
12940 -6.128
12950 -6.091
12960 -6.029
12970 -5.953
12980 -5.880
12990 -5.819
13000 -5.774
13010 -5.742
13020 -5.710
13030 -5.666
13040 -5.600
13050 -5.509
13060 -5.396
13070 -5.276
13080 -5.163
13090 -5.072
13100 -5.013
13110 -4.982
13120 -4.970
13130 -4.961
13140 -4.942
13150 -4.904
13160 -4.848
13170 -4.784
13180 -4.727
13190 -4.692
13200 -4.688
13210 -4.714
13220 -4.760
13230 -4.810
13240 -4.849
13250 -4.865
13260 -4.856
13270 -4.829
13280 -4.796
13290 -4.771
13300 -4.764
13310 -4.778
13320 -4.808
13330 -4.840
13340 -4.861
13350 -4.861
13360 -4.833
13370 -4.781
13380 -4.715
13390 -4.649
13400 -4.595
13410 -4.564
13420 -4.555
13430 -4.560
13440 -4.567
13450 -4.562
13460 -4.538
13470 -4.493
13480 -4.433
13490 -4.372
13500 -4.325
13510 -4.305
13520 -4.315
13530 -4.350
13540 -4.397
13550 -4.440
13560 -4.467
13570 -4.471
13580 -4.457
13590 -4.435
13600 -4.420
13610 -4.425
13620 -4.455
13630 -4.506
13640 -4.566
13650 -4.618
13660 -4.648
13670 -4.649
13680 -4.621
13690 -4.573
13700 -4.518
13710 -4.468
13720 -4.433
13730 -4.414
13740 -4.405
13750 -4.394
13760 -4.369
13770 -4.322
13780 -4.250
13790 -4.159
13800 -4.059
13810 -3.965
13820 -3.890
13830 -3.842
13840 -3.820
13850 -3.816
13860 -3.815
13870 -3.806
13880 -3.779
13890 -3.734
13900 -3.679
13910 -3.627
13920 -3.594
13930 -3.591
13940 -3.620
13950 -3.672
13960 -3.731
13970 -3.780
13980 -3.806
13990 -3.806
14000 -3.785
14010 -3.756
14020 -3.735
14030 -3.734
14040 -3.757
14050 -3.798
14060 -3.843
14070 -3.877
14080 -3.887
14090 -3.868
14100 -3.825
14110 -3.767
14120 -3.709
14130 -3.667
14140 -3.647
14150 -3.651
14160 -3.670
14170 -3.692
14180 -3.704
14190 -3.699
14200 -3.675
14210 -3.640
14220 -3.605
14230 -3.585
14240 -3.593
14250 -3.633
14260 -3.701
14270 -3.786
14280 -3.872
14290 -3.945
14300 -4.000
14310 -4.037
14320 -4.067
14330 -4.103
14340 -4.160
14350 -4.244
14360 -4.352
14370 -4.473
14380 -4.591
14390 -4.688
14400 -4.758
14410 -4.798
14420 -4.816
14430 -4.826
14440 -4.841
14450 -4.871
14460 -4.916
14470 -4.969
14480 -5.017
14490 -5.050
14500 -5.057
14510 -5.038
14520 -4.997
14530 -4.947
14540 -4.900
14550 -4.868
14560 -4.856
14570 -4.865
14580 -4.886
14590 -4.910
14600 -4.927
14610 -4.930
14620 -4.918
14630 -4.898
14640 -4.878
14650 -4.871
14660 -4.886
14670 -4.925
14680 -4.986
14690 -5.055
14700 -5.120
14710 -5.168
14720 -5.194
14730 -5.198
14740 -5.188
14750 -5.175
14760 -5.171
14770 -5.183
14780 -5.207
14790 -5.236
14800 -5.257
14810 -5.257
14820 -5.229
14830 -5.173
14840 -5.096
14850 -5.008
14860 -4.922
14870 -4.849
14880 -4.792
14890 -4.748
14900 -4.709
14910 -4.666
14920 -4.610
14930 -4.538
14940 -4.451
14950 -4.357
14960 -4.268
14970 -4.193
14980 -4.143
14990 -4.120
15000 -4.119
15010 -4.132
15020 -4.145
15030 -4.149
15040 -4.139
15050 -4.116
15060 -4.088
15070 -4.069
15080 -4.069
15090 -4.097
15100 -4.150
15110 -4.219
15120 -4.288
15130 -4.344
15140 -4.375
15150 -4.381
15160 -4.368
15170 -4.349
15180 -4.338
15190 -4.345
15200 -4.373
15210 -4.414
15220 -4.455
15230 -4.482
15240 -4.484
15250 -4.458
15260 -4.408
15270 -4.345
15280 -4.283
15290 -4.235
15300 -4.208
15310 -4.201
15320 -4.207
15330 -4.215
15340 -4.212
15350 -4.191
15360 -4.152
15370 -4.098
15380 -4.042
15390 -3.997
15400 -3.976
15410 -3.985
15420 -4.022
15430 -4.075
15440 -4.130
15450 -4.172
15460 -4.190
15470 -4.183
15480 -4.161
15490 -4.138
15500 -4.129
15510 -4.147
15520 -4.193
15530 -4.257
15540 -4.321
15550 -4.366
15560 -4.379
15570 -4.356
15580 -4.303
15590 -4.235
15600 -4.172
15610 -4.128
15620 -4.112
15630 -4.117
15640 -4.131
15650 -4.135
15660 -4.114
15670 -4.062
15680 -3.981
15690 -3.883
15700 -3.786
15710 -3.709
15720 -3.665
15730 -3.656
15740 -3.674
15750 -3.704
15760 -3.726
15770 -3.728
15780 -3.702
15790 -3.655
15800 -3.599
15810 -3.555
15820 -3.541
15830 -3.568
15840 -3.631
15850 -3.714
15860 -3.795
15870 -3.850
15880 -3.865
15890 -3.838
15900 -3.781
15910 -3.713
15920 -3.659
15930 -3.635
15940 -3.643
15950 -3.671
15960 -3.695
15970 -3.689
15980 -3.636
15990 -3.533
16000 -3.387
16010 -3.220
16020 -3.057
16030 -2.921
16040 -2.823
16050 -2.757
16060 -2.705
16070 -2.645
16080 -2.556
16090 -2.427
16100 -2.262
16110 -2.075
16120 -1.890
16130 -1.732
16140 -1.622
16150 -1.563
16160 -1.546
16170 -1.547
16180 -1.539
16190 -1.501
16200 -1.422
16210 -1.308
16220 -1.179
16230 -1.064
16240 -0.991
16250 -0.974
16260 -1.009
16270 -1.068
16280 -1.118
16290 -1.126
16300 -1.072
16310 -0.957
16320 -0.800
16330 -0.634
16340 -0.495
16350 -0.407
16360 -0.373
16370 -0.368
16380 -0.358
16390 -0.305
16400 -0.188
16410 -0.003
16420 +0.231
16430 +0.481
16440 +0.705
16450 +0.869
16460 +0.963
16470 +1.000
16480 +1.016
16490 +1.046
16500 +1.118
16510 +1.241
16520 +1.405
16530 +1.580
16540 +1.724
16550 +1.800
16560 +1.787
16570 +1.693
16580 +1.551
16590 +1.408
16600 +1.302
16610 +1.258
16620 +1.278
16630 +1.340
16640 +1.405
16650 +1.431
16660 +1.388
16670 +1.277
16680 +1.130
16690 +0.995
16700 +0.915
16710 +0.917
16720 +1.002
16730 +1.144
16740 +1.298
16750 +1.414
16760 +1.454
16770 +1.414
16780 +1.321
16790 +1.217
16800 +1.144
16810 +1.124
16820 +1.158
16830 +1.224
16840 +1.288
16850 +1.308
16860 +1.258
16870 +1.133
16880 +0.953
16890 +0.751
16900 +0.562
16910 +0.411
16920 +0.309
16930 +0.248
16940 +0.211
16950 +0.170
16960 +0.100
16970 -0.016
16980 -0.173
16990 -0.353
17000 -0.527
17010 -0.666
17020 -0.751
17030 -0.775
17040 -0.748
17050 -0.694
17060 -0.644
17070 -0.625
17080 -0.650
17090 -0.710
17100 -0.779
17110 -0.826
17120 -0.827
17130 -0.770
17140 -0.660
17150 -0.521
17160 -0.389
17170 -0.297
17180 -0.264
17190 -0.289
17200 -0.347
17210 -0.411
17220 -0.452
17230 -0.459
17240 -0.435
17250 -0.397
17260 -0.371
17270 -0.385
17280 -0.453
17290 -0.576
17300 -0.738
17310 -0.915
17320 -1.081
17330 -1.220
17340 -1.321
17350 -1.386
17360 -1.426
17370 -1.458
17380 -1.501
17390 -1.568
17400 -1.660
17410 -1.763
17420 -1.857
17430 -1.916
17440 -1.918
17450 -1.855
17460 -1.731
17470 -1.565
17480 -1.386
17490 -1.226
17500 -1.104
17510 -1.018
17520 -0.947
17530 -0.861
17540 -0.731
17550 -0.544
17560 -0.307
17570 -0.046
17580 +0.196
17590 +0.377
17600 +0.473
17610 +0.488
17620 +0.449
17630 +0.391
17640 +0.343
17650 +0.319
17660 +0.315
17670 +0.315
17680 +0.298
17690 +0.247
17700 +0.154
17710 +0.025
17720 -0.122
17730 -0.263
17740 -0.376
17750 -0.440
17760 -0.445
17770 -0.388
17780 -0.278
17790 -0.137
17800 +0.010
17810 +0.141
17820 +0.249
17830 +0.341
17840 +0.443
17850 +0.581
17860 +0.779
17870 +1.043
17880 +1.360
17890 +1.692
17900 +1.993
17910 +2.219
17920 +2.353
17930 +2.412
17940 +2.433
17950 +2.453
17960 +2.494
17970 +2.552
17980 +2.604
17990 +2.612
18000 +2.546
18010 +2.394
18020 +2.172
18030 +1.911
18040 +1.647
18050 +1.404
18060 +1.197
18070 +1.031
18080 +0.901
18090 +0.797
18100 +0.710
18110 +0.629
18120 +0.549
18130 +0.470
18140 +0.401
18150 +0.358
18160 +0.356
18170 +0.409
18180 +0.525
18190 +0.699
18200 +0.916
18210 +1.149
18220 +1.366
18230 +1.547
18240 +1.685
18250 +1.796
18260 +1.904
18270 +2.034
18280 +2.195
18290 +2.376
18300 +2.543
18310 +2.652
18320 +2.663
18330 +2.564
18340 +2.372
18350 +2.127
18360 +1.866
18370 +1.615
18380 +1.381
18390 +1.160
18400 +0.940
18410 +0.713
18420 +0.477
18430 +0.238
18440 +0.009
18450 -0.196
18460 -0.363
18470 -0.480
18480 -0.538
18490 -0.530
18500 -0.452
18510 -0.304
18520 -0.089
18530 +0.182
18540 +0.496
18550 +0.835
18560 +1.187
18570 +1.551
18580 +1.940
18590 +2.378
18600 +2.891
18610 +3.498
18620 +4.205
18630 +4.994
18640 +5.821
18650 +6.620
18660 +7.332
18670 +7.940
18680 +8.478
18690 +9.013
18700 +9.597
18710 +10.240
18720 +10.881
18730 +11.393
18740 +11.639
18750 +11.575
18760 +11.296
18770 +10.953
18780 +10.666
18790 +10.495
18800 +10.456
18810 +10.538
18820 +10.713
18830 +10.952
18840 +11.225
18850 +11.511
18860 +11.805
18870 +12.127
18880 +12.513
18890 +13.015
18900 +13.685
18910 +14.553
18920 +15.596
18930 +16.669
18940 +17.439
18950 +17.533
18960 +16.943
18970 +16.027
18980 +15.109
18990 +14.315
19000 +13.636
19010 +12.997
19020 +12.321
19030 +11.571
19040 +10.764
19050 +9.957
19060 +9.208
19070 +8.557
19080 +8.020
19090 +7.588
19100 +7.234
19110 +6.925
19120 +6.624
19130 +6.307
19140 +5.963
19150 +5.598
19160 +5.228
19170 +4.871
19180 +4.543
19190 +4.252
19200 +3.995
19210 +3.763
19220 +3.540
19230 +3.304
19240 +3.033
19250 +2.711
19260 +2.339
19270 +1.927
19280 +1.502
19290 +1.090
19300 +0.714
19310 +0.379
19320 +0.078
19330 -0.213
19340 -0.518
19350 -0.855
19360 -1.228
19370 -1.622
19380 -2.009
19390 -2.363
19400 -2.665
19410 -2.909
19420 -3.109
19430 -3.283
19440 -3.458
19450 -3.652
19460 -3.871
19470 -4.110
19480 -4.351
19490 -4.576
19500 -4.768
19510 -4.921
19520 -5.039
19530 -5.136
19540 -5.230
19550 -5.339
19560 -5.474
19570 -5.640
19580 -5.831
19590 -6.035
19600 -6.236
19610 -6.421
19620 -6.583
19630 -6.723
19640 -6.853
19650 -6.990
19660 -7.149
19670 -7.341
19680 -7.564
19690 -7.804
19700 -8.043
19710 -8.259
19720 -8.440
19730 -8.585
19740 -8.703
19750 -8.812
19760 -8.934
19770 -9.080
19780 -9.254
19790 -9.448
19800 -9.644
19810 -9.823
19820 -9.972
19830 -10.086
19840 -10.171
19850 -10.244
19860 -10.323
19870 -10.425
19880 -10.556
19890 -10.712
19900 -10.879
19910 -11.041
19920 -11.181
19930 -11.290
19940 -11.370
19950 -11.432
19960 -11.495
19970 -11.576
19980 -11.685
19990 -11.823
20000 -11.983
20010 -12.149
20020 -12.303
20030 -12.431
20040 -12.529
20050 -12.602
20060 -12.669
20070 -12.748
20080 -12.857
20090 -13.002
20100 -13.183
20110 -13.389
20120 -13.601
20130 -13.796
20140 -13.958
20150 -14.086
20160 -14.196
20170 -14.321
20180 -14.494
20190 -14.740
20200 -15.063
20210 -15.402
20220 -15.562
20230 -15.269
20240 -14.582
20250 -13.933
20260 -13.553
20270 -13.406
20280 -13.399
20290 -13.466
20300 -13.569
20310 -13.689
20320 -13.816
20330 -13.945
20340 -14.072
20350 -14.198
20360 -14.322
20370 -14.447
20380 -14.572
20390 -14.701
20400 -14.831
20410 -14.962
20420 -15.090
20430 -15.213
20440 -15.329
20450 -15.439
20460 -15.545
20470 -15.649
20480 -15.756
20490 -15.868
20500 -15.986
20510 -16.110
20520 -16.235
20530 -16.358
20540 -16.477
20550 -16.588
20560 -16.694
20570 -16.797
20580 -16.900
20590 -17.008
20600 -17.121
20610 -17.239
20620 -17.359
20630 -17.477
20640 -17.589
20650 -17.692
20660 -17.786
20670 -17.874
20680 -17.959
20690 -18.044
20700 -18.132
20710 -18.223
20720 -18.315
20730 -18.405
20740 -18.490
20750 -18.567
20760 -18.635
20770 -18.698
20780 -18.760
20790 -18.824
20800 -18.896
20810 -18.978
20820 -19.071
20830 -19.173
20840 -19.282
20850 -19.395
20860 -19.512
20870 -19.636
20880 -19.775
20890 -19.935
20900 -20.124
20910 -20.338
20920 -20.552
20930 -20.711
20940 -20.743
20950 -20.614
20960 -20.370
20970 -20.094
20980 -19.849
20990 -19.658
21000 -19.522
21010 -19.430
21020 -19.373
21030 -19.343
21040 -19.333
21050 -19.339
21060 -19.357
21070 -19.386
21080 -19.425
21090 -19.471
21100 -19.524
21110 -19.580
21120 -19.637
21130 -19.694
21140 -19.749
21150 -19.803
21160 -19.856
21170 -19.911
21180 -19.968
21190 -20.029
21200 -20.095
21210 -20.165
21220 -20.236
21230 -20.306
21240 -20.373
21250 -20.436
21260 -20.496
21270 -20.555
21280 -20.615
21290 -20.682
21300 -20.756
21310 -20.838
21320 -20.926
21330 -21.017
21340 -21.108
21350 -21.196
21360 -21.281
21370 -21.367
21380 -21.457
21390 -21.557
21400 -21.673
21410 -21.806
21420 -21.955
21430 -22.115
21440 -22.282
21450 -22.448
21460 -22.611
21470 -22.769
21480 -22.924
21490 -23.077
21500 -23.226
21510 -23.367
21520 -23.495
21530 -23.601
21540 -23.680
21550 -23.729
21560 -23.753
21570 -23.754
21580 -23.743
21590 -23.727
21600 -23.713
21610 -23.706
21620 -23.708
21630 -23.720
21640 -23.739
21650 -23.764
21660 -23.794
21670 -23.828
21680 -23.869
21690 -23.920
21700 -23.985
21710 -24.068
21720 -24.169
21730 -24.289
21740 -24.426
21750 -24.579
21760 -24.749
21770 -24.939
21780 -25.153
21790 -25.399
21800 -25.685
21810 -26.017
21820 -26.395
21830 -26.818
21840 -27.283
21850 -27.787
21860 -28.333
21870 -28.930
21880 -29.589
21890 -30.320
21900 -31.127
21910 -31.997
21920 -32.899
21930 -33.783
21940 -34.586
21950 -35.253
21960 -35.751
21970 -36.076
21980 -36.246
21990 -36.285
22000 -36.214
22010 -36.050
22020 -35.810
22030 -35.518
22040 -35.200
22050 -34.887
22060 -34.605
22070 -34.377
22080 -34.218
22090 -34.137
22100 -34.136
22110 -34.214
22120 -34.360
22130 -34.558
22140 -34.789
22150 -35.042
22160 -35.314
22170 -35.616
22180 -35.964
22190 -36.363
22200 -36.784
22210 -37.141
22220 -37.279
22230 -37.043
22240 -36.404
22250 -35.488
22260 -34.463
22270 -33.445
22280 -32.483
22290 -31.586
22300 -30.748
22310 -29.961
22320 -29.220
22330 -28.530
22340 -27.892
22350 -27.309
22360 -26.779
22370 -26.297
22380 -25.856
22390 -25.450
22400 -25.074
22410 -24.726
22420 -24.405
22430 -24.112
22440 -23.843
22450 -23.597
22460 -23.366
22470 -23.144
22480 -22.925
22490 -22.705
22500 -22.485
22510 -22.269
22520 -22.063
22530 -21.874
22540 -21.707
22550 -21.560
22560 -21.425
22570 -21.288
22580 -21.137
22590 -20.964
22600 -20.768
22610 -20.555
22620 -20.338
22630 -20.131
22640 -19.943
22650 -19.776
22660 -19.622
22670 -19.467
22680 -19.294
22690 -19.093
22700 -18.863
22710 -18.609
22720 -18.345
22730 -18.088
22740 -17.851
22750 -17.642
22760 -17.460
22770 -17.293
22780 -17.128
22790 -16.950
22800 -16.751
22810 -16.529
22820 -16.292
22830 -16.054
22840 -15.833
22850 -15.643
22860 -15.494
22870 -15.384
22880 -15.303
22890 -15.231
22900 -15.152
22910 -15.054
22920 -14.936
22930 -14.811
22940 -14.698
22950 -14.621
22960 -14.599
22970 -14.638
22980 -14.728
22990 -14.847
23000 -14.966
23010 -15.065
23020 -15.133
23030 -15.175
23040 -15.211
23050 -15.263
23060 -15.354
23070 -15.491
23080 -15.667
23090 -15.858
23100 -16.036
23110 -16.174
23120 -16.257
23130 -16.284
23140 -16.269
23150 -16.235
23160 -16.206
23170 -16.200
23180 -16.223
23190 -16.264
23200 -16.305
23210 -16.323
23220 -16.299
23230 -16.228
23240 -16.116
23250 -15.982
23260 -15.853
23270 -15.756
23280 -15.709
23290 -15.714
23300 -15.758
23310 -15.817
23320 -15.865
23330 -15.883
23340 -15.867
23350 -15.826
23360 -15.784
23370 -15.769
23380 -15.801
23390 -15.887
23400 -16.014
23410 -16.156
23420 -16.280
23430 -16.362
23440 -16.390
23450 -16.367
23460 -16.310
23470 -16.246
23480 -16.197
23490 -16.177
23500 -16.182
23510 -16.194
23520 -16.191
23530 -16.152
23540 -16.064
23550 -15.931
23560 -15.765
23570 -15.592
23580 -15.435
23590 -15.316
23600 -15.240
23610 -15.199
23620 -15.177
23630 -15.153
23640 -15.112
23650 -15.048
23660 -14.967
23670 -14.886
23680 -14.828
23690 -14.813
23700 -14.850
23710 -14.932
23720 -15.043
23730 -15.159
23740 -15.257
23750 -15.325
23760 -15.363
23770 -15.381
23780 -15.397
23790 -15.429
23800 -15.486
23810 -15.566
23820 -15.653
23830 -15.727
23840 -15.767
23850 -15.763
23860 -15.715
23870 -15.633
23880 -15.537
23890 -15.449
23900 -15.383
23910 -15.345
23920 -15.327
23930 -15.314
23940 -15.290
23950 -15.246
23960 -15.179
23970 -15.097
23980 -15.018
23990 -14.959
