00000 -0.054
00010 -0.132
00020 -0.315
00030 -0.511
00040 -0.656
00050 -0.732
00060 -0.741
00070 -0.695
00080 -0.613
00090 -0.527
00100 -0.476
00110 -0.493
00120 -0.582
00130 -0.712
00140 -0.834
00150 -0.917
00160 -0.951
00170 -0.942
00180 -0.903
00190 -0.854
00200 -0.815
00210 -0.805
00220 -0.834
00230 -0.895
00240 -0.967
00250 -1.027
00260 -1.060
00270 -1.060
00280 -1.032
00290 -0.987
00300 -0.941
00310 -0.908
00320 -0.903
00330 -0.928
00340 -0.977
00350 -1.033
00360 -1.078
00370 -1.100
00380 -1.094
00390 -1.067
00400 -1.030
00410 -1.000
00420 -0.996
00430 -1.030
00440 -1.103
00450 -1.204
00460 -1.313
00470 -1.410
00480 -1.483
00490 -1.533
00500 -1.573
00510 -1.624
00520 -1.706
00530 -1.836
00540 -2.012
00550 -2.215
00560 -2.415
00570 -2.586
00580 -2.712
00590 -2.796
00600 -2.852
00610 -2.899
00620 -2.956
00630 -3.033
00640 -3.128
00650 -3.231
00660 -3.324
00670 -3.392
00680 -3.426
00690 -3.429
00700 -3.411
00710 -3.384
00720 -3.363
00730 -3.361
00740 -3.382
00750 -3.424
00760 -3.477
00770 -3.527
00780 -3.559
00790 -3.567
00800 -3.550
00810 -3.517
00820 -3.482
00830 -3.459
00840 -3.461
00850 -3.491
00860 -3.540
00870 -3.592
00880 -3.624
00890 -3.621
00900 -3.581
00910 -3.512
00920 -3.432
00930 -3.361
00940 -3.316
00950 -3.302
00960 -3.309
00970 -3.319
00980 -3.315
00990 -3.285
01000 -3.228
01010 -3.153
01020 -3.075
01030 -3.011
01040 -2.971
01050 -2.959
01060 -2.970
01070 -2.992
01080 -3.011
01090 -3.013
01100 -2.995
01110 -2.960
01120 -2.915
01130 -2.874
01140 -2.849
01150 -2.846
01160 -2.868
01170 -2.906
01180 -2.950
01190 -2.987
01200 -3.008
01210 -3.009
01220 -2.998
01230 -2.983
01240 -2.978
01250 -2.993
01260 -3.033
01270 -3.095
01280 -3.168
01290 -3.238
01300 -3.294
01310 -3.329
01320 -3.347
01330 -3.355
01340 -3.365
01350 -3.388
01360 -3.430
01370 -3.490
01380 -3.560
01390 -3.628
01400 -3.682
01410 -3.717
01420 -3.733
01430 -3.736
01440 -3.735
01450 -3.740
01460 -3.757
01470 -3.790
01480 -3.835
01490 -3.883
01500 -3.927
01510 -3.958
01520 -3.973
01530 -3.972
01540 -3.962
01550 -3.950
01560 -3.943
01570 -3.948
01580 -3.966
01590 -3.991
01600 -4.017
01610 -4.033
01620 -4.032
01630 -4.010
01640 -3.972
01650 -3.924
01660 -3.878
01670 -3.844
01680 -3.827
01690 -3.824
01700 -3.830
01710 -3.833
01720 -3.826
01730 -3.803
01740 -3.766
01750 -3.722
01760 -3.681
01770 -3.652
01780 -3.640
01790 -3.646
01800 -3.663
01810 -3.683
01820 -3.696
01830 -3.696
01840 -3.683
01850 -3.659
01860 -3.631
01870 -3.610
01880 -3.602
01890 -3.609
01900 -3.631
01910 -3.660
01920 -3.687
01930 -3.704
01940 -3.708
01950 -3.698
01960 -3.679
01970 -3.662
01980 -3.654
01990 -3.661
02000 -3.685
02010 -3.721
02020 -3.761
02030 -3.794
02040 -3.813
02050 -3.815
02060 -3.803
02070 -3.787
02080 -3.775
02090 -3.777
02100 -3.794
02110 -3.823
02120 -3.853
02130 -3.875
02140 -3.880
02150 -3.866
02160 -3.837
02170 -3.801
02180 -3.767
02190 -3.744
02200 -3.734
02210 -3.737
02220 -3.745
02230 -3.752
02240 -3.750
02250 -3.735
02260 -3.708
02270 -3.673
02280 -3.638
02290 -3.610
02300 -3.593
02310 -3.591
02320 -3.600
02330 -3.613
02340 -3.624
02350 -3.626
02360 -3.619
02370 -3.603
02380 -3.584
02390 -3.571
02400 -3.571
02410 -3.588
02420 -3.620
02430 -3.664
02440 -3.711
02450 -3.754
02460 -3.788
02470 -3.813
02480 -3.834
02490 -3.856
02500 -3.887
02510 -3.931
02520 -3.987
02530 -4.051
02540 -4.116
02550 -4.175
02560 -4.222
02570 -4.256
02580 -4.280
02590 -4.298
02600 -4.317
02610 -4.342
02620 -4.375
02630 -4.413
02640 -4.454
02650 -4.489
02660 -4.515
02670 -4.528
02680 -4.529
02690 -4.520
02700 -4.507
02710 -4.495
02720 -4.489
02730 -4.488
02740 -4.490
02750 -4.491
02760 -4.485
02770 -4.469
02780 -4.441
02790 -4.403
02800 -4.360
02810 -4.320
02820 -4.289
02830 -4.270
02840 -4.265
02850 -4.271
02860 -4.283
02870 -4.297
02880 -4.309
02890 -4.317
02900 -4.325
02910 -4.337
02920 -4.355
02930 -4.383
02940 -4.420
02950 -4.464
02960 -4.507
02970 -4.546
02980 -4.574
02990 -4.591
03000 -4.596
03010 -4.593
03020 -4.586
03030 -4.580
03040 -4.577
03050 -4.576
03060 -4.574
03070 -4.566
03080 -4.547
03090 -4.514
03100 -4.465
03110 -4.402
03120 -4.330
03130 -4.251
03140 -4.171
03150 -4.092
03160 -4.011
03170 -3.925
03180 -3.831
03190 -3.723
03200 -3.601
03210 -3.467
03220 -3.327
03230 -3.189
03240 -3.061
03250 -2.950
03260 -2.860
03270 -2.792
03280 -2.744
03290 -2.713
03300 -2.697
03310 -2.696
03320 -2.713
03330 -2.752
03340 -2.816
03350 -2.906
03360 -3.021
03370 -3.154
03380 -3.298
03390 -3.445
03400 -3.589
03410 -3.726
03420 -3.855
03430 -3.978
03440 -4.100
03450 -4.223
03460 -4.348
03470 -4.476
03480 -4.601
03490 -4.721
03500 -4.829
03510 -4.924
03520 -5.004
03530 -5.071
03540 -5.129
03550 -5.183
03560 -5.236
03570 -5.289
03580 -5.340
03590 -5.385
03600 -5.419
03610 -5.438
03620 -5.440
03630 -5.424
03640 -5.395
03650 -5.357
03660 -5.313
03670 -5.266
03680 -5.217
03690 -5.161
03700 -5.097
03710 -5.019
03720 -4.928
03730 -4.824
03740 -4.711
03750 -4.597
03760 -4.488
03770 -4.391
03780 -4.308
03790 -4.241
03800 -4.189
03810 -4.150
03820 -4.122
03830 -4.106
03840 -4.102
03850 -4.113
03860 -4.142
03870 -4.188
03880 -4.253
03890 -4.333
03900 -4.423
03910 -4.520
03920 -4.617
03930 -4.709
03940 -4.795
03950 -4.873
03960 -4.944
03970 -5.009
03980 -5.071
03990 -5.128
04000 -5.181
04010 -5.225
04020 -5.257
04030 -5.273
04040 -5.270
04050 -5.247
04060 -5.206
04070 -5.151
04080 -5.084
04090 -5.010
04100 -4.930
04110 -4.843
04120 -4.748
04130 -4.643
04140 -4.525
04150 -4.397
04160 -4.259
04170 -4.118
04180 -3.977
04190 -3.843
04200 -3.719
04210 -3.606
04220 -3.504
04230 -3.411
04240 -3.325
04250 -3.244
04260 -3.168
04270 -3.097
04280 -3.036
04290 -2.987
04300 -2.952
04310 -2.932
04320 -2.925
04330 -2.929
04340 -2.937
04350 -2.947
04360 -2.955
04370 -2.959
04380 -2.960
04390 -2.962
04400 -2.966
04410 -2.975
04420 -2.988
04430 -3.004
04440 -3.018
04450 -3.026
04460 -3.025
04470 -3.013
04480 -2.992
04490 -2.964
04500 -2.934
04510 -2.907
04520 -2.886
04530 -2.871
04540 -2.860
04550 -2.849
04560 -2.836
04570 -2.820
04580 -2.801
04590 -2.783
04600 -2.772
04610 -2.771
04620 -2.784
04630 -2.811
04640 -2.851
04650 -2.900
04660 -2.953
04670 -3.007
04680 -3.060
04690 -3.114
04700 -3.169
04710 -3.231
04720 -3.300
04730 -3.380
04740 -3.467
04750 -3.559
04760 -3.651
04770 -3.739
04780 -3.819
04790 -3.890
04800 -3.955
04810 -4.015
04820 -4.076
04830 -4.139
04840 -4.204
04850 -4.269
04860 -4.331
04870 -4.386
04880 -4.428
04890 -4.458
04900 -4.476
04910 -4.486
04920 -4.492
04930 -4.498
04940 -4.507
04950 -4.519
04960 -4.532
04970 -4.541
04980 -4.545
04990 -4.542
05000 -4.532
05010 -4.519
05020 -4.505
05030 -4.497
05040 -4.495
05050 -4.502
05060 -4.516
05070 -4.534
05080 -4.553
05090 -4.568
05100 -4.578
05110 -4.585
05120 -4.589
05130 -4.594
05140 -4.604
05150 -4.619
05160 -4.641
05170 -4.666
05180 -4.690
05190 -4.710
05200 -4.723
05210 -4.726
05220 -4.722
05230 -4.714
05240 -4.704
05250 -4.698
05260 -4.695
05270 -4.696
05280 -4.697
05290 -4.694
05300 -4.685
05310 -4.667
05320 -4.641
05330 -4.610
05340 -4.578
05350 -4.551
05360 -4.530
05370 -4.516
05380 -4.508
05390 -4.503
05400 -4.496
05410 -4.486
05420 -4.472
05430 -4.454
05440 -4.436
05450 -4.422
05460 -4.413
05470 -4.413
05480 -4.420
05490 -4.430
05500 -4.441
05510 -4.446
05520 -4.445
05530 -4.435
05540 -4.418
05550 -4.398
05560 -4.377
05570 -4.359
05580 -4.345
05590 -4.331
05600 -4.315
05610 -4.293
05620 -4.260
05630 -4.214
05640 -4.158
05650 -4.093
05660 -4.025
05670 -3.959
05680 -3.896
05690 -3.837
05700 -3.779
05710 -3.720
05720 -3.655
05730 -3.584
05740 -3.506
05750 -3.425
05760 -3.345
05770 -3.271
05780 -3.208
05790 -3.156
05800 -3.113
05810 -3.078
05820 -3.045
05830 -3.012
05840 -2.978
05850 -2.943
05860 -2.910
05870 -2.882
05880 -2.863
05890 -2.854
05900 -2.856
05910 -2.865
05920 -2.877
05930 -2.889
05940 -2.896
05950 -2.898
05960 -2.897
05970 -2.895
05980 -2.896
05990 -2.905
06000 -2.921
06010 -2.944
06020 -2.970
06030 -2.996
06040 -3.018
06050 -3.033
06060 -3.043
06070 -3.050
06080 -3.059
06090 -3.074
06100 -3.097
06110 -3.128
06120 -3.165
06130 -3.204
06140 -3.242
06150 -3.274
06160 -3.300
06170 -3.323
06180 -3.345
06190 -3.369
06200 -3.399
06210 -3.436
06220 -3.478
06230 -3.522
06240 -3.564
06250 -3.600
06260 -3.628
06270 -3.649
06280 -3.663
06290 -3.676
06300 -3.690
06310 -3.707
06320 -3.729
06330 -3.753
06340 -3.778
06350 -3.798
06360 -3.812
06370 -3.819
06380 -3.819
06390 -3.817
06400 -3.816
06410 -3.821
06420 -3.834
06430 -3.855
06440 -3.882
06450 -3.911
06460 -3.940
06470 -3.966
06480 -3.989
06490 -4.011
06500 -4.037
06510 -4.069
06520 -4.110
06530 -4.161
06540 -4.220
06550 -4.282
06560 -4.345
06570 -4.403
06580 -4.456
06590 -4.503
06600 -4.546
06610 -4.588
06620 -4.632
06630 -4.680
06640 -4.729
06650 -4.779
06660 -4.825
06670 -4.864
06680 -4.893
06690 -4.911
06700 -4.918
06710 -4.919
06720 -4.916
06730 -4.914
06740 -4.913
06750 -4.914
06760 -4.915
06770 -4.911
06780 -4.901
06790 -4.881
06800 -4.853
06810 -4.821
06820 -4.787
06830 -4.757
06840 -4.734
06850 -4.719
06860 -4.711
06870 -4.707
06880 -4.703
06890 -4.697
06900 -4.687
06910 -4.676
06920 -4.666
06930 -4.662
06940 -4.667
06950 -4.682
06960 -4.706
06970 -4.736
06980 -4.768
06990 -4.798
07000 -4.824
07010 -4.844
07020 -4.860
07030 -4.876
07040 -4.893
07050 -4.915
07060 -4.941
07070 -4.970
07080 -4.998
07090 -5.021
07100 -5.037
07110 -5.042
07120 -5.039
07130 -5.028
07140 -5.015
07150 -5.004
07160 -4.996
07170 -4.992
07180 -4.990
07190 -4.988
07200 -4.981
07210 -4.967
07220 -4.945
07230 -4.919
07240 -4.892
07250 -4.868
07260 -4.851
07270 -4.843
07280 -4.843
07290 -4.847
07300 -4.850
07310 -4.850
07320 -4.844
07330 -4.832
07340 -4.817
07350 -4.803
07360 -4.793
07370 -4.788
07380 -4.789
07390 -4.792
07400 -4.792
07410 -4.787
07420 -4.771
07430 -4.745
07440 -4.709
07450 -4.666
07460 -4.622
07470 -4.579
07480 -4.538
07490 -4.500
07500 -4.460
07510 -4.416
07520 -4.362
07530 -4.299
07540 -4.227
07550 -4.149
07560 -4.070
07570 -3.994
07580 -3.926
07590 -3.866
07600 -3.812
07610 -3.760
07620 -3.706
07630 -3.649
07640 -3.587
07650 -3.523
07660 -3.461
07670 -3.406
07680 -3.361
07690 -3.326
07700 -3.302
07710 -3.283
07720 -3.265
07730 -3.245
07740 -3.220
07750 -3.191
07760 -3.160
07770 -3.130
07780 -3.104
07790 -3.084
07800 -3.070
07810 -3.058
07820 -3.045
07830 -3.026
07840 -2.999
07850 -2.962
07860 -2.918
07870 -2.870
07880 -2.822
07890 -2.779
07900 -2.741
07910 -2.708
07920 -2.677
07930 -2.645
07940 -2.609
07950 -2.568
07960 -2.524
07970 -2.479
07980 -2.438
07990 -2.406
08000 -2.385
08010 -2.373
08020 -2.370
08030 -2.371
08040 -2.373
08050 -2.375
08060 -2.375
08070 -2.375
08080 -2.379
08090 -2.389
08100 -2.407
08110 -2.434
08120 -2.468
08130 -2.505
08140 -2.542
08150 -2.576
08160 -2.606
08170 -2.631
08180 -2.653
08190 -2.675
08200 -2.699
08210 -2.726
08220 -2.757
08230 -2.788
08240 -2.819
08250 -2.844
08260 -2.864
08270 -2.877
08280 -2.885
08290 -2.889
08300 -2.895
08310 -2.904
08320 -2.917
08330 -2.936
08340 -2.958
08350 -2.981
08360 -3.002
08370 -3.021
08380 -3.037
08390 -3.054
08400 -3.073
08410 -3.097
08420 -3.128
08430 -3.167
08440 -3.210
08450 -3.256
08460 -3.301
08470 -3.343
08480 -3.380
08490 -3.412
08500 -3.442
08510 -3.470
08520 -3.498
08530 -3.526
08540 -3.552
08550 -3.575
08560 -3.591
08570 -3.596
08580 -3.588
08590 -3.567
08600 -3.534
08610 -3.489
08620 -3.436
08630 -3.377
08640 -3.313
08650 -3.242
08660 -3.164
08670 -3.078
08680 -2.982
08690 -2.877
08700 -2.765
08710 -2.650
08720 -2.537
08730 -2.430
08740 -2.331
08750 -2.241
08760 -2.160
08770 -2.086
08780 -2.016
08790 -1.952
08800 -1.893
08810 -1.840
08820 -1.796
08830 -1.764
08840 -1.743
08850 -1.732
08860 -1.731
08870 -1.735
08880 -1.742
08890 -1.750
08900 -1.758
08910 -1.765
08920 -1.772
08930 -1.781
08940 -1.792
08950 -1.805
08960 -1.818
08970 -1.831
08980 -1.840
08990 -1.843
09000 -1.841
09010 -1.832
09020 -1.817
09030 -1.799
09040 -1.780
09050 -1.760
09060 -1.740
09070 -1.721
09080 -1.700
09090 -1.679
09100 -1.656
09110 -1.631
09120 -1.607
09130 -1.585
09140 -1.568
09150 -1.557
09160 -1.554
09170 -1.558
09180 -1.568
09190 -1.584
09200 -1.604
09210 -1.627
09220 -1.654
09230 -1.685
09240 -1.721
09250 -1.762
09260 -1.810
09270 -1.862
09280 -1.919
09290 -1.978
09300 -2.039
09310 -2.100
09320 -2.160
09330 -2.220
09340 -2.279
09350 -2.338
09360 -2.397
09370 -2.456
09380 -2.515
09390 -2.573
09400 -2.628
09410 -2.680
09420 -2.727
09430 -2.770
09440 -2.809
09450 -2.844
09460 -2.876
09470 -2.906
09480 -2.933
09490 -2.958
09500 -2.981
09510 -3.001
09520 -3.018
09530 -3.031
09540 -3.042
09550 -3.050
09560 -3.058
09570 -3.065
09580 -3.072
09590 -3.080
09600 -3.088
09610 -3.097
09620 -3.106
09630 -3.114
09640 -3.122
09650 -3.129
09660 -3.137
09670 -3.145
09680 -3.154
09690 -3.164
09700 -3.176
09710 -3.189
09720 -3.202
09730 -3.216
09740 -3.230
09750 -3.243
09760 -3.256
09770 -3.269
09780 -3.283
09790 -3.298
09800 -3.314
09810 -3.331
09820 -3.349
09830 -3.368
09840 -3.387
09850 -3.406
09860 -3.425
09870 -3.445
09880 -3.465
09890 -3.485
09900 -3.507
09910 -3.530
09920 -3.554
09930 -3.580
09940 -3.606
09950 -3.633
09960 -3.659
09970 -3.686
09980 -3.713
09990 -3.739
10000 -3.767
10010 -3.795
10020 -3.823
10030 -3.853
10040 -3.883
10050 -3.913
10060 -3.943
10070 -3.972
10080 -4.001
10090 -4.029
10100 -4.057
10110 -4.085
10120 -4.114
10130 -4.143
10140 -4.173
10150 -4.203
10160 -4.233
10170 -4.263
10180 -4.293
10190 -4.322
10200 -4.351
10210 -4.380
10220 -4.409
10230 -4.439
10240 -4.469
10250 -4.500
10260 -4.531
10270 -4.562
10280 -4.592
10290 -4.621
10300 -4.648
10310 -4.673
10320 -4.696
10330 -4.718
10340 -4.738
10350 -4.757
10360 -4.774
10370 -4.787
10380 -4.798
10390 -4.803
10400 -4.805
10410 -4.802
10420 -4.794
10430 -4.783
10440 -4.768
10450 -4.751
10460 -4.731
10470 -4.708
10480 -4.681
10490 -4.651
10500 -4.616
10510 -4.579
10520 -4.538
10530 -4.495
10540 -4.450
10550 -4.404
10560 -4.357
10570 -4.309
10580 -4.260
10590 -4.209
10600 -4.157
10610 -4.102
10620 -4.047
10630 -3.990
10640 -3.934
10650 -3.878
10660 -3.824
10670 -3.771
10680 -3.718
10690 -3.667
10700 -3.616
10710 -3.567
10720 -3.518
10730 -3.472
10740 -3.429
10750 -3.390
10760 -3.354
10770 -3.323
10780 -3.297
10790 -3.274
10800 -3.255
10810 -3.239
10820 -3.227
10830 -3.218
10840 -3.213
10850 -3.210
10860 -3.211
10870 -3.214
10880 -3.218
10890 -3.222
10900 -3.226
10910 -3.227
10920 -3.226
10930 -3.222
10940 -3.214
10950 -3.201
10960 -3.185
10970 -3.164
10980 -3.139
10990 -3.109
11000 -3.074
11010 -3.032
11020 -2.986
11030 -2.933
11040 -2.875
11050 -2.813
11060 -2.747
11070 -2.679
11080 -2.608
11090 -2.536
11100 -2.463
11110 -2.388
11120 -2.312
11130 -2.237
11140 -2.162
11150 -2.090
11160 -2.022
11170 -1.959
11180 -1.902
11190 -1.853
11200 -1.810
11210 -1.774
11220 -1.746
11230 -1.725
11240 -1.712
11250 -1.707
11260 -1.710
11270 -1.721
11280 -1.739
11290 -1.763
11300 -1.790
11310 -1.818
11320 -1.846
11330 -1.871
11340 -1.893
11350 -1.909
11360 -1.919
11370 -1.923
11380 -1.919
11390 -1.906
11400 -1.884
11410 -1.851
11420 -1.807
11430 -1.752
11440 -1.685
11450 -1.609
11460 -1.523
11470 -1.429
11480 -1.328
11490 -1.222
11500 -1.111
11510 -0.996
11520 -0.876
11530 -0.753
11540 -0.626
11550 -0.499
11560 -0.373
11570 -0.250
11580 -0.134
11590 -0.024
11600 +0.076
11610 +0.168
11620 +0.251
11630 +0.324
11640 +0.387
11650 +0.438
11660 +0.474
11670 +0.494
11680 +0.496
11690 +0.480
11700 +0.447
11710 +0.399
11720 +0.338
11730 +0.267
11740 +0.187
11750 +0.099
11760 +0.003
11770 -0.099
11780 -0.206
11790 -0.317
11800 -0.427
11810 -0.532
11820 -0.631
11830 -0.719
11840 -0.796
11850 -0.860
11860 -0.910
11870 -0.949
11880 -0.974
11890 -0.987
11900 -0.986
11910 -0.971
11920 -0.942
11930 -0.899
11940 -0.842
11950 -0.773
11960 -0.693
11970 -0.606
11980 -0.513
11990 -0.419
12000 -0.324
12010 -0.231
12020 -0.139
12030 -0.049
12040 +0.039
12050 +0.123
12060 +0.203
12070 +0.276
12080 +0.338
12090 +0.388
12100 +0.425
12110 +0.448
12120 +0.458
12130 +0.460
12140 +0.454
12150 +0.442
12160 +0.425
12170 +0.401
12180 +0.370
12190 +0.330
12200 +0.283
12210 +0.229
12220 +0.173
12230 +0.117
12240 +0.065
12250 +0.020
12260 -0.018
12270 -0.048
12280 -0.073
12290 -0.092
12300 -0.107
12310 -0.117
12320 -0.120
12330 -0.114
12340 -0.097
12350 -0.066
12360 -0.022
12370 +0.034
12380 +0.097
12390 +0.165
12400 +0.233
12410 +0.299
12420 +0.360
12430 +0.416
12440 +0.469
12450 +0.518
12460 +0.564
12470 +0.602
12480 +0.629
12490 +0.639
12500 +0.627
12510 +0.588
12520 +0.525
12530 +0.439
12540 +0.336
12550 +0.222
12560 +0.099
12570 -0.031
12580 -0.169
12590 -0.319
12600 -0.483
12610 -0.661
12620 -0.851
12630 -1.046
12640 -1.240
12650 -1.426
12660 -1.601
12670 -1.764
12680 -1.918
12690 -2.068
12700 -2.216
12710 -2.366
12720 -2.517
12730 -2.665
12740 -2.804
12750 -2.930
12760 -3.040
12770 -3.135
12780 -3.219
12790 -3.298
12800 -3.379
12810 -3.466
12820 -3.560
12830 -3.660
12840 -3.761
12850 -3.857
12860 -3.948
12870 -4.033
12880 -4.116
12890 -4.205
12900 -4.306
12910 -4.427
12920 -4.569
12930 -4.731
12940 -4.908
12950 -5.094
12960 -5.283
12970 -5.475
12980 -5.672
12990 -5.880
13000 -6.107
13010 -6.359
13020 -6.638
13030 -6.943
13040 -7.262
13050 -7.585
13060 -7.900
13070 -8.198
13080 -8.478
13090 -8.744
13100 -9.002
13110 -9.259
13120 -9.514
13130 -9.761
13140 -9.987
13150 -10.178
13160 -10.325
13170 -10.427
13180 -10.496
13190 -10.547
13200 -10.597
13210 -10.657
13220 -10.731
13230 -10.814
13240 -10.895
13250 -10.964
13260 -11.013
13270 -11.043
13280 -11.061
13290 -11.077
13300 -11.100
13310 -11.135
13320 -11.178
13330 -11.220
13340 -11.246
13350 -11.243
13360 -11.203
13370 -11.126
13380 -11.018
13390 -10.890
13400 -10.749
13410 -10.602
13420 -10.445
13430 -10.276
13440 -10.087
13450 -9.875
13460 -9.641
13470 -9.389
13480 -9.130
13490 -8.872
13500 -8.624
13510 -8.390
13520 -8.174
13530 -7.975
13540 -7.791
13550 -7.621
13560 -7.462
13570 -7.315
13580 -7.181
13590 -7.064
13600 -6.966
13610 -6.891
13620 -6.840
13630 -6.813
13640 -6.809
13650 -6.822
13660 -6.846
13670 -6.877
13680 -6.909
13690 -6.941
13700 -6.975
13710 -7.014
13720 -7.058
13730 -7.111
13740 -7.169
13750 -7.229
13760 -7.285
13770 -7.329
13780 -7.358
13790 -7.370
13800 -7.367
13810 -7.354
13820 -7.336
13830 -7.319
13840 -7.306
13850 -7.295
13860 -7.285
13870 -7.272
13880 -7.253
13890 -7.228
13900 -7.198
13910 -7.170
13920 -7.149
13930 -7.141
13940 -7.152
13950 -7.182
13960 -7.231
13970 -7.292
13980 -7.361
13990 -7.432
14000 -7.502
14010 -7.572
14020 -7.647
14030 -7.732
14040 -7.832
14050 -7.949
14060 -8.080
14070 -8.219
14080 -8.356
14090 -8.483
14100 -8.593
14110 -8.685
14120 -8.762
14130 -8.831
14140 -8.897
14150 -8.965
14160 -9.032
14170 -9.095
14180 -9.143
14190 -9.170
14200 -9.169
14210 -9.141
14220 -9.092
14230 -9.031
14240 -8.969
14250 -8.912
14260 -8.864
14270 -8.826
14280 -8.794
14290 -8.761
14300 -8.724
14310 -8.681
14320 -8.636
14330 -8.595
14340 -8.569
14350 -8.565
14360 -8.588
14370 -8.639
14380 -8.714
14390 -8.805
14400 -8.902
14410 -8.998
14420 -9.089
14430 -9.178
14440 -9.272
14450 -9.379
14460 -9.506
14470 -9.654
14480 -9.819
14490 -9.991
14500 -10.155
14510 -10.300
14520 -10.420
14530 -10.516
14540 -10.595
14550 -10.669
14560 -10.746
14570 -10.831
14580 -10.920
14590 -11.004
14600 -11.074
14610 -11.118
14620 -11.132
14630 -11.120
14640 -11.090
14650 -11.056
14660 -11.029
14670 -11.015
14680 -11.015
14690 -11.026
14700 -11.036
14710 -11.037
14720 -11.020
14730 -10.986
14740 -10.938
14750 -10.887
14760 -10.843
14770 -10.812
14780 -10.798
14790 -10.796
14800 -10.796
14810 -10.788
14820 -10.762
14830 -10.713
14840 -10.646
14850 -10.570
14860 -10.494
14870 -10.431
14880 -10.383
14890 -10.351
14900 -10.330
14910 -10.311
14920 -10.286
14930 -10.250
14940 -10.205
14950 -10.158
14960 -10.119
14970 -10.097
14980 -10.100
14990 -10.131
15000 -10.185
15010 -10.256
15020 -10.332
15030 -10.403
15040 -10.462
15050 -10.509
15060 -10.548
15070 -10.587
15080 -10.631
15090 -10.684
15100 -10.739
15110 -10.787
15120 -10.809
15130 -10.793
15140 -10.730
15150 -10.621
15160 -10.475
15170 -10.305
15180 -10.125
15190 -9.941
15200 -9.753
15210 -9.557
15220 -9.346
15230 -9.114
15240 -8.860
15250 -8.589
15260 -8.308
15270 -8.028
15280 -7.758
15290 -7.501
15300 -7.261
15310 -7.036
15320 -6.821
15330 -6.614
15340 -6.410
15350 -6.210
15360 -6.015
15370 -5.830
15380 -5.659
15390 -5.510
15400 -5.385
15410 -5.288
15420 -5.220
15430 -5.177
15440 -5.156
15450 -5.151
15460 -5.159
15470 -5.175
15480 -5.202
15490 -5.240
15500 -5.295
15510 -5.366
15520 -5.454
15530 -5.551
15540 -5.643
15550 -5.716
15560 -5.754
15570 -5.749
15580 -5.700
15590 -5.611
15600 -5.494
15610 -5.355
15620 -5.199
15630 -5.024
15640 -4.828
15650 -4.607
15660 -4.360
15670 -4.090
15680 -3.803
15690 -3.508
15700 -3.213
15710 -2.926
15720 -2.651
15730 -2.390
15740 -2.142
15750 -1.907
15760 -1.682
15770 -1.466
15780 -1.257
15790 -1.058
15800 -0.870
15810 -0.699
15820 -0.549
15830 -0.426
15840 -0.332
15850 -0.268
15860 -0.230
15870 -0.212
15880 -0.205
15890 -0.202
15900 -0.198
15910 -0.194
15920 -0.192
15930 -0.198
15940 -0.214
15950 -0.241
15960 -0.272
15970 -0.294
15980 -0.295
15990 -0.267
16000 -0.205
16010 -0.113
16020 -0.002
16030 +0.119
16040 +0.239
16050 +0.352
16060 +0.460
16070 +0.565
16080 +0.675
16090 +0.793
16100 +0.922
16110 +1.059
16120 +1.194
16130 +1.318
16140 +1.420
16150 +1.493
16160 +1.534
16170 +1.544
16180 +1.532
16190 +1.504
16200 +1.471
16210 +1.437
16220 +1.402
16230 +1.361
16240 +1.306
16250 +1.230
16260 +1.127
16270 +1.000
16280 +0.855
16290 +0.708
16300 +0.573
16310 +0.463
16320 +0.382
16330 +0.326
16340 +0.286
16350 +0.247
16360 +0.201
16370 +0.143
16380 +0.078
16390 +0.020
16400 -0.018
16410 -0.026
16420 -0.002
16430 +0.046
16440 +0.102
16450 +0.148
16460 +0.169
16470 +0.157
16480 +0.113
16490 +0.046
16500 -0.032
16510 -0.112
16520 -0.189
16530 -0.266
16540 -0.351
16550 -0.457
16560 -0.592
16570 -0.761
16580 -0.962
16590 -1.186
16600 -1.419
16610 -1.644
16620 -1.847
16630 -2.019
16640 -2.159
16650 -2.275
16660 -2.376
16670 -2.474
16680 -2.575
16690 -2.677
16700 -2.770
16710 -2.840
16720 -2.871
16730 -2.858
16740 -2.804
16750 -2.722
16760 -2.634
16770 -2.557
16780 -2.504
16790 -2.479
16800 -2.476
16810 -2.480
16820 -2.481
16830 -2.468
16840 -2.443
16850 -2.416
16860 -2.401
16870 -2.413
16880 -2.464
16890 -2.557
16900 -2.686
16910 -2.838
16920 -2.999
16930 -3.156
16940 -3.301
16950 -3.434
16960 -3.561
16970 -3.691
16980 -3.835
16990 -3.995
17000 -4.172
17010 -4.354
17020 -4.526
17030 -4.672
17040 -4.774
17050 -4.827
17060 -4.833
17070 -4.803
17080 -4.755
17090 -4.703
17100 -4.656
17110 -4.614
17120 -4.567
17130 -4.501
17140 -4.405
17150 -4.274
17160 -4.115
17170 -3.945
17180 -3.785
17190 -3.653
17200 -3.562
17210 -3.513
17220 -3.498
17230 -3.504
17240 -3.517
17250 -3.529
17260 -3.540
17270 -3.559
17280 -3.598
17290 -3.669
17300 -3.779
17310 -3.925
17320 -4.096
17330 -4.275
17340 -4.440
17350 -4.570
17360 -4.649
17370 -4.669
17380 -4.632
17390 -4.545
17400 -4.419
17410 -4.263
17420 -4.083
17430 -3.877
17440 -3.639
17450 -3.361
17460 -3.039
17470 -2.678
17480 -2.293
17490 -1.902
17500 -1.530
17510 -1.194
17520 -0.906
17530 -0.667
17540 -0.470
17550 -0.301
17560 -0.148
17570 -0.006
17580 +0.120
17590 +0.218
17600 +0.270
17610 +0.262
17620 +0.189
17630 +0.055
17640 -0.124
17650 -0.327
17660 -0.533
17670 -0.724
17680 -0.891
17690 -1.033
17700 -1.151
17710 -1.251
17720 -1.337
17730 -1.410
17740 -1.463
17750 -1.488
17760 -1.470
17770 -1.397
17780 -1.264
17790 -1.074
17800 -0.840
17810 -0.585
17820 -0.331
17830 -0.098
17840 +0.107
17850 +0.283
17860 +0.443
17870 +0.600
17880 +0.765
17890 +0.938
17900 +1.109
17910 +1.261
17920 +1.373
17930 +1.426
17940 +1.416
17950 +1.346
17960 +1.231
17970 +1.090
17980 +0.938
17990 +0.785
18000 +0.631
18010 +0.471
18020 +0.293
18030 +0.090
18040 -0.140
18050 -0.393
18060 -0.656
18070 -0.913
18080 -1.144
18090 -1.331
18100 -1.460
18110 -1.529
18120 -1.540
18130 -1.507
18140 -1.447
18150 -1.373
18160 -1.293
18170 -1.206
18180 -1.099
18190 -0.958
18200 -0.769
18210 -0.530
18220 -0.251
18230 +0.043
18240 +0.322
18250 +0.558
18260 +0.736
18270 +0.856
18280 +0.934
18290 +0.993
18300 +1.057
18310 +1.138
18320 +1.230
18330 +1.311
18340 +1.352
18350 +1.325
18360 +1.220
18370 +1.046
18380 +0.835
18390 +0.628
18400 +0.473
18410 +0.403
18420 +0.436
18430 +0.563
18440 +0.760
18450 +1.000
18460 +1.264
18470 +1.548
18480 +1.861
18490 +2.221
18500 +2.648
18510 +3.151
18520 +3.727
18530 +4.354
18540 +5.002
18550 +5.631
18560 +6.210
18570 +6.721
18580 +7.168
18590 +7.573
18600 +7.970
18610 +8.391
18620 +8.850
18630 +9.338
18640 +9.817
18650 +10.235
18660 +10.549
18670 +10.737
18680 +10.820
18690 +10.840
18700 +10.848
18710 +10.884
18720 +10.963
18730 +11.077
18740 +11.195
18750 +11.283
18760 +11.321
18770 +11.310
18780 +11.278
18790 +11.264
18800 +11.308
18810 +11.441
18820 +11.679
18830 +12.023
18840 +12.452
18850 +12.931
18860 +13.420
18870 +13.885
18880 +14.318
18890 +14.729
18900 +15.140
18910 +15.566
18920 +15.987
18930 +16.336
18940 +16.494
18950 +16.360
18960 +15.926
18970 +15.296
18980 +14.601
18990 +13.933
19000 +13.325
19010 +12.772
19020 +12.246
19030 +11.712
19040 +11.150
19050 +10.562
19060 +9.972
19070 +9.414
19080 +8.913
19090 +8.476
19100 +8.095
19110 +7.750
19120 +7.415
19130 +7.068
19140 +6.696
19150 +6.301
19160 +5.903
19170 +5.528
19180 +5.197
19190 +4.916
19200 +4.679
19210 +4.466
19220 +4.252
19230 +4.016
19240 +3.745
19250 +3.438
19260 +3.116
19270 +2.807
19280 +2.537
19290 +2.320
19300 +2.153
19310 +2.016
19320 +1.882
19330 +1.723
19340 +1.520
19350 +1.266
19360 +0.976
19370 +0.679
19380 +0.410
19390 +0.197
19400 +0.045
19410 -0.061
19420 -0.150
19430 -0.256
19440 -0.412
19450 -0.633
19460 -0.918
19470 -1.241
19480 -1.562
19490 -1.838
19500 -2.045
19510 -2.185
19520 -2.284
19530 -2.384
19540 -2.528
19550 -2.748
19560 -3.056
19570 -3.437
19580 -3.848
19590 -4.234
19600 -4.540
19610 -4.742
19620 -4.853
19630 -4.915
19640 -4.980
19650 -5.096
19660 -5.287
19670 -5.552
19680 -5.856
19690 -6.143
19700 -6.354
19710 -6.449
19720 -6.428
19730 -6.329
19740 -6.211
19750 -6.131
19760 -6.134
19770 -6.239
19780 -6.439
19790 -6.698
19800 -6.958
19810 -7.158
19820 -7.253
19830 -7.239
19840 -7.150
19850 -7.044
19860 -6.982
19870 -7.015
19880 -7.167
19890 -7.435
19900 -7.784
19910 -8.155
19920 -8.479
19930 -8.702
19940 -8.809
19950 -8.836
19960 -8.856
19970 -8.951
19980 -9.193
19990 -9.625
20000 -10.253
20010 -11.040
20020 -11.894
20030 -12.662
20040 -13.165
20050 -13.295
20060 -13.101
20070 -12.743
20080 -12.374
20090 -12.081
20100 -11.877
20110 -11.724
20120 -11.556
20130 -11.308
20140 -10.944
20150 -10.476
20160 -9.955
20170 -9.452
20180 -9.031
20190 -8.737
20200 -8.588
20210 -8.573
20220 -8.655
20230 -8.773
20240 -8.857
20250 -8.849
20260 -8.727
20270 -8.513
20280 -8.270
20290 -8.071
20300 -7.976
20310 -8.019
20320 -8.203
20330 -8.498
20340 -8.845
20350 -9.166
20360 -9.383
20370 -9.453
20380 -9.393
20390 -9.284
20400 -9.234
20410 -9.338
20420 -9.663
20430 -10.231
20440 -11.011
20450 -11.874
20460 -12.535
20470 -12.616
20480 -12.005
20490 -11.046
20500 -10.155
20510 -9.540
20520 -9.214
20530 -9.088
20540 -9.044
20550 -8.984
20560 -8.851
20570 -8.640
20580 -8.386
20590 -8.140
20600 -7.953
20610 -7.862
20620 -7.885
20630 -8.021
20640 -8.248
20650 -8.526
20660 -8.800
20670 -9.006
20680 -9.095
20690 -9.057
20700 -8.927
20710 -8.775
20720 -8.674
20730 -8.676
20740 -8.801
20750 -9.037
20760 -9.341
20770 -9.637
20780 -9.835
20790 -9.863
20800 -9.712
20810 -9.447
20820 -9.172
20830 -8.981
20840 -8.923
20850 -9.005
20860 -9.187
20870 -9.386
20880 -9.494
20890 -9.411
20900 -9.112
20910 -8.662
20920 -8.182
20930 -7.781
20940 -7.517
20950 -7.400
20960 -7.393
20970 -7.423
20980 -7.402
20990 -7.254
21000 -6.955
21010 -6.548
21020 -6.121
21030 -5.761
21040 -5.522
21050 -5.422
21060 -5.440
21070 -5.533
21080 -5.643
21090 -5.707
21100 -5.683
21110 -5.566
21120 -5.388
21130 -5.210
21140 -5.086
21150 -5.053
21160 -5.118
21170 -5.266
21180 -5.457
21190 -5.636
21200 -5.740
21210 -5.724
21220 -5.584
21230 -5.359
21240 -5.120
21250 -4.929
21260 -4.825
21270 -4.811
21280 -4.865
21290 -4.937
21300 -4.967
21310 -4.900
21320 -4.714
21330 -4.435
21340 -4.126
21350 -3.856
21360 -3.672
21370 -3.590
21380 -3.600
21390 -3.670
21400 -3.755
21410 -3.807
21420 -3.791
21430 -3.702
21440 -3.567
21450 -3.434
21460 -3.349
21470 -3.342
21480 -3.423
21490 -3.581
21500 -3.794
21510 -4.025
21520 -4.235
21530 -4.384
21540 -4.458
21550 -4.470
21560 -4.455
21570 -4.458
21580 -4.514
21590 -4.641
21600 -4.837
21610 -5.078
21620 -5.323
21630 -5.513
21640 -5.593
21650 -5.542
21660 -5.388
21670 -5.194
21680 -5.028
21690 -4.932
21700 -4.923
21710 -4.984
21720 -5.075
21730 -5.132
21740 -5.095
21750 -4.930
21760 -4.662
21770 -4.358
21780 -4.091
21790 -3.912
21800 -3.842
21810 -3.873
21820 -3.975
21830 -4.099
21840 -4.188
21850 -4.195
21860 -4.112
21870 -3.976
21880 -3.845
21890 -3.775
21900 -3.800
21910 -3.930
21920 -4.150
21930 -4.425
21940 -4.698
21950 -4.898
21960 -4.972
21970 -4.918
21980 -4.783
21990 -4.640
22000 -4.552
22010 -4.550
22020 -4.638
22030 -4.787
22040 -4.937
22050 -5.007
22060 -4.924
22070 -4.667
22080 -4.292
22090 -3.893
22100 -3.551
22110 -3.312
22120 -3.184
22130 -3.143
22140 -3.143
22150 -3.118
22160 -2.998
22170 -2.751
22180 -2.403
22190 -2.025
22200 -1.693
22210 -1.454
22220 -1.327
22230 -1.304
22240 -1.359
22250 -1.449
22260 -1.517
22270 -1.507
22280 -1.399
22290 -1.218
22300 -1.019
22310 -0.857
22320 -0.767
22330 -0.763
22340 -0.838
22350 -0.966
22360 -1.099
22370 -1.173
22380 -1.133
22390 -0.963
22400 -0.700
22410 -0.408
22420 -0.143
22430 +0.064
22440 +0.202
22450 +0.283
22460 +0.337
22470 +0.413
22480 +0.564
22490 +0.821
22500 +1.170
22510 +1.560
22520 +1.938
22530 +2.266
22540 +2.524
22550 +2.709
22560 +2.825
22570 +2.891
22580 +2.940
22590 +3.010
22600 +3.126
22610 +3.284
22620 +3.456
22630 +3.603
22640 +3.692
22650 +3.692
22660 +3.580
22670 +3.351
22680 +3.037
22690 +2.709
22700 +2.452
22710 +2.313
22720 +2.281
22730 +2.303
22740 +2.321
22750 +2.283
22760 +2.155
22770 +1.929
22780 +1.633
22790 +1.337
22800 +1.133
22810 +1.082
22820 +1.183
22830 +1.377
22840 +1.595
22850 +1.773
22860 +1.866
22870 +1.845
22880 +1.713
22890 +1.511
22900 +1.321
22910 +1.234
22920 +1.291
22930 +1.469
22940 +1.702
22950 +1.916
22960 +2.044
22970 +2.036
22980 +1.866
22990 +1.550
23000 +1.166
23010 +0.833
23020 +0.651
23030 +0.648
23040 +0.772
23050 +0.935
23060 +1.049
23070 +1.045
23080 +0.882
23090 +0.557
23100 +0.128
23110 -0.294
23120 -0.582
23130 -0.659
23140 -0.538
23150 -0.298
23160 -0.039
23170 +0.154
23180 +0.221
23190 +0.131
23200 -0.102
23210 -0.409
23220 -0.675
23230 -0.784
23240 -0.680
23250 -0.397
23260 -0.028
23270 +0.327
23280 +0.580
23290 +0.666
23300 +0.556
23310 +0.274
23320 -0.089
23330 -0.391
23340 -0.505
23350 -0.393
23360 -0.120
23370 +0.198
23380 +0.445
23390 +0.526
23400 +0.384
23410 +0.011
23420 -0.525
23430 -1.075
23440 -1.462
23450 -1.576
23460 -1.444
23470 -1.189
23480 -0.950
23490 -0.844
23500 -0.947
23510 -1.286
23520 -1.826
23530 -2.445
23540 -2.954
23550 -3.185
23560 -3.100
23570 -2.805
23580 -2.459
23590 -2.203
23600 -2.136
23610 -2.322
23620 -2.780
23630 -3.451
23640 -4.171
23650 -4.696
23660 -4.841
23670 -4.630
23680 -4.252
23690 -3.915
23700 -3.777
23710 -3.955
23720 -4.531
23730 -5.536
23740 -6.875
23750 -8.217
23760 -9.024
23770 -9.018
23780 -8.529
23790 -8.037
23800 -7.843
23810 -8.116
23820 -9.001
23830 -10.650
23840 -13.182
23850 -16.245
23860 -17.563
23870 -15.906
23880 -13.945
23890 -12.709
23900 -12.235
23910 -12.500
23920 -13.567
23930 -15.580
23940 -18.474
23950 -20.183
23960 -18.065
23970 -15.341
23980 -13.496
23990 -12.481
