-0.000208195012712472 -0.000378484906835661
+0.000167770745832901 -0.000684339972578553
-0.000004173058574366 -0.000293396964062379
+0.000160607260481790 +0.000136466975476875
-0.000020491644625897 -0.000060400149509299
-0.000224248852963922 -0.000201139770854069
-0.000493385976107136 -0.000306716001780195
-0.000268695181505516 -0.000199823714851747
-0.000467494016452955 -0.000530252831154770
-0.000161662171187628 -0.000328109379008349
-0.000095033464436865 -0.000100427919851383
+0.000017821806610934 -0.000542688334602950
-0.000098792666707774 +0.000290394940503328
-0.000072932779137195 -0.000896284363916795
-0.000149060365109531 +0.000462251692083345
-0.000140496592050695 -0.001155159065105353
-0.000272728504674648 +0.000455993608554809
-0.000077214330966349 -0.000842072095353832
-0.000311887788009092 +0.000123621277033482
-0.000013478764468838 -0.000659578686116986
-0.000232211255665216 +0.000021004977680301
-0.000029619382516315 -0.000743440584059001
-0.000323531244222868 +0.000097137892509789
+0.000022258060155898 -0.000736644525172449
-0.000279813545396492 +0.000337512927563451
-0.000020483979270636 -0.001017045575087885
-0.000253169921297724 +0.000823814906891329
-0.000054471063323002 -0.001535689797822180
-0.000276595801258691 +0.001137211148587739
+0.000025960999719340 -0.001892087926975192
-0.000291712056493305 +0.001358562427045339
+0.000066062970972888 -0.002200762178876701
-0.000338467834459728 +0.001425258937985994
+0.000163813843726238 -0.002298948561206260
-0.000390338629664654 +0.001485483941366934
+0.000170353574286066 -0.002362668671963679
-0.000514030312019433 +0.001756143703414393
+0.000208831771763512 -0.002740416342000073
-0.000589930301408812 +0.002210293624934943
+0.000244468188961689 -0.003424426909684695
-0.000664031294759208 +0.002954592150646311
+0.000232670630207554 -0.004667796442866097
-0.000728071236384737 +0.004560732934081474
+0.000317388909146182 -0.006321843130020278
-0.000843104696353647 +0.007251666250650646
+0.000434144011710566 -0.009649809741197415
-0.001109129947151019 +0.012610695807525888
+0.000631113237955882 -0.003378075944781967
-0.001206007068097312 +0.473449980292449391
+0.001543248025461855 +0.708433313220606653
-0.000981687346215512 +0.654551197517661887
+0.002682293517849531 +0.479616893640580133
-0.002134402375690907 +0.186695613275854710
+0.003475895095001037 -0.608165001205550615
+0.002927890389389649 -0.994244683220963932
+0.186781688626387221 -0.439450211195520024
+0.328104284735784957 -0.223960630135552424
+0.324756134065201540 +0.041424730449724237
+0.318308783308594245 +0.245095701693772705
+0.246658430348684232 +0.284931429097312616
-0.071957366289556457 +0.175463055470032603
-0.338042747545348465 +0.040929920529708522
-0.327102320841984651 +0.021181816793007967
-0.212970981356778638 -0.029860314364393577
-0.083010816017060590 -0.055533936146537344
+0.040797921785047875 -0.000583774602467625
+0.093052860326373305 +0.003849605972695308
+0.118351233492542257 -0.015363109959749819
+0.118236134777509938 -0.018373083525689057
+0.095495153399414848 -0.023164837238658569
+0.026350401550970771 -0.024526123280345851
-0.011617616053405052 +0.039909144903087571
-0.007257583453759359 +0.035686846060120243
-0.027692452581309378 -0.007067069552094825
-0.045267698807937511 -0.002676778579105473
-0.026356751386126913 -0.007149970854868954
-0.031034016809076782 -0.048543234358906714
-0.011853775730310132 -0.020016519064383616
+0.025518582311344018 +0.030355435442374096
+0.015122528623435404 +0.033139591066958712
+0.006001696268506690 +0.049358206638190405
+0.016553322792397712 +0.037986081549904613
+0.013361248993494675 +0.008422295296581254
+0.019045720460342003 -0.002833339863336181
+0.019852239468445602 -0.009635706118984238
+0.018724107095991833 -0.033150335839174386
+0.026502837983671063 -0.052816328448729896
+0.035226496602086106 -0.032947230823795019
+0.026225625699051885 -0.032658208111594603
+0.006382515178331806 -0.021121415508785994
-0.003901822330856888 +0.007898708887648417
-0.006352051775892285 +0.007161726068528624
-0.007173512572134327 +0.007987910906007560
-0.010996837964283669 +0.017905520552670147
-0.013200745828726674 +0.013210416221957099
-0.010714595959367846 +0.001699222873289274
-0.004673407944017735 -0.005358285589107899
-0.003287239764414811 -0.006029976740505661
-0.005230086328012437 -0.003780465563410176
-0.007335403899360406 -0.009106761141648750
-0.000767152171618837 -0.006717744997190446
+0.009913957780406919 +0.000725237025390452
+0.006273440048461148 -0.006693110599270632
-0.001081619932978042 +0.000762729805491308
-0.007864394477272430 +0.000351583431607739
-0.006530129940830155 -0.002181549825331811
-0.002882835254107033 -0.000007365726992867
-0.004858429829499196 -0.000959680526842649
-0.008008212931446755 -0.001382472877116417
-0.008273283606259979 -0.002840469383413392
-0.002128634018608207 -0.000313204635827631
+0.000470226780959935 -0.002232267037370895
-0.005564067415732296 +0.001754343500576079
-0.012730212297020198 +0.001792958451003646
-0.012704770512701089 +0.003575670707609783
-0.006728103104027188 +0.000793358902444801
-0.003145091621766983 -0.000072196667015665
-0.004068385817914738 +0.005117603592094244
-0.004693896340037119 -0.004563988233540291
-0.000076668391985193 -0.003273284434717261
+0.004187949292596054 -0.005976648208868856
+0.003183651075487524 -0.005095482480908376
-0.002966340579223422 -0.005879558312269466
-0.005204040101288299 -0.003821078257733773
-0.001403279201961568 +0.003183646339281618
-0.002392877545505887 -0.000449916171712624
-0.004514422314410248 +0.005012857000846285
-0.004271771084111673 +0.000388804442473557
-0.001441859770799762 +0.004313314237905264
+0.002530480469181954 +0.006174822909459468
+0.003978447495199310 +0.001179650730626320
+0.003587715855001259 +0.001904011884060305
+0.002916281744869767 -0.002297224340888413
+0.003314459480026970 +0.001598229884672659
+0.000026449232391694 -0.005943681765091550
-0.003603504461690527 -0.004839635994633515
-0.004094097685632045 -0.006829157572294598
-0.004487574948808307 -0.006863356829404270
-0.003348996364109072 -0.003421029579691570
-0.003034438865020582 -0.006783952024896852
-0.000936410808542022 -0.003839241417018819
+0.001595368352755235 -0.004357254110816775
+0.003895119355869634 +0.005506099990066731
+0.003550709173896121 +0.002420064596946394
+0.002388000224456095 +0.004823973674567527
+0.002981317453471500 +0.009001536700065232
+0.001709319331304644 +0.006796082014189452
-0.000663435048742306 +0.005690089467731136
-0.004191661545047460 -0.007291883197237333
-0.003189596107466287 -0.004597324993022834
-0.002393928706333346 -0.007766793503862517
-0.002195215178878464 -0.010009168938868947
+0.000239530409613170 -0.009511363101202892
+0.001429606319867521 -0.010411908678674760
+0.003237772993940433 -0.000560400925931523
+0.002311170012094957 +0.001186936454583383
+0.000766538294746720 +0.003734205996039641
+0.000254953025433211 +0.000750161276835063
+0.000049609465351444 +0.006360243584991178
-0.001675977854802470 +0.004626514535393452
-0.005075234476624602 -0.000331861937580621
-0.004871059885277387 -0.003281313975323368
-0.003491836040869474 -0.007786554473562281
-0.003019293338147297 -0.003666278398941899
-0.003186449140203463 -0.008963162810396687
-0.000663622843852730 -0.010216791093401692
+0.002240703753770446 -0.015374169683681393
+0.003436020001951537 -0.021725157136462069
+0.002577810846300859 -0.026672344244839510
+0.000722727553292636 -0.024601431460736858
+0.001564172789494410 -0.000116704622498011
-0.000319705705603411 +0.015523721887879045
-0.004542334127220139 +0.049190747082454488
-0.010184515340244223 +0.054438664840496864
-0.016210731952284611 +0.008523994798980476
-0.020768611370740500 +0.000351526708914120
-0.021060564108440129 -0.013477356264704352
-0.013754733073075743 -0.026143281901695695
-0.003034413020482526 -0.005632018798738342
+0.015126600688132069 +0.009889455587673623
+0.025681072916360844 +0.004130192518874684
+0.023426700904801187 +0.015002878888635579
+0.016766264650996766 +0.008353897538891222
+0.007172566046176932 -0.001922443300969981
-0.005490881257076988 -0.001809366625739493
-0.006601037807563007 -0.012529736156060607
-0.004118705824568039 -0.003687893889338066
-0.003121899067805738 -0.003312546142952177
+0.002730122485424605 -0.005657732414131748
+0.005768871065862848 +0.004113098562640211
+0.003112848953901105 -0.002987900618666109
+0.002433677144354433 +0.000583712804761060
-0.001180335094768574 +0.005945625738071309
-0.001221041286367953 +0.003386094100416420
-0.001950801707625186 +0.004811088177494597
-0.003337931684072322 +0.006368505562423157
-0.001509515590956051 +0.000769742106040922
-0.002751160449976166 -0.001672400421205549
-0.001653349259639037 -0.003652756593306911
+0.001933761086255135 -0.006855100181419599
+0.001022864169686961 -0.004161942725534525
+0.001623774521075476 -0.004814759987849086
+0.003165029592252351 -0.000839083036920289
+0.000869838114113133 -0.000610277977515543
+0.000616324669108951 -0.000254240485544786
-0.000053402275711806 +0.004741933878631047
-0.002915243295705471 +0.002508020699017139
-0.001813674776548310 +0.003854361128525528
-0.002432078334613250 +0.003162643591753105
-0.002382346920590982 +0.000898125915971089
-0.001554790215075825 -0.000471210396478284
-0.002126567669602866 +0.000575167663793929
-0.000427529564922833 -0.001401096114015349
+0.000487951375886901 -0.002958292231488419
+0.001200921783571543 -0.000061879271726381
+0.002449048217617930 -0.002456349022160854
+0.002311046788738998 +0.000443981524523220
+0.002115142346296511 +0.000039691099657412
+0.002280362737546531 -0.000659312739652338
+0.000731175253335008 +0.001065240327616130
-0.000680440475472212 -0.000805537993176144
-0.001193912231795673 +0.000500604897638687
-0.001942772224590867 -0.000750591791753451
-0.001180437249130763 -0.001648926807817002
-0.001115444631188209 -0.001513308473057082
-0.001041139167828558 -0.000102288338009820
-0.000358226325872297 -0.001521288466319239
+0.000017508005853509 -0.000505565897983984
+0.000777219744276338 +0.000444653499123748
+0.000540014516038248 -0.001602844933426555
+0.000124749528843113 +0.001515854063835435
+0.000181128321490916 -0.000346182923809089
+0.000449608656765681 +0.000084385519183841
-0.000011386412462853 +0.000028774149369289
-0.000517480444562043 -0.001477781839090476
-0.000862387856473997 -0.000412201652481578
-0.001327562989050173 -0.001649418998064060
-0.000680913573680565 -0.000525536496846475
-0.000788268894805945 -0.000483084973975719
-0.000684662313491438 +0.000712954536304126
-0.000242804568892447 +0.000982235015885323
-0.000117170518005549 +0.001940189005967890
+0.000257765310715439 +0.001421621964642405
+0.000068852153266525 +0.000347371391783473
+0.000048512699604968 +0.001872794050740474
+0.000143347615824229 +0.000508330070435793
+0.000284407650164108 +0.001608586097736775
+0.000247114247541445 +0.000023671419423167
+0.000472196562684005 -0.000820277930577883
+0.000314256813882155 -0.000994226712322286
+0.000155001265753670 -0.001969047972755837
+0.000608973148525431 -0.001276674499575932
+0.000497887675925910 -0.002578133739531028
+0.000966181003521987 -0.000954813046645028
+0.000926764475087407 -0.000973555046700404
+0.000546675976282633 -0.000133605815046029
+0.000288552134763348 +0.000160580283240690
-0.000237935626272066 +0.000075223841301652
-0.000607418296872176 +0.001194225465129988
-0.001227318610237915 +0.000861362216638362
-0.001344979827985636 +0.002029012681329271
-0.001401244202119189 +0.000308153932799728
-0.001065543685346600 +0.000410114278346106
-0.000775485301888880 -0.000266192974119474
-0.000506869143718836 -0.001359475071507232
+0.000072786679498894 -0.000854644433511315
+0.000532013799194749 -0.001690964200356154
+0.001134228486122614 -0.000465873602874257
+0.000988668693083617 -0.000438720112635678
+0.000827487889016541 +0.000593820153975791
+0.000435053125260178 +0.000809442038876979
-0.000132091912711691 +0.001049069080130529
-0.000563585372674151 +0.000892779313609159
-0.001040353536314225 +0.000322595661654334
-0.001015401824198207 +0.000926459639212132
-0.000935177343778086 -0.000465650129202639
-0.000408345641299985 +0.000617871013897920
-0.000043216363058321 -0.000258838217214834
+0.000363914180796722 -0.000170995256692856
+0.000742744310789986 +0.000609118294814932
+0.000792868304751771 -0.000447861347974261
+0.000928882965901741 +0.000061237515749417
+0.000615678861182789 -0.000818553654742679
+0.000517532943027777 -0.000413648548789390
+0.000166425576037735 -0.000420641620901112
-0.000089215135777524 +0.000053059927680671
-0.000081540527751635 +0.000186734213122298
-0.000320162625447627 +0.000310920719567181
-0.000340370993026720 +0.000753824621565565
-0.000448568917666155 -0.000558999553136082
-0.000388646478514427 -0.000759221221541104
-0.000222307683701968 -0.002254756852856898
+0.000076930186614455 -0.001345375689170444
+0.000244929115130489 +0.000035943157823325
+0.000440624044344124 +0.001566107388178504
+0.000491286871610306 +0.002028419560202189
+0.000080821989000963 +0.000969857614360425
-0.000316448448284868 +0.000965991131715600
-0.000999318722557721 -0.001994700371656047
-0.001170755088273977 -0.001084644052076249
-0.000771073612708026 -0.001200749344438656
-0.000100916801248078 -0.001897262452911697
+0.000569816988372266 +0.000478430306527228
+0.000892780089139688 +0.000170793750937704
+0.000895642732078900 +0.000404727495487756
+0.000282982433453183 +0.000895669858306192
-0.000126347225968061 +0.000279425908071174
-0.000559282969524241 +0.000059665133366721
-0.000995888359156407 +0.000683217897426300
-0.000646495251138686 -0.000201889989984716
-0.000415648120868740 +0.000009285697476435
-0.000181087150581363 +0.000119001802373953
+0.000114985381210631 -0.001256611239049937
+0.000254529753282662 +0.000301829376982365
+0.000242121794934547 -0.000980497878244946
+0.000513207580107686 -0.000590231900047922
+0.000356512018633126 +0.000397161166909299
+0.000249351314929008 -0.000722545834052138
+0.000190443301241128 +0.000548322996500088
-0.000222063944877587 +0.000006705840248479
-0.000060563806574383 -0.000249270003403305
-0.000360956942572512 +0.000024376078328411
-0.000473937311110312 -0.000228636836295319
-0.000205715959165263 -0.000295644063175704
-0.000416277526024959 -0.000119798994202298
-0.000143841215697368 -0.000407760806576379
-0.000019019203369214 -0.000371623110081255
-0.000147446479006226 +0.000246733153341224
+0.000040000848466316 -0.000410266478344003
+0.000106689597107541 +0.000508007437194255
-0.000035891995677641 -0.000051005310810626
+0.000105629370419443 -0.000140471610541518
-0.000089193296338568 +0.000533333780607811
-0.000230002527485461 -0.000433607463066296
-0.000055117831762118 +0.000082437781005361
-0.000300512985031001 -0.000300555934314984
-0.000096624206148308 -0.000392359827369595
-0.000086897736747248 -0.000201342861384641
-0.000147962127159681 -0.000165628501610233
+0.000173838722716886 -0.000244049736103172
+0.000040347192567925 -0.000104093434585225
+0.000068880735081506 +0.000185887593374900
+0.000064389143589896 -0.000155512756362075
-0.000104869108615244 +0.000481661231081836
-0.000070447615462588 -0.000198752955094951
-0.000072534723167179 +0.000014770219569177
-0.000205157616532545 +0.000112028218200575
-0.000135670607431042 -0.000463137400210054
-0.000088767475520870 +0.000069021294585711
-0.000104583311179644 -0.000477894779944150
+0.000083912156713070 -0.000366492740598452
-0.000043781944782945 -0.000293270134702010
+0.000021347359332919 -0.000240866920746654
+0.000086297075378160 -0.000251328252220673
-0.000034954158963141 -0.000062632955937397
+0.000048584048813741 -0.000045876742399604
-0.000105676956096337 -0.000194900971938876
-0.000177567244703203 +0.000253257445649994
-0.000176883807166089 -0.000333585684785976
-0.000225932302371228 +0.000055486051252242
-0.000243348603059053 -0.000154912550795873
-0.000186883314249258 -0.000244023872974639
-0.000166243917528607 +0.000147196425625290
-0.000122989396511870 -0.000374045541387658
+0.000006839836441053 -0.000081927923472683
-0.000064062412456824 -0.000308571512096296
+0.000021533289130580 -0.000194554410727883
+0.000001083057124617 -0.000151620068837852
-0.000032174265692202 -0.000104691358106777
+0.000035961974715412 -0.000114074941865700
-0.000089390854927850 -0.000154401155117810
-0.000106350877674846 +0.000054527169187641
-0.000157636625779965 -0.000284352943097480
-0.000189737363430943 +0.000023062325024876
-0.000169833067926942 -0.000295603965121042
-0.000130706198713604 -0.000119667410403676
-0.000126338960026838 -0.000059619994654459
-0.000071260414401415 -0.000292681691987556
+0.000000601918220598 -0.000029400222882934
-0.000041244937738402 -0.000392691470228951
+0.000018306795656209 -0.000097424740413742
-0.000057740501676428 -0.000211209057861675
-0.000057932889175109 -0.000149267338545354
-0.000048868048379520 -0.000132382710017823
-0.000125440907422345 -0.000209571569641019
-0.000113244174196223 -0.000118197403277804
-0.000184745527467905 -0.000317683328364209
-0.000158805960036358 -0.000116440397581374
-0.000140336873839482 -0.000430979977106160
-0.000115857062507914 -0.000175438611204753
-0.000094125350621484 -0.000234247444557749
-0.000076660795987987 -0.000210360144153037
-0.000062443285978757 +0.000019645454638976
-0.000093480133897741 -0.000253612690470478
-0.000088304795147588 +0.000024458809573982
-0.000175383593208769 -0.000194662575314770
-0.000163336776483660 -0.000125928943001395
-0.000176173719916434 -0.000205092595639482
-0.000169919729370031 -0.000271362490134317
-0.000115450890579986 -0.000248247854450284
-0.000129878102449527 -0.000277604400878062
-0.000064427329373325 -0.000124037184625270
-0.000065927329224677 -0.000338097096397191
-0.000045566923492005 -0.000083659027755597
-0.000065761855092631 -0.000307553985997561
-0.000095807804541848 -0.000178528544324080
-0.000116127201070201 -0.000121434060936565
-0.000139533733008884 -0.000306142801077647
-0.000127535905189045 -0.000037635634139136
-0.000176232337920347 -0.000236637868626073
-0.000144043718428041 -0.000054353774336984
-0.000174528844019408 -0.000193580141177113
-0.000153401810452181 -0.000275746078820499
-0.000119880848913988 -0.000348550536651900
-0.000138390690226109 -0.000399391253146912
-0.000076224952783466 -0.000262697152824885
-0.000074885313999383 -0.000296418059821839
-0.000042054417049088 -0.000073937361509915
-0.000057280567230271 -0.000212625592911302
-0.000105825591089454 -0.000092373580607840
-0.000168320494304677 -0.000215145435364679
-0.000212128391626492 -0.000253457051925769
-0.000219778010719232 -0.000260656054319023
-0.000223854135533541 -0.000387131129186027
-0.000159644421149692 -0.000154784252514605
-0.000151113086719873 -0.000380975379642848
-0.000092895203940983 -0.000151475919623312
-0.000085087280465965 -0.000249238029175877
-0.000105018015408320 -0.000304921601546550
-0.000114575492038057 -0.000112840784229745
-0.000162193330243789 -0.000313830092969842
-0.000142460400973712 -0.000159484832727765
-0.000177130915460264 -0.000255767734582121
-0.000160292320925362 -0.000253206809159898
-0.000169657598295539 -0.000267476610347123
-0.000178386419898757 -0.000259162550139413
-0.000144363361787653 -0.000338449697348822
-0.000151617775348672 -0.000298583268460079
-0.000133438176466235 -0.000264695638616821
-0.000136614627513482 -0.000375799896860166
-0.000132812895268133 -0.000131109171217449
-0.000142510961182243 -0.000372821604518332
-0.000138279283646889 -0.000217215382868612
-0.000168447881932869 -0.000213714967443601
-0.000175549457620230 -0.000358894915943937
-0.000172880685852996 -0.000148127149517101
-0.000203475676161503 -0.000385217653414865
-0.000157589012457222 -0.000279165058029336
-0.000196339346004116 -0.000319085473891757
-0.000175661814598774 -0.000349754176004986
-0.000151968458866867 -0.000306494495742841
-0.000177441443238779 -0.000330596363877320
-0.000135240909342492 -0.000330940477277704
-0.000161650845041533 -0.000314053479264172
-0.000172430730314478 -0.000250883560042763
-0.000167144346146865 -0.000373350380401106
-0.000190264712304764 -0.000213744218418514
-0.000200812562858661 -0.000369910306814940
-0.000199157268681634 -0.000309665350244977
-0.000219873340073274 -0.000258344331042992
-0.000209487671666969 -0.000423660777946035
-0.000182967062554777 -0.000258074277673267
-0.000211710844432029 -0.000397804322570895
-0.000166316500528381 -0.000334482458065289
-0.000189996967968610 -0.000316269128351636
-0.000186643660693301 -0.000366657783698752
-0.000160023928253982 -0.000328574750075918
-0.000206392304223438 -0.000352214638198912
-0.000184528151020094 -0.000325223880676127
-0.000205001847631055 -0.000380093580673277
-0.000215744547821872 -0.000290894504156663
-0.000203007995292566 -0.000434537277106310
-0.000218029911648727 -0.000323428037323976
-0.000222654872949269 -0.000376663809283815
-0.000209605636943140 -0.000415461386736087
-0.000214795742592589 -0.000313841829584213
-0.000212316839368773 -0.000441587122883974
-0.000195471494966631 -0.000343292935187566
-0.000224432854237444 -0.000376404217057895
-0.000205692845203926 -0.000389715884719807
-0.000212727873445639 -0.000371016241928532
-0.000235702007385839 -0.000402961759998409
-0.000210660217321797 -0.000391848997158226
-0.000248969218679263 -0.000407961981300203
-0.000228686404341281 -0.000371653223903193
-0.000235583608924966 -0.000456386126049224
-0.000236377316319248 -0.000373935341351977
-0.000238703907928061 -0.000448742138061561
-0.000231732571790833 -0.000427119437579114
-0.000246363034343118 -0.000380199725488814
-0.000227683022861772 -0.000483899044424421
-0.000240763337222827 -0.000360015926139410
-0.000241897531060643 -0.000464094964215740
-0.000247979422746788 -0.000391860828215292
-0.000247049725458907 -0.000445119330484415
-0.000270720561187996 -0.000422951207368336
-0.000237592565323405 -0.000470138200386706
-0.000290407674281505 -0.000415243847841406
-0.000235970918679400 -0.000486993513543615
-0.000284813651069756 -0.000424000832386411
-0.000234026609469377 -0.000504915772502643
-0.000283155097652938 -0.000427415379346370
-0.000228428122442895 -0.000539903174480983
-0.000300364992169109 -0.000366950941291731
-0.000241071385622391 -0.000680130356608421
-0.000075933063607286 +0.000453416899383681
-0.000206471320222050 +0.000014563381548068
-0.000125053010311839 +0.000281803517486514
-0.000219363173095127 +0.000016685376987160
-0.000238974282662149 -0.000131654727618643
-0.000355287106106949 -0.000621538594504373
-0.000348216696019079 -0.001123743485146362
