+0.003674385008520930 +0.013919130774848633
-0.002809335227227165 -0.015045451989141494
+0.003732521460804304 +0.017352121963227961
-0.002537074585662511 -0.015877870803455044
+0.002165590373579101 +0.016431486041174035
-0.005102002480482221 -0.016920611349506814
+0.001007314927179543 +0.014357887807871039
-0.004811727441924043 -0.017336029974188153
+0.001938044390879522 +0.013746419449299097
-0.003456927802927977 -0.015700717302619540
+0.002939617758442549 +0.014969772341008422
-0.003524607440058385 -0.015719488086208894
+0.002999722110500799 +0.015294903116984553
-0.003835469104041863 -0.017005612115711770
+0.002219724024260769 +0.015167018182022920
-0.004592773652098318 -0.016907694218317844
+0.001989146154387409 +0.015298358627655719
-0.003892776056393646 -0.016818675975095749
+0.002217608170582499 +0.015077541926880208
-0.003725024825816816 -0.016786484034793554
+0.002334722743518859 +0.014662069399446902
-0.003779485538174639 -0.016887081984945717
+0.002386650580052072 +0.014640417832350310
-0.003810139169858492 -0.017001509579176226
+0.002124415340747449 +0.014531028212657750
-0.003928737524222296 -0.016143714119791722
+0.002221564998116696 +0.014414477051728826
-0.004038982879537821 -0.015581621264049451
+0.002231124384953083 +0.014118480893003781
-0.004239079672587178 -0.015670454703815614
+0.002234530554494345 +0.013735134374795455
-0.004060566148972482 -0.016102187008583468
+0.002373849214145298 +0.013703676129257126
-0.003950181808532127 -0.016229139806423605
+0.002367641610361263 +0.013434510057339148
-0.003771004155006417 -0.015498514880002753
+0.002182277584870169 +0.013055460179341442
-0.003913446807645504 -0.014706131104485716
+0.001948077772321636 +0.011970820930359368
-0.003997486694489663 -0.013061755187524731
+0.001704430983617090 +0.009896784611165058
-0.004014800136849097 -0.010730521816013687
+0.001686829112103199 +0.006462118241528567
-0.003942108147735598 -0.005701742560805058
+0.001697591683857787 -0.001585868998959388
-0.003909415037378058 +0.009967580174984367
+0.001337581512285699 -0.033739993966220558
-0.003776177213455833 +0.309177979701868166
+0.001711372326074812 +0.860608347135068064
-0.003315656080215372 +0.564194740428985320
+0.001496835379929115 +0.515354890743075611
-0.002680963077282777 +0.342696938205945933
+0.001056525607280599 -0.158931871024875326
-0.001661320095844633 -1.051686556110732695
+0.013611157754206075 -0.750606808066967890
+0.270591405012651776 -0.264910647041964875
+0.347052349712497765 -0.081603188488399328
+0.257465348865219656 +0.120897444872143822
+0.275179937934112773 +0.291126550708902532
+0.253613065641453972 +0.258754545274083314
-0.102796776875817175 +0.198272949970175028
-0.382759161083921662 +0.031478251723429003
-0.272697573447076014 +0.031178890340503806
-0.140206087968830329 -0.111447222744076258
-0.050183055222140560 -0.065825851062747909
+0.016040439961607918 -0.006874566354879125
+0.071296430335976019 +0.048012133387087610
+0.111738869055234863 -0.057400829854868024
+0.146196851448776644 -0.053336839418691301
+0.063633095533162362 -0.069831917356422274
-0.032603545999610267 +0.039578255837880147
-0.062711284265055164 +0.020517183137918532
-0.016879261486241817 +0.071394513663906492
-0.014602124296602882 -0.010135188555475490
-0.029430447905271700 +0.031323094267472304
-0.032281669333644354 -0.031428219126083935
+0.000725832901731250 -0.012724732909637463
+0.022259111725667635 -0.040430846215045106
+0.049893852230985858 -0.025443438936120340
+0.014528616314901047 -0.075608825204425120
+0.011640869640399391 +0.008320235385321737
+0.020182839005371246 -0.023645477690242587
+0.023826055934967009 +0.039139602716324454
-0.004325190792207166 -0.008951993054789878
-0.009758007127156269 +0.011958653261884247
-0.024414327277373731 -0.027088743971137978
+0.001990153955217801 +0.012120433495709321
+0.011504510742235040 -0.033872617236748941
+0.018706687065581748 -0.000387564251033629
+0.011154089644928786 -0.042778735936921462
+0.026570759521408790 +0.023541280630498908
+0.011505326130060649 -0.025705383301535413
+0.004379412636710537 +0.025678059360880034
-0.014999142377199643 -0.021819717705088653
-0.016886372704394387 +0.027714442796939256
-0.031301459840531683 -0.013569335784496050
-0.020152967783890446 +0.025437168016026669
-0.030440941005766824 -0.019692117469378614
-0.012961900237409073 +0.012092226754247148
-0.010331506331209810 -0.026642053761035730
+0.003415548878970435 +0.017972441418100657
-0.001275574803909084 -0.023091842284619100
+0.005487659101332604 +0.013751329015118543
-0.005396106872348622 -0.020414778403449491
+0.006004629063903918 +0.025458993406455837
-0.012671883457595085 -0.017274274873815297
-0.011391003735097289 +0.032471481450021003
-0.017431501288516879 -0.022901337757018192
-0.003139303248457713 +0.025259782621985905
-0.010260955000335364 -0.029285403151849177
-0.002398783261294418 +0.023561325126487759
-0.006496602353615020 -0.027000160716909416
+0.005258570960924038 +0.014659254543520295
-0.003106362487115216 -0.028135652295990129
-0.000012132027766907 +0.007889255361554420
-0.010277656716937042 -0.024773563757422130
+0.000250430124765718 +0.015029310825208286
-0.005493799710947493 -0.013706449737088611
+0.003315721436995126 +0.025478611411122336
-0.008846573705202485 -0.015296052081744803
+0.004608835425121744 +0.027924752287830142
-0.002807293044973284 -0.022204393650143261
+0.006819027037879901 +0.019417708522309739
-0.003233995466964490 -0.034398306209467017
+0.006771960911657991 +0.013474492624889105
-0.002091518935121105 -0.032660196114329243
+0.004115370021561538 +0.012313078985496958
-0.005201431416694600 -0.026615075380289416
-0.001219288923322473 +0.024473575026851997
-0.011576573570963835 -0.015570997669189667
-0.003419910252196770 +0.026304014054699572
-0.011740793620093618 -0.016314613958849224
-0.004347085145470537 +0.022069117216271240
-0.009344234180684908 -0.025816432528926812
+0.004116084522093877 +0.013376643133537218
-0.002814175176731265 -0.033403694312749296
+0.007378804449106735 +0.003322167935600156
-0.002550084294269755 -0.035056517723490138
+0.005924983059713561 +0.011169550619629650
-0.004236740499009959 -0.023195531685609675
+0.000601947220881609 +0.015521831517402031
-0.013086955696132791 -0.021486928960565560
-0.004063165839967226 +0.017486048813115003
-0.012161197977291212 -0.038115620660684711
-0.003988672855272774 -0.001893702775752813
-0.011757980303731709 -0.047050818637231713
+0.001894275302287069 +0.011721571611432528
-0.002686717535252845 -0.019185817204407304
+0.003273612347350041 +0.050068839597803810
-0.008577729614108225 +0.012065490141668911
-0.006262297832377322 +0.050782104191446228
-0.019127166921071508 -0.004985119939363953
-0.015912064879809545 +0.013772342771311504
-0.025133262566645408 -0.039036124163887742
-0.011646982439769126 -0.003920300875718733
-0.007882638742453811 -0.029381425845411910
+0.014981959810912968 +0.008199972450264870
+0.010948693906105190 -0.020705803480488592
+0.021122418480985491 +0.025792889547327346
+0.008376034326508588 -0.018616534280136300
+0.011835166719647034 +0.020323928710535621
-0.008043090833302060 -0.036014114361830690
-0.005412060429134733 +0.011099292981295011
-0.015066117443081492 -0.038398892635828991
-0.006317121399453610 +0.011384034884414234
-0.012114561384025011 -0.032105336432782280
-0.003930314957842353 +0.013805035459123186
-0.007869817736420022 -0.020799068477757282
+0.000982363313704071 +0.021009978892340408
-0.006323469887707768 -0.010235863755578766
+0.001287198457605029 +0.031164536486048909
-0.005598480876046413 -0.001221973767977822
+0.004531100102401668 +0.035482674008756765
-0.006294788976657789 -0.007912620244913456
+0.000176066825730227 +0.030411029364421610
-0.011151241921659071 -0.014705374577352362
-0.000323932892366100 +0.021518815645332617
-0.008259430722502095 -0.021232389293709769
+0.002490653957071560 +0.022337290197041088
-0.001072685235248585 -0.025450808206313277
+0.012093285669230944 +0.024383677264913264
+0.008625796642445569 -0.019515145572731415
+0.017807204212144871 +0.022834477967899169
+0.007484796530398145 -0.016575817139152099
+0.013076884172789932 +0.019926925741756404
+0.000276802522242013 -0.017486491036749742
+0.002914177542754207 +0.019783565725050620
-0.005970321005515936 -0.019349967883530245
+0.003692664098364856 +0.019880646152672536
-0.002723856337586681 -0.021838800292445060
+0.010182182952032243 +0.018315948038725424
+0.000945432775090266 -0.021005037941233502
+0.009251363256872473 +0.018428620552261486
-0.000515215358582973 -0.019535537584238784
+0.006008914197762845 +0.020328736567903911
-0.003726758001981110 -0.019647528780825832
+0.002101291906971007 +0.021547473183572745
-0.006814774533140382 -0.021594495463887770
+0.001173395259167986 +0.021357838816592548
-0.006396563438195493 -0.023754852717677175
+0.002160739706661148 +0.019186266528811426
-0.005089575077689033 -0.023896197225149969
+0.003655341042792281 +0.018223189710996186
-0.003111044220300186 -0.021169696184487687
+0.005279588622157254 +0.019264869175970346
-0.002395822272324623 -0.018384013581476552
+0.004971389950858610 +0.019644079041204202
-0.003629915788550897 -0.015865649299553870
+0.004249082166555526 +0.019893708738310041
-0.005310641646883643 -0.016305724048814193
+0.002809835784885756 +0.019486689761769146
-0.006474941613210957 -0.019413929665761217
+0.002586273158534460 +0.019536484943491295
-0.005933232709814617 -0.023003454028610003
+0.003059846414203401 +0.020420190624941742
-0.004612517955777948 -0.023729446487063901
+0.004093303370669162 +0.022384427182392606
-0.003029358640990105 -0.021189106969954997
+0.004297022825613806 +0.022419692329965699
-0.003137008914141098 -0.018694834674032480
+0.003902555234952820 +0.020340208803075837
-0.003602777944124874 -0.017700777033510518
+0.003706195212588110 +0.017102376902845030
-0.004127299637823044 -0.019136834816837398
+0.004137728814051056 +0.015118933552476508
-0.003782512110233038 -0.021189981540952006
+0.004912917725191679 +0.015519784896698550
-0.004024761114040480 -0.022146768349466356
+0.004727252121124001 +0.018294111627134312
-0.004462789752062087 -0.021070730330029694
+0.003845038742934007 +0.021643944970621422
-0.005210697161147992 -0.019762513332224563
+0.002355828839375292 +0.023030921691583363
-0.005539514712049373 -0.018934019517002527
+0.001941033878512092 +0.022004263043487363
-0.005282761524738309 -0.018845926246280391
+0.002304078225502485 +0.020422102989019957
-0.004421611702423817 -0.018019759887025234
+0.003655358580299068 +0.020042872120081628
-0.003529746920547620 -0.017231847381585914
+0.004501683464452174 +0.019796197747226074
-0.003408577691774872 -0.018155852641065829
+0.004953456416361126 +0.018389759361628052
-0.003256457709965269 -0.020658073177514648
+0.005123134467164433 +0.016658230043930376
-0.003087340193882131 -0.021786522068851181
+0.005449489365718690 +0.017511846488303222
-0.002653237549197675 -0.020106852025701685
+0.005168640598602928 +0.019765694013832467
-0.003338187278808663 -0.018455261182227442
+0.003875170280414191 +0.020947745711455034
-0.004616559081839495 -0.018936943201174106
+0.002459593835583266 +0.020484975832603364
-0.005502807119120078 -0.020020828116744473
+0.002385109409594419 +0.020116075131068733
-0.004604601784679111 -0.019664697848539685
+0.003722581858515799 +0.020026733095830352
-0.003281044554085192 -0.018685566886337570
+0.004669366692176220 +0.019290587133796389
-0.002813362559115182 -0.018166153933648010
+0.004747192643959995 +0.017756084622668422
-0.003411125746177963 -0.018567191473808496
+0.004157759000646317 +0.016779130059381347
-0.004121499605676715 -0.019266260480922934
+0.003794653345143631 +0.017024995114173460
-0.004611796229103252 -0.020395056278882058
+0.003441759608106267 +0.017983822238847865
-0.004725484926462955 -0.021285039547708891
+0.003466099965821136 +0.019409232472754875
-0.004269994897127899 -0.020894806116586562
+0.003643013447327397 +0.020786172556011295
-0.003682219114313577 -0.019300187023641079
+0.003719869169481785 +0.020966172440519230
-0.003652815788851852 -0.017889935582534201
+0.003190581792954482 +0.019545833539772489
-0.004372617402253478 -0.017277134221706663
+0.002751324322715438 +0.017775777266768433
-0.004786000252830387 -0.017573912683888079
+0.003109652609033751 +0.017056640152615210
-0.004419068734647345 -0.018237741993712760
+0.004150028793697118 +0.017648092141017306
-0.003661018195020066 -0.019014186877627366
+0.004795477027457724 +0.018793023491271439
-0.003467484174636269 -0.019783769719528145
+0.004371848505574282 +0.019640733178701547
-0.003819933026288805 -0.020068225093201799
+0.003540965945454582 +0.019766403071524753
-0.004042842686402071 -0.019797051829147323
+0.003225458443920796 +0.019098482641150542
-0.003808200082327243 -0.019208686244874106
+0.003470012544937151 +0.018257098177982975
-0.003506444732134863 -0.018493436414005027
+0.003858023948932451 +0.017834773599044694
-0.003472284546518492 -0.017960812526255792
+0.004053460052951881 +0.017949683752783680
-0.003772927901594969 -0.017837679774361688
+0.003894545420254623 +0.018251859911763597
-0.004231397949912211 -0.018141993897586944
+0.003543242361700677 +0.018375724559737908
-0.004528626278366411 -0.018615303349456835
+0.003291379669208895 +0.018296241268456932
-0.004457720086805733 -0.019016862953009327
+0.003351863179736755 +0.018398364625492179
-0.003971783639258653 -0.019184636901909524
+0.003708252538517904 +0.018754176512991716
-0.003445182043835239 -0.019111222056917898
+0.003989834754972363 +0.019021991325799598
-0.003279452804417325 -0.018784651617935438
+0.003931840673999156 +0.018921521281280093
-0.003495783148689773 -0.018476036114281391
+0.003629391443680707 +0.018313482855902397
-0.003821134027915174 -0.018316872976757409
+0.003436402100932462 +0.017509993780414082
-0.004035680497431193 -0.018188624743836035
+0.003479169061337190 +0.017011957215859852
-0.004065656996223008 -0.017973213363508211
+0.003674545899085342 +0.017202668625229067
-0.003988326372544260 -0.017859314231462246
+0.003752798586699857 +0.017996704480711459
-0.003977057168322362 -0.018100635509977682
+0.003663960707546005 +0.018926397186137096
-0.003978439892606867 -0.018667544669347697
+0.003496312152306363 +0.019321881221623996
-0.003921650715232462 -0.019197369056551949
+0.003407590071624833 +0.018901128301434592
-0.003711752279075484 -0.019242685520508878
+0.003466770845202293 +0.017908389937932256
-0.003505514328715140 -0.018710135264933189
+0.003592853936195231 +0.016992912419448183
-0.003460814556860453 -0.017911691324427589
+0.003684002166200403 +0.016620764331023222
-0.003692273652490655 -0.017414268041170071
+0.003635430428635433 +0.016851267278117039
-0.004060533238704032 -0.017519938862201559
+0.003503244290193663 +0.017491320273585263
-0.004318049677552871 -0.018066896613480474
+0.003364397808632979 +0.018263943200401603
-0.004286014278049682 -0.018546218382475933
+0.003313242291495207 +0.018820814807807153
-0.004024262810773649 -0.018665573431751185
+0.003307172248716696 +0.018801149669531288
-0.003730737084724428 -0.018464998561648464
+0.003348176101359321 +0.018181129199106874
-0.003545663539972467 -0.018138374055921815
+0.003433377691559677 +0.017360205188510051
-0.003515299262337344 -0.017828546424690787
+0.003566899879589440 +0.016839092193506391
-0.003599294340137134 -0.017671151816711070
+0.003650530520787947 +0.016771491664944523
-0.003778285338856650 -0.017744173902351248
+0.003615277218415956 +0.017025531647154639
-0.003957099822327411 -0.017937747968845480
+0.003490284233436894 +0.017398510741292054
-0.004039166981733564 -0.018058695793747481
+0.003372989839562574 +0.017751156819296163
-0.003966795093127490 -0.018050894076335346
+0.003313930440204013 +0.017955045720795149
-0.003829121702719222 -0.018019578322859459
+0.003300409690082389 +0.017941425514836368
-0.003710895867610539 -0.018023149298439095
+0.003325619068980780 +0.017738777665854903
-0.003660650538736933 -0.018008055807466977
+0.003359619277572259 +0.017422484570897793
-0.003676736662257527 -0.017904307616470893
+0.003378546269437846 +0.017045174970716895
-0.003750958262547927 -0.017732833870586308
+0.003367902884060679 +0.016707775407491583
-0.003834649944406603 -0.017545093614960705
+0.003374775413995613 +0.016591462342425672
-0.003870414253437829 -0.017425129046763525
+0.003409020986462624 +0.016793615030852603
-0.003860560301613944 -0.017485063987261046
+0.003422199380495378 +0.017211905445792243
-0.003847643312667918 -0.017754818720890960
+0.003356054823808125 +0.017610890068101438
-0.003841807319790210 -0.018081347778236001
+0.003248403171601360 +0.017771920533540087
-0.003795700012178126 -0.018209720444123403
+0.003181483654696614 +0.017587890671014839
-0.003707127817740943 -0.017995497166405864
+0.003187782444331955 +0.017118547858114369
-0.003645474033602333 -0.017539521077229399
+0.003228152605799949 +0.016586529018822963
-0.003687352186488713 -0.017111538287150840
+0.003262560117373710 +0.016269749460183409
-0.003811870843634915 -0.016962477778978465
+0.003290953435659076 +0.016324646766369716
-0.003925653642725700 -0.017177016435205167
+0.003312653722463367 +0.016681355082642076
-0.003946063373279679 -0.017610151789008988
+0.003314868743131631 +0.017111833651969676
-0.003858159344775746 -0.017978042116669833
+0.003283113622953776 +0.017361504284159956
-0.003718941250446822 -0.018057988950291148
+0.003218202382765164 +0.017292935623589457
-0.003620132892102178 -0.017823990453354352
+0.003134773282653881 +0.016948105685040349
-0.003630660066021602 -0.017438256421788208
+0.003066382136324613 +0.016516347213576647
-0.003739108778576110 -0.017116619171839979
+0.003051436819402432 +0.016219671188244522
-0.003866285021633904 -0.016995310553428979
+0.003103837352726940 +0.016184561122046321
-0.003925832138056816 -0.017070716601004465
+0.003190752155215122 +0.016371158194202626
-0.003899585910717944 -0.017243613514794760
+0.003243575911359354 +0.016628091261156726
-0.003826227107692920 -0.017405983167441148
+0.003223040154147400 +0.016797179646124129
-0.003754716819874808 -0.017512111322786135
+0.003144748875645309 +0.016797735583028890
-0.003712069047035271 -0.017555039268531854
+0.003064027626937006 +0.016657230275981299
-0.003700019320271497 -0.017528556585326070
+0.003022666202658677 +0.016459330920801256
-0.003711450831561000 -0.017415174484740278
+0.003025443771651789 +0.016279982457679788
-0.003743013701655308 -0.017218134583795511
+0.003043268006292010 +0.016151378191064880
-0.003793900673969487 -0.016992763697638275
+0.003050883200677914 +0.016078695713196096
-0.003849939106552341 -0.016841235649850947
+0.003043761978283100 +0.016065701783026999
-0.003887392987558727 -0.016854593795105711
+0.003036684516671116 +0.016128023922661557
-0.003879632288227144 -0.017044542510410043
+0.003039247934282905 +0.016260501360547470
-0.003824918093909360 -0.017318515176030246
+0.003039814553104675 +0.016403325972420117
-0.003750185784434332 -0.017519427746247165
+0.003016762564573732 +0.016445085952553423
-0.003699385522816053 -0.017520661435366677
+0.002962596433517995 +0.016301897721667874
-0.003699571551143551 -0.017301005924856588
+0.002900764107851364 +0.016004680562314383
-0.003748769406754804 -0.016961648727463016
+0.002868071233072016 +0.015700403126207754
-0.003820402561460352 -0.016673236030320740
+0.002884239464175065 +0.015553523112641576
-0.003883216251881053 -0.016586314655192697
+0.002929274037609619 +0.015633715626946140
-0.003912100647042928 -0.016739919231464367
+0.002963463675951641 +0.015875038203533740
-0.003895555027922840 -0.017034564439113359
+0.002955223373586946 +0.016117864761106944
-0.003841695716649492 -0.017291918693290720
+0.002903624477883532 +0.016203764715999019
-0.003776715439667649 -0.017370584842201508
+0.002833345908983127 +0.016081458219733301
-0.003738027312128819 -0.017221852248685176
+0.002781831243279180 +0.015795629111868596
-0.003741130856723344 -0.016949109194431274
+0.002763277106411454 +0.015499662825660773
-0.003782542762536069 -0.016725957098428192
+0.002777421832473443 +0.015323905524927338
-0.003848573884584811 -0.016602455578703885
+0.002819809046848826 +0.015344817131389252
-0.003906801374608922 -0.016634048941007347
+0.002839923078870786 +0.015509228460470016
-0.003921422290577373 -0.016805102816780649
+0.002817392476874652 +0.015656892489611718
-0.003905200060101611 -0.016971066769704786
+0.002770198140173909 +0.015702380606762809
-0.003859865568149439 -0.017048093593209385
+0.002721846510655632 +0.015656593419811848
-0.003813021942797524 -0.017034868762693799
+0.002683536439019293 +0.015555760583908925
-0.003803814547139009 -0.016957418645276105
+0.002659901968145205 +0.015424625563314556
-0.003825890245416538 -0.016846234942869534
+0.002651118305185313 +0.015286342493978710
-0.003862958698640520 -0.016718517951899062
+0.002654952429534493 +0.015175018999412360
-0.003897337257847916 -0.016620013622132484
+0.002662922329395183 +0.015107930503463490
-0.003921855607451280 -0.016590212800986673
+0.002664254935108322 +0.015094466103590103
-0.003932351014782600 -0.016638512194277675
+0.002652754257093340 +0.015139133187962148
-0.003924139122515610 -0.016746933801664053
+0.002627297966826766 +0.015213619624708609
-0.003908848406307475 -0.016863107532643147
+0.002590553606616702 +0.015269849722526648
-0.003898180757538432 -0.016929812189796278
+0.002545499504099511 +0.015250585607450063
-0.003895775649790585 -0.016896073178492520
+0.002501863190657627 +0.015120958485852742
-0.003902503174597571 -0.016748985448226707
+0.002476417958982229 +0.014906896765274597
-0.003919106174932847 -0.016541399543259304
+0.002475581494517157 +0.014687524113548745
-0.003943575514352981 -0.016372973774853718
+0.002492266935095863 +0.014554453473185475
-0.003970586400204336 -0.016324535546774623
+0.002508659633882245 +0.014541429507728715
-0.003990604891873932 -0.016394570887170765
+0.002502426070945682 +0.014600047608106487
-0.003995414285995122 -0.016500515944649474
+0.002463301852849806 +0.014620662709752444
-0.003984831727520120 -0.016506027865376444
+0.002398610347450494 +0.014467508609276864
-0.003961808679406033 -0.016259365644519196
+0.002317468129239313 +0.013983663064087083
-0.003900471604432183 -0.015644430002813854
+0.002125266281480317 +0.016976099812999312
-0.004207110067912787 -0.013491029536475978
+0.002700362677560615 +0.017420487513758898
-0.004306624422539308 -0.014124463811472070
+0.002535554418243803 +0.015437208864015934
-0.004006661899981961 -0.021039142059208232
+0.001961030767809948 +0.012026651768942515
-0.003190550290916801 -0.018745274954497990
