-0.001336560390942489 -0.009384686104567965
-0.000559597319303866 +0.005875408060465040
-0.001677243604496565 -0.009451134074188322
-0.000634194627806528 +0.006322360136139687
-0.001627408285362489 -0.009720325398619925
-0.000671173321765821 +0.006148491963183780
-0.001342350635282412 -0.010082254807555716
-0.000928498409946834 +0.006327219194878490
-0.001470577992305388 -0.010143562212384350
-0.000914243602563222 +0.006222563113269287
-0.001449096562094671 -0.010250540585968549
-0.000728811253666957 +0.006478219225997056
-0.001793591306711847 -0.010434768433757196
-0.000924091842589451 +0.006775497673967929
-0.001620654664551486 -0.010822401077180438
-0.000938341756587243 +0.006872823969858239
-0.001593910351944846 -0.011065856042612019
-0.001044297345021199 +0.007144709862404721
-0.001644930537989177 -0.011168728497657921
-0.000941921368537969 +0.007290148547849746
-0.001628536175143204 -0.011367838018494923
-0.001077693023339318 +0.007518070085235027
-0.001733148581556735 -0.011486240597947509
-0.001139020480392774 +0.007547528288485534
-0.001647583162681671 -0.011711083131643946
-0.001071528459151932 +0.007745158749443653
-0.001835070185260960 -0.011993591586436304
-0.000992952100865285 +0.007981819392016407
-0.001840693370269331 -0.012655397563629271
-0.000945458876906775 +0.008378999002963912
-0.001826297634379754 -0.013216223277090652
-0.001061387929134579 +0.008765356029526630
-0.001843307818293508 -0.013821374806941997
-0.001083416325758947 +0.009191353095989587
-0.001857252512617862 -0.014372993527673468
-0.001280450700710091 +0.009867403325505307
-0.001913218411472699 -0.015203647799036719
-0.001369280874109056 +0.010627268787857760
-0.001910869125187541 -0.016511040681204521
-0.001455011534655183 +0.012134041719444596
-0.002024066319807575 -0.018664228737102447
-0.001443127387626324 +0.014644702537612964
-0.002047231728607681 -0.022467962881089803
-0.001479763771975157 +0.020598077065594585
-0.002126049304126615 -0.031100427192522529
-0.001738967782267658 +0.037319609668759565
-0.002170562817429525 -0.064289536341754536
-0.001939002642250992 +0.413136741793923790
-0.001458101765793162 +0.847926877767510856
-0.002375585345174501 +0.515502420655665095
-0.000243467984025471 +0.424474681301008794
-0.003328250688499084 +0.389124585335109630
+0.002531846461468663 -0.185237194031139751
-0.009364458023533154 -0.995447015068615437
+0.053598560421922181 -0.750780494261443998
+0.347237377328728947 -0.181536294131751930
+0.296591643830445006 -0.021749847994385160
+0.242360925450671172 +0.029994097911197670
+0.279881525833605038 +0.205968258833259865
+0.266839172637332755 +0.234035563981108780
-0.171236408738240725 +0.218132832247513120
-0.359768299590816631 +0.096006512956420043
-0.222957139096116030 -0.050020527104421009
-0.110460672645221414 -0.106900447247264274
-0.080884415985416208 -0.013011786200702237
-0.059202934445269612 +0.100062191705825504
+0.012597319312314394 +0.042456856802535407
+0.107189671624732002 -0.066198636377828635
+0.159259041529143275 -0.097979976757568171
+0.059250308889555542 -0.088537700441638750
-0.032320310457194204 -0.045785453111266909
-0.011800645050862943 -0.019443446219124146
+0.065223961597913757 -0.018481523311460388
+0.036369375443099657 -0.016088309046547244
-0.045949633491097958 +0.003162484759536042
-0.060682738718678880 +0.030331369654956874
-0.021982897845904882 +0.004849396277644743
+0.001001613069008199 -0.026819310709340613
+0.004475855662705419 -0.039286272810531569
-0.017589639716970050 -0.025908733064477066
-0.004471055293666772 +0.000236670508958500
+0.038880845218824810 -0.002857100921274227
+0.043239683594612520 -0.014294456773396188
+0.007354135082968567 -0.007840592776735249
-0.016381538787362177 -0.006493433282408245
-0.017991773739421027 -0.006415395313377424
-0.007778090484094527 -0.008390131666454977
+0.003724700578747499 -0.012894205560654622
-0.011711642937463060 -0.011393855646085835
-0.017435426964138682 -0.004044689746823387
-0.005897592632517825 +0.000474587509597515
+0.003316281060645564 +0.004029315887178798
+0.004808184468569367 +0.001890659519270300
-0.002033105776045506 +0.010127578637941184
-0.009317861671921279 +0.006082125073388349
-0.007689918318374008 -0.001701180038867388
-0.007905649004784649 -0.008967794656403585
-0.012021454194330827 -0.009212458766362754
-0.012353655788761984 -0.011155661345802943
-0.017393598221905615 -0.005459501714804220
-0.011582701986017083 +0.004311108091386556
-0.003322544820964903 +0.003347331703197831
-0.003308611757408786 +0.001977416464598062
-0.001086621545353983 +0.004883109766828559
+0.001523846108571209 +0.008020350421642468
+0.003388303830490364 +0.001449445097159079
+0.002694107922030977 -0.010705043069478840
+0.003834405717667635 -0.012050415224144332
+0.001218710498191376 -0.011784163358615884
-0.001656069267766455 -0.003146454532058755
-0.004034838474326151 -0.008574362154855641
-0.004175912749391834 -0.007234245505123998
-0.008117187564211899 -0.003348385072395391
-0.009868915223851710 -0.001788726522744143
-0.007179870023472355 -0.003316223402462587
-0.008422832253688065 -0.004161598483137265
-0.002196583497519318 -0.001298157912677364
+0.001500340422875025 -0.007283411112974786
+0.000128752773611167 -0.009485016327768037
+0.000188949161930096 -0.011242117156222312
+0.003087995459425373 -0.013675905349602609
+0.007156694807168729 -0.014554901910653499
-0.000643336657526200 -0.017881302143803460
-0.003090659412913279 -0.018599361829093431
-0.003506206049649241 -0.032229348083371218
-0.005271493524773125 -0.022421244846466751
-0.009188618463010530 -0.012393324443395460
-0.012375067859499230 +0.001036327492850879
-0.012474935240011436 +0.020914715165903638
-0.012680703475550798 +0.035614873932481500
-0.009247564046003444 +0.041830983043328884
-0.015419160896155018 +0.022851722063226089
-0.015197974192075745 +0.008543428176058012
-0.010142646457882471 -0.008087051329802883
-0.005983211663364080 -0.026095188078477063
+0.001026672114821016 -0.029337639906760270
+0.004557431860136133 -0.029555542697106273
+0.013896909260578122 -0.023179638411904482
+0.014037223553531219 -0.017362362592946906
+0.010516530011552823 -0.007596412873730786
+0.001245900607243130 -0.009264853606356845
-0.004949635936910510 -0.007594450718267825
-0.004761741848652382 -0.003379728339616393
-0.007890664297118969 -0.000558192711827797
-0.007995483813167349 +0.001853993634252012
-0.008731043418711511 -0.002307587329105949
-0.005233065297331927 +0.000140934326869156
-0.004704681934033374 +0.000059184630641456
-0.008232630512273409 -0.001921667086669090
-0.007655442495503761 -0.007240694372630944
-0.007422414907763241 -0.003449747826886961
-0.003815942105828427 +0.000601920513537082
-0.003637978271702758 -0.004125345715016405
-0.001059848286653424 -0.004588968608565532
-0.000831027366145552 -0.004829596473983747
+0.002044115841572140 -0.006966874665624685
+0.002940152591895287 -0.010445528819308346
+0.002424722398520020 -0.010061070078650473
+0.005477674322319187 -0.011661197522456644
+0.006452539855413547 -0.010214750567004136
+0.005449631015238042 -0.006346430541625319
+0.001545769841541564 -0.007036165312960436
-0.000306147546728909 -0.002177681219778745
-0.003626831885547864 +0.002327811726802656
-0.010259526517714059 +0.005929041153028652
-0.012814038022448215 +0.001574241336337826
-0.013474263318792316 -0.000197239822599778
-0.011245165325672928 -0.005518951139564930
-0.012151831926083580 -0.017243452455637895
-0.009814264560794241 -0.021196483711280627
-0.007586576844388807 -0.001661108285297011
-0.002444241190025430 -0.007834523487967669
-0.001639026018030317 +0.016848882186066109
-0.002420384166600232 +0.033640637383637172
-0.004789363354916338 +0.030931659841764155
-0.006237640428202008 +0.019438723074960227
-0.009424887210435710 +0.012843387536615986
-0.002000458018309147 -0.001947203633836297
-0.002449562105686545 +0.000274406270397418
+0.001289141945773796 -0.000023381461791622
+0.014753086427033688 +0.001961546714586995
+0.019194044904714838 +0.006920122065051167
+0.017699295110733773 -0.000042476641037258
+0.011640163937226604 +0.006449339416259879
+0.005537613836378533 -0.001162404162451117
+0.002555064752270637 -0.007112851595074183
+0.000819924588450760 -0.004778159165517937
-0.000984256552189366 -0.003125239668526500
+0.002278307144067231 -0.000691885225639784
-0.000467754285232956 +0.003453410521331385
+0.003177408611490393 +0.002392694286976631
+0.003204749297214721 +0.001264387603718293
-0.001585599342061343 +0.000523127494132992
-0.000691738580448006 -0.001380720215817676
-0.000324001176909597 -0.000020880094828471
+0.000109337824573274 -0.000494892749758336
+0.000668618445187093 -0.000096268385405225
-0.000030385479931443 +0.003082346223432633
-0.000755246775406871 +0.000094015639107631
-0.000481080935495203 +0.001780088081953237
-0.001914530779078662 -0.000312656129661831
-0.001201391594979579 -0.002460789583545154
-0.001606943042865764 -0.002205650725528871
-0.000462510417818154 -0.003545644069239556
+0.002063587014937278 -0.004477843474761550
+0.001268258086719498 -0.003504393725835346
+0.002502936475490350 -0.003738138895473137
+0.001549523889857450 -0.002621775495639725
+0.000574430543988664 +0.000084403508055676
+0.000534953499476134 +0.000369006961276991
-0.001212648462232095 +0.001732152384558978
-0.001622085566519817 +0.002863373646646411
-0.002424238374389349 +0.001572222037157591
-0.002613647787061832 +0.003304064274025713
-0.002564051905080945 +0.000335923889456482
-0.001422001577359877 +0.001207027632063256
-0.000984921517144749 +0.000727578684314031
+0.000147610803532242 -0.000215999374865542
+0.000898848681911820 -0.000346917647022599
+0.000808367559742719 -0.001230471006215822
+0.002070724067551703 -0.002115770435622196
+0.000868750866038560 -0.002740285974930644
+0.000933460025641579 -0.002725810834072727
+0.000851993012179087 -0.003290662807721830
+0.000110144262799723 -0.003039336617176784
+0.000555201239683601 -0.001996404395021426
-0.000374195610961099 -0.002001940829670261
-0.000483531792126060 -0.000276606437061978
-0.001074550186704219 -0.000883802980428794
-0.001091110926587733 +0.001423961593230053
-0.001597793125177134 +0.000863229403675929
-0.002019358404211715 +0.002023421543561195
-0.002036608219664335 +0.002077115478637662
-0.001988745201485988 +0.001516887902356432
-0.001690926861827480 +0.001384053318223887
-0.001943538069086425 +0.000205208624076115
-0.001016995825558255 -0.000573515171674588
-0.000702148358856285 -0.001310480664271708
+0.000126911899678125 -0.001741294974635803
+0.001081440554757986 -0.001633020139237513
+0.001113615189924610 -0.002080294308096152
+0.001914635657950929 -0.000549000728423096
+0.001623465996249498 -0.000556162247454873
+0.001685305117420614 +0.001537808684926495
+0.001015807536782719 +0.001456927233483412
+0.000526113473641687 +0.003265115459853699
+0.000291006910439758 +0.001967118993642090
-0.000377843662005037 +0.001708631202025179
-0.000621701189081440 +0.000154167421722725
-0.000745446743918706 -0.002062725695924768
-0.000505446708553672 -0.002352604217940400
-0.000485995112548834 -0.002828208629548223
+0.000020215837782061 -0.002117118316828847
-0.000016195304581943 -0.001144550746233940
-0.000107603995537221 -0.001045278629242895
-0.000031310693188643 +0.000544837047012574
-0.000998373631939298 -0.000612801907954804
-0.000982825479370367 +0.000734865264135076
-0.001428074122905266 -0.000020495352338557
-0.001021218368557130 +0.001156884688411555
-0.000624149259861500 +0.000981732363960821
-0.000413280024367124 +0.002052590848848552
+0.000114576825432108 +0.001430861504027043
+0.000090320177887312 +0.001639186295032001
+0.000231351418490027 +0.001063285788595042
+0.000087279245219084 +0.000421665974972283
+0.000192921122632501 +0.000124322332375488
+0.000294795781924331 -0.000412831898289452
+0.000540450981700152 -0.000911783043620801
+0.000682641686229234 -0.000535319516125325
+0.000508248177009003 -0.001592125092423062
+0.000799300710710529 -0.000615113971496595
+0.000397352106977879 -0.001800773641413353
+0.000550644884836199 -0.000288037147473758
+0.000275775376003417 -0.001114859691576981
+0.000309176317705458 +0.000344881343379422
+0.000242121824448396 -0.000131115692708028
+0.000019538931960390 +0.000873251517635214
+0.000034518326317980 +0.000491108892459857
-0.000409806761322415 +0.000797331268534174
-0.000310521507189170 +0.000218729239888858
-0.000479402119911989 +0.000030434378248665
-0.000430965817031366 -0.000489336536828196
-0.000417369224213063 -0.000985832861269691
-0.000346914708672598 -0.001821500587328533
-0.000012605426102477 -0.001288748874014013
-0.000301514277441968 -0.002136474988550843
-0.000057454700058159 -0.000520167149423476
-0.000419676648518791 -0.001300626117032041
-0.000200342263795351 +0.000611483240547997
-0.000486814438777854 -0.000529642121472037
-0.000605959100000295 +0.000472995863152823
-0.000623054640547138 -0.000142085336371576
-0.000734347623753665 -0.000209373355260790
-0.000344379093357346 -0.000624430140860688
-0.000403713956000501 +0.000607987116011746
-0.000037147664363919 -0.000279284624640639
-0.000064417984492044 +0.001101847898102710
-0.000124773260279436 +0.000372036106616115
+0.000006244994853877 +0.000542990441922140
-0.000365087490327600 -0.000243707645676867
-0.000472926935516613 +0.000138015805690981
-0.000325607490920836 -0.001380811349455377
-0.000157616015328581 +0.000342722087307637
-0.000033061504025160 -0.001817407066147192
+0.000409896723975789 +0.000316760446984254
+0.000201247825330068 -0.001160435715634678
+0.000396603959444807 -0.000397030989818831
+0.000293921915986272 -0.000754363574092157
-0.000079333108688537 -0.000412786630848316
+0.000203030507026386 -0.000936761281236986
-0.000356615785436970 +0.000382301981650346
-0.000181829935101574 -0.000674449222005517
-0.000192676741751205 +0.000785928653437759
-0.000674452165520062 -0.000287062274099747
-0.000355282316201189 +0.000587918378284619
-0.000727395163572925 -0.000521196893556827
-0.000643110474570718 +0.000419221971759920
-0.000517630580842032 -0.001328103259740400
-0.000471539836570313 +0.000413415150149761
-0.000329674533121570 -0.001703030149229324
-0.000074087086655975 +0.000140048267722848
-0.000194772195699454 -0.001255241216436838
+0.000013725583860792 -0.000150705948445871
-0.000016010745863895 -0.000729060454882385
-0.000216063159517357 +0.000236194768735189
+0.000061313081874657 -0.000632949335166645
-0.000273540526477356 +0.000785812533333900
-0.000118673014642634 -0.000658948004727686
-0.000064765335304903 +0.000822021803321294
-0.000337637940972722 -0.000639239561833083
+0.000017058848646723 +0.000666837821457295
-0.000274786619249581 -0.000899590168284620
-0.000079422321020432 +0.000696258088177918
-0.000126380806103679 -0.001359901827584224
-0.000175065600538560 +0.000580493120179619
-0.000166325192884616 -0.001609427423049739
-0.000162319162431568 +0.000071863645698159
-0.000223841937908394 -0.001473728119269044
-0.000193278243811049 -0.000241730280806183
-0.000145562534758600 -0.001347910078924632
-0.000252498846567761 +0.000059940354927691
-0.000083373294248864 -0.001273162494229298
-0.000238311213078709 +0.000540068260753821
-0.000281937072101904 -0.001065819910366802
-0.000194179455998775 +0.000836270221724356
-0.000497781572087156 -0.000927391585837536
-0.000268429553111068 +0.000995684638145187
-0.000520399551900198 -0.001069726662596440
-0.000396753541467449 +0.000962395977441207
-0.000426381140092108 -0.001406724934491370
-0.000390467264150092 +0.000649767184510157
-0.000323965773788175 -0.001626077782965585
-0.000281493262456440 +0.000200972375334279
-0.000201594117670384 -0.001622503438356276
-0.000169545013154593 +0.000067415034794051
-0.000093289758156943 -0.001551629745325026
-0.000147786515792430 +0.000363527658922913
-0.000115089941789094 -0.001447399205123592
-0.000148327806724842 +0.000771822066823045
-0.000284392736199887 -0.001286437752395739
-0.000165333890635764 +0.001034324121352305
-0.000408219976138172 -0.001290585794648997
-0.000217806006658578 +0.001057808510097348
-0.000382809260875122 -0.001518313493277820
-0.000271749497996053 +0.000879343496822862
-0.000302484668159868 -0.001785010119279139
-0.000276714359847794 +0.000644621556944322
-0.000242761120651814 -0.001847484595427286
-0.000264372661356205 +0.000454595629030329
-0.000261177442149433 -0.001778743673302563
-0.000292523344691615 +0.000368654957148686
-0.000310004461106635 -0.001843138588382880
-0.000345033423596215 +0.000489210972005382
-0.000379369945930053 -0.001942354750434399
-0.000323126258959234 +0.000775561680683132
-0.000439059950185204 -0.001895495246467380
-0.000256731304236399 +0.001076847855581297
-0.000463678292106995 -0.001769807719979399
-0.000291550272355227 +0.001201507106351845
-0.000454264217979137 -0.001743276535455659
-0.000391806727760976 +0.001145130417609197
-0.000426336666319855 -0.001840955582003821
-0.000431456094799473 +0.001017446414396308
-0.000388787644469724 -0.001956066188123033
-0.000368668014697401 +0.000852271476614763
-0.000349399439851428 -0.002038644640671981
-0.000301689407050274 +0.000740575595896219
-0.000321277685784139 -0.002157474658378351
-0.000259058791619545 +0.000810434119609905
-0.000316453146668183 -0.002281543631012717
-0.000213066874742806 +0.001042265864542429
-0.000357519640912964 -0.002317054981382490
-0.000193012782035286 +0.001253013659069244
-0.000399526120072207 -0.002263647802147876
-0.000263365090807019 +0.001321848869160278
-0.000420127785351014 -0.002223821612518869
-0.000373666733848446 +0.001275754693897878
-0.000420466218500066 -0.002273429344289670
-0.000433148468586805 +0.001183049368808080
-0.000429009366658104 -0.002377798563046385
-0.000426099464808461 +0.001090260713168567
-0.000451457457783254 -0.002494503366875711
-0.000390821491705533 +0.001070368616834264
-0.000472695893393873 -0.002605838420517119
-0.000368129429537315 +0.001169775318257685
-0.000491896149647361 -0.002739543678077157
-0.000340573318981707 +0.001332934469559087
-0.000506496550671628 -0.002836328553626161
-0.000335240940823045 +0.001460674819710422
-0.000502165700781665 -0.002813358991858472
-0.000364901996624887 +0.001541392564260465
-0.000474063661351578 -0.002711365603060384
-0.000420893199427638 +0.001578976925041804
-0.000465145849496626 -0.002660072861997508
-0.000463958340158292 +0.001572862356847121
-0.000493218469197141 -0.002780181533306446
-0.000459446663276375 +0.001555271958191102
-0.000526178643153325 -0.002985271854480501
-0.000411687631889079 +0.001527515484446670
-0.000530931020374810 -0.003143382305789598
-0.000356407083841228 +0.001540844076809254
-0.000513378959466077 -0.003290751690536314
-0.000346045350878217 +0.001648206453576999
-0.000508534219503213 -0.003427618617081222
-0.000367110788973531 +0.001791972437460701
-0.000529987809161487 -0.003444336801050615
-0.000404329526850762 +0.001864688965459159
-0.000545723385886043 -0.003324379274416079
-0.000467177910801036 +0.001871800627452213
-0.000551847685305637 -0.003272210171788487
-0.000528822421750897 +0.001916498576271363
-0.000579985549963069 -0.003429212765243467
-0.000531196479325342 +0.001991139051511520
-0.000637574611742737 -0.003655514095619386
-0.000474561197308765 +0.002009928992876303
-0.000670818955192426 -0.003814040117466319
-0.000441177827037835 +0.002016025725787789
-0.000644595012988121 -0.003941257436332980
-0.000463830854125429 +0.002110715213676971
-0.000613549526757365 -0.004065473384828405
-0.000484910713367696 +0.002251897582052661
-0.000622655558737972 -0.004098634458059636
-0.000488841993859346 +0.002320069647629930
-0.000640497481243875 -0.004035727604907269
-0.000514162600963992 +0.002339496178045297
-0.000634609206313835 -0.004038282654963310
-0.000554882598317260 +0.002428761791953529
-0.000643661837268406 -0.004195851753291517
-0.000552940000046478 +0.002556889729320636
-0.000696199981140200 -0.004407719069778033
-0.000510188246381245 +0.002609443960875563
-0.000742776921972848 -0.004586004966405731
-0.000496400960366482 +0.002614688980606114
-0.000730931813466072 -0.004755950622013668
-0.000525874235068275 +0.002676475174492892
-0.000697004159904433 -0.004904002453429770
-0.000550215333381680 +0.002777626400983214
-0.000701670807075840 -0.004954013424754334
-0.000557333053571904 +0.002845161653534357
-0.000734908954960382 -0.004933940648702716
-0.000582979846476037 +0.002919447219825251
-0.000762679554632029 -0.004983285566006359
-0.000620381706768538 +0.003060776504232926
-0.000792611532697511 -0.005149128654480856
-0.000624301907614047 +0.003206221253694046
-0.000839929478584012 -0.005347253905765892
-0.000599026108692587 +0.003280011094406033
-0.000869422068255416 -0.005528525715743610
-0.000593154966488540 +0.003323965280848164
-0.000853194727958304 -0.005704102729722021
-0.000616478960103535 +0.003399239901657951
-0.000825747057730454 -0.005849756354370989
-0.000634534666648423 +0.003485974974670657
-0.000827801453611853 -0.005928228678530905
-0.000639467260298700 +0.003562894328887423
-0.000852138233844553 -0.005982222538901336
-0.000649435643942872 +0.003672584169071374
-0.000876953895061908 -0.006099510953192758
-0.000662283057453616 +0.003834418073083183
-0.000907866727910891 -0.006286786317937118
-0.000662438038310391 +0.003989709740558369
-0.000948132978703993 -0.006485586008945776
-0.000659775670264307 +0.004096987875974584
-0.000973550456125511 -0.006675033916309702
-0.000678463438703892 +0.004181886027457011
-0.000971940566149586 -0.006866046769555014
-0.000711068151169198 +0.004267818017460019
-0.000964752133666725 -0.007044335734089289
-0.000732537571087965 +0.004354825619140038
-0.000973231376750942 -0.007185509256008507
-0.000739367343695915 +0.004460999379921602
-0.000993205865441629 -0.007316666686580148
-0.000746902286281134 +0.004626090921277247
-0.001017729123018718 -0.007491919060597648
-0.000763386703109415 +0.004845927546149435
-0.001047915479889549 -0.007720310599355203
-0.000783197474262204 +0.005065227437606043
-0.001072638833874690 -0.007968925035568359
-0.000815155481717204 +0.005255158174651480
-0.001061876391252168 -0.008233462762494254
-0.000884221715947887 +0.005445307762570097
-0.000974559737640205 -0.008550555746201685
-0.001086109590606811 +0.005713257658971444
-0.000525359337747535 -0.009010469883037591
-0.001007569657929997 +0.005967387624733935
-0.001016357555389072 -0.008749685041584524
-0.000695954577354232 +0.005471404180526673
-0.001366174595322482 -0.009116296960132438
-0.000688563245224937 +0.006306528140862938
-0.001383802449699116 -0.009349046571351449
-0.001000057692860242 +0.006230156691845811
