00000 -9.613
00010 -7.705
00020 -4.847
00030 -2.783
00040 -1.513
00050 -0.863
00060 -0.699
00070 -0.913
00080 -1.369
00090 -1.825
00100 -1.915
00110 -1.392
00120 -0.410
00130 +0.661
00140 +1.561
00150 +2.196
00160 +2.566
00170 +2.714
00180 +2.712
00190 +2.649
00200 +2.628
00210 +2.735
00220 +2.997
00230 +3.371
00240 +3.768
00250 +4.101
00260 +4.320
00270 +4.407
00280 +4.377
00290 +4.266
00300 +4.124
00310 +4.006
00320 +3.955
00330 +3.986
00340 +4.075
00350 +4.174
00360 +4.229
00370 +4.204
00380 +4.085
00390 +3.882
00400 +3.626
00410 +3.365
00420 +3.153
00430 +3.032
00440 +3.008
00450 +3.055
00460 +3.120
00470 +3.157
00480 +3.137
00490 +3.065
00500 +2.973
00510 +2.914
00520 +2.945
00530 +3.101
00540 +3.375
00550 +3.724
00560 +4.090
00570 +4.423
00580 +4.699
00590 +4.917
00600 +5.101
00610 +5.284
00620 +5.496
00630 +5.755
00640 +6.056
00650 +6.376
00660 +6.683
00670 +6.946
00680 +7.147
00690 +7.281
00700 +7.358
00710 +7.399
00720 +7.425
00730 +7.458
00740 +7.507
00750 +7.569
00760 +7.629
00770 +7.666
00780 +7.660
00790 +7.600
00800 +7.484
00810 +7.325
00820 +7.145
00830 +6.975
00840 +6.841
00850 +6.759
00860 +6.730
00870 +6.737
00880 +6.759
00890 +6.774
00900 +6.777
00910 +6.778
00920 +6.803
00930 +6.883
00940 +7.042
00950 +7.283
00960 +7.588
00970 +7.923
00980 +8.253
00990 +8.553
01000 +8.812
01010 +9.035
01020 +9.240
01030 +9.447
01040 +9.671
01050 +9.917
01060 +10.175
01070 +10.425
01080 +10.647
01090 +10.822
01100 +10.943
01110 +11.012
01120 +11.042
01130 +11.051
01140 +11.057
01150 +11.071
01160 +11.092
01170 +11.109
01180 +11.109
01190 +11.076
01200 +11.002
01210 +10.891
01220 +10.757
01230 +10.621
01240 +10.507
01250 +10.436
01260 +10.416
01270 +10.442
01280 +10.504
01290 +10.591
01300 +10.695
01310 +10.819
01320 +10.971
01330 +11.165
01340 +11.410
01350 +11.710
01360 +12.056
01370 +12.434
01380 +12.826
01390 +13.216
01400 +13.592
01410 +13.948
01420 +14.286
01430 +14.608
01440 +14.917
01450 +15.215
01460 +15.499
01470 +15.761
01480 +15.988
01490 +16.168
01500 +16.287
01510 +16.336
01520 +16.310
01530 +16.215
01540 +16.062
01550 +15.863
01560 +15.633
01570 +15.379
01580 +15.105
01590 +14.812
01600 +14.505
01610 +14.191
01620 +13.885
01630 +13.606
01640 +13.370
01650 +13.192
01660 +13.073
01670 +13.008
01680 +12.987
01690 +12.997
01700 +13.029
01710 +13.076
01720 +13.134
01730 +13.205
01740 +13.289
01750 +13.386
01760 +13.493
01770 +13.605
01780 +13.716
01790 +13.818
01800 +13.906
01810 +13.976
01820 +14.029
01830 +14.067
01840 +14.093
01850 +14.110
01860 +14.121
01870 +14.124
01880 +14.117
01890 +14.094
01900 +14.051
01910 +13.986
01920 +13.899
01930 +13.792
01940 +13.671
01950 +13.543
01960 +13.410
01970 +13.277
01980 +13.140
01990 +12.997
02000 +12.846
02010 +12.684
02020 +12.516
02030 +12.348
02040 +12.189
02050 +12.047
02060 +11.929
02070 +11.836
02080 +11.766
02090 +11.715
02100 +11.679
02110 +11.654
02120 +11.641
02130 +11.641
02140 +11.658
02150 +11.691
02160 +11.740
02170 +11.801
02180 +11.868
02190 +11.932
02200 +11.990
02210 +12.034
02220 +12.064
02230 +12.078
02240 +12.077
02250 +12.065
02260 +12.042
02270 +12.009
02280 +11.964
02290 +11.906
02300 +11.830
02310 +11.734
02320 +11.615
02330 +11.476
02340 +11.320
02350 +11.153
02360 +10.983
02370 +10.816
02380 +10.655
02390 +10.499
02400 +10.348
02410 +10.198
02420 +10.049
02430 +9.905
02440 +9.770
02450 +9.654
02460 +9.563
02470 +9.503
02480 +9.473
02490 +9.469
02500 +9.482
02510 +9.506
02520 +9.536
02530 +9.571
02540 +9.611
02550 +9.659
02560 +9.717
02570 +9.785
02580 +9.860
02590 +9.936
02600 +10.007
02610 +10.066
02620 +10.109
02630 +10.134
02640 +10.142
02650 +10.134
02660 +10.112
02670 +10.078
02680 +10.032
02690 +9.970
02700 +9.890
02710 +9.788
02720 +9.658
02730 +9.499
02740 +9.312
02750 +9.102
02760 +8.873
02770 +8.636
02780 +8.399
02790 +8.172
02800 +7.961
02810 +7.773
02820 +7.615
02830 +7.495
02840 +7.421
02850 +7.404
02860 +7.453
02870 +7.570
02880 +7.750
02890 +7.980
02900 +8.244
02910 +8.526
02920 +8.810
02930 +9.087
02940 +9.352
02950 +9.604
02960 +9.842
02970 +10.067
02980 +10.280
02990 +10.478
03000 +10.659
03010 +10.820
03020 +10.959
03030 +11.075
03040 +11.168
03050 +11.242
03060 +11.297
03070 +11.340
03080 +11.371
03090 +11.394
03100 +11.409
03110 +11.415
03120 +11.411
03130 +11.396
03140 +11.372
03150 +11.339
03160 +11.303
03170 +11.268
03180 +11.241
03190 +11.226
03200 +11.225
03210 +11.241
03220 +11.274
03230 +11.322
03240 +11.388
03250 +11.471
03260 +11.574
03270 +11.701
03280 +11.852
03290 +12.029
03300 +12.228
03310 +12.445
03320 +12.674
03330 +12.909
03340 +13.146
03350 +13.382
03360 +13.613
03370 +13.840
03380 +14.062
03390 +14.279
03400 +14.488
03410 +14.688
03420 +14.876
03430 +15.050
03440 +15.207
03450 +15.346
03460 +15.467
03470 +15.571
03480 +15.659
03490 +15.734
03500 +15.795
03510 +15.844
03520 +15.880
03530 +15.902
03540 +15.909
03550 +15.899
03560 +15.873
03570 +15.832
03580 +15.778
03590 +15.713
03600 +15.638
03610 +15.557
03620 +15.469
03630 +15.373
03640 +15.270
03650 +15.160
03660 +15.043
03670 +14.921
03680 +14.796
03690 +14.674
03700 +14.557
03710 +14.450
03720 +14.356
03730 +14.276
03740 +14.211
03750 +14.165
03760 +14.139
03770 +14.135
03780 +14.158
03790 +14.211
03800 +14.296
03810 +14.415
03820 +14.567
03830 +14.751
03840 +14.965
03850 +15.205
03860 +15.470
03870 +15.755
03880 +16.061
03890 +16.383
03900 +16.722
03910 +17.074
03920 +17.438
03930 +17.812
03940 +18.192
03950 +18.576
03960 +18.963
03970 +19.350
03980 +19.734
03990 +20.112
04000 +20.482
04010 +20.840
04020 +21.182
04030 +21.503
04040 +21.797
04050 +22.058
04060 +22.281
04070 +22.458
04080 +22.585
04090 +22.659
04100 +22.677
04110 +22.643
04120 +22.561
04130 +22.440
04140 +22.287
04150 +22.112
04160 +21.922
04170 +21.727
04180 +21.531
04190 +21.342
04200 +21.164
04210 +21.001
04220 +20.858
04230 +20.737
04240 +20.637
04250 +20.560
04260 +20.505
04270 +20.470
04280 +20.455
04290 +20.457
04300 +20.475
04310 +20.507
04320 +20.552
04330 +20.608
04340 +20.673
04350 +20.745
04360 +20.822
04370 +20.903
04380 +20.987
04390 +21.071
04400 +21.153
04410 +21.232
04420 +21.305
04430 +21.370
04440 +21.425
04450 +21.469
04460 +21.500
04470 +21.517
04480 +21.522
04490 +21.512
04500 +21.488
04510 +21.451
04520 +21.399
04530 +21.334
04540 +21.258
04550 +21.171
04560 +21.076
04570 +20.975
04580 +20.872
04590 +20.769
04600 +20.668
04610 +20.572
04620 +20.480
04630 +20.394
04640 +20.315
04650 +20.241
04660 +20.174
04670 +20.115
04680 +20.064
04690 +20.023
04700 +19.992
04710 +19.971
04720 +19.961
04730 +19.959
04740 +19.965
04750 +19.976
04760 +19.991
04770 +20.009
04780 +20.032
04790 +20.060
04800 +20.094
04810 +20.133
04820 +20.176
04830 +20.223
04840 +20.271
04850 +20.316
04860 +20.358
04870 +20.395
04880 +20.426
04890 +20.452
04900 +20.475
04910 +20.494
04920 +20.510
04930 +20.522
04940 +20.527
04950 +20.525
04960 +20.513
04970 +20.492
04980 +20.463
04990 +20.427
05000 +20.387
05010 +20.346
05020 +20.305
05030 +20.266
05040 +20.228
05050 +20.191
05060 +20.153
05070 +20.114
05080 +20.074
05090 +20.034
05100 +19.995
05110 +19.961
05120 +19.932
05130 +19.911
05140 +19.896
05150 +19.887
05160 +19.881
05170 +19.876
05180 +19.871
05190 +19.864
05200 +19.859
05210 +19.856
05220 +19.858
05230 +19.866
05240 +19.880
05250 +19.898
05260 +19.917
05270 +19.935
05280 +19.949
05290 +19.958
05300 +19.963
05310 +19.966
05320 +19.967
05330 +19.970
05340 +19.973
05350 +19.976
05360 +19.977
05370 +19.973
05380 +19.963
05390 +19.944
05400 +19.919
05410 +19.888
05420 +19.853
05430 +19.818
05440 +19.782
05450 +19.749
05460 +19.716
05470 +19.682
05480 +19.646
05490 +19.607
05500 +19.564
05510 +19.518
05520 +19.469
05530 +19.422
05540 +19.378
05550 +19.339
05560 +19.305
05570 +19.276
05580 +19.249
05590 +19.221
05600 +19.192
05610 +19.161
05620 +19.130
05630 +19.100
05640 +19.074
05650 +19.055
05660 +19.043
05670 +19.039
05680 +19.039
05690 +19.041
05700 +19.042
05710 +19.043
05720 +19.042
05730 +19.042
05740 +19.046
05750 +19.054
05760 +19.068
05770 +19.088
05780 +19.111
05790 +19.135
05800 +19.157
05810 +19.175
05820 +19.189
05830 +19.199
05840 +19.208
05850 +19.216
05860 +19.225
05870 +19.236
05880 +19.249
05890 +19.262
05900 +19.273
05910 +19.280
05920 +19.282
05930 +19.279
05940 +19.274
05950 +19.268
05960 +19.264
05970 +19.263
05980 +19.267
05990 +19.275
06000 +19.285
06010 +19.296
06020 +19.305
06030 +19.313
06040 +19.320
06050 +19.328
06060 +19.341
06070 +19.360
06080 +19.387
06090 +19.420
06100 +19.459
06110 +19.501
06120 +19.544
06130 +19.586
06140 +19.629
06150 +19.672
06160 +19.717
06170 +19.767
06180 +19.821
06190 +19.880
06200 +19.941
06210 +20.002
06220 +20.060
06230 +20.113
06240 +20.161
06250 +20.205
06260 +20.245
06270 +20.282
06280 +20.319
06290 +20.354
06300 +20.388
06310 +20.419
06320 +20.447
06330 +20.469
06340 +20.486
06350 +20.500
06360 +20.511
06370 +20.521
06380 +20.534
06390 +20.549
06400 +20.569
06410 +20.591
06420 +20.616
06430 +20.644
06440 +20.673
06450 +20.705
06460 +20.741
06470 +20.783
06480 +20.833
06490 +20.891
06500 +20.957
06510 +21.031
06520 +21.110
06530 +21.193
06540 +21.280
06550 +21.370
06560 +21.463
06570 +21.562
06580 +21.665
06590 +21.771
06600 +21.880
06610 +21.990
06620 +22.097
06630 +22.201
06640 +22.300
06650 +22.395
06660 +22.485
06670 +22.573
06680 +22.658
06690 +22.739
06700 +22.817
06710 +22.890
06720 +22.956
06730 +23.016
06740 +23.069
06750 +23.118
06760 +23.165
06770 +23.211
06780 +23.259
06790 +23.310
06800 +23.363
06810 +23.417
06820 +23.472
06830 +23.527
06840 +23.582
06850 +23.640
06860 +23.702
06870 +23.772
06880 +23.851
06890 +23.941
06900 +24.039
06910 +24.145
06920 +24.254
06930 +24.365
06940 +24.477
06950 +24.589
06960 +24.704
06970 +24.823
06980 +24.948
06990 +25.079
07000 +25.213
07010 +25.347
07020 +25.474
07030 +25.591
07040 +25.694
07050 +25.784
07060 +25.863
07070 +25.934
07080 +26.000
07090 +26.063
07100 +26.124
07110 +26.178
07120 +26.223
07130 +26.257
07140 +26.277
07150 +26.287
07160 +26.291
07170 +26.295
07180 +26.304
07190 +26.324
07200 +26.355
07210 +26.397
07220 +26.447
07230 +26.501
07240 +26.556
07250 +26.613
07260 +26.674
07270 +26.744
07280 +26.827
07290 +26.927
07300 +27.046
07310 +27.183
07320 +27.332
07330 +27.487
07340 +27.641
07350 +27.790
07360 +27.932
07370 +28.070
07380 +28.207
07390 +28.346
07400 +28.490
07410 +28.637
07420 +28.780
07430 +28.912
07440 +29.022
07450 +29.106
07460 +29.160
07470 +29.189
07480 +29.200
07490 +29.199
07500 +29.193
07510 +29.186
07520 +29.174
07530 +29.153
07540 +29.117
07550 +29.064
07560 +28.992
07570 +28.909
07580 +28.821
07590 +28.738
07600 +28.669
07610 +28.616
07620 +28.579
07630 +28.553
07640 +28.533
07650 +28.512
07660 +28.488
07670 +28.463
07680 +28.440
07690 +28.426
07700 +28.428
07710 +28.448
07720 +28.487
07730 +28.537
07740 +28.593
07750 +28.645
07760 +28.688
07770 +28.718
07780 +28.736
07790 +28.746
07800 +28.754
07810 +28.763
07820 +28.775
07830 +28.786
07840 +28.790
07850 +28.780
07860 +28.750
07870 +28.695
07880 +28.618
07890 +28.523
07900 +28.418
07910 +28.312
07920 +28.209
07930 +28.112
07940 +28.017
07950 +27.918
07960 +27.811
07970 +27.692
07980 +27.561
07990 +27.422
08000 +27.284
08010 +27.153
08020 +27.036
08030 +26.935
08040 +26.848
08050 +26.769
08060 +26.692
08070 +26.612
08080 +26.528
08090 +26.440
08100 +26.354
08110 +26.275
08120 +26.209
08130 +26.157
08140 +26.120
08150 +26.093
08160 +26.070
08170 +26.046
08180 +26.017
08190 +25.982
08200 +25.943
08210 +25.905
08220 +25.872
08230 +25.848
08240 +25.835
08250 +25.830
08260 +25.831
08270 +25.832
08280 +25.828
08290 +25.818
08300 +25.800
08310 +25.780
08320 +25.760
08330 +25.747
08340 +25.745
08350 +25.753
08360 +25.770
08370 +25.791
08380 +25.812
08390 +25.828
08400 +25.839
08410 +25.846
08420 +25.854
08430 +25.866
08440 +25.888
08450 +25.922
08460 +25.965
08470 +26.014
08480 +26.064
08490 +26.110
08500 +26.150
08510 +26.183
08520 +26.211
08530 +26.238
08540 +26.269
08550 +26.303
08560 +26.343
08570 +26.383
08580 +26.421
08590 +26.453
08600 +26.475
08610 +26.485
08620 +26.486
08630 +26.479
08640 +26.470
08650 +26.460
08660 +26.453
08670 +26.448
08680 +26.443
08690 +26.435
08700 +26.422
08710 +26.404
08720 +26.381
08730 +26.356
08740 +26.332
08750 +26.313
08760 +26.301
08770 +26.298
08780 +26.302
08790 +26.312
08800 +26.325
08810 +26.339
08820 +26.355
08830 +26.372
08840 +26.393
08850 +26.419
08860 +26.451
08870 +26.488
08880 +26.530
08890 +26.574
08900 +26.619
08910 +26.661
08920 +26.699
08930 +26.732
08940 +26.759
08950 +26.779
08960 +26.793
08970 +26.798
08980 +26.795
08990 +26.783
09000 +26.761
09010 +26.729
09020 +26.684
09030 +26.629
09040 +26.562
09050 +26.485
09060 +26.398
09070 +26.303
09080 +26.199
09090 +26.089
09100 +25.973
09110 +25.854
09120 +25.734
09130 +25.614
09140 +25.495
09150 +25.380
09160 +25.267
09170 +25.156
09180 +25.047
09190 +24.940
09200 +24.834
09210 +24.732
09220 +24.636
09230 +24.548
09240 +24.470
09250 +24.401
09260 +24.341
09270 +24.285
09280 +24.232
09290 +24.178
09300 +24.123
09310 +24.067
09320 +24.013
09330 +23.964
09340 +23.923
09350 +23.890
09360 +23.863
09370 +23.840
09380 +23.815
09390 +23.784
09400 +23.746
09410 +23.700
09420 +23.648
09430 +23.596
09440 +23.547
09450 +23.505
09460 +23.469
09470 +23.438
09480 +23.407
09490 +23.369
09500 +23.323
09510 +23.266
09520 +23.200
09530 +23.132
09540 +23.066
09550 +23.009
09560 +22.962
09570 +22.926
09580 +22.896
09590 +22.866
09600 +22.830
09610 +22.786
09620 +22.734
09630 +22.677
09640 +22.622
09650 +22.577
09660 +22.544
09670 +22.526
09680 +22.519
09690 +22.517
09700 +22.512
09710 +22.500
09720 +22.477
09730 +22.445
09740 +22.410
09750 +22.377
09760 +22.353
09770 +22.340
09780 +22.338
09790 +22.340
09800 +22.341
09810 +22.331
09820 +22.306
09830 +22.264
09840 +22.209
09850 +22.146
09860 +22.082
09870 +22.023
09880 +21.971
09890 +21.923
09900 +21.873
09910 +21.813
09920 +21.737
09930 +21.641
09940 +21.527
09950 +21.399
09960 +21.265
09970 +21.134
09980 +21.011
09990 +20.896
10000 +20.786
10010 +20.674
10020 +20.554
10030 +20.419
10040 +20.268
10050 +20.106
10060 +19.938
10070 +19.773
10080 +19.618
10090 +19.476
10100 +19.345
10110 +19.222
10120 +19.098
10130 +18.966
10140 +18.822
10150 +18.667
10160 +18.505
10170 +18.342
10180 +18.186
10190 +18.043
10200 +17.915
10210 +17.797
10220 +17.684
10230 +17.568
10240 +17.443
10250 +17.306
10260 +17.159
10270 +17.006
10280 +16.856
10290 +16.716
10300 +16.590
10310 +16.477
10320 +16.373
10330 +16.271
10340 +16.163
10350 +16.045
10360 +15.915
10370 +15.777
10380 +15.638
10390 +15.505
10400 +15.386
10410 +15.281
10420 +15.189
10430 +15.104
10440 +15.018
10450 +14.924
10460 +14.819
10470 +14.706
10480 +14.588
10490 +14.475
10500 +14.373
10510 +14.286
10520 +14.214
10530 +14.153
10540 +14.097
10550 +14.037
10560 +13.970
10570 +13.893
10580 +13.812
10590 +13.731
10600 +13.661
10610 +13.606
10620 +13.569
10630 +13.547
10640 +13.535
10650 +13.524
10660 +13.509
10670 +13.486
10680 +13.456
10690 +13.427
10700 +13.405
10710 +13.399
10720 +13.413
10730 +13.443
10740 +13.485
10750 +13.528
10760 +13.566
10770 +13.593
10780 +13.610
10790 +13.622
10800 +13.636
10810 +13.659
10820 +13.694
10830 +13.740
10840 +13.792
10850 +13.840
10860 +13.877
10870 +13.899
10880 +13.905
10890 +13.900
10900 +13.890
10910 +13.883
10920 +13.882
10930 +13.889
10940 +13.901
10950 +13.910
10960 +13.912
10970 +13.900
10980 +13.875
10990 +13.837
11000 +13.794
11010 +13.751
11020 +13.715
11030 +13.689
11040 +13.671
11050 +13.657
11060 +13.640
11070 +13.613
11080 +13.572
11090 +13.518
11100 +13.453
11110 +13.386
11120 +13.323
11130 +13.271
11140 +13.231
11150 +13.199
11160 +13.165
11170 +13.122
11180 +13.062
11190 +12.982
11200 +12.887
11210 +12.785
11220 +12.687
11230 +12.602
11240 +12.535
11250 +12.481
11260 +12.431
11270 +12.371
11280 +12.295
11290 +12.198
11300 +12.085
11310 +11.966
11320 +11.857
11330 +11.767
11340 +11.703
11350 +11.661
11360 +11.628
11370 +11.592
11380 +11.541
11390 +11.472
11400 +11.387
11410 +11.299
11420 +11.221
11430 +11.166
11440 +11.142
11450 +11.144
11460 +11.163
11470 +11.183
11480 +11.191
11490 +11.181
11500 +11.154
11510 +11.121
11520 +11.095
11530 +11.091
11540 +11.118
11550 +11.178
11560 +11.260
11570 +11.350
11580 +11.431
11590 +11.492
11600 +11.531
11610 +11.555
11620 +11.578
11630 +11.617
11640 +11.684
11650 +11.783
11660 +11.908
11670 +12.040
11680 +12.161
11690 +12.254
11700 +12.313
11710 +12.341
11720 +12.352
11730 +12.366
11740 +12.398
11750 +12.457
11760 +12.540
11770 +12.630
11780 +12.708
11790 +12.755
11800 +12.763
11810 +12.733
11820 +12.680
11830 +12.625
11840 +12.587
11850 +12.580
11860 +12.605
11870 +12.651
11880 +12.699
11890 +12.728
11900 +12.727
11910 +12.694
11920 +12.639
11930 +12.581
11940 +12.540
11950 +12.534
11960 +12.568
11970 +12.636
11980 +12.721
11990 +12.800
12000 +12.857
12010 +12.884
12020 +12.886
12030 +12.879
12040 +12.882
12050 +12.914
12060 +12.988
12070 +13.100
12080 +13.237
12090 +13.377
12100 +13.499
12110 +13.591
12120 +13.650
12130 +13.687
12140 +13.721
12150 +13.773
12160 +13.857
12170 +13.978
12180 +14.126
12190 +14.281
12200 +14.422
12210 +14.532
12220 +14.602
12230 +14.639
12240 +14.659
12250 +14.683
12260 +14.731
12270 +14.812
12280 +14.923
12290 +15.050
12300 +15.171
12310 +15.267
12320 +15.326
12330 +15.349
12340 +15.350
12350 +15.347
12360 +15.362
12370 +15.410
12380 +15.494
12390 +15.604
12400 +15.721
12410 +15.826
12420 +15.902
12430 +15.946
12440 +15.964
12450 +15.971
12460 +15.989
12470 +16.035
12480 +16.115
12490 +16.226
12500 +16.354
12510 +16.477
12520 +16.580
12530 +16.650
12540 +16.688
12550 +16.704
12560 +16.715
12570 +16.741
12580 +16.793
12590 +16.872
12600 +16.970
12610 +17.070
12620 +17.153
12630 +17.204
12640 +17.220
12650 +17.203
12660 +17.170
12670 +17.138
12680 +17.125
12690 +17.137
12700 +17.173
12710 +17.221
12720 +17.264
12730 +17.285
12740 +17.274
12750 +17.233
12760 +17.172
12770 +17.107
12780 +17.058
12790 +17.037
12800 +17.046
12810 +17.078
12820 +17.118
12830 +17.150
12840 +17.161
12850 +17.145
12860 +17.109
12870 +17.065
12880 +17.031
12890 +17.022
12900 +17.043
12910 +17.091
12920 +17.155
12930 +17.218
12940 +17.266
12950 +17.289
12960 +17.290
12970 +17.274
12980 +17.258
12990 +17.255
13000 +17.274
13010 +17.317
13020 +17.376
13030 +17.438
13040 +17.488
13050 +17.517
13060 +17.521
13070 +17.503
13080 +17.475
13090 +17.452
13100 +17.444
13110 +17.457
13120 +17.488
13130 +17.528
13140 +17.566
13150 +17.590
13160 +17.594
13170 +17.579
13180 +17.554
13190 +17.530
13200 +17.519
13210 +17.529
13220 +17.560
13230 +17.607
13240 +17.658
13250 +17.703
13260 +17.736
13270 +17.754
13280 +17.762
13290 +17.768
13300 +17.781
13310 +17.810
13320 +17.855
13330 +17.913
13340 +17.975
13350 +18.033
13360 +18.079
13370 +18.109
13380 +18.125
13390 +18.131
13400 +18.135
13410 +18.145
13420 +18.162
13430 +18.186
13440 +18.210
13450 +18.229
13460 +18.236
13470 +18.227
13480 +18.204
13490 +18.171
13500 +18.134
13510 +18.102
13520 +18.077
13530 +18.060
13540 +18.046
13550 +18.032
13560 +18.011
13570 +17.982
13580 +17.946
13590 +17.909
13600 +17.877
13610 +17.855
13620 +17.846
13630 +17.849
13640 +17.858
13650 +17.868
13660 +17.875
13670 +17.878
13680 +17.879
13690 +17.884
13700 +17.897
13710 +17.922
13720 +17.958
13730 +18.000
13740 +18.043
13750 +18.079
13760 +18.106
13770 +18.123
13780 +18.134
13790 +18.143
13800 +18.157
13810 +18.178
13820 +18.206
13830 +18.236
13840 +18.261
13850 +18.274
13860 +18.272
13870 +18.257
13880 +18.232
13890 +18.206
13900 +18.186
13910 +18.179
13920 +18.185
13930 +18.201
13940 +18.217
13950 +18.225
13960 +18.220
13970 +18.200
13980 +18.172
13990 +18.145
14000 +18.130
14010 +18.135
14020 +18.163
14030 +18.209
14040 +18.263
14050 +18.312
14060 +18.347
14070 +18.363
14080 +18.365
14090 +18.363
14100 +18.370
14110 +18.398
14120 +18.450
14130 +18.523
14140 +18.604
14150 +18.676
14160 +18.727
14170 +18.749
14180 +18.746
14190 +18.726
14200 +18.704
14210 +18.695
14220 +18.707
14230 +18.740
14240 +18.783
14250 +18.820
14260 +18.835
14270 +18.819
14280 +18.769
14290 +18.696
14300 +18.616
14310 +18.545
14320 +18.498
14330 +18.480
14340 +18.484
14350 +18.494
14360 +18.491
14370 +18.458
14380 +18.391
14390 +18.295
14400 +18.184
14410 +18.080
14420 +17.998
14430 +17.950
14440 +17.931
14450 +17.926
14460 +17.913
14470 +17.873
14480 +17.794
14490 +17.677
14500 +17.536
14510 +17.390
14520 +17.261
14530 +17.164
14540 +17.101
14550 +17.062
14560 +17.027
14570 +16.972
14580 +16.883
14590 +16.756
14600 +16.601
14610 +16.438
14620 +16.292
14630 +16.185
14640 +16.128
14650 +16.115
14660 +16.128
14670 +16.143
14680 +16.139
14690 +16.104
14700 +16.043
14710 +15.973
14720 +15.921
14730 +15.910
14740 +15.956
14750 +16.055
14760 +16.191
14770 +16.336
14780 +16.463
14790 +16.556
14800 +16.612
14810 +16.643
14820 +16.672
14830 +16.722
14840 +16.812
14850 +16.943
14860 +17.103
14870 +17.267
14880 +17.408
14890 +17.505
14900 +17.548
14910 +17.544
14920 +17.509
14930 +17.469
14940 +17.445
14950 +17.449
14960 +17.476
14970 +17.510
14980 +17.526
14990 +17.499
15000 +17.416
15010 +17.277
15020 +17.095
15030 +16.898
15040 +16.715
15050 +16.568
15060 +16.464
15070 +16.393
15080 +16.331
15090 +16.253
15100 +16.138
15110 +15.982
15120 +15.794
15130 +15.602
15140 +15.440
15150 +15.333
15160 +15.295
15170 +15.314
15180 +15.366
15190 +15.420
15200 +15.452
15210 +15.451
15220 +15.424
15230 +15.393
15240 +15.387
15250 +15.429
15260 +15.530
15270 +15.679
15280 +15.854
15290 +16.027
15300 +16.173
15310 +16.281
15320 +16.350
15330 +16.395
15340 +16.438
15350 +16.502
15360 +16.599
15370 +16.727
15380 +16.872
15390 +17.013
15400 +17.126
15410 +17.198
15420 +17.224
15430 +17.213
15440 +17.184
15450 +17.162
15460 +17.166
15470 +17.202
15480 +17.264
15490 +17.334
15500 +17.390
15510 +17.417
15520 +17.410
15530 +17.374
15540 +17.329
15550 +17.299
15560 +17.303
15570 +17.351
15580 +17.437
15590 +17.541
15600 +17.646
15610 +17.733
15620 +17.799
15630 +17.846
15640 +17.890
15650 +17.949
15660 +18.038
15670 +18.163
15680 +18.318
15690 +18.488
15700 +18.656
15710 +18.808
15720 +18.939
15730 +19.050
15740 +19.151
15750 +19.255
15760 +19.375
15770 +19.514
15780 +19.670
15790 +19.832
15800 +19.986
15810 +20.121
15820 +20.230
15830 +20.316
15840 +20.385
15850 +20.448
15860 +20.518
15870 +20.603
15880 +20.700
15890 +20.802
15900 +20.897
15910 +20.976
15920 +21.034
15930 +21.075
15940 +21.106
15950 +21.143
15960 +21.197
15970 +21.277
15980 +21.380
15990 +21.496
16000 +21.613
16010 +21.719
16020 +21.812
16030 +21.898
16040 +21.986
16050 +22.091
16060 +22.226
16070 +22.394
16080 +22.589
16090 +22.796
16100 +23.001
16110 +23.191
16120 +23.365
16130 +23.528
16140 +23.693
16150 +23.876
16160 +24.088
16170 +24.331
16180 +24.595
16190 +24.862
16200 +25.109
16210 +25.321
16220 +25.494
16230 +25.637
16240 +25.765
16250 +25.895
16260 +26.041
16270 +26.203
16280 +26.371
16290 +26.524
16300 +26.637
16310 +26.699
16320 +26.709
16330 +26.684
16340 +26.644
16350 +26.613
16360 +26.608
16370 +26.637
16380 +26.693
16390 +26.759
16400 +26.811
16410 +26.834
16420 +26.826
16430 +26.795
16440 +26.762
16450 +26.749
16460 +26.776
16470 +26.851
16480 +26.973
16490 +27.123
16500 +27.273
16510 +27.399
16520 +27.487
16530 +27.539
16540 +27.572
16550 +27.608
16560 +27.671
16570 +27.775
16580 +27.923
16590 +28.096
16600 +28.265
16610 +28.395
16620 +28.464
16630 +28.466
16640 +28.419
16650 +28.350
16660 +28.290
16670 +28.263
16680 +28.280
16690 +28.331
16700 +28.391
16710 +28.426
16720 +28.412
16730 +28.339
16740 +28.222
16750 +28.087
16760 +27.968
16770 +27.894
16780 +27.883
16790 +27.934
16800 +28.027
16810 +28.129
16820 +28.206
16830 +28.237
16840 +28.219
16850 +28.169
16860 +28.120
16870 +28.103
16880 +28.145
16890 +28.255
16900 +28.425
16910 +28.627
16920 +28.821
16930 +28.973
16940 +29.061
16950 +29.088
16960 +29.078
16970 +29.068
16980 +29.095
16990 +29.183
17000 +29.337
17010 +29.539
17020 +29.746
17030 +29.911
17040 +29.995
17050 +29.983
17060 +29.895
17070 +29.772
17080 +29.667
17090 +29.618
17100 +29.647
17110 +29.743
17120 +29.872
17130 +29.984
17140 +30.034
17150 +29.998
17160 +29.886
17170 +29.738
17180 +29.606
17190 +29.536
17200 +29.558
17210 +29.674
17220 +29.860
17230 +30.074
17240 +30.269
17250 +30.406
17260 +30.474
17270 +30.491
17280 +30.498
17290 +30.542
17300 +30.664
17310 +30.886
17320 +31.203
17330 +31.588
17340 +31.995
17350 +32.370
17360 +32.669
17370 +32.873
17380 +32.999
17390 +33.096
17400 +33.223
17410 +33.427
17420 +33.729
17430 +34.116
17440 +34.541
17450 +34.929
17460 +35.195
17470 +35.287
17480 +35.213
17490 +35.043
17500 +34.873
17510 +34.779
17520 +34.804
17530 +34.944
17540 +35.157
17550 +35.375
17560 +35.519
17570 +35.532
17580 +35.408
17590 +35.198
17600 +34.984
17610 +34.844
17620 +34.826
17630 +34.944
17640 +35.184
17650 +35.502
17660 +35.837
17670 +36.118
17680 +36.294
17690 +36.353
17700 +36.337
17710 +36.319
17720 +36.374
17730 +36.555
17740 +36.886
17750 +37.359
17760 +37.931
17770 +38.517
17780 +38.993
17790 +39.237
17800 +39.211
17810 +38.997
17820 +38.741
17830 +38.568
17840 +38.538
17850 +38.652
17860 +38.848
17870 +39.015
17880 +39.019
17890 +38.773
17900 +38.307
17910 +37.745
17920 +37.228
17930 +36.852
17940 +36.657
17950 +36.638
17960 +36.763
17970 +36.972
17980 +37.191
17990 +37.344
18000 +37.383
18010 +37.318
18020 +37.208
18030 +37.137
18040 +37.172
18050 +37.359
18060 +37.717
18070 +38.256
18080 +38.965
18090 +39.820
18100 +40.768
18110 +41.726
18120 +42.610
18130 +43.381
18140 +44.084
18150 +44.829
18160 +45.738
18170 +46.893
18180 +48.268
18190 +49.560
18200 +50.082
18210 +49.441
18220 +48.206
18230 +47.046
18240 +46.207
18250 +45.665
18260 +45.263
18270 +44.780
18280 +44.037
18290 +43.021
18300 +41.884
18310 +40.822
18320 +39.980
18330 +39.432
18340 +39.198
18350 +39.261
18360 +39.572
18370 +40.052
18380 +40.581
18390 +40.990
18400 +41.128
18410 +40.972
18420 +40.656
18430 +40.379
18440 +40.292
18450 +40.478
18460 +40.968
18470 +41.755
18480 +42.768
18490 +43.798
18500 +44.415
18510 +44.210
18520 +43.318
18530 +42.246
18540 +41.354
18550 +40.766
18560 +40.475
18570 +40.399
18580 +40.401
18590 +40.287
18600 +39.874
18610 +39.109
18620 +38.129
18630 +37.143
18640 +36.315
18650 +35.720
18660 +35.367
18670 +35.220
18680 +35.223
18690 +35.297
18700 +35.347
18710 +35.282
18720 +35.056
18730 +34.707
18740 +34.332
18750 +34.033
18760 +33.872
18770 +33.871
18780 +34.027
18790 +34.313
18800 +34.686
18810 +35.072
18820 +35.372
18830 +35.506
18840 +35.464
18850 +35.321
18860 +35.180
18870 +35.118
18880 +35.173
18890 +35.343
18900 +35.588
18910 +35.821
18920 +35.916
18930 +35.754
18940 +35.316
18950 +34.713
18960 +34.093
18970 +33.564
18980 +33.170
18990 +32.912
19000 +32.764
19010 +32.679
19020 +32.595
19030 +32.445
19040 +32.190
19050 +31.846
19060 +31.476
19070 +31.148
19080 +30.906
19090 +30.771
19100 +30.745
19110 +30.823
19120 +30.985
19130 +31.193
19140 +31.382
19150 +31.489
19160 +31.494
19170 +31.428
19180 +31.353
19190 +31.328
19200 +31.397
19210 +31.593
19220 +31.927
19230 +32.375
19240 +32.852
19250 +33.218
19260 +33.349
19270 +33.230
19280 +32.950
19290 +32.622
19300 +32.325
19310 +32.101
19320 +31.958
19330 +31.879
19340 +31.815
19350 +31.691
19360 +31.447
19370 +31.071
19380 +30.608
19390 +30.122
19400 +29.667
19410 +29.281
19420 +28.991
19430 +28.823
19440 +28.787
19450 +28.865
19460 +28.990
19470 +29.067
19480 +29.026
19490 +28.856
19500 +28.603
19510 +28.335
19520 +28.125
19530 +28.045
19540 +28.158
19550 +28.494
19560 +29.010
19570 +29.581
19580 +30.048
19590 +30.307
19600 +30.365
19610 +30.307
19620 +30.243
19630 +30.267
19640 +30.440
19650 +30.774
19660 +31.201
19670 +31.574
19680 +31.725
19690 +31.567
19700 +31.146
19710 +30.584
19720 +30.002
19730 +29.495
19740 +29.136
19750 +28.977
19760 +29.031
19770 +29.247
19780 +29.498
19790 +29.631
19800 +29.548
19810 +29.256
19820 +28.837
19830 +28.401
19840 +28.058
19850 +27.913
19860 +28.037
19870 +28.434
19880 +29.005
19890 +29.563
19900 +29.920
19910 +29.990
19920 +29.825
19930 +29.572
19940 +29.401
19950 +29.464
19960 +29.852
19970 +30.559
19980 +31.456
19990 +32.310
20000 +32.861
20010 +32.955
20020 +32.639
20030 +32.089
20040 +31.500
20050 +31.019
20060 +30.749
20070 +30.743
20080 +30.980
20090 +31.356
20100 +31.695
20110 +31.811
20120 +31.604
20130 +31.111
20140 +30.469
20150 +29.841
20160 +29.372
20170 +29.170
20180 +29.279
20190 +29.648
20200 +30.131
20210 +30.518
20220 +30.617
20230 +30.350
20240 +29.793
20250 +29.114
20260 +28.506
20270 +28.130
20280 +28.089
20290 +28.388
20300 +28.920
20310 +29.488
20320 +29.860
20330 +29.861
20340 +29.468
20350 +28.821
20360 +28.136
20370 +27.631
20380 +27.473
20390 +27.733
20400 +28.352
20410 +29.142
20420 +29.833
20430 +30.155
20440 +29.978
20450 +29.404
20460 +28.696
20470 +28.153
20480 +28.041
20490 +28.487
20500 +29.286
20510 +29.850
20520 +29.659
20530 +28.829
20540 +27.804
20550 +26.881
20560 +26.182
20570 +25.738
20580 +25.543
20590 +25.572
20600 +25.785
20610 +26.134
20620 +26.557
20630 +26.974
20640 +27.288
20650 +27.398
20660 +27.264
20670 +26.959
20680 +26.659
20690 +26.541
20700 +26.694
20710 +27.104
20720 +27.700
20730 +28.378
20740 +29.006
20750 +29.421
20760 +29.489
20770 +29.215
20780 +28.790
20790 +28.453
20800 +28.349
20810 +28.486
20820 +28.789
20830 +29.145
20840 +29.425
20850 +29.496
20860 +29.271
20870 +28.761
20880 +28.095
20890 +27.460
20900 +27.010
20910 +26.816
20920 +26.861
20930 +27.074
20940 +27.357
20950 +27.598
20960 +27.685
20970 +27.532
20980 +27.137
20990 +26.617
21000 +26.149
21010 +25.873
21020 +25.831
21030 +25.981
21040 +26.246
21050 +26.535
21060 +26.751
21070 +26.799
21080 +26.616
21090 +26.230
21100 +25.779
21110 +25.431
21120 +25.283
21130 +25.337
21140 +25.535
21150 +25.806
21160 +26.076
21170 +26.268
21180 +26.305
21190 +26.140
21200 +25.810
21210 +25.448
21220 +25.200
21230 +25.135
21240 +25.239
21250 +25.468
21260 +25.779
21270 +26.147
21280 +26.548
21290 +26.924
21300 +27.077
21310 +26.545
21320 +25.012
21330 +23.122
21340 +21.775
21350 +21.124
21360 +20.905
21370 +20.895
21380 +20.981
21390 +21.114
21400 +21.273
21410 +21.447
21420 +21.634
21430 +21.831
21440 +22.041
21450 +22.267
21460 +22.513
21470 +22.775
21480 +23.023
21490 +23.184
21500 +23.173
21510 +22.998
21520 +22.758
21530 +22.533
21540 +22.344
21550 +22.188
21560 +22.057
21570 +21.954
21580 +21.896
21590 +21.909
21600 +21.998
21610 +22.096
21620 +22.086
21630 +21.916
21640 +21.620
21650 +21.247
21660 +20.833
21670 +20.412
21680 +20.034
21690 +19.808
21700 +19.902
21710 +20.416
21720 +21.118
21730 +21.559
21740 +21.544
21750 +21.183
21760 +20.641
21770 +20.034
21780 +19.456
21790 +19.043
21800 +19.014
21810 +19.563
21820 +20.529
21830 +21.343
21840 +21.584
21850 +21.288
21860 +20.688
21870 +19.964
21880 +19.237
21890 +18.644
21900 +18.408
21910 +18.797
21920 +19.799
21930 +20.899
21940 +21.498
21950 +21.434
21960 +20.911
21970 +20.164
21980 +19.357
21990 +18.642
22000 +18.253
22010 +18.515
22020 +19.550
22030 +20.929
22040 +21.932
22050 +22.164
22060 +21.741
22070 +20.958
22080 +20.045
22090 +19.187
22100 +18.644
22110 +18.797
22120 +19.884
22130 +21.566
22140 +23.059
22150 +23.703
22160 +23.411
22170 +22.532
22180 +21.414
22190 +20.311
22200 +19.525
22210 +19.504
22220 +20.585
22230 +22.521
22240 +24.595
22250 +25.963
22260 +26.060
22270 +25.080
22280 +23.590
22290 +22.022
22300 +20.764
22310 +20.340
22320 +21.155
22330 +22.998
22340 +25.300
22350 +27.465
22360 +28.660
22370 +28.119
22380 +26.214
22390 +23.869
22400 +21.776
22410 +20.626
22420 +20.904
22430 +22.307
22440 +24.223
22450 +26.258
22460 +28.001
22470 +28.535
22480 +27.005
22490 +24.152
22500 +21.299
22510 +19.570
22520 +19.556
22530 +20.704
22540 +22.263
22550 +23.883
22560 +25.339
22570 +26.128
22580 +25.340
22590 +22.832
22600 +19.863
22610 +18.041
22620 +18.093
22630 +19.233
22640 +20.657
22650 +22.080
22660 +23.377
22670 +24.262
22680 +24.015
22690 +22.003
22700 +19.021
22710 +17.000
22720 +17.061
22730 +18.292
22740 +19.773
22750 +21.242
22760 +22.645
22770 +23.809
22780 +24.050
22790 +22.230
22800 +18.626
22810 +15.577
22820 +15.421
22830 +17.020
22840 +18.848
22850 +20.597
22860 +22.289
22870 +23.835
22880 +24.515
22890 +22.676
22900 +18.222
22910 +13.509
22920 +12.916
22930 +15.411
22940 +17.924
22950 +20.164
22960 +22.316
22970 +24.478
22980 +26.174
22990 +25.314
23000 +20.989
23010 +15.479
23020 +12.767
23030 +15.228
23040 +18.315
23050 +21.034
23060 +23.630
23070 +26.415
23080 +29.665
23090 +32.285
23100 +29.173
23110 +23.283
23120 +18.644
23130 +18.221
23140 +20.526
23150 +22.981
23160 +25.222
23170 +27.399
23180 +29.786
23190 +32.941
23200 +38.434
23210 +38.551
23220 +28.676
23230 +23.920
23240 +23.420
23250 +24.297
23260 +25.256
23270 +26.129
23280 +26.988
23290 +27.980
23300 +29.368
23310 +31.514
23320 +31.903
23330 +26.797
23340 +24.371
23350 +24.077
23360 +24.304
23370 +24.638
23380 +25.017
23390 +25.470
23400 +26.058
23410 +26.778
23420 +26.924
23430 +25.104
23440 +23.555
23450 +23.206
23460 +23.283
23470 +23.462
23480 +23.672
23490 +23.903
23500 +24.157
23510 +24.380
23520 +24.258
23530 +23.324
23540 +22.471
23550 +22.313
23560 +22.422
23570 +22.575
23580 +22.720
23590 +22.854
23600 +22.972
23610 +23.047
23620 +22.935
23630 +22.379
23640 +21.947
23650 +22.025
23660 +22.205
23670 +22.355
23680 +22.474
23690 +22.572
23700 +22.660
23710 +22.733
23720 +22.723
23730 +22.376
23740 +22.142
23750 +22.269
23760 +22.395
23770 +22.489
23780 +22.564
23790 +22.634
23800 +22.710
23810 +22.801
23820 +22.874
23830 +22.371
23840 +21.925
23850 +22.135
23860 +22.275
23870 +22.360
23880 +22.419
23890 +22.466
23900 +22.508
23910 +22.551
23920 +22.592
23930 +22.469
23940 +19.856
23950 +21.664
23960 +22.058
23970 +22.186
23980 +22.242
23990 +22.268
