00000 -0.621
00010 -0.421
00020 +0.022
00030 +0.458
00040 +0.763
00050 +0.923
00060 +0.957
00070 +0.894
00080 +0.770
00090 +0.640
00100 +0.579
00110 +0.655
00120 +0.872
00130 +1.154
00140 +1.404
00150 +1.570
00160 +1.642
00170 +1.635
00180 +1.579
00190 +1.505
00200 +1.449
00210 +1.444
00220 +1.504
00230 +1.615
00240 +1.742
00250 +1.843
00260 +1.891
00270 +1.881
00280 +1.822
00290 +1.736
00300 +1.647
00310 +1.582
00320 +1.560
00330 +1.589
00340 +1.653
00350 +1.724
00360 +1.773
00370 +1.779
00380 +1.739
00390 +1.663
00400 +1.573
00410 +1.497
00420 +1.461
00430 +1.482
00440 +1.564
00450 +1.685
00460 +1.815
00470 +1.925
00480 +1.999
00490 +2.041
00500 +2.071
00510 +2.123
00520 +2.226
00530 +2.405
00540 +2.659
00550 +2.967
00560 +3.286
00570 +3.577
00580 +3.814
00590 +3.994
00600 +4.135
00610 +4.264
00620 +4.409
00630 +4.587
00640 +4.800
00650 +5.029
00660 +5.245
00670 +5.418
00680 +5.529
00690 +5.576
00700 +5.575
00710 +5.550
00720 +5.531
00730 +5.538
00740 +5.584
00750 +5.663
00760 +5.758
00770 +5.841
00780 +5.889
00790 +5.888
00800 +5.843
00810 +5.777
00820 +5.717
00830 +5.693
00840 +5.725
00850 +5.812
00860 +5.936
00870 +6.062
00880 +6.156
00890 +6.199
00900 +6.192
00910 +6.158
00920 +6.128
00930 +6.127
00940 +6.168
00950 +6.246
00960 +6.342
00970 +6.426
00980 +6.477
00990 +6.484
01000 +6.451
01010 +6.395
01020 +6.337
01030 +6.299
01040 +6.291
01050 +6.315
01060 +6.362
01070 +6.417
01080 +6.461
01090 +6.483
01100 +6.478
01110 +6.453
01120 +6.421
01130 +6.401
01140 +6.404
01150 +6.440
01160 +6.505
01170 +6.591
01180 +6.682
01190 +6.764
01200 +6.827
01210 +6.871
01220 +6.903
01230 +6.939
01240 +6.991
01250 +7.070
01260 +7.179
01270 +7.310
01280 +7.449
01290 +7.582
01300 +7.696
01310 +7.784
01320 +7.851
01330 +7.907
01340 +7.964
01350 +8.034
01360 +8.120
01370 +8.219
01380 +8.324
01390 +8.421
01400 +8.499
01410 +8.552
01420 +8.581
01430 +8.592
01440 +8.597
01450 +8.607
01460 +8.630
01470 +8.668
01480 +8.716
01490 +8.768
01500 +8.813
01510 +8.841
01520 +8.849
01530 +8.837
01540 +8.814
01550 +8.790
01560 +8.773
01570 +8.770
01580 +8.781
01590 +8.797
01600 +8.808
01610 +8.802
01620 +8.772
01630 +8.717
01640 +8.645
01650 +8.570
01660 +8.503
01670 +8.454
01680 +8.422
01690 +8.402
01700 +8.386
01710 +8.362
01720 +8.324
01730 +8.271
01740 +8.209
01750 +8.145
01760 +8.091
01770 +8.051
01780 +8.028
01790 +8.018
01800 +8.013
01810 +8.004
01820 +7.984
01830 +7.950
01840 +7.903
01850 +7.850
01860 +7.798
01870 +7.755
01880 +7.724
01890 +7.703
01900 +7.686
01910 +7.666
01920 +7.634
01930 +7.587
01940 +7.524
01950 +7.451
01960 +7.377
01970 +7.309
01980 +7.252
01990 +7.207
02000 +7.169
02010 +7.131
02020 +7.087
02030 +7.037
02040 +6.981
02050 +6.927
02060 +6.881
02070 +6.852
02080 +6.841
02090 +6.847
02100 +6.865
02110 +6.890
02120 +6.918
02130 +6.946
02140 +6.975
02150 +7.008
02160 +7.048
02170 +7.097
02180 +7.157
02190 +7.226
02200 +7.302
02210 +7.382
02220 +7.463
02230 +7.542
02240 +7.620
02250 +7.696
02260 +7.773
02270 +7.851
02280 +7.932
02290 +8.015
02300 +8.098
02310 +8.177
02320 +8.249
02330 +8.310
02340 +8.358
02350 +8.393
02360 +8.414
02370 +8.424
02380 +8.425
02390 +8.420
02400 +8.407
02410 +8.387
02420 +8.359
02430 +8.322
02440 +8.277
02450 +8.228
02460 +8.176
02470 +8.127
02480 +8.083
02490 +8.045
02500 +8.013
02510 +7.985
02520 +7.960
02530 +7.935
02540 +7.912
02550 +7.890
02560 +7.871
02570 +7.858
02580 +7.853
02590 +7.854
02600 +7.862
02610 +7.875
02620 +7.889
02630 +7.904
02640 +7.918
02650 +7.932
02660 +7.948
02670 +7.967
02680 +7.990
02690 +8.018
02700 +8.050
02710 +8.082
02720 +8.111
02730 +8.134
02740 +8.148
02750 +8.152
02760 +8.146
02770 +8.131
02780 +8.108
02790 +8.078
02800 +8.040
02810 +7.994
02820 +7.938
02830 +7.872
02840 +7.797
02850 +7.716
02860 +7.633
02870 +7.555
02880 +7.484
02890 +7.425
02900 +7.377
02910 +7.340
02920 +7.311
02930 +7.286
02940 +7.264
02950 +7.243
02960 +7.224
02970 +7.210
02980 +7.203
02990 +7.204
03000 +7.215
03010 +7.235
03020 +7.260
03030 +7.287
03040 +7.312
03050 +7.335
03060 +7.355
03070 +7.376
03080 +7.400
03090 +7.431
03100 +7.472
03110 +7.521
03120 +7.576
03130 +7.633
03140 +7.688
03150 +7.737
03160 +7.782
03170 +7.823
03180 +7.866
03190 +7.914
03200 +7.969
03210 +8.030
03220 +8.095
03230 +8.159
03240 +8.217
03250 +8.266
03260 +8.308
03270 +8.343
03280 +8.376
03290 +8.411
03300 +8.450
03310 +8.495
03320 +8.545
03330 +8.596
03340 +8.646
03350 +8.692
03360 +8.733
03370 +8.769
03380 +8.805
03390 +8.843
03400 +8.887
03410 +8.939
03420 +8.999
03430 +9.067
03440 +9.138
03450 +9.210
03460 +9.278
03470 +9.342
03480 +9.404
03490 +9.466
03500 +9.533
03510 +9.607
03520 +9.691
03530 +9.782
03540 +9.878
03550 +9.973
03560 +10.062
03570 +10.141
03580 +10.210
03590 +10.270
03600 +10.326
03610 +10.381
03620 +10.435
03630 +10.486
03640 +10.531
03650 +10.563
03660 +10.575
03670 +10.565
03680 +10.531
03690 +10.476
03700 +10.405
03710 +10.322
03720 +10.232
03730 +10.136
03740 +10.034
03750 +9.923
03760 +9.803
03770 +9.670
03780 +9.528
03790 +9.377
03800 +9.224
03810 +9.072
03820 +8.927
03830 +8.790
03840 +8.663
03850 +8.544
03860 +8.430
03870 +8.320
03880 +8.211
03890 +8.103
03900 +7.996
03910 +7.893
03920 +7.798
03930 +7.715
03940 +7.646
03950 +7.592
03960 +7.550
03970 +7.517
03980 +7.488
03990 +7.462
04000 +7.436
04010 +7.414
04020 +7.398
04030 +7.394
04040 +7.407
04050 +7.438
04060 +7.485
04070 +7.542
04080 +7.603
04090 +7.662
04100 +7.717
04110 +7.769
04120 +7.820
04130 +7.877
04140 +7.943
04150 +8.019
04160 +8.103
04170 +8.190
04180 +8.274
04190 +8.350
04200 +8.413
04210 +8.466
04220 +8.510
04230 +8.552
04240 +8.596
04250 +8.645
04260 +8.701
04270 +8.760
04280 +8.818
04290 +8.872
04300 +8.916
04310 +8.951
04320 +8.979
04330 +9.004
04340 +9.033
04350 +9.070
04360 +9.119
04370 +9.178
04380 +9.245
04390 +9.315
04400 +9.382
04410 +9.444
04420 +9.501
04430 +9.558
04440 +9.619
04450 +9.690
04460 +9.775
04470 +9.873
04480 +9.981
04490 +10.094
04500 +10.205
04510 +10.312
04520 +10.411
04530 +10.506
04540 +10.600
04550 +10.698
04560 +10.803
04570 +10.918
04580 +11.040
04590 +11.164
04600 +11.285
04610 +11.398
04620 +11.501
04630 +11.593
04640 +11.677
04650 +11.757
04660 +11.837
04670 +11.920
04680 +12.006
04690 +12.092
04700 +12.173
04710 +12.243
04720 +12.299
04730 +12.340
04740 +12.365
04750 +12.379
04760 +12.386
04770 +12.392
04780 +12.398
04790 +12.405
04800 +12.409
04810 +12.406
04820 +12.393
04830 +12.367
04840 +12.331
04850 +12.287
04860 +12.241
04870 +12.200
04880 +12.169
04890 +12.148
04900 +12.137
04910 +12.133
04920 +12.132
04930 +12.130
04940 +12.127
04950 +12.125
04960 +12.126
04970 +12.136
04980 +12.158
04990 +12.195
05000 +12.246
05010 +12.308
05020 +12.377
05030 +12.446
05040 +12.513
05050 +12.576
05060 +12.635
05070 +12.694
05080 +12.756
05090 +12.822
05100 +12.895
05110 +12.970
05120 +13.043
05130 +13.108
05140 +13.159
05150 +13.190
05160 +13.203
05170 +13.197
05180 +13.178
05190 +13.150
05200 +13.115
05210 +13.074
05220 +13.026
05230 +12.966
05240 +12.891
05250 +12.800
05260 +12.692
05270 +12.573
05280 +12.448
05290 +12.325
05300 +12.209
05310 +12.105
05320 +12.013
05330 +11.931
05340 +11.855
05350 +11.782
05360 +11.710
05370 +11.640
05380 +11.576
05390 +11.521
05400 +11.480
05410 +11.455
05420 +11.448
05430 +11.455
05440 +11.473
05450 +11.496
05460 +11.519
05470 +11.541
05480 +11.560
05490 +11.580
05500 +11.605
05510 +11.638
05520 +11.681
05530 +11.734
05540 +11.793
05550 +11.851
05560 +11.905
05570 +11.949
05580 +11.982
05590 +12.007
05600 +12.027
05610 +12.049
05620 +12.074
05630 +12.106
05640 +12.143
05650 +12.180
05660 +12.213
05670 +12.237
05680 +12.252
05690 +12.259
05700 +12.262
05710 +12.266
05720 +12.278
05730 +12.300
05740 +12.332
05750 +12.373
05760 +12.418
05770 +12.462
05780 +12.502
05790 +12.538
05800 +12.571
05810 +12.606
05820 +12.647
05830 +12.697
05840 +12.759
05850 +12.831
05860 +12.908
05870 +12.987
05880 +13.061
05890 +13.127
05900 +13.186
05910 +13.238
05920 +13.288
05930 +13.341
05940 +13.399
05950 +13.464
05960 +13.532
05970 +13.599
05980 +13.659
05990 +13.708
06000 +13.743
06010 +13.767
06020 +13.783
06030 +13.797
06040 +13.814
06050 +13.836
06060 +13.863
06070 +13.892
06080 +13.917
06090 +13.936
06100 +13.944
06110 +13.942
06120 +13.933
06130 +13.922
06140 +13.915
06150 +13.916
06160 +13.926
06170 +13.944
06180 +13.964
06190 +13.983
06200 +13.995
06210 +13.999
06220 +13.995
06230 +13.987
06240 +13.980
06250 +13.980
06260 +13.988
06270 +14.004
06280 +14.026
06290 +14.047
06300 +14.063
06310 +14.069
06320 +14.064
06330 +14.052
06340 +14.037
06350 +14.024
06360 +14.018
06370 +14.021
06380 +14.031
06390 +14.044
06400 +14.055
06410 +14.058
06420 +14.053
06430 +14.039
06440 +14.022
06450 +14.007
06460 +13.999
06470 +14.002
06480 +14.016
06490 +14.038
06500 +14.062
06510 +14.084
06520 +14.099
06530 +14.107
06540 +14.110
06550 +14.112
06560 +14.118
06570 +14.133
06580 +14.157
06590 +14.190
06600 +14.226
06610 +14.260
06620 +14.287
06630 +14.302
06640 +14.307
06650 +14.303
06660 +14.297
06670 +14.293
06680 +14.294
06690 +14.302
06700 +14.313
06710 +14.322
06720 +14.323
06730 +14.311
06740 +14.286
06750 +14.250
06760 +14.209
06770 +14.169
06780 +14.136
06790 +14.111
06800 +14.094
06810 +14.080
06820 +14.064
06830 +14.041
06840 +14.009
06850 +13.968
06860 +13.925
06870 +13.883
06880 +13.851
06890 +13.829
06900 +13.820
06910 +13.818
06920 +13.818
06930 +13.815
06940 +13.806
06950 +13.788
06960 +13.765
06970 +13.742
06980 +13.723
06990 +13.712
07000 +13.711
07010 +13.717
07020 +13.724
07030 +13.728
07040 +13.723
07050 +13.708
07060 +13.682
07070 +13.651
07080 +13.621
07090 +13.595
07100 +13.577
07110 +13.566
07120 +13.560
07130 +13.552
07140 +13.539
07150 +13.518
07160 +13.490
07170 +13.458
07180 +13.429
07190 +13.406
07200 +13.395
07210 +13.394
07220 +13.403
07230 +13.417
07240 +13.430
07250 +13.442
07260 +13.450
07270 +13.456
07280 +13.465
07290 +13.481
07300 +13.507
07310 +13.544
07320 +13.589
07330 +13.640
07340 +13.691
07350 +13.740
07360 +13.784
07370 +13.824
07380 +13.862
07390 +13.900
07400 +13.941
07410 +13.988
07420 +14.039
07430 +14.093
07440 +14.145
07450 +14.192
07460 +14.232
07470 +14.265
07480 +14.292
07490 +14.317
07500 +14.343
07510 +14.372
07520 +14.405
07530 +14.441
07540 +14.478
07550 +14.514
07560 +14.546
07570 +14.574
07580 +14.599
07590 +14.624
07600 +14.651
07610 +14.683
07620 +14.720
07630 +14.762
07640 +14.808
07650 +14.854
07660 +14.899
07670 +14.942
07680 +14.983
07690 +15.021
07700 +15.059
07710 +15.098
07720 +15.139
07730 +15.181
07740 +15.222
07750 +15.262
07760 +15.297
07770 +15.326
07780 +15.348
07790 +15.364
07800 +15.374
07810 +15.380
07820 +15.383
07830 +15.384
07840 +15.384
07850 +15.380
07860 +15.373
07870 +15.362
07880 +15.346
07890 +15.325
07900 +15.302
07910 +15.278
07920 +15.255
07930 +15.235
07940 +15.218
07950 +15.205
07960 +15.193
07970 +15.183
07980 +15.173
07990 +15.164
08000 +15.156
08010 +15.152
08020 +15.152
08030 +15.157
08040 +15.167
08050 +15.182
08060 +15.201
08070 +15.222
08080 +15.243
08090 +15.265
08100 +15.288
08110 +15.312
08120 +15.338
08130 +15.366
08140 +15.397
08150 +15.428
08160 +15.460
08170 +15.490
08180 +15.517
08190 +15.540
08200 +15.559
08210 +15.575
08220 +15.590
08230 +15.602
08240 +15.614
08250 +15.624
08260 +15.633
08270 +15.638
08280 +15.639
08290 +15.637
08300 +15.631
08310 +15.623
08320 +15.614
08330 +15.607
08340 +15.601
08350 +15.597
08360 +15.595
08370 +15.594
08380 +15.592
08390 +15.588
08400 +15.584
08410 +15.579
08420 +15.575
08430 +15.574
08440 +15.575
08450 +15.580
08460 +15.585
08470 +15.591
08480 +15.594
08490 +15.595
08500 +15.591
08510 +15.584
08520 +15.576
08530 +15.567
08540 +15.558
08550 +15.551
08560 +15.545
08570 +15.537
08580 +15.527
08590 +15.514
08600 +15.498
08610 +15.478
08620 +15.458
08630 +15.440
08640 +15.426
08650 +15.418
08660 +15.415
08670 +15.418
08680 +15.424
08690 +15.432
08700 +15.442
08710 +15.454
08720 +15.470
08730 +15.493
08740 +15.524
08750 +15.566
08760 +15.619
08770 +15.681
08780 +15.750
08790 +15.824
08800 +15.900
08810 +15.976
08820 +16.053
08830 +16.133
08840 +16.216
08850 +16.304
08860 +16.395
08870 +16.487
08880 +16.576
08890 +16.659
08900 +16.730
08910 +16.789
08920 +16.835
08930 +16.868
08940 +16.892
08950 +16.908
08960 +16.917
08970 +16.919
08980 +16.914
08990 +16.899
09000 +16.874
09010 +16.837
09020 +16.790
09030 +16.735
09040 +16.675
09050 +16.615
09060 +16.555
09070 +16.499
09080 +16.445
09090 +16.393
09100 +16.340
09110 +16.286
09120 +16.228
09130 +16.169
09140 +16.109
09150 +16.052
09160 +15.998
09170 +15.951
09180 +15.910
09190 +15.875
09200 +15.842
09210 +15.809
09220 +15.774
09230 +15.737
09240 +15.698
09250 +15.658
09260 +15.620
09270 +15.587
09280 +15.559
09290 +15.536
09300 +15.517
09310 +15.500
09320 +15.480
09330 +15.458
09340 +15.432
09350 +15.404
09360 +15.377
09370 +15.352
09380 +15.334
09390 +15.323
09400 +15.319
09410 +15.320
09420 +15.324
09430 +15.327
09440 +15.329
09450 +15.330
09460 +15.333
09470 +15.340
09480 +15.354
09490 +15.379
09500 +15.415
09510 +15.460
09520 +15.512
09530 +15.569
09540 +15.627
09550 +15.685
09560 +15.744
09570 +15.807
09580 +15.878
09590 +15.958
09600 +16.049
09610 +16.151
09620 +16.262
09630 +16.378
09640 +16.494
09650 +16.607
09660 +16.717
09670 +16.823
09680 +16.929
09690 +17.036
09700 +17.146
09710 +17.259
09720 +17.373
09730 +17.483
09740 +17.584
09750 +17.669
09760 +17.737
09770 +17.787
09780 +17.820
09790 +17.839
09800 +17.848
09810 +17.848
09820 +17.840
09830 +17.822
09840 +17.790
09850 +17.740
09860 +17.671
09870 +17.584
09880 +17.481
09890 +17.368
09900 +17.250
09910 +17.131
09920 +17.013
09930 +16.897
09940 +16.781
09950 +16.662
09960 +16.538
09970 +16.409
09980 +16.274
09990 +16.138
10000 +16.005
10010 +15.878
10020 +15.761
10030 +15.654
10040 +15.556
10050 +15.464
10060 +15.376
10070 +15.289
10080 +15.202
10090 +15.115
10100 +15.031
10110 +14.954
10120 +14.886
10130 +14.830
10140 +14.786
10150 +14.751
10160 +14.723
10170 +14.699
10180 +14.674
10190 +14.648
10200 +14.622
10210 +14.598
10220 +14.579
10230 +14.568
10240 +14.567
10250 +14.576
10260 +14.593
10270 +14.614
10280 +14.635
10290 +14.653
10300 +14.666
10310 +14.677
10320 +14.688
10330 +14.703
10340 +14.727
10350 +14.759
10360 +14.800
10370 +14.848
10380 +14.896
10390 +14.941
10400 +14.980
10410 +15.013
10420 +15.042
10430 +15.071
10440 +15.103
10450 +15.143
10460 +15.191
10470 +15.245
10480 +15.299
10490 +15.349
10500 +15.390
10510 +15.419
10520 +15.438
10530 +15.448
10540 +15.454
10550 +15.462
10560 +15.473
10570 +15.487
10580 +15.500
10590 +15.509
10600 +15.507
10610 +15.493
10620 +15.466
10630 +15.429
10640 +15.387
10650 +15.345
10660 +15.309
10670 +15.280
10680 +15.257
10690 +15.236
10700 +15.215
10710 +15.188
10720 +15.154
10730 +15.114
10740 +15.070
10750 +15.029
10760 +14.994
10770 +14.969
10780 +14.954
10790 +14.949
10800 +14.948
10810 +14.948
10820 +14.945
10830 +14.936
10840 +14.924
10850 +14.910
10860 +14.901
10870 +14.899
10880 +14.909
10890 +14.929
10900 +14.958
10910 +14.990
10920 +15.022
10930 +15.049
10940 +15.069
10950 +15.084
10960 +15.096
10970 +15.111
10980 +15.133
10990 +15.163
11000 +15.202
11010 +15.245
11020 +15.287
11030 +15.324
11040 +15.350
11050 +15.364
11060 +15.370
11070 +15.371
11080 +15.373
11090 +15.381
11100 +15.397
11110 +15.420
11120 +15.448
11130 +15.473
11140 +15.493
11150 +15.503
11160 +15.505
11170 +15.504
11180 +15.505
11190 +15.515
11200 +15.540
11210 +15.580
11220 +15.634
11230 +15.697
11240 +15.763
11250 +15.827
11260 +15.887
11270 +15.944
11280 +16.003
11290 +16.071
11300 +16.153
11310 +16.253
11320 +16.369
11330 +16.496
11340 +16.626
11350 +16.754
11360 +16.872
11370 +16.978
11380 +17.075
11390 +17.167
11400 +17.260
11410 +17.358
11420 +17.462
11430 +17.568
11440 +17.669
11450 +17.758
11460 +17.827
11470 +17.872
11480 +17.895
11490 +17.901
11500 +17.897
11510 +17.891
11520 +17.887
11530 +17.886
11540 +17.885
11550 +17.878
11560 +17.860
11570 +17.829
11580 +17.783
11590 +17.727
11600 +17.669
11610 +17.617
11620 +17.576
11630 +17.551
11640 +17.541
11650 +17.541
11660 +17.547
11670 +17.554
11680 +17.558
11690 +17.561
11700 +17.567
11710 +17.581
11720 +17.610
11730 +17.657
11740 +17.726
11750 +17.813
11760 +17.913
11770 +18.019
11780 +18.126
11790 +18.229
11800 +18.330
11810 +18.430
11820 +18.533
11830 +18.646
11840 +18.771
11850 +18.907
11860 +19.049
11870 +19.190
11880 +19.322
11890 +19.437
11900 +19.531
11910 +19.604
11920 +19.659
11930 +19.704
11940 +19.743
11950 +19.780
11960 +19.813
11970 +19.836
11980 +19.844
11990 +19.830
12000 +19.791
12010 +19.727
12020 +19.644
12030 +19.550
12040 +19.455
12050 +19.364
12060 +19.281
12070 +19.204
12080 +19.129
12090 +19.050
12100 +18.963
12110 +18.867
12120 +18.765
12130 +18.663
12140 +18.568
12150 +18.486
12160 +18.422
12170 +18.376
12180 +18.344
12190 +18.321
12200 +18.301
12210 +18.280
12220 +18.256
12230 +18.232
12240 +18.213
12250 +18.204
12260 +18.210
12270 +18.233
12280 +18.272
12290 +18.322
12300 +18.378
12310 +18.432
12320 +18.481
12330 +18.522
12340 +18.559
12350 +18.595
12360 +18.636
12370 +18.686
12380 +18.746
12390 +18.814
12400 +18.884
12410 +18.951
12420 +19.007
12430 +19.049
12440 +19.075
12450 +19.089
12460 +19.096
12470 +19.103
12480 +19.113
12490 +19.128
12500 +19.145
12510 +19.159
12520 +19.163
12530 +19.153
12540 +19.125
12550 +19.081
12560 +19.028
12570 +18.973
12580 +18.922
12590 +18.881
12600 +18.851
12610 +18.829
12620 +18.808
12630 +18.783
12640 +18.749
12650 +18.707
12660 +18.659
12670 +18.613
12680 +18.575
12690 +18.552
12700 +18.546
12710 +18.556
12720 +18.575
12730 +18.597
12740 +18.614
12750 +18.622
12760 +18.621
12770 +18.615
12780 +18.610
12790 +18.613
12800 +18.627
12810 +18.653
12820 +18.687
12830 +18.722
12840 +18.750
12850 +18.765
12860 +18.765
12870 +18.751
12880 +18.728
12890 +18.705
12900 +18.688
12910 +18.679
12920 +18.678
12930 +18.680
12940 +18.678
12950 +18.665
12960 +18.637
12970 +18.595
12980 +18.541
12990 +18.483
13000 +18.429
13010 +18.385
13020 +18.351
13030 +18.327
13040 +18.306
13050 +18.281
13060 +18.246
13070 +18.200
13080 +18.144
13090 +18.084
13100 +18.027
13110 +17.979
13120 +17.944
13130 +17.923
13140 +17.910
13150 +17.899
13160 +17.884
13170 +17.861
13180 +17.828
13190 +17.788
13200 +17.748
13210 +17.712
13220 +17.687
13230 +17.673
13240 +17.669
13250 +17.670
13260 +17.670
13270 +17.663
13280 +17.646
13290 +17.619
13300 +17.586
13310 +17.553
13320 +17.526
13330 +17.508
13340 +17.500
13350 +17.501
13360 +17.503
13370 +17.503
13380 +17.495
13390 +17.477
13400 +17.452
13410 +17.423
13420 +17.398
13430 +17.381
13440 +17.375
13450 +17.380
13460 +17.391
13470 +17.403
13480 +17.411
13490 +17.412
13500 +17.405
13510 +17.392
13520 +17.380
13530 +17.372
13540 +17.374
13550 +17.386
13560 +17.406
13570 +17.429
13580 +17.449
13590 +17.463
13600 +17.468
13610 +17.464
13620 +17.456
13630 +17.449
13640 +17.447
13650 +17.451
13660 +17.463
13670 +17.478
13680 +17.493
13690 +17.502
13700 +17.504
13710 +17.497
13720 +17.484
13730 +17.470
13740 +17.458
13750 +17.453
13760 +17.455
13770 +17.464
13780 +17.475
13790 +17.485
13800 +17.490
13810 +17.490
13820 +17.484
13830 +17.476
13840 +17.469
13850 +17.468
13860 +17.472
13870 +17.481
13880 +17.494
13890 +17.505
13900 +17.512
13910 +17.513
13920 +17.506
13930 +17.495
13940 +17.481
13950 +17.467
13960 +17.454
13970 +17.443
13980 +17.432
13990 +17.419
14000 +17.401
14010 +17.377
14020 +17.346
14030 +17.311
14040 +17.272
14050 +17.234
14060 +17.197
14070 +17.162
14080 +17.129
14090 +17.096
14100 +17.061
14110 +17.025
14120 +16.987
14130 +16.949
14140 +16.915
14150 +16.886
14160 +16.863
14170 +16.847
14180 +16.834
14190 +16.825
14200 +16.818
14210 +16.813
14220 +16.811
14230 +16.815
14240 +16.827
14250 +16.848
14260 +16.877
14270 +16.912
14280 +16.949
14290 +16.985
14300 +17.019
14310 +17.051
14320 +17.084
14330 +17.119
14340 +17.158
14350 +17.203
14360 +17.250
14370 +17.297
14380 +17.339
14390 +17.374
14400 +17.399
14410 +17.417
14420 +17.430
14430 +17.442
14440 +17.456
14450 +17.473
14460 +17.494
14470 +17.515
14480 +17.533
14490 +17.543
14500 +17.545
14510 +17.538
14520 +17.525
14530 +17.509
14540 +17.495
14550 +17.486
14560 +17.485
14570 +17.489
14580 +17.494
14590 +17.495
14600 +17.486
14610 +17.466
14620 +17.434
14630 +17.394
14640 +17.352
14650 +17.314
14660 +17.283
14670 +17.260
14680 +17.240
14690 +17.218
14700 +17.186
14710 +17.138
14720 +17.074
14730 +16.998
14740 +16.917
14750 +16.840
14760 +16.773
14770 +16.721
14780 +16.684
14790 +16.654
14800 +16.625
14810 +16.590
14820 +16.543
14830 +16.489
14840 +16.433
14850 +16.384
14860 +16.353
14870 +16.348
14880 +16.369
14890 +16.413
14900 +16.471
14910 +16.533
14920 +16.589
14930 +16.638
14940 +16.683
14950 +16.732
14960 +16.796
14970 +16.887
14980 +17.011
14990 +17.166
15000 +17.343
15010 +17.529
15020 +17.710
15030 +17.878
15040 +18.033
15050 +18.179
15060 +18.330
15070 +18.500
15080 +18.698
15090 +18.927
15100 +19.180
15110 +19.443
15120 +19.700
15130 +19.934
15140 +20.141
15150 +20.322
15160 +20.490
15170 +20.661
15180 +20.848
15190 +21.060
15200 +21.296
15210 +21.545
15220 +21.788
15230 +22.009
15240 +22.195
15250 +22.345
15260 +22.468
15270 +22.582
15280 +22.705
15290 +22.853
15300 +23.033
15310 +23.239
15320 +23.457
15330 +23.666
15340 +23.848
15350 +23.994
15360 +24.106
15370 +24.201
15380 +24.296
15390 +24.414
15400 +24.566
15410 +24.754
15420 +24.966
15430 +25.181
15440 +25.377
15450 +25.535
15460 +25.650
15470 +25.730
15480 +25.793
15490 +25.861
15500 +25.954
15510 +26.081
15520 +26.238
15530 +26.409
15540 +26.572
15550 +26.703
15560 +26.790
15570 +26.830
15580 +26.837
15590 +26.831
15600 +26.838
15610 +26.877
15620 +26.955
15630 +27.070
15640 +27.202
15650 +27.327
15660 +27.422
15670 +27.471
15680 +27.476
15690 +27.453
15700 +27.428
15710 +27.429
15720 +27.479
15730 +27.582
15740 +27.728
15750 +27.889
15760 +28.031
15770 +28.124
15780 +28.154
15790 +28.127
15800 +28.068
15810 +28.012
15820 +27.989
15830 +28.015
15840 +28.086
15850 +28.178
15860 +28.259
15870 +28.292
15880 +28.255
15890 +28.146
15900 +27.983
15910 +27.797
15920 +27.623
15930 +27.485
15940 +27.391
15950 +27.334
15960 +27.290
15970 +27.231
15980 +27.134
15990 +26.984
16000 +26.785
16010 +26.552
16020 +26.315
16030 +26.101
16040 +25.931
16050 +25.813
16060 +25.740
16070 +25.696
16080 +25.660
16090 +25.612
16100 +25.542
16110 +25.450
16120 +25.349
16130 +25.260
16140 +25.203
16150 +25.191
16160 +25.227
16170 +25.302
16180 +25.401
16190 +25.506
16200 +25.601
16210 +25.678
16220 +25.734
16230 +25.775
16240 +25.813
16250 +25.857
16260 +25.916
16270 +25.989
16280 +26.070
16290 +26.151
16300 +26.220
16310 +26.267
16320 +26.285
16330 +26.272
16340 +26.234
16350 +26.177
16360 +26.111
16370 +26.042
16380 +25.973
16390 +25.902
16400 +25.826
16410 +25.739
16420 +25.639
16430 +25.526
16440 +25.402
16450 +25.274
16460 +25.149
16470 +25.033
16480 +24.927
16490 +24.834
16500 +24.750
16510 +24.675
16520 +24.607
16530 +24.546
16540 +24.493
16550 +24.448
16560 +24.412
16570 +24.382
16580 +24.356
16590 +24.331
16600 +24.306
16610 +24.278
16620 +24.249
16630 +24.220
16640 +24.191
16650 +24.163
16660 +24.133
16670 +24.098
16680 +24.055
16690 +23.999
16700 +23.931
16710 +23.849
16720 +23.757
16730 +23.658
16740 +23.555
16750 +23.452
16760 +23.352
16770 +23.254
16780 +23.156
16790 +23.054
16800 +22.947
16810 +22.832
16820 +22.710
16830 +22.587
16840 +22.466
16850 +22.357
16860 +22.264
16870 +22.192
16880 +22.140
16890 +22.102
16900 +22.070
16910 +22.037
16920 +21.998
16930 +21.955
16940 +21.914
16950 +21.884
16960 +21.874
16970 +21.891
16980 +21.934
16990 +21.995
17000 +22.061
17010 +22.116
17020 +22.152
17030 +22.167
17040 +22.164
17050 +22.155
17060 +22.151
17070 +22.160
17080 +22.181
17090 +22.208
17100 +22.225
17110 +22.214
17120 +22.164
17130 +22.071
17140 +21.939
17150 +21.778
17160 +21.605
17170 +21.432
17180 +21.269
17190 +21.122
17200 +20.984
17210 +20.848
17220 +20.705
17230 +20.549
17240 +20.381
17250 +20.212
17260 +20.057
17270 +19.935
17280 +19.862
17290 +19.850
17300 +19.895
17310 +19.984
17320 +20.095
17330 +20.208
17340 +20.307
17350 +20.394
17360 +20.479
17370 +20.581
17380 +20.724
17390 +20.921
17400 +21.174
17410 +21.470
17420 +21.784
17430 +22.089
17440 +22.363
17450 +22.602
17460 +22.816
17470 +23.026
17480 +23.258
17490 +23.529
17500 +23.843
17510 +24.183
17520 +24.514
17530 +24.796
17540 +24.997
17550 +25.104
17560 +25.126
17570 +25.090
17580 +25.028
17590 +24.970
17600 +24.935
17610 +24.928
17620 +24.940
17630 +24.958
17640 +24.964
17650 +24.951
17660 +24.918
17670 +24.880
17680 +24.858
17690 +24.874
17700 +24.951
17710 +25.098
17720 +25.313
17730 +25.577
17740 +25.861
17750 +26.139
17760 +26.391
17770 +26.613
17780 +26.822
17790 +27.047
17800 +27.323
17810 +27.680
17820 +28.132
17830 +28.674
17840 +29.275
17850 +29.886
17860 +30.448
17870 +30.904
17880 +31.219
17890 +31.386
17900 +31.420
17910 +31.344
17920 +31.169
17930 +30.889
17940 +30.495
17950 +29.987
17960 +29.385
17970 +28.724
17980 +28.048
17990 +27.401
18000 +26.820
18010 +26.334
18020 +25.959
18030 +25.694
18040 +25.523
18050 +25.412
18060 +25.323
18070 +25.220
18080 +25.082
18090 +24.906
18100 +24.710
18110 +24.524
18120 +24.383
18130 +24.313
18140 +24.322
18150 +24.399
18160 +24.515
18170 +24.633
18180 +24.719
18190 +24.758
18200 +24.753
18210 +24.732
18220 +24.738
18230 +24.816
18240 +24.993
18250 +25.278
18260 +25.654
18270 +26.091
18280 +26.551
18290 +26.997
18300 +27.398
18310 +27.741
18320 +28.029
18330 +28.278
18340 +28.510
18350 +28.738
18360 +28.964
18370 +29.176
18380 +29.353
18390 +29.469
18400 +29.500
18410 +29.434
18420 +29.280
18430 +29.067
18440 +28.834
18450 +28.620
18460 +28.452
18470 +28.337
18480 +28.270
18490 +28.232
18500 +28.199
18510 +28.148
18520 +28.065
18530 +27.951
18540 +27.822
18550 +27.707
18560 +27.635
18570 +27.628
18580 +27.694
18590 +27.829
18600 +28.019
18610 +28.241
18620 +28.467
18630 +28.669
18640 +28.827
18650 +28.936
18660 +29.009
18670 +29.063
18680 +29.112
18690 +29.154
18700 +29.175
18710 +29.145
18720 +29.031
18730 +28.811
18740 +28.484
18750 +28.076
18760 +27.628
18770 +27.183
18780 +26.771
18790 +26.405
18800 +26.083
18810 +25.791
18820 +25.508
18830 +25.216
18840 +24.902
18850 +24.563
18860 +24.212
18870 +23.867
18880 +23.547
18890 +23.267
18900 +23.028
18910 +22.827
18920 +22.648
18930 +22.476
18940 +22.294
18950 +22.093
18960 +21.872
18970 +21.640
18980 +21.415
18990 +21.210
19000 +21.039
19010 +20.901
19020 +20.792
19030 +20.699
19040 +20.605
19050 +20.496
19060 +20.363
19070 +20.205
19080 +20.031
19090 +19.856
19100 +19.692
19110 +19.547
19120 +19.420
19130 +19.304
19140 +19.187
19150 +19.057
19160 +18.905
19170 +18.728
19180 +18.532
19190 +18.328
19200 +18.131
19210 +17.949
19220 +17.785
19230 +17.638
19240 +17.501
19250 +17.363
19260 +17.216
19270 +17.055
19280 +16.879
19290 +16.693
19300 +16.506
19310 +16.328
19320 +16.163
19330 +16.014
19340 +15.876
19350 +15.744
19360 +15.611
19370 +15.470
19380 +15.318
19390 +15.156
19400 +14.988
19410 +14.822
19420 +14.664
19430 +14.517
19440 +14.381
19450 +14.252
19460 +14.126
19470 +13.999
19480 +13.864
19490 +13.722
19500 +13.573
19510 +13.421
19520 +13.272
19530 +13.129
19540 +12.994
19550 +12.867
19560 +12.745
19570 +12.624
19580 +12.500
19590 +12.371
19600 +12.235
19610 +12.094
19620 +11.952
19630 +11.812
19640 +11.676
19650 +11.546
19660 +11.420
19670 +11.296
19680 +11.170
19690 +11.038
19700 +10.899
19710 +10.751
19720 +10.596
19730 +10.436
19740 +10.274
19750 +10.112
19760 +9.949
19770 +9.783
19780 +9.610
19790 +9.425
19800 +9.225
19810 +9.011
19820 +8.786
19830 +8.556
19840 +8.327
19850 +8.105
19860 +7.891
19870 +7.683
19880 +7.479
19890 +7.278
19900 +7.079
19910 +6.883
19920 +6.694
19930 +6.517
19940 +6.356
19950 +6.210
19960 +6.079
19970 +5.958
19980 +5.845
19990 +5.736
20000 +5.628
20010 +5.522
20020 +5.417
20030 +5.317
20040 +5.224
20050 +5.139
20060 +5.064
20070 +4.998
20080 +4.937
20090 +4.880
20100 +4.823
20110 +4.762
20120 +4.695
20130 +4.620
20140 +4.539
20150 +4.453
20160 +4.367
20170 +4.284
20180 +4.208
20190 +4.137
20200 +4.071
20210 +4.008
20220 +3.951
20230 +3.900
20240 +3.858
20250 +3.830
20260 +3.818
20270 +3.822
20280 +3.844
20290 +3.880
20300 +3.930
20310 +3.990
20320 +4.057
20330 +4.127
20340 +4.196
20350 +4.262
20360 +4.324
20370 +4.381
20380 +4.439
20390 +4.501
20400 +4.571
20410 +4.651
20420 +4.742
20430 +4.840
20440 +4.940
20450 +5.036
20460 +5.121
20470 +5.194
20480 +5.255
20490 +5.311
20500 +5.370
20510 +5.438
20520 +5.521
20530 +5.618
20540 +5.726
20550 +5.836
20560 +5.937
20570 +6.021
20580 +6.086
20590 +6.135
20600 +6.180
20610 +6.233
20620 +6.302
20630 +6.394
20640 +6.508
20650 +6.635
20660 +6.764
20670 +6.882
20680 +6.982
20690 +7.063
20700 +7.131
20710 +7.200
20720 +7.280
20730 +7.382
20740 +7.509
20750 +7.657
20760 +7.818
20770 +7.977
20780 +8.121
20790 +8.241
20800 +8.339
20810 +8.421
20820 +8.503
20830 +8.599
20840 +8.721
20850 +8.874
20860 +9.052
20870 +9.244
20880 +9.431
20890 +9.596
20900 +9.728
20910 +9.828
20920 +9.909
20930 +9.990
20940 +10.087
20950 +10.210
20960 +10.353
20970 +10.497
20980 +10.612
20990 +10.669
21000 +10.649
21010 +10.558
21020 +10.420
21030 +10.269
21040 +10.132
21050 +10.028
21060 +9.964
21070 +9.933
21080 +9.924
21090 +9.925
21100 +9.923
21110 +9.913
21120 +9.896
21130 +9.880
21140 +9.875
21150 +9.891
21160 +9.935
21170 +10.008
21180 +10.105
21190 +10.212
21200 +10.314
21210 +10.397
21220 +10.453
21230 +10.484
21240 +10.498
21250 +10.511
21260 +10.538
21270 +10.589
21280 +10.668
21290 +10.766
21300 +10.870
21310 +10.961
21320 +11.023
21330 +11.051
21340 +11.046
21350 +11.025
21360 +11.004
21370 +11.002
21380 +11.028
21390 +11.083
21400 +11.155
21410 +11.225
21420 +11.273
21430 +11.285
21440 +11.257
21450 +11.200
21460 +11.133
21470 +11.078
21480 +11.052
21490 +11.063
21500 +11.107
21510 +11.167
21520 +11.222
21530 +11.251
21540 +11.246
21550 +11.208
21560 +11.154
21570 +11.107
21580 +11.086
21590 +11.104
21600 +11.162
21610 +11.247
21620 +11.338
21630 +11.412
21640 +11.451
21650 +11.451
21660 +11.420
21670 +11.377
21680 +11.344
21690 +11.338
21700 +11.369
21710 +11.432
21720 +11.511
21730 +11.584
21740 +11.630
21750 +11.635
21760 +11.602
21770 +11.544
21780 +11.483
21790 +11.442
21800 +11.436
21810 +11.471
21820 +11.538
21830 +11.617
21840 +11.686
21850 +11.726
21860 +11.729
21870 +11.700
21880 +11.658
21890 +11.627
21900 +11.628
21910 +11.672
21920 +11.757
21930 +11.868
21940 +11.982
21950 +12.075
21960 +12.129
21970 +12.141
21980 +12.121
21990 +12.091
22000 +12.074
22010 +12.089
22020 +12.141
22030 +12.223
22040 +12.315
22050 +12.391
22060 +12.432
22070 +12.425
22080 +12.375
22090 +12.299
22100 +12.221
22110 +12.164
22120 +12.144
22130 +12.161
22140 +12.202
22150 +12.247
22160 +12.273
22170 +12.265
22180 +12.216
22190 +12.138
22200 +12.051
22210 +11.980
22220 +11.944
22230 +11.952
22240 +12.002
22250 +12.076
22260 +12.154
22270 +12.212
22280 +12.239
22290 +12.233
22300 +12.206
22310 +12.180
22320 +12.176
22330 +12.211
22340 +12.288
22350 +12.398
22360 +12.520
22370 +12.631
22380 +12.710
22390 +12.747
22400 +12.746
22410 +12.723
22420 +12.702
22430 +12.704
22440 +12.742
22450 +12.814
22460 +12.905
22470 +12.994
22480 +13.058
22490 +13.082
22500 +13.063
22510 +13.013
22520 +12.952
22530 +12.906
22540 +12.892
22550 +12.916
22560 +12.971
22570 +13.042
22580 +13.108
22590 +13.149
22600 +13.156
22610 +13.133
22620 +13.093
22630 +13.056
22640 +13.045
22650 +13.071
22660 +13.135
22670 +13.229
22680 +13.333
22690 +13.426
22700 +13.493
22710 +13.525
22720 +13.526
22730 +13.512
22740 +13.503
22750 +13.517
22760 +13.565
22770 +13.642
22780 +13.735
22790 +13.823
22800 +13.887
22810 +13.910
22820 +13.891
22830 +13.840
22840 +13.775
22850 +13.720
22860 +13.690
22870 +13.690
22880 +13.713
22890 +13.741
22900 +13.756
22910 +13.741
22920 +13.689
22930 +13.604
22940 +13.503
22950 +13.407
22960 +13.334
22970 +13.295
22980 +13.287
22990 +13.302
23000 +13.322
23010 +13.331
23020 +13.319
23030 +13.284
23040 +13.233
23050 +13.181
23060 +13.146
23070 +13.141
23080 +13.170
23090 +13.230
23100 +13.307
23110 +13.387
23120 +13.457
23130 +13.506
23140 +13.536
23150 +13.554
23160 +13.574
23170 +13.611
23180 +13.674
23190 +13.766
23200 +13.880
23210 +14.003
23220 +14.120
23230 +14.221
23240 +14.299
23250 +14.357
23260 +14.405
23270 +14.458
23280 +14.530
23290 +14.628
23300 +14.749
23310 +14.887
23320 +15.030
23330 +15.165
23340 +15.285
23350 +15.386
23360 +15.473
23370 +15.558
23380 +15.654
23390 +15.770
23400 +15.910
23410 +16.073
23420 +16.250
23430 +16.430
23440 +16.602
23450 +16.757
23460 +16.892
23470 +17.011
23480 +17.123
23490 +17.239
23500 +17.369
23510 +17.515
23520 +17.675
23530 +17.840
23540 +17.997
23550 +18.132
23560 +18.237
23570 +18.309
23580 +18.354
23590 +18.385
23600 +18.416
23610 +18.457
23620 +18.511
23630 +18.573
23640 +18.634
23650 +18.679
23660 +18.699
23670 +18.688
23680 +18.650
23690 +18.596
23700 +18.539
23710 +18.493
23720 +18.465
23730 +18.453
23740 +18.453
23750 +18.453
23760 +18.445
23770 +18.422
23780 +18.381
23790 +18.327
23800 +18.268
23810 +18.214
23820 +18.174
23830 +18.151
23840 +18.143
23850 +18.147
23860 +18.155
23870 +18.161
23880 +18.159
23890 +18.147
23900 +18.125
23910 +18.099
23920 +18.074
23930 +18.056
23940 +18.049
23950 +18.052
23960 +18.065
23970 +18.083
23980 +18.102
23990 +18.116
