-0.000258419012463179 -0.001549391824777877
-0.000565121852966721 +0.000156833658724094
-0.000306225274611828 -0.001057893955514159
-0.000385564583822751 -0.000294670372655778
+0.000026932454169696 -0.001917382467719022
-0.000095442648066025 -0.000612253923935000
+0.000380790436955348 -0.002669178250082622
+0.000065469251361907 -0.000303719386276826
-0.000150984458691557 -0.002606636605538101
-0.000609965825867044 +0.000519972411410788
-0.000412288293619214 -0.002179024917683707
-0.000672110878847667 +0.000384010941115280
-0.000274721617573167 -0.002583263796345006
-0.000450034253029405 +0.000161207919782209
-0.000196518366264061 -0.003360805523268342
-0.000374289456795499 +0.000344761380910873
-0.000093324672944456 -0.003016611662286384
-0.000443176544659429 +0.000280751824280806
-0.000223051747163597 -0.002774236637190897
-0.000644290890750661 +0.000447497394022320
-0.000322098686698349 -0.003055536351857471
-0.000665180159781721 +0.000361518682526377
-0.000274997752420195 -0.003236564063493100
-0.000542915148016001 +0.000497582682401507
-0.000158757354693733 -0.003240760254962175
-0.000549107077856803 +0.000914871716045353
-0.000156557382430259 -0.003657492929144140
-0.000726001843835273 +0.001337984320674380
-0.000284572960014642 -0.004400604131634105
-0.000728631616131204 +0.001754713069877518
-0.000284052979291235 -0.004940114002603850
-0.000772347396133103 +0.001889149556317839
-0.000226918651444689 -0.004987019472203699
-0.000792632550557348 +0.002155952713533564
-0.000193496496672886 -0.005288012352008691
-0.000850106839573733 +0.002520461933815700
-0.000188886517975348 -0.005899017193080844
-0.000852989057143611 +0.003040111343410177
-0.000170299423000019 -0.006924152243858442
-0.000856199734100005 +0.004146097974309320
-0.000169283213030128 -0.009113590234092200
-0.000962304389803990 +0.007376167717773181
-0.000180745296917401 -0.013391346382914584
-0.000998043154660304 +0.016473416108791702
-0.000090038363509245 -0.030585953174827894
-0.000912005311828572 +0.189924568682233508
+0.000407343917448432 +0.576528828134536431
-0.000920790080392201 +0.819784902853933906
+0.000474894907461399 +0.862457074284019187
-0.001468523260366097 -0.045223192102851459
+0.000491232594319627 -0.774124344904074335
-0.000988981359448490 -0.569662084124937351
+0.000532966818776534 -0.227201580169677730
-0.000372459829148678 -0.107462844289411455
+0.001380982635602103 -0.080413644919955951
+0.000078767583711100 +0.033561320852250900
+0.000302100873462367 +0.210175257988683695
-0.000926002255275890 +0.215850918701729927
+0.048193952299741966 +0.085270040318798854
+0.128180737823059943 -0.054777805121073372
+0.213728920572259812 -0.092190589289430191
+0.281662392318387800 -0.077644156951628837
+0.216125578542316177 -0.070495586989053644
+0.020961872084365014 -0.024338534832932975
-0.107960523219705437 +0.043233007658152370
-0.081695540129571587 +0.046042189427332791
-0.035638446597187817 +0.016332040957100169
-0.025605454107125843 +0.016735161171363283
-0.037346892154481254 -0.013182933995569076
-0.003977521119572259 -0.065806339038509493
+0.044715715386666424 -0.033804385900879044
+0.058907309689842785 +0.015857078602565976
+0.032174972068471572 +0.001044930827542114
+0.001215965117286806 +0.003203309173343838
-0.010561702363569219 -0.007909009417936805
-0.007078719378131804 -0.028900421573157066
-0.010870037429365235 -0.010004965121343606
-0.008769508720059337 -0.008869774523698602
+0.007009366620448447 +0.016796425458306424
+0.020011002493280840 +0.053454115213509984
+0.032140623005429442 +0.049300505854969506
+0.021529350421756889 +0.037534977168757852
+0.000928224849057879 -0.004677611231572021
-0.001715316135928937 -0.024585235197387877
+0.008492524434476024 -0.026869882416849480
+0.008590895469429503 -0.016583972879840019
-0.003059839213888850 +0.033018596937619063
-0.008857533612634791 +0.050588370431695159
-0.003304788454570349 +0.030929939335489282
-0.000138635215050792 -0.001988650390014372
+0.001542149206050169 -0.007135773646088998
+0.000591559301068806 +0.004072427519283059
+0.003057918022606566 -0.027835721748584594
+0.009093425243157321 -0.068137340724913620
+0.010831901373981212 -0.072039745365446523
+0.007490956034569519 -0.039635675743007207
+0.003513582009728662 -0.007460905347267998
-0.002209995182590639 +0.009481307460132184
-0.002086636875987617 +0.000679896012541760
+0.006032606297358337 -0.002866619577056646
+0.012980777938650814 +0.001416728258427371
+0.016599165398275769 -0.003417020701216799
+0.014278820699355231 -0.010928036439726988
+0.008168067775772773 -0.019348180239133837
+0.002510281780185711 -0.012136338242242127
+0.001117677207254989 -0.001824539950581390
-0.005915210560248173 +0.006427190926817883
-0.013976290231262350 +0.010628288146668819
-0.014364881826583541 +0.008015807281315727
-0.009766137422707761 +0.008824471165747930
-0.005459132893635019 -0.008408017884501406
-0.004121447877461090 -0.010246873384833377
-0.004909984364995524 -0.008497388724835395
-0.005269412219937921 -0.010460423039165459
-0.006519220752503994 -0.006920559732500244
-0.007631605413832992 -0.014267012411213646
-0.010841126086146374 -0.000572541052457414
-0.011233406022418095 +0.005198089139487600
-0.007359049500462684 +0.003582951876929756
+0.001317282694045400 +0.007528462057545786
+0.005697504039492502 +0.012142664573320172
+0.002917290791153418 +0.017235934103238260
-0.001251705110592374 +0.003975056105868765
-0.005358567824915242 -0.007184267574166195
-0.008298514749694072 -0.016198129841663890
-0.010616532126445541 -0.015593985335418017
-0.013146146970692166 -0.012087673999037263
-0.013995194744784296 -0.016830948520030684
-0.009484627332282392 -0.010983345123431175
-0.003592079237419754 -0.000035023444202936
+0.002502313689580678 +0.008865219719261720
+0.006551314876256773 +0.014908577444784556
+0.006859086286396021 +0.021369447440238543
+0.004440759749132553 +0.018737269029525862
+0.000879600015081916 +0.004371887268459866
-0.001250263288480778 -0.010016750893965516
-0.003616139909040339 -0.020611644471987281
-0.007963774449251384 -0.024588934704203747
-0.011094654599030052 -0.030146399787461239
-0.009506259636935211 -0.031852395608011001
-0.005035522812597001 -0.020455966825172887
-0.001981349407929124 -0.006768364055861094
+0.001039226484256472 +0.002377972391249418
+0.003807322878051457 +0.005837596638368192
+0.005419340912767604 +0.012806596559103713
+0.004995831006878810 +0.021473464492392291
+0.003318993729544863 +0.013782938761372317
+0.001319260922432319 +0.005461012775458405
+0.000119791415049131 -0.005002232190716225
-0.001669328245214865 -0.008994114557867075
-0.004338280200498053 -0.013862291239001050
-0.005751819501089264 -0.021823233740868708
-0.006758000532804415 -0.020071121521224106
-0.008670454113319907 -0.021951388174698945
-0.010421044357905369 -0.015441091190844877
-0.009391990914571106 -0.014411759952065175
-0.006194234595384867 -0.008282917962948617
-0.002205753421358041 +0.006133980986186116
+0.002392248372751041 +0.009962693234629267
+0.006148983054629465 +0.011489399796961251
+0.007790618516112095 +0.003910100446842967
+0.007632512329081623 +0.005041892446257565
+0.006706056115018790 +0.000068449691380219
+0.003030577405588267 -0.008329610885032812
-0.001509569061670463 -0.015259789852992613
-0.004056222272198705 -0.019705466081790114
-0.005656805804148131 -0.013815081723997862
-0.006561334883226459 +0.001903431045862193
-0.007053696772356928 +0.019298484525009509
-0.007007583437643579 +0.043478197590174059
-0.007231101981745450 +0.035907386529499513
-0.004797393815984426 +0.001168426446964802
-0.001789889759477250 +0.010663551280615285
-0.000210452232588801 -0.002735084853145211
+0.002222526286923717 -0.021181595432250414
+0.004917554967064077 +0.002961442251414620
+0.006273072670783111 -0.000206165904424918
+0.005607012511208443 -0.002849690496751312
+0.004516239032354100 +0.020532992828579566
+0.002981625297606081 +0.009663674705805619
+0.001957665341635823 +0.008528678866926247
+0.001603267914299214 +0.006577077583330430
+0.005530109543706852 -0.006407193850563760
+0.007492097372971825 -0.003807758808809873
+0.002751395235483775 -0.008151166703371023
-0.000007770847654116 -0.005286981754955240
-0.000987332454269635 +0.001124075162830153
-0.003357075066664286 -0.002999387189222817
-0.002298424583108374 +0.002126806541759649
-0.001456226520793635 +0.002698825164977024
-0.002237822342216401 -0.004181061336096212
+0.000062927402646433 +0.002255313766568379
+0.001479604944963086 +0.002814899797724492
+0.002217643451748318 -0.001122269427300640
+0.002777108119544899 +0.005126772345691837
+0.001368128657700893 +0.002603726403294366
+0.001068308191740101 -0.001315122654314245
+0.000071892315124361 +0.001366449539182763
-0.001146860917726507 -0.004512681327311786
-0.000252168816496976 -0.003951184759069433
-0.000928739457979464 -0.001054401121926019
-0.000359102971732028 -0.003099681761500362
+0.000256614459099197 +0.003055012198342607
-0.001258519761266597 +0.002803847579987812
-0.000518478396606175 +0.002410722802164268
+0.000050602652385370 +0.005299346150081653
-0.000067776518215339 +0.000660285114231648
+0.000673654189940495 +0.001822214437776335
+0.000446005861833036 +0.002513624945723597
+0.000451196142901025 -0.002700331285427198
+0.000682276092139874 -0.001908449911472046
+0.000073324088356146 -0.002384793061042152
+0.000187638841208474 -0.004304156728330915
-0.000283625467185969 -0.000578998166112355
-0.000439267109530766 -0.002846473149551276
+0.000191300783860923 -0.002383239346369066
+0.000011356665845774 +0.000537304325610244
+0.000515272883534284 -0.001656408080452846
+0.000680953199469254 +0.002370397502860518
+0.000292111191207149 +0.001527229649665072
+0.000471230734929512 -0.000538501728982698
+0.000326749857992977 +0.000897185046539965
+0.000032075099848454 -0.001897936831000632
+0.000013270891379816 -0.002697089893848199
-0.000391147853628084 -0.002949698629867910
-0.000671403823098407 -0.003394720237413837
-0.000355187465761994 -0.002914984312751321
-0.000569587011670718 -0.001045921764382956
-0.000464159035865312 -0.000188308411766865
-0.000063073809479025 +0.001569364090688341
-0.000057857100275807 +0.003384222909935963
+0.000349065904525592 +0.002506546336154289
+0.000629452157062400 +0.003472496245151002
+0.000524583994672957 +0.002262397665237051
+0.000365420079268981 +0.001082523977208249
+0.000133871330410416 +0.001400877695841724
-0.000356617000838845 -0.000789451344266261
-0.000739480938914401 -0.000956654913318500
-0.001208642300294818 -0.000534515080800060
-0.001377851770596501 -0.001805436384023529
-0.001015870450625036 -0.000875904432361223
-0.000612621033400881 -0.000072667369824314
-0.000022319844822871 +0.000385434289112103
+0.000443002116500359 +0.001594412667448260
+0.000820841854392079 +0.001186902714608464
+0.001114655449086762 +0.001224051432128032
+0.001244168307240847 +0.000958050451525211
+0.001107882753128680 -0.000014734277843457
+0.000828732341867512 -0.000368217714121442
+0.000585916542466956 -0.001025168155367898
+0.000098467793490506 -0.001527015770112647
-0.000182354111419527 -0.001373029505385615
-0.000384876728069886 -0.001347347692675130
-0.000680701388271843 -0.000597466597374786
-0.000836237237115166 +0.000301405499007674
-0.000887690117678096 +0.000033625066177349
-0.000758453403784896 +0.000831430394979021
-0.000555213167257164 +0.000385581625155337
-0.000317817089617040 +0.000335498563245403
-0.000151627006408921 +0.000595003566486102
+0.000059371420586247 -0.000719564569084428
+0.000268427251409955 +0.000004147929027505
+0.000406718544167666 -0.000239835794776992
+0.000503801103630200 -0.000546522742047848
+0.000520886511262803 -0.000092903961890957
+0.000411727785128562 -0.000016766906604902
+0.000248790807806854 +0.000405612133160437
+0.000093707105390479 +0.000422573756108401
-0.000169551335597148 +0.000705536046452397
-0.000297216104923268 +0.000122795610256208
-0.000433458321262692 -0.000104781790150046
-0.000545327948854319 -0.000309361431953191
-0.000441862154935682 -0.001027587242838241
-0.000397617671507918 -0.000803260113303578
-0.000302926360689676 -0.001039813596079642
-0.000163988820087153 -0.001009086747450767
-0.000077204441315391 -0.000853532878166779
+0.000016256902005527 -0.000957952137025213
+0.000164929622426386 -0.000346095585797679
+0.000282234714040274 -0.000131968496351888
+0.000381719755204748 -0.000046282951108303
+0.000400685962737202 +0.000175611259729078
+0.000305811423089761 +0.000030086350796124
+0.000216369195832052 -0.000175656716572110
-0.000036201423241116 -0.000286209717659099
-0.000294490871870992 -0.000577181757764212
-0.000453339004860939 -0.001043217199518158
-0.000581211352179587 -0.001210293269759972
-0.000600058321611002 -0.001071024159046252
-0.000517616223463846 -0.000543940274088336
-0.000409974767277474 +0.000601109410633740
-0.000339027580429722 +0.001585220035434552
-0.000151513825865333 +0.000366284604208325
+0.000011797326070111 +0.001410313304829973
+0.000056086421671730 +0.001112530594412312
+0.000190522260853591 -0.001612760520664827
+0.000247003922697512 +0.001071473796481237
+0.000205813075306814 -0.000492812588500801
+0.000198234046705799 -0.002046552774107936
+0.000128036919591161 +0.001445778619922345
-0.000023318015959422 -0.000999180013069352
-0.000134659029984153 -0.000510911321494487
-0.000273516871282411 +0.001715634016254963
-0.000191988224158392 -0.001214367198063032
+0.000006799257861231 +0.000617495132833934
-0.000104745725819073 +0.000454218271987383
+0.000032789223203551 -0.001238987105911860
+0.000095449565442060 +0.001073958517415763
-0.000144787045728896 -0.000765257128851782
+0.000029883004754802 -0.000551274819927242
+0.000073022680457142 +0.000645382705874720
-0.000167464097671475 -0.001675146196381355
+0.000040254819568764 -0.000112439285662472
+0.000015909286214823 -0.000036155898312046
-0.000104085954119898 -0.001519807006183829
+0.000158636027535922 +0.000737979264254871
-0.000014875649896190 -0.000108975652340672
+0.000001256255327708 -0.000540616922097684
+0.000069690240461009 +0.001251785869316700
-0.000193320318407400 -0.000528390538197601
-0.000037685278609853 -0.000011984868083199
-0.000144958184751520 +0.000506968706509361
-0.000250459624703572 -0.001142533699693089
-0.000039030331841662 +0.000192345863956798
-0.000288632035542819 -0.000282959474560344
-0.000221602652927277 -0.000867250122497533
-0.000063773317338960 +0.000525491508351964
-0.000274001043712030 -0.000526830418265247
-0.000007544690585348 -0.000235123728814991
+0.000011393998438821 +0.000694918532004747
-0.000070537303480130 -0.000670441740794242
+0.000192691944672205 +0.000188166587469639
+0.000032985936547785 +0.000287925234339477
+0.000078535791000801 -0.000955353374592371
+0.000128179212225937 +0.000396805349993548
-0.000103931124683146 -0.000445437435222403
+0.000003441547250483 -0.000847161099531308
-0.000119550956320595 +0.000303007464370772
-0.000218776356517207 -0.001042144238772851
-0.000083083539215212 -0.000309200019203888
-0.000238023082044262 +0.000058299204666049
-0.000176580687658236 -0.000957710899111295
-0.000074507361142603 +0.000206590086730647
-0.000188744719933655 -0.000257011831287219
-0.000032159948221033 -0.000651351574184359
-0.000022792166606118 +0.000222378507843858
-0.000086579980720230 -0.000579161093780838
+0.000060297879485346 -0.000439355907977842
-0.000033395921231257 +0.000027441531601388
-0.000044085514357316 -0.000678052468047061
+0.000018307061850840 -0.000153391521798947
-0.000121271239518783 -0.000027683757531108
-0.000094709048819349 -0.000490242978148528
-0.000095081091439717 +0.000157574441861654
-0.000198367375928769 -0.000154653967069789
-0.000142743614082913 -0.000336871853660315
-0.000162885731363209 +0.000162437259048340
-0.000205586522626323 -0.000424548286390886
-0.000130102772851009 -0.000262011761485917
-0.000164756741091817 -0.000041712642535644
-0.000151694912471238 -0.000581480478899601
-0.000079830729528113 -0.000190722379715097
-0.000101810911619920 -0.000232821152334721
-0.000033442687154647 -0.000488158078926275
-0.000001691518047996 -0.000036969106949275
-0.000018340487596066 -0.000275516391969224
+0.000026011887365090 -0.000283352136662085
-0.000003903560478930 -0.000016641511276810
-0.000036524137247557 -0.000406362200668232
-0.000042077465561761 -0.000239254743449910
-0.000099931362410804 -0.000229984919583707
-0.000137316295097462 -0.000576548624147935
-0.000148718148039003 -0.000268369872474391
-0.000183975365944141 -0.000468308481856599
-0.000180922321186008 -0.000535242140799645
-0.000173272805197459 -0.000185959389054163
-0.000168014977589638 -0.000492262968733828
-0.000130164220303506 -0.000242953043098402
-0.000112479814438892 -0.000159319178354488
-0.000080734585415538 -0.000404876580200805
-0.000054593228721275 -0.000063118831213683
-0.000059134369821293 -0.000328806783054855
-0.000050039880872054 -0.000333643886562198
-0.000061319392839825 -0.000163925313721825
-0.000091319653267533 -0.000497689995654404
-0.000098146157640506 -0.000317694438326244
-0.000128773027448903 -0.000320567710461789
-0.000157478931920785 -0.000491567217378387
-0.000151855948810075 -0.000273129752905724
-0.000178862134336402 -0.000306553476363980
-0.000169422086491963 -0.000392323884117747
-0.000153222366374283 -0.000207306503528907
-0.000162132968793604 -0.000331218813454113
-0.000124365538079137 -0.000371136298617793
-0.000116788597657888 -0.000276447539991315
-0.000112722310679933 -0.000444156672355502
-0.000082065806356736 -0.000394641344001306
-0.000096070238803289 -0.000413505406582153
-0.000099497075698295 -0.000500769458172926
-0.000090378234363577 -0.000428864578572108
-0.000119378353305850 -0.000456387158403080
-0.000118506781152331 -0.000460624693231782
-0.000120659953599258 -0.000394367199179137
-0.000147263901154749 -0.000400886882725830
-0.000135611239305247 -0.000432083701460184
-0.000153599480435058 -0.000346299014746628
-0.000166240374040316 -0.000424726025993304
-0.000160633210831644 -0.000433053656414353
-0.000177987075380545 -0.000409905967078076
-0.000173623496933092 -0.000517981834899511
-0.000167874060737550 -0.000473330380156747
-0.000169081831896405 -0.000476889673084284
-0.000159039385024718 -0.000449350892579250
-0.000151741988779661 -0.000434093723181723
-0.000146588059350113 -0.000430676456294006
-0.000141227443537056 -0.000317607027624753
-0.000138203667867745 -0.000529035503023522
-0.000136661280538119 -0.000352804905534687
-0.000143101008662328 -0.000348147317354867
-0.000147303670831213 -0.000665555074853243
-0.000150059741878087 -0.000259491310001749
-0.000168425632160647 -0.000516802332347356
-0.000170123382718950 -0.000675286759182564
-0.000186435641788705 -0.000188329253246893
-0.000194671781918311 -0.000716805506290321
-0.000182401482079448 -0.000501413313466424
-0.000193850742596359 -0.000284467398221305
-0.000180638924651023 -0.000807142505492365
-0.000161945955176331 -0.000318854389922799
-0.000181164755369882 -0.000482264780240995
-0.000157019054388803 -0.000750675477979509
-0.000147873436267143 -0.000214349929108265
-0.000176218130051837 -0.000737068766405821
-0.000150514364853605 -0.000572221609052116
-0.000159540200745032 -0.000322882270533453
-0.000194700467728607 -0.000870439122048899
-0.000160379001659243 -0.000396875157808989
-0.000195094207938318 -0.000496528943816920
-0.000207690096134860 -0.000840301085555991
-0.000181186065590732 -0.000243457804601018
-0.000227774340303882 -0.000716942064529567
-0.000210800548638974 -0.000633364039075580
-0.000200493811169355 -0.000317158311667528
-0.000241059194927062 -0.000832274509138170
-0.000190061496992619 -0.000491778485239885
-0.000215884172242220 -0.000484627831638076
-0.000223596002399566 -0.000867077722370512
-0.000176764504337750 -0.000367660368152279
-0.000226101192809140 -0.000701803781834797
-0.000200637662909078 -0.000717547687568773
-0.000179205747216464 -0.000387730961123405
-0.000237720798112798 -0.000787852200188520
-0.000180076253433079 -0.000619956535636805
-0.000214032930475734 -0.000436879828301563
-0.000234261564187715 -0.000918019934184888
-0.000192384759378760 -0.000451062818059092
-0.000249238155526586 -0.000676320996167858
-0.000234480279735893 -0.000833477942373664
-0.000218987146648208 -0.000486083013636185
-0.000276138294118405 -0.000797534793080415
-0.000219835303420504 -0.000803209464905579
-0.000250180464630183 -0.000465247536191488
-0.000257955053576342 -0.000989532230679879
-0.000213861778019424 -0.000560288609448244
-0.000253546768416403 -0.000698615554444873
-0.000239991127485024 -0.000861325390268416
-0.000210635253516217 -0.000585627348389149
-0.000271066319334436 -0.000736247099171877
-0.000217581723924610 -0.000893397381876500
-0.000251277433036503 -0.000501218675303975
-0.000265989122743960 -0.000983140253717042
-0.000243006797107712 -0.000676615206660697
-0.000274855186755942 -0.000748763258342135
-0.000285646785006990 -0.000868588484419626
-0.000253665272032005 -0.000766276730769592
-0.000310544082029222 -0.000684443707305008
-0.000268396954818706 -0.001019237864522346
-0.000285923392483126 -0.000533881306111511
-0.000292605052907172 -0.001012186080715800
-0.000275467049389821 -0.000709041944786414
-0.000274136470795326 -0.000837324096446689
-0.000299874505196100 -0.000820407722514398
-0.000252878961710706 -0.000924073794302701
-0.000306972960798708 -0.000669162032805614
-0.000270778934925541 -0.001115969096453044
-0.000294982864396348 -0.000626181698864114
-0.000292143085253347 -0.001065597048163083
-0.000306673004227684 -0.000778303394590715
-0.000287517024814084 -0.000976031904444969
-0.000334628139711704 -0.000785419610613857
-0.000286173265556400 -0.001113166572249552
-0.000341192392685822 -0.000629136812071864
-0.000304883183474359 -0.001262835144053575
-0.000335586632044976 -0.000621190545127560
-0.000312999656761597 -0.001216327282478988
-0.000347199196596515 -0.000745929132232870
-0.000302251358765315 -0.001184416875659397
-0.000362828624659806 -0.000720213780979345
-0.000300041119815621 -0.001325335429430408
-0.000364418023672734 -0.000596363381497968
-0.000310735534637446 -0.001407009735297585
-0.000364970298142730 -0.000660793563557965
-0.000316479236781097 -0.001235077320045418
-0.000377135770386667 +0.000793500339369421
-0.000324077334662461 -0.000219711876764733
-0.000355504056846566 +0.002203565778105923
-0.000294390295508561 -0.001593213214092944
-0.000441329703382875 -0.001500050598834353
-0.000310804392884558 -0.002995056722450389
-0.000377159257396837 -0.001192510263797656
-0.000212032747003376 -0.002592031605251153
-0.000404944285844085 +0.000489824192194004
