+0.000558054339869173 +0.000571670682853440
+0.000618665410469412 +0.001803006298849960
+0.000477465378857562 +0.001220664522739957
+0.000617874314335596 -0.000578428518047784
+0.000491816810855105 +0.002779905501893610
+0.000645030744641566 -0.000506809290973111
+0.000520601417194375 +0.003067526614600510
+0.000312467455982922 -0.001374382193501112
+0.000186788483976001 +0.003986673469418175
+0.000106934408595372 -0.001930684103166826
+0.000232540094331719 +0.002881941309906234
+0.000271333799252269 -0.001291908377036272
+0.000319186455686613 +0.003103164295821331
+0.000449800413758561 -0.000961666482293427
+0.000458776814029097 +0.003925711053759984
+0.000527039664639774 -0.001188968821092136
+0.000597636393834185 +0.003713005205120217
+0.000347335293540167 -0.001942619937806614
+0.000404358062751122 +0.004546179277846533
+0.000501050128637578 -0.003042237074339923
+0.000286636642477462 +0.005759266570617032
+0.000354057843456380 -0.004265467697701905
+0.000126053369841669 +0.007230624883093586
+0.000336141544994611 -0.006299901679797879
+0.000323885189078054 +0.008978936242594441
+0.000416247280073122 -0.007393029087233919
+0.000454095210826054 +0.010039811344214031
+0.000455942887058813 -0.007608746256769319
+0.000598379110053627 +0.010755047781753686
+0.000550189681534482 -0.008165766741518985
+0.000502487317307865 +0.012033821594414318
+0.000492172598434876 -0.010165150951947676
+0.000468079798481439 +0.014495412399416055
+0.000512828012132571 -0.014242821052958078
+0.000451776961876650 +0.019281563615359570
+0.000564143432578871 -0.020312283357900543
+0.000467672623867572 +0.026208839752568810
+0.000777037990826821 -0.028563935890781697
+0.000655068369660489 +0.038114684400190321
+0.000927395086224683 -0.045730879994028542
+0.000732227748966406 +0.067429249750101269
+0.000931983104176862 -0.110602127499095149
+0.000846612412747994 +0.495832192963240048
+0.000808958392900617 +1.192296922056045982
+0.000528491328624884 +0.589093707552046153
+0.000657891503656126 -0.252684194879941093
+0.000612687800356515 -0.278162908818462618
+0.000775129996773821 -0.129924445703702374
+0.000675937630402981 -0.303533994343233915
+0.000953635184553255 -0.158773590339385040
+0.000619944149320568 -0.196357254964097339
+0.000759868736408195 +0.134491265377774227
+0.000416490021466760 +0.473371050178828023
+0.001084673042624409 +0.174764604897410580
+0.000533015603397559 -0.170866848734636839
+0.001135372699850316 -0.054744198622898720
+0.000133225349624458 -0.105918554730457651
+0.001471383271367601 -0.065407085082853256
+0.000762433814220329 -0.030794090523295983
+0.002079308292976719 +0.007706837842365446
+0.000220141440907810 -0.062876978255292842
+0.010398561284801574 -0.034984819461764460
+0.053720708374316056 +0.020007837535185244
+0.093523124883625630 -0.045408240581282081
+0.101882772438635694 -0.039953020758474844
+0.075533768879035706 +0.024168480285833148
+0.059770959084757720 -0.002612053935491245
+0.054635991804803448 +0.017526055008720599
+0.030394211833891314 -0.025794758201984944
+0.011262130138303269 -0.049675566630881685
-0.005287940348442363 -0.035194184850160681
-0.007213593783104441 +0.007683338299033906
+0.014405181739567129 +0.002302596238992333
+0.030111730886413959 -0.014474385338772270
+0.016062015968908154 +0.003378550498958646
+0.020788902301920729 +0.019484945759048279
+0.044619645660426588 -0.011526519075429025
+0.056810453873984715 -0.000804830483557827
+0.040651102692838822 -0.000965650031815512
+0.017808599163532422 +0.005172934263570553
+0.015254652303510838 +0.000383828129591763
+0.018029768154032441 -0.008618834730011449
+0.008491607250653600 -0.012936563326635968
-0.011599130818443586 -0.016326476613273484
-0.011889771816936288 -0.025625000112857101
+0.002827789287683963 -0.025599104989503248
+0.010916632975297050 -0.022755474069062795
+0.008080780937799247 +0.002473567568521995
+0.012704854539149876 +0.009279521029027911
+0.021771102688269716 +0.026188865421952437
+0.027420515464534147 +0.024089148238782322
+0.022913544626427647 +0.037421337846096976
+0.007533430234110027 +0.021964758067384127
-0.004981681855723835 -0.005278402213130301
-0.009436963360005312 +0.002372565812213972
-0.010671788705954661 +0.001100378538824789
-0.012167950235432027 +0.007825740485412472
-0.011269496265948817 -0.001236605355682770
-0.004351679619690227 +0.001107324710321128
+0.001063401155587016 -0.004442212095929860
+0.004221955766959956 -0.002280365102672209
+0.002547646966926147 +0.006432298168685333
+0.000624082898331999 -0.017352226197136583
+0.001836510561679018 +0.006264242040889101
+0.001905152315048513 +0.007824408031807825
-0.001460464194137838 +0.015174405786741146
-0.003861912753019143 +0.003932530182192029
-0.004602006886314122 -0.007204766036252197
-0.003145088928765357 +0.002060904021070620
-0.001301670684551754 -0.008609120664537673
+0.000254820362531368 +0.003970972293007691
+0.002274654264791670 -0.011354417246152763
+0.003732563300238433 +0.002566004340473686
+0.004276935145625137 +0.011074406251723491
+0.002412370807016076 +0.014224323403937089
+0.001067951659202884 +0.013649602251706545
+0.000775423907515340 -0.002280651331886076
-0.000099842763063980 +0.015935898861838098
+0.000323207842032774 +0.000554811001487896
+0.000667962633901528 -0.000488422446880651
+0.002322737401934986 -0.017698781212671245
+0.003920920869166103 -0.020939899178539501
+0.005200530169714894 -0.014715213945057305
+0.005295237130479159 -0.022824821055145793
+0.004987275893975462 -0.012589709000872307
+0.005371265043579707 -0.014345820739511097
+0.003442689517737374 +0.019039136870473320
+0.000944062441558007 +0.026113588403059954
-0.001870239276717979 +0.023639717015749556
-0.002251119856722604 +0.021916754831688527
-0.002416735024314570 +0.014710395745838200
-0.001773507565106874 +0.018276460814462304
-0.000337180520794375 +0.001704338359451931
+0.001419407716841651 +0.000639548074777620
+0.004941271949927991 +0.000828060755794213
+0.006726460304050747 +0.004138224089766339
+0.008396737271783545 +0.005913141340289424
+0.009253673816756972 +0.008342835856245560
+0.010480335079704757 +0.016462870068914653
+0.010882627035025240 +0.023407919874333168
+0.010183228309158132 +0.032049203704842995
+0.009226168373402345 +0.026440152398874844
+0.007344347035206011 +0.018989235216451777
+0.004635470158940646 +0.016871713596460655
+0.001208938545745748 +0.007568729800531883
-0.001677921426783672 -0.010169433510575025
-0.003166375821836054 -0.011848765155892463
-0.002945192565914528 -0.014455784840487854
-0.002247380633600251 -0.014160448669307713
-0.002311583043763262 -0.012163428547408806
-0.001155144414556771 -0.005934597814731764
-0.000217903666320962 +0.001463189007552169
+0.000909968779197657 +0.012870424045722492
+0.000520896038453619 +0.022550489000218235
-0.000336964451136398 +0.008903127982459869
-0.000011703461902744 +0.003124749150434221
+0.001122088311868201 -0.002859451783680003
+0.002805599862293983 -0.006022619760604859
+0.003827337538677708 -0.009922313139860653
+0.004802604790434546 -0.013406233412591145
+0.005108050614521047 -0.004334971477075846
+0.005701549249947374 -0.017043213917221644
+0.005257543363909887 +0.000619963432404080
+0.003484908913056266 -0.002176147524683565
+0.001269775724293167 +0.005737149191190908
-0.000452110589784277 +0.014879241894160747
-0.001323233946938774 +0.001247878060062436
-0.002204880596845639 +0.000267909514911247
-0.001970259499109622 +0.000174051397174876
-0.000712884844296930 -0.008759934877425646
+0.002207582427496232 -0.007346636232704082
+0.005509953463265645 -0.009155473302161439
+0.008199558647495825 -0.012706421207490666
+0.009616288157686352 +0.003539579713705485
+0.010133170689044497 -0.005398026729799252
+0.009877929678047587 +0.005383092150054381
+0.007788154737840214 +0.003729840509939450
+0.005173487809440990 -0.005644420895445784
+0.001223315237726294 +0.010613305380109669
-0.001182175424451069 -0.008995790100083008
-0.002689872112041387 +0.003255444605937872
-0.003624001648296193 -0.008207171056956300
-0.004049560883765414 -0.009543548633469116
-0.003672895834766843 -0.001788788933456331
-0.001613327977450002 -0.016584935404165002
-0.000226858154557787 +0.002430850250840191
+0.001051816891476425 -0.008665696853490635
+0.000808806152257656 +0.004874702827768652
+0.000957880377436527 +0.004758064375789397
+0.000198609190797759 +0.003302329914257262
-0.001493233218705675 +0.008887938335164113
-0.002893068026099233 +0.000050321241086731
-0.004864983162162030 +0.007157771112537742
-0.005029643079188677 -0.002842569277763271
-0.005887258434152644 +0.000495103994260862
-0.005016520517782754 -0.003453121487667754
-0.004324738275363480 -0.002678131987809158
-0.002841842787675972 -0.001411991465667940
-0.000760172528163491 -0.001789768108723211
-0.000199241780743213 +0.003162001502018846
-0.000457405238531987 +0.000860503042556460
-0.000470328625796185 +0.007083727528398921
-0.000920987092660511 +0.001839352420757855
-0.001040540222449016 +0.005180453265102726
-0.001154236387481432 +0.000636134703997281
-0.001192984208538469 +0.000362418078304446
-0.000707392492605141 -0.001446040691539616
-0.000354276799301769 -0.005215506596523298
-0.000086931429122600 -0.002135612319658760
+0.000321756403476705 -0.006257159316118856
-0.000104013501880457 -0.001714189125971720
+0.000455653247194197 -0.003059329527315698
-0.000338716599707602 -0.000399119649752004
-0.000849082822132617 +0.000466497435340501
-0.001684072544776993 +0.000092964173990984
-0.002613505371074692 +0.000289670046326585
-0.002641590637650894 -0.002095656414429910
-0.003170779662547074 -0.002300995211944052
-0.002543248066797361 -0.004738723547323366
-0.002201606840748193 -0.005429759713186039
-0.001283544566845202 -0.006770200665631757
-0.000412314839495405 -0.005027131509119213
+0.000089752923316537 -0.005557413424783384
+0.000648874197254327 -0.001960705979943019
+0.000719031413616116 -0.001574819042350050
+0.000806374989277296 +0.001974683973828556
+0.000418595357904802 +0.003302366782943899
+0.000108629995205456 +0.003978073435574304
-0.000396193480839589 +0.004911907753973191
-0.000531600249314218 +0.001715497797339444
-0.000676033666290871 +0.003763887093096321
-0.000376274330085748 -0.001564240410348712
-0.000010422274380195 +0.000809206092339679
+0.000502049677675707 -0.003102151269016150
+0.001105661727432010 -0.000718403205612020
+0.001281247437031126 -0.000311494575477030
+0.001648975744773767 -0.000901272515851606
+0.001364474383505772 +0.003888996972718911
+0.001301566118437862 -0.000351492848767457
+0.000737365553365957 +0.006803505339396342
+0.000327150952353290 +0.000603953677296724
-0.000079434866559187 +0.004680387669188318
-0.000513560306190353 +0.000992116240516445
-0.000567116940696263 -0.000364621629676690
-0.000896260446776838 +0.001586789876588592
-0.000673750183703165 -0.005278777908718522
-0.000855734610029689 +0.001869354824743039
-0.000651843525276933 -0.005465731083975032
-0.000852827463568054 +0.002520452073767444
-0.000944817424185774 -0.001174776056141720
-0.001033718674303605 +0.001683759474029239
-0.001336953699147874 +0.004168734381484718
-0.001239087091516414 +0.000000510617974795
-0.001529315947507005 +0.006922236552942983
-0.001125856016216893 -0.001879976679954689
-0.001058051908897465 +0.005386554314818307
-0.000465361159282508 -0.001904100809376422
-0.000038377319136088 +0.001388940879943617
+0.000396402813133248 +0.000283316233891404
+0.000952662780396413 -0.002318614584276745
+0.000952192643225805 +0.003807402955849104
+0.001219935060780978 -0.003011662279854988
+0.000764080995953461 +0.005723482624124645
+0.000703286911651652 -0.001064822972344183
+0.000205015939413611 +0.004203678518469329
-0.000034746943970430 +0.001617817171023739
-0.000183118741179303 +0.000031726348864416
-0.000303932780474225 +0.002727355776233934
+0.000145357722282171 -0.003791050015355540
+0.000293645687311866 +0.002184929711585054
+0.001045129279585190 -0.004516300574652850
+0.001292002119601410 +0.000429787434018805
+0.001868668398992195 -0.002220282870396457
+0.001997859186894257 -0.000875039606012414
+0.001960746457318959 +0.001402522298776714
+0.001813080837096677 -0.001413066863676984
+0.001182137829447159 +0.003090183288400255
+0.000899833347039986 -0.001468184096685634
+0.000146788331312551 +0.001833207698967923
-0.000039125153921341 -0.001348263750656279
-0.000477569272477016 -0.000727928260289533
-0.000465830772890919 -0.001083357401440140
-0.000376176178792803 -0.002276597361423824
-0.000246992072082192 -0.000682019895115744
+0.000164638130541043 -0.001781740522613150
+0.000224997612386398 +0.000228635682024294
+0.000624084356806264 +0.000140237027637157
+0.000526837686953714 +0.001491413907254328
+0.000691157874622067 +0.001420194242631801
+0.000496601776713354 +0.002246535457368154
+0.000405142062272352 +0.001298351610360374
+0.000322815566645063 +0.001895121709877064
+0.000172137472455734 +0.000469236737610703
+0.000324923970149300 +0.000569680460769744
+0.000210058191824278 +0.000099084924252609
+0.000486256845576570 -0.000405757253562941
+0.000442228066756399 +0.000744708366783727
+0.000648191635668631 -0.000497624438988129
+0.000596963947063059 +0.001789198633728964
+0.000547826371986009 +0.000072267916630731
+0.000469603200740741 +0.002436841162053754
+0.000239192571871150 +0.000575866232769000
+0.000202391869033611 +0.001781981099699306
-0.000071402917636448 +0.000756818606883237
-0.000009897418624470 -0.000177974568052380
-0.000153041797198289 +0.000961384357888756
+0.000002663694707644 -0.002391162983454154
-0.000002067124379383 +0.001282339582682673
+0.000086315087381040 -0.003067460387991272
+0.000122882475813387 +0.001283747797575160
+0.000030212827571068 -0.001424742464591039
+0.000032779864902192 +0.000186600575903105
-0.000259226891819988 +0.001515769469963721
-0.000283175155917370 -0.001615242967640498
-0.000599734265546910 +0.003553946651667205
-0.000556987879126482 -0.002852643656355909
-0.000704680681522621 +0.003000028465617900
-0.000588607179407468 -0.002296014940995614
-0.000434812903857443 +0.000215705596020693
-0.000294672054302621 -0.000015773072414987
+0.000093904849771502 -0.002751124912357517
+0.000122243718924497 +0.002577249770704062
+0.000512632132365763 -0.003668640877537294
+0.000413118458771476 +0.003657516004501602
+0.000594920134496789 -0.002045478522475452
+0.000486731639859119 +0.002395907253109019
+0.000383665215560989 +0.000885329443568159
+0.000408833925487267 -0.000407515455899396
+0.000149793559064412 +0.003089600702204343
+0.000339238963774519 -0.002886223389997941
+0.000103983719897198 +0.003273802941388029
+0.000345767832686772 -0.003369456088052496
+0.000264083699672860 +0.001536025047363139
+0.000395357377205519 -0.001581559689721951
+0.000452184541415213 -0.000858778179325847
+0.000356428405405448 +0.001226659883450130
+0.000467342183067188 -0.002487977511694189
+0.000183396955947658 +0.003046815956289114
+0.000285696250553175 -0.002531544426573344
-0.000029089595049519 +0.002687172343671368
+0.000031616015487648 -0.001199196266010286
-0.000128736652921526 +0.000548563132399075
-0.000134798119136054 +0.000577327219223098
-0.000064706527869880 -0.001679394683920046
-0.000170020016519876 +0.001786329753797980
+0.000058142755638924 -0.002434103676147376
-0.000131479123508777 +0.001913949584293040
+0.000085032440819949 -0.001325428450968748
-0.000111320623847621 +0.001201451052899503
-0.000049568816515387 +0.000616564079930116
-0.000135550984655176 +0.000245985868001666
-0.000240512402746615 +0.001981421888526248
-0.000141941586469849 -0.000346885273058377
-0.000304740720214912 +0.002035209006441717
-0.000053086981403569 -0.000360719695937268
-0.000145286832259526 +0.001169237062426745
+0.000123016029120250 +0.000084194165569020
+0.000148573447536505 +0.000341103683932530
+0.000283856917841643 +0.000596127922561186
+0.000383854773007400 +0.000168378651982493
+0.000316085239966510 +0.000895272744106333
+0.000412455030089384 +0.000520275445477173
+0.000197317388072411 +0.000897531329218090
+0.000250917552806288 +0.000718416838059177
+0.000027482988388839 +0.000781663857142650
+0.000046119570870084 +0.000314254940191723
-0.000053550757943468 +0.000717379043240304
-0.000045226716755479 -0.000475158433044458
+0.000022022473610216 +0.000691468308797899
+0.000014073220586769 -0.000866701795974562
+0.000183167607328099 +0.000492971780324264
+0.000135608751588767 -0.000311185747985200
+0.000295401546795564 -0.000059837336829772
+0.000200466221078015 +0.000964786981010342
+0.000265773030567102 -0.000776350172048678
+0.000161448482603995 +0.002007719117083301
+0.000122933677247374 -0.001133972888313402
+0.000079036218530821 +0.001897509968685419
-0.000018517279478416 -0.000635837437475353
+0.000047440548150794 +0.000523331475168232
-0.000049407800041789 +0.000667943590202840
+0.000111119928484494 -0.001223654537940960
+0.000049435529848292 +0.002068450724277770
+0.000220149118232271 -0.002063903561548890
+0.000210072466556096 +0.002574516754646613
+0.000295343533391538 -0.001282501757416780
+0.000347532321836369 +0.001666033237812961
+0.000300953168975923 +0.000724277516949241
+0.000416928851510533 -0.000221746747095730
+0.000277175192563127 +0.002675949536815560
+0.000431411282727473 -0.001842821003923464
+0.000292137428976441 +0.003285591900194255
+0.000419240717441539 -0.001998753732144402
+0.000368402532523818 +0.002122831094494166
+0.000391953450673099 -0.000437052334027207
+0.000456136848222126 -0.000066500358539737
+0.000338299887472440 +0.001869385375019017
+0.000471564558004483 -0.001869988454407274
+0.000256905712046477 +0.003336153077160057
+0.000377447928305158 -0.002151613036479740
+0.000180497055357569 +0.002911521445122366
+0.000217278532195079 -0.000787397295711676
+0.000154638200500373 +0.000862913092590715
+0.000083638990008809 +0.001291337308900731
+0.000193783607609692 -0.001396047153723204
+0.000045902225289637 +0.002738449835617253
+0.000256914558387086 -0.002327870284473217
+0.000101250009066861 +0.002702096467719034
+0.000276160913580598 -0.001361475109861090
+0.000188880404174006 +0.001342509428753003
+0.000215953926282155 +0.000734827152991028
+0.000242385563776691 -0.000355638405015584
+0.000110413687371075 +0.002490665621089920
+0.000243079042616672 -0.001292645423022114
+0.000045336960534899 +0.002815423002467946
+0.000221355429549693 -0.000983132488315221
+0.000087024366976230 +0.001724678044198996
+0.000218043579713558 +0.000216327405263481
+0.000228445024425263 +0.000172107190385071
+0.000247757780144197 +0.001445520866426954
+0.000389356384563623 -0.000758406229742397
+0.000291668882711846 +0.001974492727598201
+0.000477734357949932 -0.000618510991046663
+0.000325793249161396 +0.001634740227040794
+0.000456162338238879 +0.000214088637145506
+0.000342991802427975 +0.000823319359242695
+0.000362727116092183 +0.000982554825699991
+0.000356198257394701 +0.000130215612469738
+0.000274835926077586 +0.001175089456479352
+0.000374380223575096 -0.000085255285340327
+0.000245636822221148 +0.000860369790750843
+0.000386439372259331 +0.000109522002423552
+0.000273192655660352 +0.000497051487500802
+0.000369237572830804 +0.000368104810577030
+0.000314559221843161 +0.000470837105924451
+0.000314359879706269 +0.000423521000617273
+0.000331949096616146 +0.000744350025113173
+0.000245672005590758 +0.000329298320057694
+0.000320647260208320 +0.000922302843723570
+0.000205405514428631 +0.000387351088686922
+0.000304500835938060 +0.000655575349007882
+0.000223358010868813 +0.000800108803592509
+0.000305548988604155 +0.000032846957424825
+0.000289986041840710 +0.001386100347538545
+0.000320377397998856 -0.000411703093340246
+0.000364239754094899 +0.001720990374500084
+0.000328353059063438 -0.000209516867935724
+0.000404908925508082 +0.001278661637998895
+0.000317747257797089 +0.000815779381053287
+0.000400248073734136 +0.000166161027317486
+0.000304378746150948 +0.002097124153268065
+0.000370252302669981 -0.000798667375300728
+0.000318126958749550 +0.002592528356803524
+0.000346483544964389 -0.000786584315087234
+0.000373059165956839 +0.001863647739141209
+0.000346219736557150 +0.000323266142181118
+0.000444554186331313 +0.000307013818102297
+0.000363548064067923 +0.001895498875945241
+0.000484922003357662 -0.001012692747311895
+0.000381079659014354 +0.002850223839787759
+0.000460233404334914 -0.001194111950795648
+0.000386875161285539 +0.002457263456785902
+0.000378483575328228 -0.000106591810877221
+0.000384671223722695 +0.000935214853050792
+0.000290288889282271 +0.001598685074668192
+0.000383863526275680 -0.000799446764340104
+0.000247237426678834 +0.002866034892361833
+0.000381505737340042 -0.001582616437386003
+0.000271704035417377 +0.002847496890353820
+0.000368542681172488 -0.000856666043864216
+0.000344848944807136 +0.001548051556216399
+0.000340129408242098 +0.000937631866914170
+0.000420089001452277 -0.000186180746785933
+0.000308571824176315 +0.002647334940145664
+0.000456788180645182 -0.001240539842121999
+0.000304427740323192 +0.003139334547188017
+0.000439517264556035 -0.000919386424435553
+0.000349434358882503 +0.002142754463588988
+0.000398015558068504 +0.000530417770509248
+0.000430676331818330 +0.000406327181208052
+0.000370718025341657 +0.002144535483635950
+0.000507767283246477 -0.000874125290386347
+0.000380145393497852 +0.002877258816392472
+0.000543879895301517 -0.000877471715315337
+0.000425029549900300 +0.002324758406357037
+0.000526296263294897 +0.000291389493113397
+0.000484668886955344 +0.000975865562935661
+0.000478885981249662 +0.001744271490660362
+0.000538372813541905 -0.000230935191034615
+0.000438865559901352 +0.002538022600874024
+0.000569241439045053 -0.000576295080747927
+0.000438241553943571 +0.002310926768171136
+0.000567706618892633 -0.000019813368671420
+0.000479663503730878 +0.001458047447883332
+0.000533033347276604 +0.000877327159127684
+0.000533379234573402 +0.000688731676660014
+0.000482629668399333 +0.001517807354279857
+0.000564128456944851 +0.000339125070956805
+0.000442480315199002 +0.002090718392757501
+0.000553970453685567 -0.001507108451221284
+0.000435551917583655 -0.006992736142034515
+0.000519673794241891 +0.002047499963384275
+0.000465408777295087 -0.001464409835860807
+0.000486396884034410 +0.003744560931572034
+0.000520084668208058 +0.002486353695169879
+0.000455232023417675 -0.000089436508076683
+0.000612974392225451 +0.001714397465771831
+0.000467859295602638 +0.000691966436866739
+0.000636740699415287 -0.000632601634510953
+0.000437316532755174 -0.000782216679879328
+0.000609052757305238 +0.000013762468666415
+0.000542479591702817 +0.002068212451822919
