+0.000210492391804687 +0.002827091687295820
-0.000171314743294296 -0.000419961679922342
+0.000293049880745623 +0.001905912009598956
-0.000179991150410923 -0.000608621281578400
+0.000171198166569333 +0.001760368591555896
-0.000298422472746056 -0.000118519914458030
+0.000165113417044721 +0.002065278155167659
-0.000143968730599811 -0.000220106410060658
+0.000401769610363924 +0.002274809307504653
+0.000034325637789259 -0.000533923719879557
+0.000741119020572341 +0.002669647570770598
+0.000024225280432474 -0.000681331074794892
+0.000322823180916275 +0.002392137611143303
-0.000357610105506171 -0.000399599786807779
+0.000162114391795526 +0.002801565657352779
-0.000326520899218120 -0.000742345105531821
+0.000422075275295653 +0.002605903706342965
-0.000178724250796801 -0.000918840777014703
+0.000449246298986513 +0.002673022115134864
-0.000123449829572571 -0.000715487642995262
+0.000444364186508779 +0.002996794369069255
-0.000182250774203728 -0.000794343084812101
+0.000362527537060200 +0.003155944577342385
-0.000239177523851258 -0.000716660723383993
+0.000461997183625669 +0.003093018923940993
-0.000229748302827419 -0.000870783242072348
+0.000509295665290817 +0.002927351593715901
-0.000296653960677087 -0.000695530203420194
+0.000468326851623135 +0.003161459057243398
-0.000221099469201610 -0.000967226405440657
+0.000554085020320417 +0.003197514899209990
-0.000260742226778787 -0.001572581731310040
+0.000628215478361855 +0.003679899116912799
-0.000215231235312838 -0.001733739811482331
+0.000603998449538195 +0.003807214871451814
-0.000344318036121873 -0.001721612167398428
+0.000489816770045084 +0.004068815156604552
-0.000387231861852344 -0.001283078905544436
+0.000567942122810570 +0.003642110767475931
-0.000329802529397359 -0.001056817566304227
+0.000664469352828457 +0.002196724132591786
-0.000322679358332367 +0.001167784817386436
+0.000743120851222991 -0.003153954405549810
-0.000264434322354858 +0.043672708644961110
+0.000830262098073020 +0.566084806578869282
-0.000400934250274555 +0.937691633324988283
+0.000741544677294292 +0.954268031901071900
-0.000452813612202846 -0.121852505055336624
+0.001066182101113468 -0.740602156589417859
-0.000053414269741059 -0.408420370524811394
+0.001098363110051843 -0.116085106292494550
-0.000176970124720400 -0.196077040841397487
+0.001283006758569257 -0.170230790178364177
-0.000548537904819334 +0.028102387950314871
+0.001333366646258393 +0.230355703537087009
-0.000570138399614188 +0.196506609207136085
+0.001227203833344782 +0.006436935183965568
+0.000195172090643849 -0.129862326078016233
+0.003133776038764530 -0.090344569467657621
+0.000905921654880394 +0.018002038969164903
+0.001365464494355889 +0.030550201975088214
-0.000364206048357316 -0.005449302229767788
+0.046536792263375565 -0.006708960571561245
+0.125126168588524322 -0.022774274862028009
+0.232540523578871061 -0.003306407240607506
+0.281084777765799820 +0.031819609121339368
+0.161979937811109004 +0.005565423767412736
-0.020002433427887635 -0.027907062679624381
-0.088877995571155444 +0.018214896473684340
-0.058564834765597096 +0.046420448367408274
-0.035475257567520568 -0.015623021393620460
-0.034273417895489676 -0.028759411991888348
-0.026691166465166262 -0.025257205568413824
+0.022262094150526261 -0.021569182911101291
+0.054477717066691342 +0.022532121734380808
+0.041230958420524294 +0.050520465739159526
+0.010307999768350905 +0.055189724393521933
+0.006145656396146515 +0.021988889426766963
+0.024784050398084359 -0.021194903315671795
+0.023726036189175029 -0.040958302144054132
+0.000562275460895670 -0.023834568407065528
-0.009281043729507443 +0.034392941912408687
-0.003888680846126119 +0.066059922418370692
+0.005264729046811545 +0.058646715217017371
+0.012501246452230982 +0.040607140888066592
+0.010312549461236043 +0.002463482554178619
+0.012036143594819576 -0.031795546707790528
+0.033509927280414117 -0.041144741747594450
+0.035816685109361458 -0.056373397907585374
+0.011885800611465784 -0.053881441548823295
-0.020206788178944154 -0.040144089832176905
-0.023557914103403348 -0.027184507055905940
-0.015703758139413274 -0.019761347679009882
-0.012673286334744634 +0.004958704637351974
-0.010751962879876880 +0.022448593433552322
+0.000340601917250186 +0.006584353274189256
+0.014099814232730908 -0.009641845401243262
+0.025522175351805020 -0.011493652757551862
+0.028686502545173333 +0.011276314051032733
+0.019941064790243636 +0.004997888858250511
+0.010301261330423989 -0.007481527060276437
+0.004559121414056321 -0.004414667960213307
-0.000664339166784816 +0.015954675230407247
-0.004830812191473768 +0.030710912753148537
-0.009387463737435660 +0.007952297609954043
-0.010233141311024291 -0.001234625974141915
-0.003528668726018078 +0.004125712251663628
+0.002028568172128796 +0.018257205466512223
+0.002207304292794810 +0.007174187342178173
+0.001391413991720974 -0.007470277328516794
+0.002544933751705386 -0.005268386072144526
+0.003000345499430487 -0.006300149093295453
-0.000397782373515664 +0.005870513301480309
-0.007287974486463851 -0.007571025599674954
-0.008630542473982879 +0.002807400518066904
-0.008556731325282715 +0.008745626889552965
-0.007630264349363316 +0.015949564570100667
-0.008715906937256972 +0.020460498074840766
-0.012176020976242107 +0.006339338469687730
-0.009782403474525662 +0.018367570312761074
-0.005019265165253072 +0.003964674253234921
-0.000586541511373778 -0.004629431523197931
+0.001887739747699083 -0.016408954440990265
+0.002603404125151469 -0.016882163765917557
+0.002630453605913425 -0.001125397899513666
+0.004362592486805230 -0.005467035163966696
+0.003020231158159135 +0.006227415319072570
-0.002984383901412546 +0.011280298209399032
-0.005834747504887306 +0.028011064884157555
-0.005221007371449477 +0.018954360960786600
-0.001071291682774274 +0.009399424500582853
-0.000774004007587609 +0.008991976017824914
-0.001940437242220407 +0.010616090059764799
-0.001451257116947079 +0.006350274757586614
+0.001405508813041583 -0.010966944943701842
+0.004350309277004943 -0.012644723128754474
+0.003459654091244540 -0.019285724967397441
+0.002584739540681651 -0.013935666654181063
+0.003393047608114631 -0.011368831567484677
+0.003481416246483915 -0.005360373784929018
-0.000138669959517164 +0.015540417552802414
-0.005423513990982478 +0.021221060666234297
-0.008267103794529941 +0.022375874479370120
-0.007637092709249707 +0.012905670294585218
-0.004298601819205947 +0.018106693219576003
-0.001099036293612391 +0.014898486219362293
+0.003337316442183979 +0.002536551446784586
+0.006078569339997893 -0.009111303934552074
+0.007536703377937024 -0.014067657042266233
+0.006998007501125799 -0.014275581048553844
+0.005062537159532131 -0.011158332857110568
+0.003104365855755431 -0.011843819448371078
-0.000072951036376651 -0.009608994319190670
-0.002357197826723568 +0.009931095372379736
-0.003817766600736236 +0.014743355952863219
-0.005291956515325644 +0.015909780431903629
-0.005874739764030931 +0.014011988813405553
-0.004222260056467377 +0.022699166941260521
-0.001317305719116868 +0.025059316240792030
+0.000987615210874106 +0.006777368569989834
+0.003334361653214263 -0.001935085602686450
+0.004293773772416128 -0.021179970235641658
+0.005413760995932923 -0.016774729230669139
+0.004611344798532091 -0.019979989734750743
+0.003594826336524056 -0.009659411227749201
+0.002422790728278202 -0.003386564785473528
+0.001931645472824231 -0.012010459609415334
+0.000369210435818253 -0.012642756673604498
-0.000438817861762691 +0.009096073791774708
+0.000478021425682849 +0.007154339075564106
+0.000014311934053545 -0.000298804370524549
-0.001094221161731365 +0.005556704610785570
-0.002418818911179180 -0.005252810079513739
-0.002842892695010897 -0.007821907475827089
-0.003190726692684438 -0.002375653346137555
-0.004149375553896197 -0.007320847831536571
-0.002430739750820453 +0.003742596025344713
+0.001616825540392117 +0.001154407152485465
+0.005896102470834337 +0.007418444665498271
+0.006297143192845070 +0.007639482227834806
+0.005598999227312576 -0.000226362680953671
+0.003803551288843110 +0.004913337657741169
+0.001305065780849466 -0.005208679514277247
-0.002572046234696214 -0.003214082646768084
-0.004655541766417397 -0.004806959882566504
-0.003602589922385580 -0.003409536557881520
-0.003755855810938342 -0.004288330821565685
-0.000242044886203993 -0.002442414192971955
+0.003023542035763227 +0.001137030599611338
+0.001882380251796166 -0.001800259950970564
+0.000339637530912526 +0.005479142164289687
-0.001142274206937622 +0.002666977812015249
-0.002730777915673846 +0.005003775327546253
-0.002864284892264118 +0.002645881251110540
-0.002214465024786692 +0.002563418468677167
-0.001136376424705990 +0.000915151958410276
+0.000929422325704837 -0.004226598426633288
+0.001875439995372295 +0.000189555282897315
+0.002573981984120392 -0.003660329945235528
+0.002664644269665808 +0.000547519064407535
+0.001429013545855199 -0.000743289746642770
+0.001374163324848759 +0.000888033716850468
-0.000433219219891231 +0.002152762617983878
-0.000970056902153536 +0.000047829928261821
-0.001524531570582379 +0.002734307898425339
-0.002680398366035940 -0.000860705667547389
-0.002113531878288577 +0.002468540648438712
-0.001834469222716194 +0.001059897873566541
-0.001515846296966257 -0.000567649997657808
-0.000593259824238439 -0.000398040298722087
+0.000463312578283201 -0.001516711070289237
+0.001332509115712930 -0.001264315519193784
+0.001654538292843090 -0.001129866447748656
+0.001402232881612452 +0.000290201756725085
+0.000960691131759949 +0.000950554985205551
+0.000274263664657056 +0.002820877805810580
-0.000693128648196994 +0.002466028340570814
-0.000751610351780310 +0.003825035117004293
-0.001278349036831586 +0.001962812236669680
-0.001146178670172658 +0.001193071547618604
-0.000490572396251304 +0.000709190157395732
-0.000069577465205176 -0.001613335993350748
+0.000630994682764392 -0.001382364508405377
+0.000855110798232085 -0.002618737561789580
+0.001004440150786383 -0.001366989742244112
+0.000753405286233681 -0.001970630653636216
+0.000675156402507685 +0.000392501241403473
-0.000024708111580690 +0.000180816898696182
-0.000352087830653781 +0.001713799658755287
-0.000556033268729174 +0.001715676072502973
-0.000665473166342663 +0.000750586184044407
-0.000326351158027794 +0.002276934184258124
-0.000246469338386725 -0.000973579681026174
+0.000321984924902750 +0.000398951138760248
+0.000587618294426433 -0.002700510259683907
+0.000773330454662563 -0.002131238645112540
+0.000775685362515657 -0.002172696281199607
+0.000626522216810883 -0.003020194954966443
+0.000255271389462006 -0.000138464212873841
+0.000014637119607273 -0.001488519147651867
-0.000217739202865472 +0.002319992750919820
-0.000776494364072791 +0.000772164846855602
-0.000615052053582868 +0.003249089930567492
-0.000863880225537145 +0.002677890094776504
-0.000421653473098294 +0.001879265793826443
-0.000071393477419025 +0.002516583045325976
+0.000116410626823667 -0.000928057458396641
+0.000718298250220465 +0.000819051995310641
+0.000714984285135302 -0.002928330948031029
+0.000888512543501548 -0.001252801187939082
+0.000647600355392394 -0.002003018513006995
+0.000416070934672276 -0.002079445092996970
+0.000090966483593319 +0.000340730638797932
-0.000188549881821981 -0.001602863102359157
-0.000366509096184183 +0.002077758148144867
-0.000591383517586923 -0.000160332640004505
-0.000500612889233325 +0.001902659986458571
-0.000677562825162192 +0.001275741068995770
-0.000289328953831464 +0.000358489320269862
-0.000284344268225544 +0.001276217132023728
+0.000014907892503664 -0.001108766768387691
+0.000312169660287970 +0.000345528148634973
+0.000338301029781920 -0.001721355939664804
+0.000666677998310450 -0.000382958703004118
+0.000384382185235405 -0.000774136163841695
+0.000424496402558629 -0.000588991429025222
+0.000196294482221592 +0.000507488715429712
-0.000001258419065299 -0.000578112903043861
-0.000083981452401374 +0.001145178739199117
-0.000228239729937542 -0.000295883736317143
-0.000175553117529852 +0.000764232182079170
-0.000317380393079295 -0.000298637633228348
-0.000208144318620752 +0.000095408612009139
-0.000282703521804308 +0.000528958926993508
-0.000124759893241577 -0.000602590995244907
-0.000172504955680884 +0.000736414350831887
-0.000079985089747003 -0.000006036231175049
+0.000050139837070605 +0.000812985563648992
-0.000032846592261963 +0.000531027031721166
+0.000137836545974285 +0.000441223369921171
+0.000026368379330892 +0.000876194822165008
+0.000138300389674238 +0.000016866330870379
+0.000147895645146822 +0.000464101994700761
+0.000133066371876189 -0.000276456991409763
+0.000197087838151843 -0.000278333787015133
+0.000143318414414017 -0.000624254367983251
+0.000146301132568415 -0.000665158836777357
-0.000030229108104237 -0.000430998450517013
-0.000039372455626238 +0.000442573765446584
-0.000197934224528528 -0.000471458544124856
-0.000263217482818094 +0.001035627565519772
-0.000289239216696875 +0.000675023386650684
-0.000222075551003935 +0.000219058487224122
-0.000119487365966187 +0.001336348070861191
-0.000028531961519462 -0.000089977621968691
+0.000138625960449086 +0.000468416642282405
+0.000198679188123020 -0.000415307422634625
+0.000311742794391572 -0.000270570014662895
+0.000200487336495248 -0.000724365268397007
+0.000209772243760387 -0.000313327658809946
+0.000123139964979299 -0.000407801809126501
+0.000046440523831856 -0.000029830400413433
+0.000031405604880519 +0.000627879495120109
-0.000097639189803731 -0.000173302128224202
-0.000035369337559995 +0.001547084498307427
-0.000194661607246781 -0.000326083780993663
-0.000187805335373682 +0.000999421939346053
-0.000159052087158482 +0.000329977806657014
-0.000173626735308943 -0.000509049498932310
-0.000120579621012975 +0.000865895444458788
+0.000037999083653398 -0.001081221124467943
+0.000160649747879958 +0.000677463608564521
+0.000153459387133580 -0.000621446415293833
+0.000347978704167290 +0.000285476274592925
+0.000146481130161185 +0.000354359746175863
+0.000176593046749563 -0.000139230560162108
+0.000047570950752784 +0.001049804006946559
-0.000104081490924254 -0.000318258420197426
-0.000026342412664446 +0.000952413360221532
-0.000187179999490292 -0.000406675480342877
-0.000032900682532866 +0.000326997474090247
-0.000053579712271656 -0.000232627154460093
+0.000010189817915118 -0.000467446167672626
+0.000076250008399975 +0.000284194006999338
+0.000060639967716478 -0.000829557236921349
+0.000076004374161397 +0.000674337706105848
+0.000052133863440357 -0.000425560708416785
+0.000051729774560617 +0.000608858015205230
-0.000064398656685749 +0.000282208561561182
+0.000044972174101751 +0.000253903497880060
-0.000089539165237643 +0.000820740492614666
-0.000014449047342224 -0.000230990022930231
+0.000015210533932796 +0.000862612364781992
-0.000036509179739062 -0.000431973669911278
+0.000132018004021168 +0.000300341378220643
+0.000015404987562856 -0.000163528801449906
+0.000143501995509299 -0.000299095996550729
+0.000077455421276532 +0.000284011698992998
+0.000038949215221901 -0.000424454646352261
+0.000038836952962867 +0.000568227491446352
-0.000058338255264025 +0.000022079653953486
-0.000059052703148835 +0.000465257798563509
-0.000113440606038087 +0.000493083169125498
-0.000073225082881590 +0.000308359748448946
-0.000092950502378404 +0.000501007694761023
+0.000000907945357942 +0.000156543483975728
+0.000019496981694752 +0.000282764106742737
+0.000068460730131427 -0.000026486385932206
+0.000136389646413276 +0.000099787918400055
+0.000095021322715381 -0.000116917910172364
+0.000144812201429875 +0.000048950826345943
+0.000064672599475050 +0.000001331356229880
+0.000059863793347418 +0.000078582704459616
-0.000003170518377950 +0.000186418054521108
-0.000033686621801556 +0.000200896675035514
-0.000056836317214769 +0.000256777505823121
-0.000064965505336075 +0.000304195417309357
-0.000046488090410521 +0.000245863445215384
-0.000047489950287710 +0.000214558887288930
+0.000022169935141154 +0.000306506133527893
+0.000001181338480271 +0.000001225101349217
+0.000058766686467782 +0.000364125705845309
+0.000060485300981178 -0.000011589775082459
+0.000052362301557336 +0.000246528059886491
+0.000073069647318460 +0.000248402337336445
+0.000030869195870483 +0.000015576693502217
+0.000040560365932838 +0.000539406355857808
+0.000011904915197270 -0.000126065287912903
+0.000017893241980284 +0.000563084116103894
-0.000009616629510576 -0.000015644820176079
+0.000030189142581840 +0.000283258112229008
-0.000011691905400268 +0.000239314720473737
+0.000026150872262595 -0.000041106888135746
+0.000017165774759150 +0.000493777048681918
-0.000008418204656430 -0.000175835840323932
+0.000039238664482720 +0.000594199065027034
-0.000029116863052254 -0.000009546228051066
+0.000028656676435364 +0.000442476956146226
-0.000001923861951715 +0.000343735709179697
+0.000008637779072288 +0.000092170416650990
+0.000041355856775219 +0.000658932300836336
+0.000015981055288291 -0.000221968014407963
+0.000070630007464730 +0.000673444735023631
+0.000034140136388958 -0.000217877652825567
+0.000080790954934572 +0.000338929891794557
+0.000036910953371086 +0.000125147880164203
+0.000068263527377599 -0.000076124245033931
+0.000021298789536319 +0.000523020106053815
+0.000020671161587763 -0.000212979402624644
+0.000015194864471003 +0.000669712078635063
-0.000037990226300049 -0.000000262287989923
+0.000014605848496941 +0.000482732721583285
-0.000044552197415986 +0.000390720284388786
+0.000012058921251178 +0.000117585714631423
+0.000007890968785858 +0.000631980018122397
+0.000011906391288992 -0.000105776046880904
+0.000071563214992575 +0.000595468952271709
+0.000023974917928198 -0.000081385860145973
+0.000094095631899536 +0.000382799256966154
+0.000037309113013202 +0.000162334104942900
+0.000075022037582710 +0.000149571252202084
+0.000033164672269543 +0.000436931526901340
+0.000035609600132881 +0.000065656404499213
+0.000017225286864376 +0.000544903263467608
-0.000002937010859015 +0.000152445487431488
+0.000012144691678133 +0.000436589933996328
-0.000020207552010864 +0.000329939537808430
+0.000018783823269898 +0.000215882688962505
+0.000004522267382429 +0.000462957739256128
+0.000023859721570753 +0.000049674792254586
+0.000047459326188269 +0.000485308910071227
+0.000027285592317793 +0.000081652191863166
+0.000074117639479220 +0.000361670204438971
+0.000023242223968840 +0.000290630473489758
+0.000070033271704717 +0.000250032341717924
+0.000019828045778207 +0.000390683152946612
+0.000047013538742035 +0.000317391173228057
+0.000019921135950613 +0.000311187436510651
+0.000028677273105610 +0.000413517924147318
+0.000025682501217760 +0.000238750883914819
+0.000024996672074444 +0.000381692776416557
+0.000029743240304644 +0.000262703030862880
+0.000032210299510362 +0.000295125933929065
+0.000028163795201512 +0.000308430729344338
+0.000039178295400661 +0.000302619069801996
+0.000022751535969581 +0.000310456560197063
+0.000042410160724938 +0.000399161952800933
+0.000019611239397835 +0.000307732700928244
+0.000042589309468479 +0.000471753401095079
+0.000014668452907018 +0.000301834407328228
+0.000052957004488632 +0.000523911234824273
+0.000008002146955747 +0.000219346150647958
+0.000061480085469988 +0.000573639732852904
+0.000018292660469242 +0.000151560889498054
+0.000058652552351480 +0.000514466231236695
+0.000034151894353783 +0.000245075693292979
+0.000055923722692979 +0.000343840677219385
+0.000035855184770627 +0.000437433622168996
+0.000052277632716280 +0.000230226380882513
+0.000025823904500513 +0.000523632454579877
+0.000042214841814619 +0.000324513509154830
+0.000017889822809895 +0.000396173000932125
+0.000035382752681096 +0.000564043428388618
+0.000014372918006702 +0.000180965468725626
+0.000049260584553114 +0.000740825738978555
+0.000009291299227243 +0.000065795491631500
+0.000078717177554935 +0.000741062594613511
+0.000007563947660754 +0.000126018188473075
+0.000093504139476744 +0.000595646009159863
+0.000019267291268027 +0.000309124348036693
+0.000080263558146491 +0.000408070494593716
+0.000031063179354887 +0.000488963419578591
+0.000061484647586416 +0.000328315714262844
+0.000027854482820323 +0.000523757914167355
+0.000053632571253428 +0.000426260814892998
+0.000017859845573037 +0.000392486596933838
+0.000055659448045213 +0.000625547168589163
+0.000012428606020374 +0.000195261425171959
+0.000066192754391277 +0.000807241392586570
+0.000009156488175309 +0.000073391797697480
+0.000085957668843611 +0.000859376205781685
+0.000000694247429762 +0.000111205286432665
+0.000103687558088779 +0.000768140010638741
-0.000003461519422453 +0.000280796855547475
+0.000102630974862215 +0.000610763540296202
+0.000006075259632646 +0.000449519075205731
+0.000087192615063885 +0.000523559201140483
+0.000018279569239413 +0.000467422666252987
+0.000078934187019434 +0.000600781790608520
+0.000018287295972736 +0.000322705601729453
+0.000085548036415110 +0.000774314740484542
+0.000010277866732427 +0.000160280899843401
+0.000097831454316008 +0.000898265433587197
+0.000000337794840750 +0.000113380625862540
+0.000109378643766603 +0.000915276278559591
-0.000011094038178248 +0.000172847333829241
+0.000117615415891315 +0.000879404455601678
-0.000019538414110515 +0.000251411156557427
+0.000120972239751148 +0.000854598181191546
-0.000017327369441587 +0.000284457141010169
+0.000119253282803653 +0.000860081875154007
-0.000007632709563618 +0.000263298704751919
+0.000120917047961688 +0.000900125619680538
-0.000002568389795080 +0.000201961762744472
+0.000128852068488715 +0.000966866180254295
-0.000006600015762659 +0.000145467245606009
+0.000136063465257703 +0.001023311768817268
-0.000015568583301678 +0.000141825757837931
+0.000139734105145411 +0.001042795791725422
-0.000027268047767406 +0.000177986759354789
+0.000145178566251069 +0.001056679821803469
-0.000040040210758147 +0.000186439231469449
+0.000154471889980649 +0.001114936607160680
-0.000045818608956129 +0.000124280183544156
+0.000163310794934665 +0.001209446279344502
-0.000042906765492881 +0.000041570577977480
+0.000171724387287611 +0.001273218614622095
-0.000040242276336943 +0.000021946287932371
+0.000181973241126597 +0.001252208353088361
-0.000045688797754857 +0.000118987331007632
+0.000191120494878606 +0.001049036232641125
-0.000054506599378088 +0.001113210910411394
+0.000195394079396758 +0.002600774572546320
-0.000064479294886706 +0.001760814786484391
+0.000206034957202417 +0.001570241858526962
-0.000098572591903875 -0.001269851527577980
+0.000170719876471424 +0.000786265294651894
-0.000142491720156932 -0.000855025424649235
+0.000218899035838183 +0.001372260090424863
-0.000094463823963690 +0.000005424500329134
+0.000219636284810615 +0.002244302588081198
-0.000184424307865290 -0.000383553759476912
