-0.000338940408207223 +0.002702713474024604
-0.000525945509456796 +0.000837225855686453
-0.000525654252412826 +0.001392176013783695
+0.000400059044988243 -0.001793624483655098
+0.000863978314563738 -0.000794524949548233
+0.000661702518874626 -0.001768241421185217
+0.001249300846352758 -0.002671372931734386
+0.000745696191237206 +0.000232436383569056
-0.000685713837637440 -0.001100728391371370
-0.001226786377471331 -0.000656786031426173
-0.001213812760538812 +0.000009667021181295
-0.001337658807347077 -0.000964885481668684
-0.000376847253038830 -0.001139890345212392
+0.000256002261346601 +0.000269982953239393
+0.000337019289232437 -0.001684997076515868
+0.000166842590979832 +0.000397198477650784
+0.000250677543501758 -0.002255976478516277
-0.000109200464519715 -0.000230717020975175
-0.000521864715049168 -0.001647230451372944
-0.000382889983729595 -0.000807915647706502
-0.000255537140732322 -0.000737319456989967
-0.000385261469789407 -0.000341278562048262
-0.000144258178293832 -0.001325811405211182
-0.000151796752943870 +0.000162632092919195
-0.000239065830105670 -0.002175965474307517
-0.000358703676844422 +0.000596124489640769
+0.000096541689455679 -0.002312562979959569
-0.000333778992204535 +0.000662678873318958
+0.000130277581272747 -0.002781811289046554
+0.000005886510886399 +0.000808822701236545
+0.000100978846092424 -0.003503018209332983
-0.000155371719010324 +0.001226370680781820
-0.000066658559751301 -0.004255778938888739
-0.000387027848431294 +0.001649411883790914
-0.000192407510175589 -0.004677161840170076
-0.000428658579486225 +0.002742350141512977
-0.000113793633955525 -0.005032693227689001
-0.000420915250213556 +0.003816951499291544
+0.000094759185342023 -0.006341296279713349
-0.000250250220077991 +0.005261690333653625
+0.000169996988364733 -0.009033930528339854
-0.000429763757372070 +0.009149704606350744
+0.000167450839059096 -0.015457398180916859
-0.000724402113498328 +0.020842202897424916
+0.000046558060486063 -0.039674883421501203
-0.000787392728466162 +0.215795745814347850
+0.000146127151664590 +0.807576419453235772
-0.001049267133360352 +0.814341674993338094
+0.000223876905827470 +0.744315030887275797
-0.001117131255126796 +0.453101618561317310
+0.000572376585999841 -0.414596545319086573
-0.000520732047644060 -1.221885892778555416
+0.001960322271943301 -0.810483461943573014
-0.000376669023355023 -0.395363102236232111
+0.002101310541611043 +0.038673271654804248
-0.001946809014127210 +0.216158752920674380
+0.002655644724068024 +0.329549541811986757
-0.001465427563680638 +0.307445582792420458
+0.121098706876794360 +0.128667430727096133
+0.235099968264698145 +0.031650375063248179
+0.230960933734234042 -0.025567321502708275
+0.237515517559111627 -0.099150729478973576
+0.218601545295578792 -0.051541537140732008
+0.025017157470173863 -0.024442148195984038
-0.183989041530979419 -0.031909864015518374
-0.205738400546284478 -0.032822009131962815
-0.145229659430330477 -0.039796726783852029
-0.074360475815689026 -0.003775226867754371
+0.008117386302765508 +0.046576933635241728
+0.052419721670486363 +0.065260460641512696
+0.073032273835872616 +0.023751259466018065
+0.086013207956365231 -0.020873422942392868
+0.066857918100242525 -0.010111383324132467
+0.011958647333934504 -0.021863208737490088
-0.010206281305237588 -0.000294572188090852
+0.005623385265899941 +0.038789794966789470
-0.001556995386628859 +0.025320490103818444
-0.021196067814861240 +0.011018384358589362
-0.019583637349430534 -0.021454741178869263
-0.023630122172669393 -0.031010904018258963
-0.015233036145621156 -0.016326213959879106
+0.012179780478888094 -0.017657371651499675
+0.022093787615053581 -0.030406333623582263
+0.040141271959499430 -0.047872249903254102
+0.067866142825958459 -0.036371862575389879
+0.065293828297890932 -0.006070352499364723
+0.043214890607205403 -0.004072641236915912
+0.023097641810862608 -0.009195330692792318
+0.002389933704151998 -0.010537370718077499
-0.014644442083781010 +0.004291938801796074
-0.022656707153459129 +0.022863811134561443
-0.027416424250168929 +0.013875400401379263
-0.026302476201589649 +0.001274253070182265
-0.010685784060784024 -0.009382601196883847
+0.004692566993520994 -0.011962064925500065
+0.006842187861818156 -0.003757036513413951
+0.005639755104981855 -0.015632726395434809
+0.004819798589620151 -0.013462426772843917
+0.003311695181541645 -0.006153036759141662
+0.000388455282703223 -0.000013859728407555
-0.001652040392017916 +0.005948983036407557
-0.005255013877947234 +0.004621461799062503
-0.007687686134458135 +0.002401157613503929
-0.004563476233540312 -0.007515901914773845
+0.000835750856981885 -0.000588238104426749
+0.000398258579099318 +0.004024840475053550
-0.005592660209311841 -0.002414349983146540
-0.009250037210490752 -0.004437540420873885
-0.012428992297321004 +0.001175033221205504
-0.010585807824311438 +0.007678142042006841
-0.006933097670122805 +0.001741568077536837
-0.008835143508393789 +0.005141882074954196
-0.010250004135385724 -0.004612084660752146
-0.005713456771407529 -0.002051591528670400
-0.001534127658112579 -0.000606444468744062
-0.000281335078339990 -0.000605746424210205
-0.004126985291537438 -0.003834079729154964
-0.007990177828009301 -0.009328323925617259
-0.005749007043304251 +0.001964337146595309
+0.001445605507672628 -0.005154739936553339
+0.003071043912157519 -0.001165026856005655
-0.000879510373698188 -0.000565383079102696
-0.001472341001758906 +0.000785408617746124
+0.000946116668480384 +0.002531543062749962
+0.002099019521714636 -0.003120480378213489
-0.004469558536792586 -0.001139603397389066
-0.006687710733641541 -0.006859293875488020
-0.004006359963918510 +0.001999355299262330
-0.001051513537860121 -0.002586090496699323
+0.001254078275210801 +0.000343139031809385
-0.000834836770466489 +0.003810155480580449
+0.000176167581711124 +0.000431092066042399
+0.001526662165767221 -0.000309891893818342
+0.003192031905479455 -0.009167557103029647
+0.001650773184963253 -0.005577982893109124
-0.000495438953191027 -0.010365085026544242
-0.000290838391340163 -0.008017770897064245
-0.001864571858935741 -0.008760452188065426
-0.002949227648122499 -0.009889375276821225
-0.003661352959235001 -0.003491920396410689
-0.002460571969493679 -0.000527188213854321
-0.001815910771003144 +0.003686540005237569
+0.000394405486902446 +0.005528656158362655
+0.001775213107878110 +0.012220578669404000
+0.002422033445237733 +0.006311021967061340
+0.004000150321578168 -0.000138772878588006
+0.002971944041026072 -0.008822960657451641
+0.003082895677683108 -0.012139662032132778
+0.002549646476143370 -0.012404122499055401
+0.001869625765973673 -0.015522056063148944
+0.000439250385692035 -0.014499863702896035
-0.001705188650454487 -0.014691196020655706
-0.001951883905034792 -0.006097622514512659
-0.002655656266299061 -0.001713750916288096
-0.003591916416769933 +0.000795141599674070
-0.003019094410179715 +0.002603964473013198
-0.000980954928147769 +0.005238841980755717
+0.000423866684463179 +0.004747633575915223
+0.000753675581578517 -0.008144920843857185
+0.000425964568762138 -0.023413298430329712
+0.001050048822717211 -0.037924888880104882
+0.001139957759809479 -0.037373744562489306
-0.000424914181515464 -0.035841539674753745
-0.002485799965727048 -0.006081045020848989
-0.003726498590203530 +0.021899263359860421
-0.003420864675080644 +0.046316919528429611
-0.003738797662872005 +0.035030035324310010
-0.004015891369670901 -0.002715352653088301
-0.003359436849943760 -0.005302045361605442
-0.001491602747314588 -0.029814969020565050
-0.000797887393999518 -0.014733808053305226
-0.003071665911788677 +0.025383180434709787
-0.006345943983576946 +0.026295127582788867
-0.009459629533867404 +0.028565572758308892
-0.010906975687616328 +0.029496058948190268
-0.011671755195796260 -0.000216216686342696
-0.006323899187291851 -0.001798643423413834
+0.000717152271623954 -0.009341756431683959
+0.006388400245383907 -0.011467614494418618
+0.004290101850891079 +0.004116409172124705
+0.002062022413137503 -0.002732081809789136
+0.001682185312045774 +0.002390989873691615
-0.002858266145451796 +0.004786399223679044
+0.000431805552257841 -0.012500780135509067
+0.007978175707310582 +0.002899491485472222
+0.010446583149817643 -0.003410364180087777
+0.010423763441769825 -0.001125255588600113
+0.008789708073548629 +0.008051392396979573
+0.003396743303517774 -0.002456165351163794
-0.001857923931245314 +0.004742529513379168
-0.003261329275031665 -0.000598634577770779
-0.003099241054130269 +0.001248636696569821
-0.003014566972021050 +0.004750724766433618
-0.001404088522749029 -0.000570152197038989
+0.000432809346307989 +0.001882279392226302
+0.000125720273794070 -0.002748462286546956
-0.001190161586348961 -0.005277467137792933
+0.000023357633098096 -0.002536048131299699
-0.000884096842500501 -0.002274967562695617
-0.000590392416039993 -0.001897432365726117
+0.001644548344198885 +0.003150337402842442
+0.001345008934230933 -0.000190215944565004
+0.001587685956701839 +0.002536172365635969
+0.001375871591573810 +0.002292301748752893
+0.000409548863654189 -0.000256765897965279
-0.000882597033367457 +0.002400128251984505
-0.000958938369958184 -0.001882029668025954
-0.001321147181608190 +0.001163256441284777
-0.001700177839618756 -0.000445441357540883
-0.000641941856901684 -0.000132672625522599
-0.000520390686519985 +0.000730765457484860
+0.000102365181426449 -0.001814871668333542
+0.000107301382179140 -0.000069645674005106
+0.000499728512563552 -0.001889672918426461
+0.000399243451505048 -0.000933246960589198
+0.000038156298378486 -0.001475120749811478
+0.000704288060868854 -0.001820629067807633
+0.000307811175709256 -0.000348736809621959
+0.000689545693778873 -0.000810106662913153
+0.000990923343550306 -0.001996927796574182
+0.000783069800942593 -0.000722075506990963
+0.000723179458378865 -0.002520181026286328
+0.000571573566190771 -0.002411145252800257
+0.000213055234012974 -0.000593799540335461
-0.000538042923549828 -0.002328622278144206
-0.001137915944892034 +0.000549759756504321
-0.001234562643099395 -0.000899049170670142
-0.001162498311093888 +0.000554906803761368
-0.001096895535385063 +0.000080071022277277
-0.000545181670454367 -0.001088465566924450
-0.000240761633628735 +0.000936003995827219
+0.000070393292767277 -0.000718402234445716
+0.000327543510241538 +0.000829528199406071
+0.000225609632832826 -0.000190419219404929
-0.000268773258874729 +0.000740260022784103
-0.000327952451111179 -0.000367516717044640
-0.000463607680378067 -0.000038888501405077
-0.000663723085866613 +0.001044031669618020
-0.000457479595711250 +0.000663028029581764
-0.000775750416138282 +0.002553950949191058
-0.000653096993640965 +0.001038428035813355
-0.000881889289287722 +0.002111966013593005
-0.000694220987716217 -0.000343320437060107
-0.000370733066623653 +0.000301965290842100
-0.000207728741160767 -0.000643811893247933
+0.000415799390429591 -0.001837962140221866
+0.000568501848839710 +0.000171431380894341
+0.000943822571921767 -0.002394331080954409
+0.000679662653832569 -0.000289207503311760
+0.000720577716593036 -0.001899245102365545
+0.000542532218993213 -0.001325741062514848
+0.000400161029921072 -0.000690970475281725
+0.000561566785658857 -0.000685874846647960
+0.000046261353562900 +0.001019755774343450
+0.000181498314106274 -0.000171063042812196
-0.000271271554313072 +0.001600795242425396
-0.000239448923911622 -0.000100146935076023
-0.000347702779313078 +0.000598805932633799
-0.000525897808490090 -0.000080207732632262
-0.000183635479283870 -0.000259436016347722
-0.000580169163878883 +0.000789230043889245
-0.000262302796657365 -0.000630736012478496
-0.000509320210453708 +0.001176292673966118
-0.000552896873129554 -0.000426899282478032
-0.000327726019876786 +0.000437664831166168
-0.000338567271313421 +0.000323331590771800
-0.000011489577420230 -0.000238690104375553
-0.000016346180110095 +0.000420592980087416
+0.000296944249028630 -0.000592106209694427
+0.000159119241572635 +0.000504176653184493
+0.000159163318262184 -0.000270756249712334
+0.000072363317700910 +0.000509603963189231
-0.000042526029821821 +0.000684750707523608
+0.000026984317988751 +0.000751274316220189
-0.000200714150020169 +0.001100209018574789
+0.000069061716967231 +0.000546010645868570
-0.000136810159683958 +0.000073264941513912
-0.000020629636508437 -0.001409988070688699
+0.000063652920875810 -0.001997235999089292
-0.000094555509504090 -0.002433195348614118
+0.000148944843098096 -0.000994212673486080
+0.000039965591578066 +0.000191100281666763
+0.000227816623291240 +0.001211990402241413
+0.000225523396037378 +0.001692859545784522
+0.000290335817754413 -0.000495903890619520
+0.000434542513646361 -0.001551996591765206
+0.000290307274892885 -0.002793895457661398
+0.000344838992451554 -0.001872381328630779
+0.000126374052788863 +0.000190909864013964
-0.000108817310383712 +0.001046737036946497
-0.000439947937832036 +0.002666212779319413
-0.000778018100549532 +0.001882364993738729
-0.000771005371264234 -0.000811460325910698
-0.000617173350621920 -0.000031949854804561
-0.000272346809898185 -0.001809229292932985
+0.000035367771278572 -0.002135805090630814
+0.000189080088338798 +0.001127408353685967
-0.000016783328062566 -0.001353029431861203
-0.000324779981442086 +0.001194086002317323
-0.000462160382660848 +0.000348288095848999
-0.000332446794671887 -0.001191414919789892
-0.000066622940421660 +0.000937280671160376
+0.000261324548366710 -0.001432625697651985
+0.000570991406222762 +0.000285666470158652
+0.000364553803211719 +0.000628125670419810
-0.000057821394783522 -0.000655393252139758
-0.000109007512063182 +0.000593760918033592
-0.000517438243401779 -0.000003422525526653
-0.000490497849839293 -0.001006871783204577
-0.000114670521960267 +0.000642919162108846
-0.000195245419452200 -0.000655721626605488
+0.000105861901760974 -0.000640323402519336
-0.000043888581577040 +0.000638164525496532
-0.000014268649833789 -0.001902144540406214
-0.000104853847031045 +0.000574671371077723
-0.000254615898178767 -0.000950218670333290
+0.000045443728862671 -0.000736392775565232
-0.000082251795749971 +0.000945921882447381
+0.000118137055967124 -0.001514396408287755
+0.000146686487819472 +0.001004956207268717
+0.000090779224385912 -0.000639195231554535
-0.000039669455887209 -0.000403400259527911
-0.000100035693089057 +0.000495412577736120
-0.000176071302710266 -0.000909542788599994
-0.000388118393546702 +0.000475993332239723
-0.000200764832015022 -0.000229622135260031
-0.000397208896912013 +0.000034411931897401
-0.000252685019417789 +0.000150540765011130
-0.000233652270649892 -0.000062645553088091
-0.000242552850630767 -0.000146668568981875
-0.000078784235965674 -0.000065527522349553
-0.000197454926364644 -0.000377157698204570
+0.000018574288131393 -0.000338363183699359
-0.000094248118962465 -0.000076660943788100
-0.000002861294878516 -0.000614126916710315
+0.000024106313399292 +0.000204251629972708
-0.000045873272196764 -0.000463219021396177
+0.000025377811498686 -0.000037903056326998
-0.000088360528879177 -0.000113461102005896
-0.000010628560869034 -0.000467605799750682
-0.000164974104160113 +0.000183041488780213
-0.000098057728989798 -0.000629156213286563
-0.000155892223904879 +0.000138539044561364
-0.000215709711825202 -0.000297805519942268
-0.000097443282474767 -0.000410435129738655
-0.000202142440577160 -0.000047272408112591
-0.000045272656997421 -0.000702138426313306
-0.000098510958952441 -0.000231047117469124
-0.000044208677707253 -0.000436900820679270
-0.000007064157413094 -0.000425177809632954
-0.000110957408295169 -0.000112569051327561
-0.000033856446628131 -0.000417472000602611
-0.000143923148058608 -0.000221699516990373
-0.000128892994824303 -0.000168210029375742
-0.000137581945690169 -0.000435891694859463
-0.000150910610856776 +0.000031483817121719
-0.000142338234133619 -0.000217557528311095
-0.000192368183652690 -0.000096406353421564
-0.000173993392811304 -0.000010564991907885
-0.000239735635298827 -0.000372449440966439
-0.000213301572461783 -0.000074643073267968
-0.000210101124015121 -0.000483953891499228
-0.000197081048641622 -0.000192175334675750
-0.000134848639423453 -0.000325505971996603
-0.000162444346253213 -0.000312727192302947
-0.000102153095830650 -0.000227466811966587
-0.000125578607528657 -0.000438162741310727
-0.000123021776607914 -0.000291342567047159
-0.000068367856114201 -0.000520849463082663
-0.000114366995229951 -0.000194528223530601
-0.000055672624491866 -0.000504635635633348
-0.000102486018603244 -0.000074713874484510
-0.000115462676910496 -0.000325819552309133
-0.000128022841006466 -0.000318313384132161
-0.000188823990309849 -0.000079946424812033
-0.000147095849765636 -0.000644209275009253
-0.000213606022888274 -0.000011347058790647
-0.000160966211117128 -0.000626812466754281
-0.000199411686457854 -0.000189198584028686
-0.000194915572769417 -0.000353979748431617
-0.000173645077632531 -0.000496308560234928
-0.000215783017656451 -0.000134567159697020
-0.000130829624375802 -0.000674996797000381
-0.000196733496994869 -0.000127569915556279
-0.000096808752415218 -0.000625190668989392
-0.000150162797324588 -0.000234089614239668
-0.000147985195461694 -0.000431262196534557
-0.000115890884207675 -0.000381801926064682
-0.000233684173416222 -0.000140953510559043
-0.000140182671279460 -0.000522388494153938
-0.000257163335671439 +0.000037713224559838
-0.000194040022623840 -0.000504276969682744
-0.000218769995014716 -0.000062529359667476
-0.000243213724422884 -0.000396390997819442
-0.000171930741799771 -0.000428724395996435
-0.000261095869067369 -0.000311557957557793
-0.000167546300020094 -0.000748474162203938
-0.000234022279533214 -0.000213359812757618
-0.000181137488338393 -0.000617111960635983
-0.000190906645707172 -0.000164603496262835
-0.000187148129125904 -0.000324084172187371
-0.000140295366760909 -0.000418351911901772
-0.000200958862088394 -0.000334681357255240
-0.000114284530846988 -0.000703720851696404
-0.000198948929837250 -0.000421138518926101
-0.000146914014344784 -0.000539850526923505
-0.000193134329121482 -0.000274756324068801
-0.000225891192327961 -0.000286565423667446
-0.000202460910149653 -0.000266710270553418
-0.000291104801405606 -0.000384513207510916
-0.000207283529970203 -0.000515385525400066
-0.000264757571962742 -0.000529444236008555
-0.000204044770631578 -0.000632197137134229
-0.000202973565078396 -0.000363554623157395
-0.000240603809406298 -0.000553357737401472
-0.000203294095182744 -0.000312268948990170
-0.000283236126368781 -0.000371022194525986
-0.000228890940593918 -0.000609178576191999
-0.000240832549897163 -0.000310247441474358
-0.000209859548172451 -0.000633404280043086
-0.000178355445232798 -0.000500311498897685
-0.000214396806484445 -0.000310336497273108
-0.000201682162119028 -0.000647795554955677
-0.000268529781527509 -0.000272537067327338
-0.000275815168630459 -0.000481695671085823
-0.000283005510989300 -0.000618835265763272
-0.000284157693238205 -0.000219166796226058
-0.000261573460154986 -0.000757436306057080
-0.000256409053737017 -0.000358362676097301
-0.000242163145177715 -0.000460359174222257
-0.000272895890683738 -0.000748887980169782
-0.000249399799188654 -0.000279252950003334
-0.000270773095935175 -0.000766782638760469
-0.000269781527502334 -0.000494963977911392
-0.000233634623665600 -0.000482809628224931
-0.000267149708905182 -0.000687888875437873
-0.000221578221837931 -0.000435023907439033
-0.000259999517151252 -0.000582621230323002
-0.000262134406950941 -0.000617914752231497
-0.000253259006155535 -0.000477620298343499
-0.000318048944608512 -0.000597978020587808
-0.000263513996679606 -0.000644957415800923
-0.000319425935872426 -0.000376606649013558
-0.000304084996967293 -0.000797860898278073
-0.000289082050347028 -0.000413093556205410
-0.000329361163742742 -0.000600094770730857
-0.000281801193544629 -0.000770845535777676
-0.000326086686780313 -0.000315122407054945
-0.000291546219059365 -0.000909246935210737
-0.000313303418963622 -0.000397492449937934
-0.000306337721064170 -0.000675154106875847
-0.000297443332484170 -0.000692697413158343
-0.000325127680755312 -0.000475723043894464
-0.000288657988194988 -0.000877344751085189
-0.000338227007017924 -0.000434024867562116
-0.000297301393754768 -0.000808436542266809
-0.000337945847209078 -0.000561320907566031
-0.000327779173885897 -0.000601694181668522
-0.000322676913124226 -0.000731053032903474
-0.000368227850421938 -0.000533745249988105
-0.000307617254239337 -0.000782051680002168
-0.000372753627968694 -0.000589621586873566
-0.000326053031155299 -0.000760612623124469
-0.000344929581854848 -0.000668109075687557
-0.000351508773787787 -0.000737268889407494
-0.000337086805413640 -0.000700130934819259
-0.000371279564402584 -0.000736082513897547
-0.000332159557666967 -0.000725830022613255
-0.000381284935570759 -0.000690974357072056
-0.000335837682368344 -0.000826437214390865
-0.000364211672753638 -0.000632863153642430
-0.000362859519139546 -0.000855075661350812
-0.000349421074735563 -0.000699215875865919
-0.000392808128520179 -0.000728633914454959
-0.000352749200333937 -0.000851523176483234
-0.000411991414129476 -0.000612164614393556
-0.000378324407109814 -0.000922830504725629
-0.000401625627321479 -0.000669190877778482
-0.000414185744742699 -0.000836461086163392
-0.000383351113487899 -0.000830323575805661
-0.000425134995973984 -0.000733331623812648
-0.000387528065842291 -0.000891784382013323
-0.000419688312100000 -0.000771718300170629
-0.000402565026055697 -0.000833577057747097
-0.000412453610183720 -0.000884465472606693
-0.000418405154477698 -0.000794344937050724
-0.000405314571562202 -0.000910191019961235
-0.000429723211771382 -0.000839604040239967
-0.000413293734270482 -0.000845794787568261
-0.000434223509464764 -0.000908560184900837
-0.000437571115176901 -0.000819788824059695
-0.000433899393059739 -0.000929058776276560
-0.000461643239450722 -0.000865518448633680
-0.000432709367441305 -0.000920897113011824
-0.000471856349328049 -0.000900239659540197
-0.000441783071319399 -0.000947466540720754
-0.000469853053119655 -0.000892513971899900
-0.000459411549152626 -0.001006779395086987
-0.000470953565380862 -0.000856096031522435
-0.000466934895672724 -0.001121101731664657
-0.000483593606631618 -0.000690155065380763
-0.000460365881907370 -0.001575256086773454
-0.000503575727124825 +0.000591940107551293
-0.000449503090182070 +0.003914388372857327
-0.000537666266222731 +0.002423727695604526
-0.000375572557106154 +0.002558674883936120
-0.000448168790072106 +0.003465343367465257
-0.000508262823967656 -0.006182741857422198
-0.000384046704815684 -0.006369596325890008
-0.000521719444078257 -0.003763636699800441
-0.000357021145897775 -0.004515664719635893
-0.000519545769804629 +0.000827234338028537
