00000 -0.477
00010 -0.464
00020 -0.427
00030 -0.373
00040 -0.314
00050 -0.263
00060 -0.233
00070 -0.231
00080 -0.252
00090 -0.286
00100 -0.320
00110 -0.342
00120 -0.347
00130 -0.331
00140 -0.299
00150 -0.256
00160 -0.213
00170 -0.179
00180 -0.161
00190 -0.160
00200 -0.169
00210 -0.182
00220 -0.189
00230 -0.184
00240 -0.167
00250 -0.138
00260 -0.103
00270 -0.069
00280 -0.044
00290 -0.031
00300 -0.031
00310 -0.038
00320 -0.046
00330 -0.049
00340 -0.042
00350 -0.026
00360 -0.003
00370 +0.022
00380 +0.044
00390 +0.057
00400 +0.060
00410 +0.055
00420 +0.047
00430 +0.040
00440 +0.040
00450 +0.049
00460 +0.068
00470 +0.092
00480 +0.118
00490 +0.141
00500 +0.158
00510 +0.168
00520 +0.176
00530 +0.184
00540 +0.198
00550 +0.221
00560 +0.253
00570 +0.294
00580 +0.339
00590 +0.382
00600 +0.419
00610 +0.446
00620 +0.464
00630 +0.476
00640 +0.486
00650 +0.498
00660 +0.513
00670 +0.531
00680 +0.546
00690 +0.554
00700 +0.549
00710 +0.529
00720 +0.495
00730 +0.452
00740 +0.405
00750 +0.357
00760 +0.312
00770 +0.270
00780 +0.227
00790 +0.181
00800 +0.130
00810 +0.072
00820 +0.009
00830 -0.055
00840 -0.117
00850 -0.172
00860 -0.219
00870 -0.256
00880 -0.285
00890 -0.307
00900 -0.325
00910 -0.341
00920 -0.353
00930 -0.363
00940 -0.367
00950 -0.363
00960 -0.351
00970 -0.329
00980 -0.298
00990 -0.261
01000 -0.220
01010 -0.178
01020 -0.136
01030 -0.096
01040 -0.057
01050 -0.017
01060 +0.024
01070 +0.069
01080 +0.116
01090 +0.165
01100 +0.214
01110 +0.260
01120 +0.300
01130 +0.336
01140 +0.366
01150 +0.392
01160 +0.417
01170 +0.441
01180 +0.466
01190 +0.491
01200 +0.514
01210 +0.536
01220 +0.552
01230 +0.564
01240 +0.570
01250 +0.572
01260 +0.572
01270 +0.570
01280 +0.569
01290 +0.569
01300 +0.568
01310 +0.567
01320 +0.562
01330 +0.554
01340 +0.541
01350 +0.524
01360 +0.504
01370 +0.483
01380 +0.461
01390 +0.441
01400 +0.421
01410 +0.401
01420 +0.380
01430 +0.356
01440 +0.329
01450 +0.298
01460 +0.265
01470 +0.231
01480 +0.198
01490 +0.167
01500 +0.139
01510 +0.115
01520 +0.095
01530 +0.076
01540 +0.058
01550 +0.041
01560 +0.025
01570 +0.012
01580 +0.003
01590 -0.001
01600 +0.000
01610 +0.007
01620 +0.017
01630 +0.029
01640 +0.040
01650 +0.048
01660 +0.054
01670 +0.058
01680 +0.060
01690 +0.062
01700 +0.064
01710 +0.066
01720 +0.068
01730 +0.068
01740 +0.065
01750 +0.058
01760 +0.047
01770 +0.031
01780 +0.013
01790 -0.007
01800 -0.027
01810 -0.045
01820 -0.064
01830 -0.082
01840 -0.101
01850 -0.122
01860 -0.146
01870 -0.172
01880 -0.198
01890 -0.224
01900 -0.248
01910 -0.269
01920 -0.286
01930 -0.299
01940 -0.310
01950 -0.318
01960 -0.326
01970 -0.331
01980 -0.334
01990 -0.333
02000 -0.328
02010 -0.315
02020 -0.296
02030 -0.269
02040 -0.236
02050 -0.198
02060 -0.156
02070 -0.110
02080 -0.061
02090 -0.008
02100 +0.049
02110 +0.111
02120 +0.177
02130 +0.246
02140 +0.318
02150 +0.390
02160 +0.458
02170 +0.523
02180 +0.581
02190 +0.632
02200 +0.677
02210 +0.714
02220 +0.744
02230 +0.766
02240 +0.780
02250 +0.785
02260 +0.779
02270 +0.763
02280 +0.736
02290 +0.700
02300 +0.655
02310 +0.605
02320 +0.551
02330 +0.495
02340 +0.437
02350 +0.378
02360 +0.319
02370 +0.260
02380 +0.201
02390 +0.144
02400 +0.088
02410 +0.037
02420 -0.009
02430 -0.049
02440 -0.082
02450 -0.107
02460 -0.125
02470 -0.137
02480 -0.142
02490 -0.142
02500 -0.135
02510 -0.121
02520 -0.100
02530 -0.071
02540 -0.034
02550 +0.011
02560 +0.064
02570 +0.122
02580 +0.185
02590 +0.250
02600 +0.318
02610 +0.386
02620 +0.455
02630 +0.525
02640 +0.593
02650 +0.660
02660 +0.722
02670 +0.777
02680 +0.823
02690 +0.858
02700 +0.880
02710 +0.889
02720 +0.884
02730 +0.865
02740 +0.834
02750 +0.789
02760 +0.732
02770 +0.664
02780 +0.584
02790 +0.493
02800 +0.394
02810 +0.287
02820 +0.176
02830 +0.061
02840 -0.055
02850 -0.171
02860 -0.285
02870 -0.395
02880 -0.502
02890 -0.604
02900 -0.701
02910 -0.793
02920 -0.878
02930 -0.957
02940 -1.028
02950 -1.091
02960 -1.145
02970 -1.190
02980 -1.226
02990 -1.254
03000 -1.274
03010 -1.287
03020 -1.293
03030 -1.294
03040 -1.288
03050 -1.276
03060 -1.259
03070 -1.237
03080 -1.209
03090 -1.179
03100 -1.146
03110 -1.113
03120 -1.080
03130 -1.048
03140 -1.018
03150 -0.989
03160 -0.963
03170 -0.939
03180 -0.918
03190 -0.900
03200 -0.885
03210 -0.876
03220 -0.871
03230 -0.871
03240 -0.876
03250 -0.885
03260 -0.898
03270 -0.914
03280 -0.931
03290 -0.951
03300 -0.972
03310 -0.995
03320 -1.019
03330 -1.044
03340 -1.069
03350 -1.095
03360 -1.119
03370 -1.141
03380 -1.161
03390 -1.177
03400 -1.189
03410 -1.197
03420 -1.200
03430 -1.198
03440 -1.192
03450 -1.181
03460 -1.163
03470 -1.139
03480 -1.107
03490 -1.067
03500 -1.017
03510 -0.959
03520 -0.893
03530 -0.818
03540 -0.736
03550 -0.647
03560 -0.551
03570 -0.447
03580 -0.337
03590 -0.219
03600 -0.095
03610 +0.033
03620 +0.165
03630 +0.298
03640 +0.430
03650 +0.560
03660 +0.687
03670 +0.810
03680 +0.928
03690 +1.039
03700 +1.142
03710 +1.235
03720 +1.318
03730 +1.388
03740 +1.445
03750 +1.488
03760 +1.516
03770 +1.530
03780 +1.530
03790 +1.517
03800 +1.490
03810 +1.450
03820 +1.398
03830 +1.333
03840 +1.256
03850 +1.169
03860 +1.071
03870 +0.965
03880 +0.849
03890 +0.727
03900 +0.597
03910 +0.462
03920 +0.322
03930 +0.178
03940 +0.031
03950 -0.118
03960 -0.269
03970 -0.419
03980 -0.569
03990 -0.717
04000 -0.861
04010 -1.000
04020 -1.132
04030 -1.256
04040 -1.370
04050 -1.474
04060 -1.565
04070 -1.644
04080 -1.711
04090 -1.763
04100 -1.802
04110 -1.827
04120 -1.837
04130 -1.834
04140 -1.817
04150 -1.790
04160 -1.752
04170 -1.707
04180 -1.655
04190 -1.598
04200 -1.537
04210 -1.473
04220 -1.408
04230 -1.341
04240 -1.274
04250 -1.207
04260 -1.142
04270 -1.080
04280 -1.021
04290 -0.965
04300 -0.912
04310 -0.863
04320 -0.817
04330 -0.774
04340 -0.733
04350 -0.695
04360 -0.659
04370 -0.625
04380 -0.594
04390 -0.564
04400 -0.537
04410 -0.512
04420 -0.487
04430 -0.462
04440 -0.437
04450 -0.411
04460 -0.384
04470 -0.356
04480 -0.328
04490 -0.299
04500 -0.269
04510 -0.238
04520 -0.206
04530 -0.171
04540 -0.135
04550 -0.097
04560 -0.056
04570 -0.014
04580 +0.029
04590 +0.073
04600 +0.118
04610 +0.163
04620 +0.207
04630 +0.252
04640 +0.297
04650 +0.342
04660 +0.386
04670 +0.430
04680 +0.472
04690 +0.512
04700 +0.549
04710 +0.583
04720 +0.614
04730 +0.643
04740 +0.667
04750 +0.689
04760 +0.708
04770 +0.723
04780 +0.735
04790 +0.742
04800 +0.746
04810 +0.745
04820 +0.740
04830 +0.731
04840 +0.719
04850 +0.705
04860 +0.688
04870 +0.670
04880 +0.651
04890 +0.632
04900 +0.612
04910 +0.592
04920 +0.574
04930 +0.556
04940 +0.542
04950 +0.530
04960 +0.522
04970 +0.519
04980 +0.519
04990 +0.525
05000 +0.534
05010 +0.547
05020 +0.563
05030 +0.581
05040 +0.603
05050 +0.626
05060 +0.652
05070 +0.679
05080 +0.707
05090 +0.736
05100 +0.764
05110 +0.791
05120 +0.816
05130 +0.839
05140 +0.859
05150 +0.877
05160 +0.892
05170 +0.905
05180 +0.916
05190 +0.923
05200 +0.928
05210 +0.930
05220 +0.929
05230 +0.925
05240 +0.919
05250 +0.911
05260 +0.901
05270 +0.891
05280 +0.880
05290 +0.870
05300 +0.860
05310 +0.850
05320 +0.841
05330 +0.833
05340 +0.827
05350 +0.822
05360 +0.820
05370 +0.820
05380 +0.824
05390 +0.830
05400 +0.839
05410 +0.851
05420 +0.865
05430 +0.882
05440 +0.900
05450 +0.920
05460 +0.942
05470 +0.965
05480 +0.989
05490 +1.015
05500 +1.042
05510 +1.069
05520 +1.096
05530 +1.122
05540 +1.148
05550 +1.172
05560 +1.195
05570 +1.217
05580 +1.238
05590 +1.258
05600 +1.276
05610 +1.292
05620 +1.307
05630 +1.319
05640 +1.329
05650 +1.337
05660 +1.343
05670 +1.347
05680 +1.349
05690 +1.351
05700 +1.351
05710 +1.350
05720 +1.348
05730 +1.346
05740 +1.343
05750 +1.340
05760 +1.337
05770 +1.334
05780 +1.332
05790 +1.331
05800 +1.331
05810 +1.333
05820 +1.337
05830 +1.342
05840 +1.348
05850 +1.356
05860 +1.365
05870 +1.376
05880 +1.388
05890 +1.401
05900 +1.415
05910 +1.431
05920 +1.447
05930 +1.464
05940 +1.480
05950 +1.496
05960 +1.512
05970 +1.526
05980 +1.539
05990 +1.552
06000 +1.563
06010 +1.573
06020 +1.581
06030 +1.587
06040 +1.591
06050 +1.592
06060 +1.591
06070 +1.588
06080 +1.583
06090 +1.575
06100 +1.566
06110 +1.556
06120 +1.544
06130 +1.531
06140 +1.516
06150 +1.501
06160 +1.484
06170 +1.468
06180 +1.452
06190 +1.436
06200 +1.421
06210 +1.408
06220 +1.395
06230 +1.384
06240 +1.375
06250 +1.367
06260 +1.360
06270 +1.355
06280 +1.351
06290 +1.349
06300 +1.349
06310 +1.349
06320 +1.351
06330 +1.354
06340 +1.357
06350 +1.360
06360 +1.363
06370 +1.365
06380 +1.368
06390 +1.369
06400 +1.370
06410 +1.370
06420 +1.370
06430 +1.368
06440 +1.365
06450 +1.361
06460 +1.355
06470 +1.348
06480 +1.340
06490 +1.331
06500 +1.322
06510 +1.312
06520 +1.302
06530 +1.293
06540 +1.283
06550 +1.274
06560 +1.266
06570 +1.258
06580 +1.252
06590 +1.247
06600 +1.244
06610 +1.243
06620 +1.244
06630 +1.248
06640 +1.254
06650 +1.261
06660 +1.271
06670 +1.282
06680 +1.294
06690 +1.308
06700 +1.323
06710 +1.339
06720 +1.356
06730 +1.374
06740 +1.391
06750 +1.409
06760 +1.425
06770 +1.441
06780 +1.455
06790 +1.467
06800 +1.478
06810 +1.487
06820 +1.494
06830 +1.500
06840 +1.504
06850 +1.505
06860 +1.504
06870 +1.501
06880 +1.495
06890 +1.486
06900 +1.476
06910 +1.465
06920 +1.452
06930 +1.438
06940 +1.424
06950 +1.409
06960 +1.393
06970 +1.378
06980 +1.362
06990 +1.347
07000 +1.332
07010 +1.319
07020 +1.308
07030 +1.298
07040 +1.291
07050 +1.286
07060 +1.282
07070 +1.280
07080 +1.280
07090 +1.282
07100 +1.284
07110 +1.289
07120 +1.294
07130 +1.302
07140 +1.310
07150 +1.319
07160 +1.329
07170 +1.338
07180 +1.348
07190 +1.356
07200 +1.363
07210 +1.370
07220 +1.375
07230 +1.380
07240 +1.384
07250 +1.386
07260 +1.387
07270 +1.387
07280 +1.384
07290 +1.380
07300 +1.373
07310 +1.365
07320 +1.354
07330 +1.343
07340 +1.330
07350 +1.317
07360 +1.303
07370 +1.288
07380 +1.272
07390 +1.256
07400 +1.239
07410 +1.222
07420 +1.205
07430 +1.188
07440 +1.172
07450 +1.158
07460 +1.145
07470 +1.134
07480 +1.123
07490 +1.115
07500 +1.107
07510 +1.100
07520 +1.094
07530 +1.090
07540 +1.087
07550 +1.086
07560 +1.087
07570 +1.089
07580 +1.093
07590 +1.098
07600 +1.103
07610 +1.109
07620 +1.115
07630 +1.121
07640 +1.128
07650 +1.136
07660 +1.144
07670 +1.154
07680 +1.164
07690 +1.174
07700 +1.185
07710 +1.195
07720 +1.204
07730 +1.214
07740 +1.223
07750 +1.232
07760 +1.242
07770 +1.252
07780 +1.262
07790 +1.273
07800 +1.282
07810 +1.291
07820 +1.299
07830 +1.305
07840 +1.309
07850 +1.313
07860 +1.316
07870 +1.318
07880 +1.319
07890 +1.319
07900 +1.318
07910 +1.314
07920 +1.308
07930 +1.300
07940 +1.289
07950 +1.277
07960 +1.263
07970 +1.248
07980 +1.232
07990 +1.216
08000 +1.199
08010 +1.182
08020 +1.163
08030 +1.143
08040 +1.123
08050 +1.103
08060 +1.083
08070 +1.064
08080 +1.047
08090 +1.032
08100 +1.018
08110 +1.007
08120 +0.997
08130 +0.988
08140 +0.981
08150 +0.975
08160 +0.971
08170 +0.970
08180 +0.971
08190 +0.975
08200 +0.982
08210 +0.990
08220 +1.000
08230 +1.012
08240 +1.023
08250 +1.035
08260 +1.047
08270 +1.059
08280 +1.072
08290 +1.085
08300 +1.098
08310 +1.111
08320 +1.123
08330 +1.134
08340 +1.142
08350 +1.149
08360 +1.153
08370 +1.155
08380 +1.155
08390 +1.154
08400 +1.153
08410 +1.150
08420 +1.146
08430 +1.141
08440 +1.134
08450 +1.126
08460 +1.116
08470 +1.106
08480 +1.095
08490 +1.085
08500 +1.075
08510 +1.068
08520 +1.061
08530 +1.057
08540 +1.054
08550 +1.052
08560 +1.052
08570 +1.053
08580 +1.057
08590 +1.063
08600 +1.072
08610 +1.085
08620 +1.101
08630 +1.120
08640 +1.141
08650 +1.163
08660 +1.187
08670 +1.210
08680 +1.234
08690 +1.258
08700 +1.281
08710 +1.305
08720 +1.329
08730 +1.351
08740 +1.372
08750 +1.390
08760 +1.405
08770 +1.415
08780 +1.421
08790 +1.423
08800 +1.421
08810 +1.416
08820 +1.408
08830 +1.398
08840 +1.384
08850 +1.368
08860 +1.348
08870 +1.325
08880 +1.299
08890 +1.271
08900 +1.241
08910 +1.211
08920 +1.182
08930 +1.154
08940 +1.127
08950 +1.103
08960 +1.080
08970 +1.059
08980 +1.039
08990 +1.021
09000 +1.006
09010 +0.994
09020 +0.986
09030 +0.982
09040 +0.983
09050 +0.988
09060 +0.995
09070 +1.005
09080 +1.016
09090 +1.028
09100 +1.041
09110 +1.055
09120 +1.069
09130 +1.085
09140 +1.102
09150 +1.118
09160 +1.135
09170 +1.149
09180 +1.162
09190 +1.172
09200 +1.180
09210 +1.185
09220 +1.188
09230 +1.191
09240 +1.192
09250 +1.193
09260 +1.193
09270 +1.193
09280 +1.191
09290 +1.187
09300 +1.183
09310 +1.178
09320 +1.173
09330 +1.169
09340 +1.166
09350 +1.166
09360 +1.169
09370 +1.173
09380 +1.180
09390 +1.189
09400 +1.198
09410 +1.210
09420 +1.223
09430 +1.238
09440 +1.257
09450 +1.278
09460 +1.302
09470 +1.328
09480 +1.356
09490 +1.384
09500 +1.411
09510 +1.437
09520 +1.461
09530 +1.483
09540 +1.504
09550 +1.522
09560 +1.539
09570 +1.552
09580 +1.562
09590 +1.567
09600 +1.567
09610 +1.561
09620 +1.549
09630 +1.531
09640 +1.507
09650 +1.478
09660 +1.445
09670 +1.408
09680 +1.367
09690 +1.322
09700 +1.272
09710 +1.219
09720 +1.162
09730 +1.101
09740 +1.038
09750 +0.973
09760 +0.907
09770 +0.842
09780 +0.778
09790 +0.715
09800 +0.653
09810 +0.592
09820 +0.533
09830 +0.474
09840 +0.417
09850 +0.363
09860 +0.312
09870 +0.264
09880 +0.221
09890 +0.183
09900 +0.149
09910 +0.118
09920 +0.090
09930 +0.064
09940 +0.040
09950 +0.019
09960 +0.000
09970 -0.016
09980 -0.028
09990 -0.038
10000 -0.044
10010 -0.049
10020 -0.053
10030 -0.057
10040 -0.062
10050 -0.067
10060 -0.072
10070 -0.077
10080 -0.082
10090 -0.086
10100 -0.090
10110 -0.093
10120 -0.096
10130 -0.101
10140 -0.107
10150 -0.115
10160 -0.124
10170 -0.134
10180 -0.145
10190 -0.154
10200 -0.162
10210 -0.169
10220 -0.174
10230 -0.179
10240 -0.184
10250 -0.190
10260 -0.196
10270 -0.201
10280 -0.205
10290 -0.207
10300 -0.206
10310 -0.202
10320 -0.194
10330 -0.185
10340 -0.174
10350 -0.163
10360 -0.152
10370 -0.142
10380 -0.131
10390 -0.118
10400 -0.104
10410 -0.088
10420 -0.071
10430 -0.053
10440 -0.037
10450 -0.022
10460 -0.011
10470 -0.003
10480 +0.002
10490 +0.006
10500 +0.008
10510 +0.009
10520 +0.011
10530 +0.011
10540 +0.010
10550 +0.007
10560 +0.001
10570 -0.007
10580 -0.017
10590 -0.028
10600 -0.038
10610 -0.046
10620 -0.051
10630 -0.054
10640 -0.053
10650 -0.051
10660 -0.047
10670 -0.042
10680 -0.036
10690 -0.028
10700 -0.017
10710 -0.002
10720 +0.019
10730 +0.045
10740 +0.076
10750 +0.110
10760 +0.147
10770 +0.185
10780 +0.224
10790 +0.264
10800 +0.305
10810 +0.349
10820 +0.397
10830 +0.448
10840 +0.501
10850 +0.557
10860 +0.612
10870 +0.666
10880 +0.717
10890 +0.767
10900 +0.814
10910 +0.860
10920 +0.906
10930 +0.952
10940 +0.998
10950 +1.043
10960 +1.087
10970 +1.128
10980 +1.164
10990 +1.197
11000 +1.226
11010 +1.253
11020 +1.279
11030 +1.304
11040 +1.331
11050 +1.359
11060 +1.389
11070 +1.418
11080 +1.447
11090 +1.474
11100 +1.501
11110 +1.528
11120 +1.557
11130 +1.589
11140 +1.627
11150 +1.670
11160 +1.718
11170 +1.769
11180 +1.823
11190 +1.876
11200 +1.930
11210 +1.984
11220 +2.039
11230 +2.097
11240 +2.158
11250 +2.223
11260 +2.290
11270 +2.358
11280 +2.424
11290 +2.486
11300 +2.544
11310 +2.597
11320 +2.646
11330 +2.691
11340 +2.735
11350 +2.776
11360 +2.815
11370 +2.851
11380 +2.881
11390 +2.903
11400 +2.918
11410 +2.925
11420 +2.925
11430 +2.919
11440 +2.909
11450 +2.897
11460 +2.883
11470 +2.868
11480 +2.851
11490 +2.832
11500 +2.810
11510 +2.786
11520 +2.762
11530 +2.739
11540 +2.719
11550 +2.706
11560 +2.701
11570 +2.705
11580 +2.717
11590 +2.737
11600 +2.764
11610 +2.796
11620 +2.834
11630 +2.878
11640 +2.929
11650 +2.988
11660 +3.057
11670 +3.135
11680 +3.220
11690 +3.310
11700 +3.402
11710 +3.495
11720 +3.587
11730 +3.678
11740 +3.768
11750 +3.859
11760 +3.950
11770 +4.043
11780 +4.136
11790 +4.227
11800 +4.315
11810 +4.397
11820 +4.472
11830 +4.540
11840 +4.602
11850 +4.659
11860 +4.713
11870 +4.763
11880 +4.811
11890 +4.855
11900 +4.894
11910 +4.925
11920 +4.949
11930 +4.965
11940 +4.974
11950 +4.978
11960 +4.977
11970 +4.974
11980 +4.968
11990 +4.961
12000 +4.950
12010 +4.936
12020 +4.917
12030 +4.894
12040 +4.867
12050 +4.837
12060 +4.807
12070 +4.778
12080 +4.750
12090 +4.726
12100 +4.704
12110 +4.685
12120 +4.666
12130 +4.649
12140 +4.632
12150 +4.616
12160 +4.602
12170 +4.593
12180 +4.587
12190 +4.587
12200 +4.592
12210 +4.601
12220 +4.612
12230 +4.624
12240 +4.635
12250 +4.646
12260 +4.656
12270 +4.667
12280 +4.679
12290 +4.693
12300 +4.709
12310 +4.725
12320 +4.741
12330 +4.755
12340 +4.766
12350 +4.772
12360 +4.776
12370 +4.776
12380 +4.775
12390 +4.774
12400 +4.773
12410 +4.771
12420 +4.769
12430 +4.765
12440 +4.758
12450 +4.748
12460 +4.734
12470 +4.718
12480 +4.701
12490 +4.683
12500 +4.667
12510 +4.652
12520 +4.639
12530 +4.626
12540 +4.613
12550 +4.599
12560 +4.584
12570 +4.568
12580 +4.551
12590 +4.537
12600 +4.524
12610 +4.515
12620 +4.508
12630 +4.505
12640 +4.504
12650 +4.502
12660 +4.501
12670 +4.498
12680 +4.495
12690 +4.491
12700 +4.489
12710 +4.489
12720 +4.491
12730 +4.495
12740 +4.500
12750 +4.504
12760 +4.506
12770 +4.505
12780 +4.501
12790 +4.495
12800 +4.488
12810 +4.481
12820 +4.475
12830 +4.469
12840 +4.465
12850 +4.459
12860 +4.452
12870 +4.442
12880 +4.430
12890 +4.416
12900 +4.401
12910 +4.386
12920 +4.373
12930 +4.362
12940 +4.354
12950 +4.347
12960 +4.341
12970 +4.336
12980 +4.329
12990 +4.322
13000 +4.316
13010 +4.311
13020 +4.308
13030 +4.309
13040 +4.314
13050 +4.323
13060 +4.335
13070 +4.348
13080 +4.362
13090 +4.376
13100 +4.389
13110 +4.402
13120 +4.418
13130 +4.435
13140 +4.457
13150 +4.482
13160 +4.509
13170 +4.537
13180 +4.565
13190 +4.590
13200 +4.613
13210 +4.634
13220 +4.654
13230 +4.674
13240 +4.696
13250 +4.720
13260 +4.746
13270 +4.772
13280 +4.797
13290 +4.819
13300 +4.838
13310 +4.853
13320 +4.866
13330 +4.878
13340 +4.891
13350 +4.907
13360 +4.925
13370 +4.944
13380 +4.964
13390 +4.982
13400 +4.998
13410 +5.010
13420 +5.019
13430 +5.027
13440 +5.036
13450 +5.048
13460 +5.063
13470 +5.082
13480 +5.101
13490 +5.119
13500 +5.135
13510 +5.145
13520 +5.152
13530 +5.155
13540 +5.157
13550 +5.161
13560 +5.168
13570 +5.177
13580 +5.187
13590 +5.195
13600 +5.199
13610 +5.198
13620 +5.190
13630 +5.178
13640 +5.164
13650 +5.152
13660 +5.143
13670 +5.138
13680 +5.135
13690 +5.132
13700 +5.128
13710 +5.120
13720 +5.108
13730 +5.095
13740 +5.081
13750 +5.070
13760 +5.064
13770 +5.064
13780 +5.070
13790 +5.079
13800 +5.089
13810 +5.098
13820 +5.104
13830 +5.108
13840 +5.112
13850 +5.117
13860 +5.127
13870 +5.141
13880 +5.161
13890 +5.185
13900 +5.210
13910 +5.233
13920 +5.252
13930 +5.266
13940 +5.276
13950 +5.285
13960 +5.294
13970 +5.308
13980 +5.325
13990 +5.346
14000 +5.367
14010 +5.386
14020 +5.400
14030 +5.408
14040 +5.410
14050 +5.409
14060 +5.408
14070 +5.411
14080 +5.418
14090 +5.428
14100 +5.441
14110 +5.453
14120 +5.461
14130 +5.464
14140 +5.461
14150 +5.454
14160 +5.446
14170 +5.441
14180 +5.439
14190 +5.441
14200 +5.447
14210 +5.452
14220 +5.454
14230 +5.449
14240 +5.437
14250 +5.419
14260 +5.396
14270 +5.373
14280 +5.351
14290 +5.333
14300 +5.317
14310 +5.301
14320 +5.282
14330 +5.256
14340 +5.221
14350 +5.178
14360 +5.130
14370 +5.082
14380 +5.036
14390 +4.996
14400 +4.961
14410 +4.929
14420 +4.898
14430 +4.863
14440 +4.825
14450 +4.782
14460 +4.738
14470 +4.697
14480 +4.662
14490 +4.635
14500 +4.617
14510 +4.607
14520 +4.601
14530 +4.598
14540 +4.595
14550 +4.591
14560 +4.587
14570 +4.586
14580 +4.590
14590 +4.601
14600 +4.621
14610 +4.648
14620 +4.681
14630 +4.716
14640 +4.750
14650 +4.781
14660 +4.808
14670 +4.830
14680 +4.851
14690 +4.872
14700 +4.896
14710 +4.924
14720 +4.953
14730 +4.982
14740 +5.005
14750 +5.021
14760 +5.028
14770 +5.027
14780 +5.019
14790 +5.010
14800 +5.002
14810 +4.997
14820 +4.995
14830 +4.995
14840 +4.993
14850 +4.986
14860 +4.974
14870 +4.956
14880 +4.934
14890 +4.912
14900 +4.893
14910 +4.879
14920 +4.871
14930 +4.868
14940 +4.867
14950 +4.867
14960 +4.863
14970 +4.856
14980 +4.845
14990 +4.832
15000 +4.820
15010 +4.812
15020 +4.809
15030 +4.812
15040 +4.819
15050 +4.826
15060 +4.832
15070 +4.831
15080 +4.823
15090 +4.809
15100 +4.790
15110 +4.772
15120 +4.757
15130 +4.746
15140 +4.739
15150 +4.732
15160 +4.722
15170 +4.705
15180 +4.680
15190 +4.646
15200 +4.607
15210 +4.567
15220 +4.531
15230 +4.500
15240 +4.475
15250 +4.454
15260 +4.433
15270 +4.409
15280 +4.381
15290 +4.348
15300 +4.311
15310 +4.275
15320 +4.242
15330 +4.217
15340 +4.199
15350 +4.188
15360 +4.183
15370 +4.180
15380 +4.177
15390 +4.170
15400 +4.161
15410 +4.150
15420 +4.142
15430 +4.139
15440 +4.145
15450 +4.160
15460 +4.185
15470 +4.216
15480 +4.248
15490 +4.278
15500 +4.304
15510 +4.326
15520 +4.347
15530 +4.371
15540 +4.402
15550 +4.444
15560 +4.495
15570 +4.553
15580 +4.612
15590 +4.668
15600 +4.715
15610 +4.754
15620 +4.787
15630 +4.819
15640 +4.855
15650 +4.899
15660 +4.950
15670 +5.006
15680 +5.063
15690 +5.116
15700 +5.162
15710 +5.199
15720 +5.228
15730 +5.253
15740 +5.279
15750 +5.311
15760 +5.350
15770 +5.397
15780 +5.447
15790 +5.498
15800 +5.544
15810 +5.582
15820 +5.610
15830 +5.631
15840 +5.648
15850 +5.668
15860 +5.694
15870 +5.727
15880 +5.767
15890 +5.809
15900 +5.845
15910 +5.871
15920 +5.883
15930 +5.883
15940 +5.874
15950 +5.865
15960 +5.860
15970 +5.864
15980 +5.875
15990 +5.889
16000 +5.900
16010 +5.902
16020 +5.893
16030 +5.874
16040 +5.849
16050 +5.826
16060 +5.809
16070 +5.804
16080 +5.810
16090 +5.824
16100 +5.842
16110 +5.859
16120 +5.872
16130 +5.880
16140 +5.885
16150 +5.891
16160 +5.903
16170 +5.926
16180 +5.961
16190 +6.008
16200 +6.067
16210 +6.131
16220 +6.198
16230 +6.262
16240 +6.322
16250 +6.381
16260 +6.442
16270 +6.512
16280 +6.596
16290 +6.696
16300 +6.811
16310 +6.937
16320 +7.066
16330 +7.193
16340 +7.312
16350 +7.423
16360 +7.530
16370 +7.638
16380 +7.753
16390 +7.879
16400 +8.015
16410 +8.156
16420 +8.293
16430 +8.418
16440 +8.526
16450 +8.616
16460 +8.689
16470 +8.752
16480 +8.811
16490 +8.869
16500 +8.929
16510 +8.987
16520 +9.037
16530 +9.073
16540 +9.089
16550 +9.079
16560 +9.045
16570 +8.987
16580 +8.912
16590 +8.823
16600 +8.726
16610 +8.621
16620 +8.506
16630 +8.373
16640 +8.215
16650 +8.026
16660 +7.803
16670 +7.551
16680 +7.279
16690 +6.999
16700 +6.721
16710 +6.453
16720 +6.196
16730 +5.946
16740 +5.697
16750 +5.443
16760 +5.184
16770 +4.925
16780 +4.676
16790 +4.447
16800 +4.246
16810 +4.078
16820 +3.941
16830 +3.827
16840 +3.729
16850 +3.640
16860 +3.554
16870 +3.472
16880 +3.395
16890 +3.328
16900 +3.275
16910 +3.240
16920 +3.222
16930 +3.219
16940 +3.226
16950 +3.235
16960 +3.241
16970 +3.240
16980 +3.230
16990 +3.213
17000 +3.194
17010 +3.180
17020 +3.177
17030 +3.186
17040 +3.207
17050 +3.233
17060 +3.258
17070 +3.273
17080 +3.274
17090 +3.264
17100 +3.249
17110 +3.239
17120 +3.245
17130 +3.272
17140 +3.322
17150 +3.387
17160 +3.458
17170 +3.526
17180 +3.587
17190 +3.641
17200 +3.696
17210 +3.760
17220 +3.840
17230 +3.941
17240 +4.060
17250 +4.191
17260 +4.325
17270 +4.455
17280 +4.574
17290 +4.681
17300 +4.777
17310 +4.866
17320 +4.951
17330 +5.038
17340 +5.129
17350 +5.223
17360 +5.317
17370 +5.407
17380 +5.483
17390 +5.539
17400 +5.569
17410 +5.573
17420 +5.553
17430 +5.516
17440 +5.471
17450 +5.423
17460 +5.373
17470 +5.314
17480 +5.235
17490 +5.123
17500 +4.967
17510 +4.769
17520 +4.537
17530 +4.292
17540 +4.056
17550 +3.845
17560 +3.666
17570 +3.513
17580 +3.378
17590 +3.252
17600 +3.132
17610 +3.026
17620 +2.944
17630 +2.896
17640 +2.887
17650 +2.914
17660 +2.970
17670 +3.046
17680 +3.131
17690 +3.216
17700 +3.294
17710 +3.361
17720 +3.415
17730 +3.456
17740 +3.489
17750 +3.517
17760 +3.546
17770 +3.578
17780 +3.613
17790 +3.645
17800 +3.666
17810 +3.667
17820 +3.640
17830 +3.586
17840 +3.510
17850 +3.423
17860 +3.344
17870 +3.286
17880 +3.256
17890 +3.252
17900 +3.263
17910 +3.276
17920 +3.287
17930 +3.301
17940 +3.331
17950 +3.400
17960 +3.522
17970 +3.701
17980 +3.929
17990 +4.187
18000 +4.455
18010 +4.721
18020 +4.976
18030 +5.220
18040 +5.454
18050 +5.682
18060 +5.909
18070 +6.138
18080 +6.370
18090 +6.603
18100 +6.834
18110 +7.056
18120 +7.263
18130 +7.447
18140 +7.606
18150 +7.740
18160 +7.855
18170 +7.959
18180 +8.064
18190 +8.173
18200 +8.285
18210 +8.389
18220 +8.470
18230 +8.510
18240 +8.494
18250 +8.418
18260 +8.288
18270 +8.121
18280 +7.941
18290 +7.764
18300 +7.599
18310 +7.442
18320 +7.287
18330 +7.131
18340 +6.983
18350 +6.859
18360 +6.776
18370 +6.743
18380 +6.761
18390 +6.821
18400 +6.910
18410 +7.014
18420 +7.120
18430 +7.222
18440 +7.313
18450 +7.391
18460 +7.456
18470 +7.511
18480 +7.560
18490 +7.608
18500 +7.659
18510 +7.713
18520 +7.768
18530 +7.819
18540 +7.858
18550 +7.879
18560 +7.879
18570 +7.861
18580 +7.831
18590 +7.802
18600 +7.786
18610 +7.791
18620 +7.821
18630 +7.870
18640 +7.932
18650 +7.997
18660 +8.067
18670 +8.146
18680 +8.249
18690 +8.392
18700 +8.585
18710 +8.830
18720 +9.119
18730 +9.436
18740 +9.765
18750 +10.094
18760 +10.421
18770 +10.744
18780 +11.068
18790 +11.397
18800 +11.733
18810 +12.076
18820 +12.422
18830 +12.765
18840 +13.097
18850 +13.411
18860 +13.706
18870 +13.982
18880 +14.246
18890 +14.505
18900 +14.770
18910 +15.045
18920 +15.332
18930 +15.627
18940 +15.920
18950 +16.199
18960 +16.459
18970 +16.698
18980 +16.925
18990 +17.152
19000 +17.395
19010 +17.666
19020 +17.972
19030 +18.310
19040 +18.667
19050 +19.022
19060 +19.355
19070 +19.655
19080 +19.926
19090 +20.181
19100 +20.444
19110 +20.739
19120 +21.087
19130 +21.499
19140 +21.969
19150 +22.474
19160 +22.974
19170 +23.424
19180 +23.783
19190 +24.034
19200 +24.187
19210 +24.278
19220 +24.354
19230 +24.465
19240 +24.643
19250 +24.896
19260 +25.193
19270 +25.466
19280 +25.619
19290 +25.581
19300 +25.339
19310 +24.953
19320 +24.517
19330 +24.120
19340 +23.824
19350 +23.652
19360 +23.582
19370 +23.551
19380 +23.467
19390 +23.253
19400 +22.883
19410 +22.396
19420 +21.866
19430 +21.369
19440 +20.962
19450 +20.673
19460 +20.494
19470 +20.387
19480 +20.284
19490 +20.114
19500 +19.838
19510 +19.461
19520 +19.026
19530 +18.588
19540 +18.201
19550 +17.897
19560 +17.685
19570 +17.549
19580 +17.445
19590 +17.316
19600 +17.120
19610 +16.840
19620 +16.493
19630 +16.119
19640 +15.758
19650 +15.444
19660 +15.195
19670 +15.010
19680 +14.866
19690 +14.726
19700 +14.551
19710 +14.316
19720 +14.020
19730 +13.683
19740 +13.331
19750 +12.994
19760 +12.691
19770 +12.430
19780 +12.207
19790 +12.001
19800 +11.787
19810 +11.540
19820 +11.250
19830 +10.918
19840 +10.555
19850 +10.179
19860 +9.807
19870 +9.454
19880 +9.126
19890 +8.823
19900 +8.539
19910 +8.259
19920 +7.969
19930 +7.660
19940 +7.329
19950 +6.982
19960 +6.633
19970 +6.305
19980 +6.024
19990 +5.816
20000 +5.701
20010 +5.680
20020 +5.734
20030 +5.828
20040 +5.930
20050 +6.023
20060 +6.113
20070 +6.220
20080 +6.370
20090 +6.580
20100 +6.847
20110 +7.140
20120 +7.413
20130 +7.623
20140 +7.747
20150 +7.788
20160 +7.767
20170 +7.710
20180 +7.642
20190 +7.575
20200 +7.512
20210 +7.447
20220 +7.370
20230 +7.270
20240 +7.143
20250 +6.989
20260 +6.815
20270 +6.631
20280 +6.446
20290 +6.271
20300 +6.115
20310 +5.985
20320 +5.883
20330 +5.804
20340 +5.740
20350 +5.679
20360 +5.609
20370 +5.525
20380 +5.433
20390 +5.341
20400 +5.265
20410 +5.219
20420 +5.216
20430 +5.256
20440 +5.328
20450 +5.409
20460 +5.476
20470 +5.513
20480 +5.524
20490 +5.526
20500 +5.545
20510 +5.607
20520 +5.732
20530 +5.919
20540 +6.144
20550 +6.358
20560 +6.510
20570 +6.579
20580 +6.583
20590 +6.564
20600 +6.559
20610 +6.573
20620 +6.553
20630 +6.377
20640 +5.922
20650 +5.194
20660 +4.353
20670 +3.562
20680 +2.900
20690 +2.376
20700 +1.971
20710 +1.662
20720 +1.432
20730 +1.268
20740 +1.162
20750 +1.110
20760 +1.105
20770 +1.144
20780 +1.218
20790 +1.314
20800 +1.417
20810 +1.512
20820 +1.589
20830 +1.642
20840 +1.679
20850 +1.710
20860 +1.748
20870 +1.799
20880 +1.864
20890 +1.938
20900 +2.010
20910 +2.070
20920 +2.111
20930 +2.131
20940 +2.135
20950 +2.131
20960 +2.130
20970 +2.139
20980 +2.160
20990 +2.189
21000 +2.218
21010 +2.239
21020 +2.245
21030 +2.233
21040 +2.203
21050 +2.164
21060 +2.122
21070 +2.086
21080 +2.059
21090 +2.040
21100 +2.024
21110 +2.006
21120 +1.978
21130 +1.937
21140 +1.882
21150 +1.819
21160 +1.756
21170 +1.701
21180 +1.662
21190 +1.642
21200 +1.640
21210 +1.653
21220 +1.675
21230 +1.701
21240 +1.729
21250 +1.760
21260 +1.798
21270 +1.846
21280 +1.906
21290 +1.980
21300 +2.062
21310 +2.147
21320 +2.226
21330 +2.295
21340 +2.347
21350 +2.383
21360 +2.403
21370 +2.411
21380 +2.410
21390 +2.403
21400 +2.391
21410 +2.374
21420 +2.348
21430 +2.311
21440 +2.259
21450 +2.191
21460 +2.106
21470 +2.006
21480 +1.894
21490 +1.773
21500 +1.647
21510 +1.518
21520 +1.386
21530 +1.249
21540 +1.108
21550 +0.960
21560 +0.805
21570 +0.647
21580 +0.490
21590 +0.339
21600 +0.201
21610 +0.083
21620 -0.014
21630 -0.087
21640 -0.138
21650 -0.170
21660 -0.185
21670 -0.186
21680 -0.175
21690 -0.151
21700 -0.117
21710 -0.075
21720 -0.025
21730 +0.027
21740 +0.079
21750 +0.128
21760 +0.169
21770 +0.202
21780 +0.222
21790 +0.231
21800 +0.226
21810 +0.209
21820 +0.181
21830 +0.142
21840 +0.095
21850 +0.038
21860 -0.028
21870 -0.103
21880 -0.189
21890 -0.286
21900 -0.394
21910 -0.512
21920 -0.638
21930 -0.767
21940 -0.897
21950 -1.024
21960 -1.144
21970 -1.253
21980 -1.351
21990 -1.436
22000 -1.506
22010 -1.561
22020 -1.599
22030 -1.618
22040 -1.616
22050 -1.590
22060 -1.540
22070 -1.465
22080 -1.370
22090 -1.259
22100 -1.138
22110 -1.014
22120 -0.894
22130 -0.782
22140 -0.679
22150 -0.585
22160 -0.497
22170 -0.415
22180 -0.338
22190 -0.267
22200 -0.208
22210 -0.164
22220 -0.141
22230 -0.140
22240 -0.161
22250 -0.203
22260 -0.260
22270 -0.327
22280 -0.400
22290 -0.477
22300 -0.559
22310 -0.647
22320 -0.745
22330 -0.856
22340 -0.981
22350 -1.117
22360 -1.259
22370 -1.397
22380 -1.523
22390 -1.629
22400 -1.710
22410 -1.767
22420 -1.802
22430 -1.823
22440 -1.836
22450 -1.842
22460 -1.841
22470 -1.827
22480 -1.795
22490 -1.738
22500 -1.656
22510 -1.555
22520 -1.444
22530 -1.336
22540 -1.240
22550 -1.163
22560 -1.106
22570 -1.066
22580 -1.034
22590 -1.003
22600 -0.969
22610 -0.932
22620 -0.895
22630 -0.866
22640 -0.853
22650 -0.863
22660 -0.897
22670 -0.952
22680 -1.021
22690 -1.095
22700 -1.163
22710 -1.219
22720 -1.261
22730 -1.292
22740 -1.317
22750 -1.345
22760 -1.381
22770 -1.424
22780 -1.470
22790 -1.508
22800 -1.525
22810 -1.510
22820 -1.456
22830 -1.367
22840 -1.251
22850 -1.123
22860 -0.996
22870 -0.878
22880 -0.772
22890 -0.670
22900 -0.563
22910 -0.440
22920 -0.297
22930 -0.136
22940 +0.035
22950 +0.200
22960 +0.347
22970 +0.464
22980 +0.549
22990 +0.604
23000 +0.640
23010 +0.667
23020 +0.697
23030 +0.735
23040 +0.778
23050 +0.819
23060 +0.848
23070 +0.852
23080 +0.824
23090 +0.763
23100 +0.675
23110 +0.571
23120 +0.464
23130 +0.368
23140 +0.292
23150 +0.237
23160 +0.195
23170 +0.155
23180 +0.104
23190 +0.035
23200 -0.054
23210 -0.153
23220 -0.243
23230 -0.306
23240 -0.323
23250 -0.289
23260 -0.211
23270 -0.106
23280 +0.003
23290 +0.098
23300 +0.172
23310 +0.225
23320 +0.273
23330 +0.332
23340 +0.416
23350 +0.532
23360 +0.675
23370 +0.828
23380 +0.971
23390 +1.088
23400 +1.168
23410 +1.211
23420 +1.225
23430 +1.226
23440 +1.228
23450 +1.245
23460 +1.281
23470 +1.334
23480 +1.393
23490 +1.444
23500 +1.475
23510 +1.481
23520 +1.464
23530 +1.434
23540 +1.407
23550 +1.402
23560 +1.433
23570 +1.507
23580 +1.622
23590 +1.765
23600 +1.920
23610 +2.075
23620 +2.224
23630 +2.372
23640 +2.529
23650 +2.711
23660 +2.931
23670 +3.194
23680 +3.497
23690 +3.827
23700 +4.165
23710 +4.497
23720 +4.814
23730 +5.115
23740 +5.405
23750 +5.696
23760 +5.997
23770 +6.315
23780 +6.651
23790 +7.003
23800 +7.363
23810 +7.723
23820 +8.077
23830 +8.423
23840 +8.763
23850 +9.101
23860 +9.447
23870 +9.809
23880 +10.195
23890 +10.609
23900 +11.052
23910 +11.522
23920 +12.009
23930 +12.504
23940 +12.991
23950 +13.454
23960 +13.876
23970 +14.237
23980 +14.515
23990 +14.692
