+0.000726659743834131 +0.001008475502088676
+0.000498737468226394 +0.001837885567216273
+0.000553409135957145 +0.000929147414458979
+0.000597825315080517 -0.000069316388068471
+0.000456799288423528 +0.001665553232475925
+0.000723296066754186 -0.000222881106748952
+0.000216254472769911 +0.003065185634977935
+0.000183263887386691 -0.001258235027854666
+0.000011056469232548 +0.003455923725301273
+0.000129523628776840 -0.000817425137275972
+0.000356465555134491 +0.001335986794463115
+0.000275889790879832 +0.000169899849096541
+0.000545930583150266 +0.001244681799976735
+0.000527477312676943 +0.000541819170379210
+0.000564588466207263 +0.002481110047702748
+0.000741748838341037 -0.000116242679334274
+0.000458289038324401 +0.003056059487696481
+0.000383487283684431 -0.001575527390470604
+0.000568468182013160 +0.003914993880098534
+0.000367821239476268 -0.002333938703108739
+0.000359312921235946 +0.004569174864932333
+0.000218258917117473 -0.002793862037097460
+0.000267035147358424 +0.005205817644168047
+0.000385214099956261 -0.003754431447515356
+0.000376135468757732 +0.005692003938975352
+0.000602144688287566 -0.003864386021219340
+0.000385587253828916 +0.005971424731804967
+0.000614476460480667 -0.003571877120310504
+0.000530568642987586 +0.006473447468886850
+0.000561242558725498 -0.003900149999834910
+0.000491588998305556 +0.007660389200443098
+0.000520537645121933 -0.005675163121682088
+0.000550822845143278 +0.009694335536955720
+0.000441951635879782 -0.008906129426573688
+0.000604268603290018 +0.013019716043865667
+0.000437083393457062 -0.012781070328020812
+0.000665277004092811 +0.016818318413242668
+0.000624370119590162 -0.016985027661050957
+0.000754959123700367 +0.022973233538453000
+0.000791063122345072 -0.025216817147532610
+0.000768762739530863 +0.036952415055707198
+0.000919489656733397 -0.055941727919287677
+0.000779529885700554 +0.198207500433649209
+0.000934829813065834 +1.118112400337766932
+0.000509491089423608 +0.806807947885197052
+0.000700644500185465 -0.090280883820524363
+0.000645946744370664 -0.329266248170920539
+0.000804131099178767 -0.104002377253640033
+0.000876919167855907 -0.263973214322714811
+0.000897008642400213 -0.156476083844106217
+0.000838609568624685 -0.193072708532581155
+0.000641717816432908 +0.025090899478591507
+0.001061990709134393 +0.426469735241571946
+0.001067582569089874 +0.254570547659691226
+0.000934200080731790 -0.144999662054856371
+0.000932412723061632 -0.090687894094735710
+0.000418057263322973 -0.115406732233842249
+0.001576290825595530 -0.074533190313383263
+0.000776738582579010 -0.020586577501666974
+0.002089175781042439 +0.020536935956157021
+0.001830724439629222 -0.034471888304587431
+0.046177276412230503 -0.044535183351923739
+0.103937363337495134 +0.012882569687253213
+0.126039354515903479 -0.027992340382406906
+0.095346230456766573 -0.052380322818270687
+0.059032040522272733 +0.013597548876278514
+0.055857539424341587 -0.004547618019872132
+0.030233229693713264 +0.017935369044569757
+0.001534860392689688 -0.014278940637343848
-0.018627280062693145 -0.049348995046093302
-0.028955197877743435 -0.041503538139770424
-0.006484006590148072 +0.001652833309412600
+0.024169198063133671 +0.007964007934542605
+0.016969718731569140 -0.010221484298365092
+0.011780515868377160 -0.005068965094428675
+0.043446449817651556 +0.018841420360726030
+0.063219773847649791 -0.006251827459558244
+0.052625097623222532 -0.001577000255730691
+0.028780060542449613 -0.001521633423688246
+0.016526650962321178 +0.002803097669732112
+0.012416311665869196 +0.002725089191431757
+0.012398452638291889 -0.005121775627336613
+0.002870714914709197 -0.011828737344760577
-0.008479828652918185 -0.014092790831808786
-0.006086106074726745 -0.022954663309490229
+0.005591145660511875 -0.022882442757839634
+0.006018125729943245 -0.023456558797441053
+0.007125192412187682 -0.002224788692030824
+0.013702531302631197 +0.005489847524828942
+0.020417314307608257 +0.019807768023166316
+0.024175520795976783 +0.021091845240606283
+0.020757382002208283 +0.028811323591513636
+0.010121492793032441 +0.028363525502788440
+0.001621906793286743 -0.002307857727116735
-0.003724141068373915 +0.003693256896462835
-0.008827042405191055 +0.004078966419084018
-0.013605776228644796 +0.005174244340106339
-0.011911794381712901 +0.005436790738527555
-0.004507699666769789 -0.001273306399648034
-0.000673103835996609 -0.000204815086947347
-0.000096131759521101 -0.006577908201317139
-0.000186760793865564 +0.006473376052438565
+0.000866013396255893 -0.014788217066284177
+0.001940015052015966 -0.002535619648001648
+0.000466972586952818 +0.010631588312725570
-0.001176959863753886 +0.009714909785097516
-0.001574406869397356 +0.011894866923525302
-0.000371984950663827 -0.006961815207856437
+0.000776701544998447 +0.002632485819261232
+0.000913128416769936 -0.005570073953741969
+0.002488573516458048 +0.002641870745315217
+0.004862847741674821 -0.004764121071303189
+0.004995949688731809 -0.004695617183346885
+0.003151286960518965 +0.013263340091264175
+0.000779879259570560 +0.007891861694948087
+0.000788285378469763 +0.015115723207938031
-0.000374952656698713 -0.004264583017556028
-0.000987888094172819 +0.008239566959802063
-0.001333119470306384 +0.004808654243219864
-0.000609663832452565 -0.003515864860982161
+0.002260162965336598 -0.008076482663040167
+0.004502210937202418 -0.023948275074962316
+0.005303975293130548 -0.010052687601238584
+0.004765669682258928 -0.019825263699211986
+0.006117863684037436 -0.013402602917731415
+0.005377118485500698 -0.013106770631998527
+0.002827182344641972 +0.008010282389933326
+0.000000491859597343 +0.027102129873638948
-0.002875156372111317 +0.018965735741012450
-0.002493164098031144 +0.022800974182483419
-0.002929262000528764 +0.012021358784417437
-0.000821352288894784 +0.017607214754164345
+0.000076464638974935 +0.006717475751339063
+0.003823985131436668 -0.001147044726227524
+0.007054419834507730 +0.002679838644860649
+0.007867114003940809 +0.003135794279929664
+0.009599833377944865 +0.008008715097817684
+0.009233884932105463 +0.007209202181570642
+0.010032730615259427 +0.015593605501387154
+0.008923299640673274 +0.020648626052891011
+0.008623002901589582 +0.028794683362776283
+0.007463560236656239 +0.028048285291164259
+0.005862054200953792 +0.018136111017192355
+0.004279308787707951 +0.016625597388989444
+0.000339523821812418 +0.010194004370910489
-0.001747220619574488 -0.005921865666760131
-0.003295170664723559 -0.011239221239742529
-0.002763661813819296 -0.011354851919361877
-0.003033682263755223 -0.013490599170129170
-0.002379786078314993 -0.011868081582529784
-0.001099858591379404 -0.007775773846352582
-0.000972690330514778 -0.000498239660643734
+0.000234126079515806 +0.008100649617133086
-0.000190995511240581 +0.019762173549215660
-0.000093636304530095 +0.011267035527650557
+0.000363390866612624 +0.002220917732633220
+0.001973192968147460 -0.000911917107088898
+0.003388381254067292 -0.006542321303718898
+0.005090322664260162 -0.007771808018260010
+0.007047097523170660 -0.014775839524470388
+0.007486901016796158 -0.004841756723786491
+0.007652175807201983 -0.013740711885478487
+0.006453895631973322 -0.005572572823564527
+0.004217683570926693 +0.000724981282731124
+0.001181041376557013 +0.006791226624060353
-0.001263091950890774 +0.013868422377977953
-0.002908238587245847 +0.004026648342162291
-0.004030403795388552 +0.000596385406120761
-0.003697442461969199 -0.002830892000430315
-0.001644352621120556 -0.005165566035823307
+0.001524468707479090 -0.008100100879978107
+0.005302702381865570 -0.007588560469743034
+0.008764926239692380 -0.011239470528448332
+0.010501525205368348 -0.001605369730136507
+0.011777503514754884 +0.000188211341866910
+0.011209624295385886 -0.001377426948812981
+0.009137830999470176 +0.007749024621602783
+0.005096023066861063 -0.006096933738788599
+0.001067813203695571 +0.006971725847400714
-0.001706747025871766 -0.002835792891242072
-0.003860811482068589 -0.003046121287641257
-0.004426382669636492 -0.001052677951117867
-0.004731367240942487 -0.013610084698181448
-0.002962440603780161 +0.000719195565577521
-0.000964670001683757 -0.014802371350046733
+0.001945555121343201 -0.001530115557453724
+0.002713992553818288 -0.004388312866597585
+0.002067580105707153 -0.001354522982297142
+0.001987645112629414 +0.007844198481753552
+0.000116861818180369 -0.000475940895044555
-0.001182102639524580 +0.009849672138795049
-0.005076854089623939 -0.000386141020020670
-0.006353943236436226 +0.005985838425359897
-0.007245394324705575 +0.000297428260866543
-0.007193288020797867 -0.001551070323661916
-0.005198817262249054 +0.000209844452352879
-0.004577103076644435 -0.004714605441592547
-0.001135726001611358 +0.001339041865685300
+0.000087459407448069 -0.003328666763381851
-0.000058191959441341 +0.003733372639937685
-0.000561739603133053 +0.000763975084176212
-0.001424618389708979 +0.005098571836379403
-0.001960687604651638 +0.003864121629829419
-0.001696706547178948 +0.002318646286414618
-0.001566755040887189 +0.003246747514036625
-0.001491657125310958 -0.001631231259580910
-0.000298072359763611 +0.000557248634651438
-0.000325448382119741 -0.005128975638058578
+0.000965641086929224 -0.002272407674655829
+0.000532760511201369 -0.004361620698470863
+0.000857323507756864 -0.003331693720910882
+0.000946333467935114 -0.001267041702519977
-0.000658043368481104 -0.002200884793748653
-0.000748837964714010 +0.001077387259205511
-0.002844775833472836 -0.000959564102105245
-0.002835349388848093 +0.000147241270253506
-0.003550222257047092 -0.001919146819928416
-0.003499319836865334 -0.002882762247194485
-0.002512865341663553 -0.003808097939903623
-0.002259242789617477 -0.005539436440082369
-0.000448976826412590 -0.006057575552501988
-0.000134239631568532 -0.005137602922122769
+0.000924961568229045 -0.005105353991405355
+0.001115747743222262 -0.002447185072678681
+0.001162183681836580 -0.001498870872659626
+0.001014533894596686 +0.001023004385110854
+0.000229753370992516 +0.003212818553081843
-0.000080154363466302 +0.003010473722784053
-0.000789183913562022 +0.005160355732639865
-0.000782194876049534 +0.001424222703390845
-0.000834646802623862 +0.003710046546617785
-0.000333603640521604 -0.000466454963503872
+0.000175355540899072 +0.000087549084807065
+0.000897265002789545 -0.001174349536764118
+0.001331102651084155 -0.002272462054837398
+0.001563110688029278 +0.001434578770567189
+0.001589287366342460 -0.002165451178888150
+0.001260548673586166 +0.004143895208370720
+0.000900592396299467 -0.000154403753540613
+0.000189066420796388 +0.004958301778192706
-0.000172777146734909 +0.002727241090881247
-0.000666703704827456 +0.001859554264179016
-0.000668185482895856 +0.003736839234206768
-0.000820069688887891 -0.002524215096175260
-0.000619683394154451 +0.003189008739331671
-0.000539129604361490 -0.005139836900855595
-0.000405022318539065 +0.000772732753662665
-0.000344204893237607 -0.003135624929258814
-0.000684775069185290 -0.000846993464416207
-0.000650358349125875 +0.001978566918966682
-0.001268011801740462 -0.001829261557297152
-0.001207473083648972 +0.006043476770323155
-0.001742920531639392 -0.001392552403188707
-0.001585356009537481 +0.006299646426696876
-0.001484253729513132 -0.000089961564266588
-0.001171701130756918 +0.002426390362047749
-0.000333000518266666 +0.001828281923446719
-0.000130495526384309 -0.002113858083765120
+0.000944522040337066 +0.003488790370631000
+0.000896829095103411 -0.004153789824068816
+0.001464670176816437 +0.004206788553860807
+0.001087135250365337 -0.001989663469844194
+0.000818104582970665 +0.003188653040572511
+0.000526169192379240 +0.002105566392901369
-0.000280688019598626 +0.000613507065338159
-0.000163552295704709 +0.004850016843634654
-0.000928788094518314 -0.002159272974372022
-0.000281521996673164 +0.004015555929094530
-0.000373830248625046 -0.003329746741077638
+0.000466278344818301 +0.000847018916808555
+0.001069386696158497 -0.001990337936851693
+0.001490550498212997 -0.002372928867279630
+0.002395292897847206 +0.000461202342409781
+0.002034375777059636 -0.003305328107525638
+0.002588562036851077 +0.002521480562224962
+0.001655444882206474 -0.002029774967265333
+0.001563011931667944 +0.002276541096383115
+0.000745542328517313 -0.000213364467241938
+0.000145748551710138 +0.000003975006508434
-0.000000686017989582 +0.000575262783278944
-0.000698266057380838 -0.002233924084471792
-0.000140239952277114 +0.000239776361749187
-0.000572117330502609 -0.002780293458111624
+0.000192656955776555 -0.000552032267684540
+0.000154758021378864 -0.001489898881261329
+0.000525270698284713 -0.000520168623391411
+0.000756524337419797 +0.000658541079476234
+0.000494377429525959 +0.000555005812294479
+0.000818796068051381 +0.001825163509241631
+0.000165949112530539 +0.001519098124187574
+0.000460071301884180 +0.001605088505507854
-0.000050372461133530 +0.001579219491168100
+0.000168043431841543 +0.000744412096875630
+0.000160146510351309 +0.000613938248960087
+0.000194119935669487 +0.000290199987800193
+0.000599106325905881 -0.000280707003428433
+0.000427759960066288 +0.000795852717217547
+0.000877283216406226 -0.000413024551074226
+0.000544339887862043 +0.001604662098939530
+0.000670283652896428 +0.000240295464296492
+0.000337205465621616 +0.001862320021387059
+0.000169154649679008 +0.001148014704552620
+0.000043679570609757 +0.000810942912766371
-0.000223269282657307 +0.001707674086168585
-0.000099472118606263 -0.001084184693556117
-0.000214341167805422 +0.001635232428535707
+0.000068035175449200 -0.002429068028753284
+0.000077414767834390 +0.000795033716747140
+0.000243754674889202 -0.001824896682570770
+0.000221948551677381 -0.000523991627965792
+0.000185955167878146 +0.000565816320856491
+0.000012442200559929 -0.001895372371932665
-0.000186518063792564 +0.002861318970537916
-0.000452383598535292 -0.002399883130514459
-0.000627262044924198 +0.003088387479756252
-0.000735300252073016 -0.001519131540340486
-0.000801729282869492 +0.000758139699511839
-0.000574156355276925 +0.000417169929879620
-0.000541312272909253 -0.002428858616045384
-0.000023291569310496 +0.002236819426101027
+0.000021744007752948 -0.004025164167476551
+0.000460282033870024 +0.002728885021768679
+0.000496855081776843 -0.002677728969331456
+0.000544425648311770 +0.001518588571558496
+0.000670975234738677 +0.000607114362240573
+0.000300879078458468 -0.000669546865024559
+0.000533617368640431 +0.003494828025916313
+0.000044054340278311 -0.002397077795182356
+0.000309351999533598 +0.003980483727916343
+0.000058531779942375 -0.002532786843136184
+0.000193096116855404 +0.001883686640637344
+0.000347512266060744 -0.000955386664476254
+0.000231150943599212 -0.001223649661281235
+0.000662717511609012 +0.001281875042666533
+0.000283278578027363 -0.003232066285959292
+0.000690313363535672 +0.002692043198383678
+0.000228989946900065 -0.003002912171322270
+0.000372448610897415 +0.002255824686147902
+0.000121184163612138 -0.000984082521740658
-0.000080743143368361 +0.000287144994783898
+0.000079990122314811 +0.001278411902168478
-0.000354871063301811 -0.001850853502951268
+0.000142658116282313 +0.002329447729520874
-0.000302579590851298 -0.002638151532270894
+0.000188417669551010 +0.001770907012431824
-0.000031640697348929 -0.001592481193267266
+0.000081160873422795 +0.000323087296115865
+0.000193277297681169 +0.000488072041008267
-0.000188864676080275 -0.000801320183405277
+0.000176797068224945 +0.002118476060884486
-0.000443230139511139 -0.000931626302692149
-0.000039229107480165 +0.002320005162471157
-0.000461230224908587 -0.000189603929341924
-0.000240437874323888 +0.001260351148706277
-0.000170240718589568 +0.000702437951243476
-0.000237780968913724 -0.000002651096871951
+0.000254718681624352 +0.001155880288761503
-0.000034442575718812 -0.000458912553883715
+0.000533075577569553 +0.001025153226360993
+0.000208716287889838 +0.000025837805842255
+0.000485059505388786 +0.000660583304501279
+0.000312373218132022 +0.000783950025481192
+0.000172812842577102 +0.000459626546410713
+0.000244076246259096 +0.000952499145380536
-0.000149253136475515 +0.000557904526275660
+0.000110249304227542 +0.000343359806878100
-0.000242042198324565 +0.000708792236679273
+0.000049743943346098 -0.000456573658074229
-0.000057948794300177 +0.000548764612897900
+0.000096959432849076 -0.000578629958657268
+0.000231553985599035 -0.000034375681957768
+0.000181034108385980 +0.000230535119765094
+0.000402719942944363 -0.000762218644375853
+0.000203909729141083 +0.001328408563545405
+0.000346427625974570 -0.001065228396933582
+0.000134167886916794 +0.001676106489137237
+0.000151625191247573 -0.000555619985005702
+0.000039511725735028 +0.000763268454805911
-0.000003137357472443 +0.000631121684189081
+0.000012670854639296 -0.000862671709988520
-0.000001215429177568 +0.001790557470960891
+0.000093661426318370 -0.001939866468148309
+0.000119706288580067 +0.002105384487677024
+0.000231288799678229 -0.001476709126744388
+0.000238181730635452 +0.001223914483419297
+0.000346328070474109 +0.000399393610255330
+0.000278649152012307 -0.000384723492127617
+0.000386901412318350 +0.002458504205512383
+0.000269722778120100 -0.001663366443237305
+0.000367095094154962 +0.003230872149298211
+0.000302491428687242 -0.001643033742265214
+0.000333797571178046 +0.002114410548112960
+0.000415662081710667 -0.000182144193142756
+0.000320953749863009 -0.000169715034559588
+0.000542885706043996 +0.001838462004251478
+0.000323584714996820 -0.002055274783433962
+0.000559284399583015 +0.003056330573852030
+0.000320421226057685 -0.002252693453991139
+0.000403954901184604 +0.002568968865961468
+0.000307592398206691 -0.000667665428831832
+0.000150246974341297 +0.000626936231196605
+0.000296900021439195 +0.001569817343109268
-0.000037992059561169 -0.001484203846621711
+0.000290021709863684 +0.002936130556741914
-0.000034619664604050 -0.002329159327914380
+0.000263485235436141 +0.002573141631149905
+0.000147036920001231 -0.001348362059964574
+0.000190925448717788 +0.000851599537988408
+0.000361434389247111 +0.000754076206266356
+0.000084020175069260 -0.000973578705905451
+0.000444767220972556 +0.002520879815560428
+0.000005667707868053 -0.001692700440275725
+0.000340723687048149 +0.002808830811908863
+0.000030989181393546 -0.000950417526525377
+0.000139703817473982 +0.001574848057224502
+0.000178520217020355 +0.000598242079569201
-0.000001734160094673 -0.000170481473101670
+0.000374946084008339 +0.001863314802982616
+0.000022766305787853 -0.001181525011721321
+0.000499657590457816 +0.002101737225315593
+0.000196946738185954 -0.000889827166630122
+0.000471930819219048 +0.001365620822743600
+0.000409136757369061 +0.000282036571917399
+0.000322667623185124 +0.000323982783851574
+0.000539086160225312 +0.001355483339560884
+0.000172850376630036 -0.000300033222740801
+0.000535406887061765 +0.001595228926334496
+0.000144377976146181 -0.000233516115742193
+0.000432422280208924 +0.001006967084167438
+0.000261047612866470 +0.000249296072247435
+0.000305395932147793 +0.000225163933024901
+0.000432111307150243 +0.000639010877610417
+0.000220171959238384 -0.000087947209487675
+0.000525829210233595 +0.000625223725073856
+0.000201322698607432 +0.000215256816564552
+0.000473573680768932 +0.000333431738642335
+0.000238455326325615 +0.000699761222637457
+0.000321347406742877 +0.000168648873459729
+0.000302425136794916 +0.000789994589107969
+0.000186400963944717 +0.000425603917735023
+0.000363712216712103 +0.000325301740814608
+0.000163127202307959 +0.000976137189718885
+0.000399410619925240 -0.000259906696977170
+0.000249652783459892 +0.001337916675233054
+0.000398122082796300 -0.000309707743195506
+0.000363673137372315 +0.001141092849767820
+0.000366004585184831 +0.000436072300015605
+0.000419476837944015 +0.000269825501778210
+0.000323802357584037 +0.001612254269943901
+0.000399329834615528 -0.000634561649703792
+0.000296284925526435 +0.002280090298518210
+0.000356282582611545 -0.000688478542722387
+0.000301628116735204 +0.001768181290241793
+0.000352292156667821 +0.000265167431804697
+0.000341120115280856 +0.000388308929930365
+0.000398410759028646 +0.001640657956703168
+0.000394061354525353 -0.000970231187228435
+0.000448642206687734 +0.002531271721563831
+0.000435696757330981 -0.001262900335331652
+0.000444939246631207 +0.002220971791571217
+0.000452097785268859 -0.000197882748090466
+0.000373650951924988 +0.000789089073681275
+0.000442529401854791 +0.001524961062606110
+0.000287035453448206 -0.000848049185753823
+0.000415919284179645 +0.002771621994366626
+0.000257072010136097 -0.001578690130003360
+0.000370425497441442 +0.002653575680613216
+0.000316759059389909 -0.000811251442978021
+0.000312709357650194 +0.001205210613627223
+0.000429504297242537 +0.000954795426146997
+0.000265260975716328 -0.000573442409201875
+0.000510227352094558 +0.002532370071229043
+0.000261318241812068 -0.001470818541333901
+0.000493095064773112 +0.002888060611059822
+0.000327570573791513 -0.000918696786300904
+0.000384212074056767 +0.001807153012702715
+0.000443127700716633 +0.000673348983664774
+0.000274506000921580 +0.000076171523161309
+0.000548044881328049 +0.002233170170197200
+0.000252903313627921 -0.001122457615534320
+0.000580027844034781 +0.002788439641331239
+0.000345487119519473 -0.001014757079419693
+0.000519976721112733 +0.002047856559536000
+0.000503769620468429 +0.000265774595925805
+0.000411454371316385 +0.000586823717921740
+0.000633158067077072 +0.001798294085116409
+0.000335750901929598 -0.000576477029969840
+0.000667478963976858 +0.002556086950169482
+0.000355521859416511 -0.000731283057095446
+0.000598889586666029 +0.002140117884452823
+0.000476056405570023 +0.000083696812258106
+0.000480116088154786 +0.001003580488964591
+0.000628254421402329 +0.001168252054303692
+0.000388990577225377 +0.000057555470097977
+0.000711383319039775 +0.001737548174083597
+0.000379070711635626 -0.000078851439361021
+0.000670609336822846 +0.001537756747756807
+0.000450223040765628 +0.000472457730810424
+0.000533922231679189 +0.001048623564012043
+0.000553064066877473 +0.000916950279057341
+0.000396978713662102 -0.007562379921732127
+0.000625624314380235 +0.000148825866747320
+0.000352713744291086 -0.000152440056101768
+0.000628208177902258 +0.001117675509044061
+0.000412453715551532 +0.003698375280258476
+0.000700914628674999 +0.001998575995998151
+0.000506172570436774 +0.000670765862136016
+0.000611311183426866 +0.001545061850804313
+0.000608186817747595 +0.000024093156587151
+0.000412946569715533 -0.002085151760543709
+0.000726969013534886 +0.000507704451003991
+0.000415881727085019 +0.001427530060641731
