-0.000178095259054319 -0.000520083610140113
+0.000189369964103541 -0.000689422848809162
+0.000040608539127777 -0.000855712036303670
-0.000376195402074623 -0.000288223107101526
-0.001027416744679702 -0.001407239090088778
-0.000732782891355222 -0.001047721584938316
-0.000902239346074940 -0.001738665182496639
-0.000612198156753210 -0.001089295311855800
-0.000488766322784623 -0.001835406680703944
-0.000502827137657472 -0.000631980479155554
-0.000542367902455403 -0.001350332337195183
-0.000304177539391940 -0.000506077160272443
-0.000565912910469853 -0.001000123292857790
-0.000599470113718623 -0.000978341923919272
-0.000748039979968040 -0.001450959875719733
-0.000709972004457810 -0.001324901502724741
-0.000812985447197428 -0.001421592193905559
-0.000559970919412758 -0.001007112943960862
-0.000724943188495608 -0.001578188196342797
-0.000445790456879587 -0.000952260542324328
-0.000586869013529787 -0.001507990645584115
-0.000474692535290031 -0.000889383280638723
-0.000713311297641526 -0.001685549679838550
-0.000721727226044378 -0.000876566358579490
-0.000741955639450410 -0.001678932254282802
-0.000629571407369354 -0.000964851336063159
-0.000793916881731882 -0.001215600913493445
-0.000690289113665062 -0.001280049616352780
-0.000780711081159250 -0.001310528679528025
-0.000693999826948549 -0.001490194828944167
-0.000772964035601873 -0.001354668862473131
-0.000640794494233770 -0.001754333906253569
-0.000886602127724152 -0.001241488498144885
-0.000632642891960082 -0.001709622744264413
-0.000723923172036788 -0.001171585035559790
-0.000690771646810074 -0.001791361989645872
-0.000794469956426789 -0.000975026738225027
-0.000786374580470352 -0.002381781677066363
-0.000894038314211190 -0.000414370403065664
-0.000914557876300211 -0.003063544553728802
-0.000942739646745007 +0.000289172091887028
-0.001030307600305226 -0.004303536658070616
-0.000895278466020034 +0.002584152969458899
-0.000623828514790863 -0.006258897872948984
-0.000676255645868949 +0.008028399782608116
-0.000588435246887516 -0.018602163604082980
-0.000544635267554918 +0.106819496061248104
-0.000593492572702282 +0.448034902670858659
+0.000088501294576389 +0.634559937402900620
-0.000595046098307216 +0.803577651403274751
+0.000597692584127361 +0.222111928085938076
-0.001124668296892184 -0.624140272829527998
+0.001165593874257099 -0.655452704768689220
-0.002491947662724202 -0.169369776053275300
+0.051703146574930872 -0.049787973726505091
+0.163653811113305264 -0.075652248556359686
+0.263191583262261330 -0.012056147015184522
+0.353389608767896324 +0.155676027767686048
+0.251338966157864385 +0.185027176633507401
-0.026765520720705427 +0.098716463070436453
-0.199304331415253055 -0.027767707768292085
-0.126810248088601751 -0.061498420743453838
-0.052138222239031563 -0.062398587780327176
-0.031825304380258712 -0.058091400437172966
-0.046669497962643886 -0.037917666503172298
-0.006026693256456259 +0.019032893149563572
+0.068448557788596598 +0.015499539689662547
+0.087021102234898645 +0.036983163503650981
+0.033711253381579556 +0.027457038022536285
-0.007285237033482107 +0.012408230764943212
-0.011395172965413591 -0.037663054365511678
-0.001507514128042861 -0.049476054946073850
-0.012189107815877932 +0.001918141530325392
-0.019101415935160796 +0.020049874880383123
-0.007960774331269477 -0.023733119808359744
+0.009576727130949318 -0.013054450501293502
+0.023811423123194966 -0.017133219033090594
+0.018169498674799747 -0.006202912370402268
-0.010539079909115508 -0.002882742670008950
-0.011817702302706883 +0.015006619699268930
+0.013780547340405305 +0.018409985978792572
+0.017864392004491681 +0.047932249355546366
-0.003174056722820427 +0.047153142468379511
-0.007134090365594611 +0.016892279393350942
-0.003587825036002852 -0.020408853852687207
+0.000973270177040409 -0.019080710724798083
+0.003959255905278404 -0.032524084141123628
+0.003748842133858807 -0.005771336790614262
+0.007872269465449600 +0.031105433660231531
+0.027326605082724956 +0.049900547354220982
+0.027588106866764911 +0.020626912113144248
+0.012408432155674753 +0.010596124407858017
-0.002705409210028487 +0.003942931728022866
-0.012165464979029383 -0.002094513692875375
-0.017566425753015650 -0.035899282579683382
-0.010741448024826307 -0.039895183569551143
-0.005524808721230164 -0.036421672752016007
-0.002031617551996876 -0.017738876889600276
+0.008814702249971305 -0.008477004476061110
+0.021112180932669148 -0.011409019207885117
+0.021943948894680175 -0.017685547068404292
+0.019318630361201791 +0.003192718478649030
+0.009914964776832827 -0.002996594552788503
-0.002077491480393002 -0.015614706871941683
-0.004923834895154903 -0.005977310249581239
-0.004640066659058167 +0.001435355973042990
-0.014676043771328959 -0.005369462371010213
-0.017067694152216005 +0.018204540979013063
-0.015690248092158479 +0.011082323455216793
-0.015465812139519426 -0.002264725958250422
-0.013371476022900074 -0.015613597519545740
-0.009594815921925605 -0.014060729415380835
-0.015879672023345750 -0.022213322897632812
-0.011962011493402102 -0.012824139157433859
-0.003780981672358639 -0.003747653231957427
+0.007420342834355914 -0.000605805633160623
+0.010773284289148050 -0.006438316678995164
+0.009906108681050626 +0.006212303616454452
+0.002361302065313158 +0.004482819921940732
-0.004531468473248848 +0.001167362907705376
-0.009499011132609866 +0.002275437012864130
-0.007057480456509125 +0.012622867441442217
-0.015092408695284859 +0.003559333866889980
-0.018252435720264713 +0.003860946293881373
-0.013900988850293453 -0.001836515849853173
-0.008665021640259608 -0.002301939700397741
-0.004267922569285263 -0.014083835773309537
+0.001939604904508243 -0.006643510600110926
+0.001588610065479413 -0.010813225161767831
+0.003893552003192954 -0.008228963232975105
+0.006893914791342630 -0.003189907454293136
+0.004862200866023020 -0.005678432734063656
+0.001127277029122049 -0.008107799705849029
+0.000432371629471602 +0.010833315546564854
-0.006579406457905919 +0.005999011112482922
-0.008538935674365408 -0.004139104502225381
-0.006432977050108311 -0.006733659625892898
-0.005452433676428951 +0.004476201666090638
-0.006655068143330612 -0.004145928829409847
-0.001348155975856399 -0.003532677257655669
+0.001407001604992012 -0.017185386167988065
+0.002229685913097030 -0.017179802556946271
+0.003291489179579013 -0.012112434673244505
+0.003412618087825170 -0.009571436775478816
+0.000276884662660564 -0.014298208192643894
-0.000280113682260102 -0.001021577940916063
-0.003601583151941871 +0.008378186164907469
-0.008216346201712868 +0.011430591300556583
-0.011703360240810520 +0.005021646513917143
-0.009845378472961103 +0.007103652632030957
-0.011069708496185320 -0.000085036204639066
-0.010577022038936821 -0.003951444902431282
-0.007788004886299970 -0.017465423375014305
-0.003652493249320784 -0.012809449788336475
+0.001474670103074788 -0.017115108286124076
+0.007891104957282669 -0.017879383035381387
+0.007573699645929606 -0.019956110624702258
+0.004607430743546649 -0.011234143423579382
+0.004101252226732960 -0.000476146905028386
+0.002088166783449701 +0.009660545617559087
-0.004047732971228494 +0.002385297860677933
-0.006047993375815471 +0.004563562447138695
-0.008769025133957310 +0.011851285887014347
-0.011190006078600765 +0.012074224958319229
-0.012026326331960503 -0.004014438710741008
-0.010791501894886448 -0.009612319403019952
-0.009863727438069358 -0.016335914968652387
-0.004236082939764938 -0.014316877823594875
+0.000902958108433017 -0.004360195702723967
+0.002996290570852925 +0.004752921055679801
+0.004618740007857372 +0.020725471212125174
+0.006541575670745522 +0.034069652158724012
+0.004050151298878389 +0.009688016973683607
+0.000648941868772770 +0.008912115915482067
-0.003060698927338242 +0.011598914907642199
-0.006198979919509344 -0.009527000212772122
-0.005688616474559485 -0.012716178327995320
-0.002247817982062139 +0.012095058796371239
+0.002505264570340106 -0.009929517631154135
+0.006565405106921456 +0.002718008368036408
+0.005052303964724864 +0.018107505617816065
+0.005577004041263658 +0.002420020052837514
+0.006001420751123103 +0.002618776438062680
+0.004865125121785722 +0.011312491193904409
+0.004286836561053525 -0.008895368821243445
+0.002086787273695767 -0.002195968864510410
-0.002984020287918181 -0.001224299721874048
+0.000031905402612839 -0.007383897938450592
+0.002508027892082012 -0.003271575046017570
+0.002846475174189608 +0.002207089016770058
+0.005977888776464609 -0.005455344639743717
+0.006350684577536054 +0.002703353251259711
+0.001421244166061828 -0.001555636814283982
+0.001912727872119477 +0.000909808224829567
-0.000689920147765238 +0.002148112371003489
-0.003158489560883933 +0.002067545257146667
-0.003134558378411108 +0.000046674113833120
-0.002964510877646353 +0.003858952705571384
-0.003571592408634141 -0.003725614640705806
-0.001673373566558702 +0.000420992590302366
-0.000786055610481959 -0.003094652524879287
+0.001349602861514838 -0.003515909522269130
+0.002082910075952277 -0.002849362253811226
+0.002692009303056951 +0.002052616972478323
+0.002578817294549122 -0.001182152611300884
+0.002393466221263975 +0.003966170233707713
+0.000682054250342452 +0.003260023594484163
+0.000515064932305296 +0.003875146091966626
-0.001680517609137554 +0.000380210933259398
-0.002499070551980723 +0.004103649291109509
-0.002605373799318539 -0.001789049027664408
-0.002219362632546600 -0.001002907532868234
-0.002121732914482312 -0.002459094482027132
-0.000091330153848782 -0.001020378630007292
+0.000309705851937727 -0.005183911711712529
+0.001451863687341459 -0.000057281795496182
+0.002168744466993597 -0.002642823218613837
+0.002660448047039992 -0.001248734798877163
+0.001523804318227595 -0.000663752809799347
+0.001466456912117262 +0.001883092301722515
+0.000253054158164448 -0.001688251964295967
-0.000354018236396997 +0.002823095205425685
-0.001200317602372170 -0.000464363865618286
-0.000964971671062206 +0.000393578274515516
-0.002029110775426233 -0.002031153446396522
-0.001337024810307986 +0.000092453856973316
-0.000916971527635225 -0.003216121899963537
-0.000552885658722242 -0.000779039221023402
-0.000062489628521676 -0.002234853667743084
+0.000966979440263243 +0.000903133721565889
+0.000124081910336761 -0.001080076156713453
+0.000657738708954093 +0.001905060805918675
+0.000241887205172021 +0.000729466466286782
-0.000477935406107523 +0.001898576511925938
-0.000924805330773134 -0.000335033022554292
-0.000698802763289716 +0.003337522470261578
-0.001733386432010083 -0.000528863901269789
-0.000574378795361848 +0.001476357214084027
-0.000649046329599648 +0.000561325863461699
-0.000182360251315496 +0.001332957619779583
+0.000347597502951043 -0.001682740937409953
+0.000786717333820056 +0.001639219093778117
+0.000636729489358481 -0.001452140949143886
+0.001308094313698011 +0.000407888940152996
+0.000435185401682812 -0.000295521058810435
+0.000758081972943154 +0.000530072475756588
+0.000307522572924388 -0.001276047037532588
+0.000083647295835826 +0.001715953448074061
-0.000243252313249040 -0.001317640407653204
+0.000022788365767077 +0.001077741132540846
-0.000578390072627402 -0.001089681413435195
+0.000292098804025057 +0.000672199167540072
-0.000075550197330864 -0.001521986607209869
+0.000188939646778527 -0.000090202165880268
+0.000311014630337077 -0.001755476293056774
+0.000476898337174822 +0.000442712598310246
+0.000149026369909636 -0.001969003836768608
+0.000757202091183592 +0.000259630827060751
-0.000038861356992259 -0.000719831624205298
+0.000055160473328156 +0.000751998939664677
-0.000150988610226496 -0.000337400455835873
-0.000297958859565613 +0.002016619365551168
-0.000795738589906723 -0.001024718823643917
-0.000257409899137263 +0.001651511848175617
-0.000882294782604641 -0.000522193198281163
-0.000512872615291988 +0.000414006477452868
-0.000479462152922549 -0.000945764548458662
-0.000137821307820955 +0.000733289997739281
-0.000251119060641371 -0.001270301426800180
+0.000383184841244365 +0.001015900009631861
+0.000080467486649637 -0.000840165616866512
+0.000392765503629290 +0.000605813795910278
+0.000151438216026610 -0.000526207143539341
+0.000390938673727250 +0.000483154730489330
-0.000017449141964381 -0.001358720928923692
+0.000266509270128068 +0.000922665753742260
+0.000002159970260577 -0.001827865998464774
+0.000175123880932472 +0.000219460389929369
-0.000209405385458536 -0.001432915550210193
+0.000188206082001999 -0.000410139728548435
-0.000232426330608513 -0.001479797495916389
-0.000108916859215591 +0.000447257775716185
-0.000325678623834386 -0.001627639219094017
-0.000146968082492551 +0.000807520641256707
-0.000575170062829131 -0.000420802326615738
-0.000155244585337915 +0.000429247155549950
-0.000476311100159351 -0.000636297455895838
-0.000340682248341892 +0.000788792175036822
-0.000384109930274649 -0.001764263232546177
+0.000024038868569528 +0.000287922746699337
-0.000295884626496611 -0.001327966131658710
+0.000156060417585004 -0.000008929961453971
-0.000020933364721284 -0.000302983988024562
+0.000095368770536515 +0.000863817514304401
-0.000180347467441434 -0.000441892299481924
+0.000060972450151501 +0.002124645879261808
-0.000523532857284678 -0.000639326819287018
-0.000348706364060454 +0.000749180860404278
-0.000577199586259645 +0.000406516860017757
-0.000434041319202755 -0.000297483605394354
-0.000417339287237553 -0.001388578578872930
+0.000004062740786825 +0.001565485971787676
-0.000067877077487274 -0.002272301305616061
+0.000469275236844212 +0.000306074478965135
+0.000280739052421484 +0.000369116669710956
+0.000591808452236510 -0.000687406513908972
+0.000370646179725099 -0.000519139796550300
+0.000275248909372236 +0.001720861397643214
-0.000041370921208607 -0.001909515604645695
+0.000086013068083840 +0.001049099851608892
-0.000530042669489857 -0.000101390901120605
-0.000132231403879773 -0.000604753210206650
-0.000292469687126595 -0.000535140721191424
-0.000321866102706847 +0.000516633827648633
-0.000136428342304373 -0.001997808046872190
+0.000154692026424196 +0.000604903601331738
-0.000257822234545638 -0.001114494661131990
+0.000337373275494310 -0.000231982335457959
+0.000042511696332424 -0.000374339578837139
+0.000022448958886673 +0.000332048765154878
-0.000004725258372879 -0.000795663258324298
+0.000019111138723829 +0.001074963354180135
-0.000392938966808087 -0.000922804368882034
-0.000045692927649207 +0.000650879456511263
-0.000403222898734214 -0.000507398936181808
-0.000220879079040674 +0.000118334790324200
-0.000276976171542868 -0.000742920870119120
-0.000115361114713263 +0.000500565228017478
-0.000210633250544202 -0.001057007459250945
+0.000075814664618149 +0.000432613627578515
-0.000159893254548814 -0.000593161909569796
+0.000110234045783991 +0.000286096958014330
-0.000127947981849841 -0.000725042396128323
+0.000001752978108283 +0.000613035128601632
-0.000156193373070642 -0.000837692528040954
-0.000020054424291421 +0.000268474604297362
-0.000251331614346861 -0.000666498856847404
+0.000022914229740049 +0.000247626430105978
-0.000189282060762053 -0.001172248516772032
+0.000021607594563982 +0.000421333094488757
-0.000096492523869438 -0.000973622330100250
+0.000081474774336649 -0.000146966643684445
-0.000116376910380460 -0.000602651732868997
+0.000067539057872685 +0.000132359770247513
-0.000135350880321271 -0.001115801941805706
-0.000032019809882432 +0.000533103314010297
-0.000256355211777935 -0.000943346107126429
-0.000061997349191028 +0.000039643179566160
-0.000336857358416638 -0.000602017182767390
-0.000147617767526791 +0.000094036757335152
-0.000257841811400652 -0.000957451874468459
-0.000150900144806009 +0.000444332966258974
-0.000269866576555366 -0.000969306531510715
-0.000006849717962530 +0.000298795014211629
-0.000275319896333627 -0.000597962821224394
-0.000040894836691206 +0.000086134712970603
-0.000160696455803824 -0.000528983932117697
-0.000125308068698544 +0.000324516390133495
-0.000208957968430025 -0.000898119551881787
-0.000036104938507467 +0.000501616942721454
-0.000317044160299204 -0.000781143868714861
-0.000024227230220484 +0.000063746677544327
-0.000212667578792639 -0.000529336759747247
-0.000105696477758274 +0.000096741912233841
-0.000131247153962074 -0.000951564693111570
-0.000032098581969611 +0.000433386559704798
-0.000217543706823860 -0.000949024612739265
+0.000052341753209813 +0.000042906303460932
-0.000212894404003870 -0.000551395077444919
-0.000050226921042004 -0.000067563375629156
-0.000137619635931637 -0.000822159678692010
-0.000099760006875935 +0.000264427779648317
-0.000205395629626748 -0.000999807846087470
-0.000011245063948537 +0.000112708170002591
-0.000257231694381123 -0.000770251539956461
-0.000029713261085649 -0.000082612316114474
-0.000178210874440284 -0.000784608530206376
-0.000097217857925577 +0.000061667537209028
-0.000176106287236401 -0.000941237999146581
-0.000066540887326209 +0.000159434945952193
-0.000272035188507036 -0.000837014013536529
-0.000067754778362511 +0.000023700538275865
-0.000282247705171910 -0.000626476390354065
-0.000165278717909288 +0.000015238186972126
-0.000252585339365175 -0.000750100560033605
-0.000172403476128751 +0.000201345555470954
-0.000296306651930067 -0.000876464296465960
-0.000096177638516970 +0.000079753816218563
-0.000275591141693524 -0.000733209768640104
-0.000094619905444142 -0.000083214302740391
-0.000183752833246620 -0.000770048751708981
-0.000082044929127566 +0.000036468724454927
-0.000192783966252236 -0.000881013158353933
-0.000042319991788867 +0.000065595048701520
-0.000230011446439558 -0.000784182877835319
-0.000089303426729774 -0.000053189220840137
-0.000236955756150971 -0.000712094247584030
-0.000141059753318649 -0.000056408189536955
-0.000269959984815736 -0.000836578432207939
-0.000145813563859079 +0.000010093732695967
-0.000273864037930983 -0.000929980457332993
-0.000134574852983516 -0.000102337773534524
-0.000251834460477859 -0.000836621371887154
-0.000105676779098429 -0.000228172983009380
-0.000230248739813174 -0.000861442529645916
-0.000102202974074731 -0.000089880406731132
-0.000220373457504217 -0.000944955164889660
-0.000113061738998118 -0.000065111014422708
-0.000260241872267353 -0.000786591072909072
-0.000137691858543302 -0.000175082739581679
-0.000289398992951996 -0.000778748378313423
-0.000188132890902493 -0.000082850756261433
-0.000302861431063410 -0.000922393647876606
-0.000194719457719922 -0.000096584787529841
-0.000315915002218135 -0.000846924834723857
-0.000181877536493511 -0.000235637428393379
-0.000288937778649382 -0.000789480103154576
-0.000173241786014899 -0.000176062480840441
-0.000278973274514445 -0.000893850637843269
-0.000150791519174095 -0.000072357018885642
-0.000286962770801725 -0.000873512409833877
-0.000166637102137743 -0.000205631821906759
-0.000277640659248455 -0.000734275763157142
-0.000187550136655580 -0.000265729682978769
-0.000291213016095914 -0.000890920177492205
-0.000175507891393381 -0.000087437089100965
-0.000299262714588790 -0.001011001964330372
-0.000175008697290172 -0.000244309115496379
-0.000282912875289903 -0.000764965417469873
-0.000184123046479853 -0.000433467644417414
-0.000278763888489687 -0.000858137209189730
-0.000188130238149842 -0.000173178824760247
-0.000298997679309039 -0.001078137275756785
-0.000184642300143598 -0.000214652014238259
-0.000321217080536273 -0.000842697316540249
-0.000204321179125580 -0.000462398012385269
-0.000304369205630162 -0.000838745148658747
-0.000234572740667279 -0.000289726699961544
-0.000307829543197786 -0.001071178439023948
-0.000208387772024688 -0.000246722628736895
-0.000340491871142212 -0.000941817724812648
-0.000205768139755230 -0.000443425965653544
-0.000318324947952071 -0.000840322157528228
-0.000251076073010744 -0.000389196423574972
-0.000316768334460035 -0.000971374669398943
-0.000244256663894576 -0.000291232562095308
-0.000363673486468607 -0.000986549687746259
-0.000239914332298139 -0.000380521781623981
-0.000359949243624885 -0.000912923883784747
-0.000271041751257160 -0.000436424418548991
-0.000341788259608896 -0.000960414344663423
-0.000265190842959246 -0.000395539846860559
-0.000353122776203760 -0.001016650572603778
-0.000246733024080817 -0.000429489156776884
-0.000353717683537603 -0.000968481224018474
-0.000254735698568508 -0.000477888461741781
-0.000346291397833651 -0.000985171523166301
-0.000268415184048248 -0.000454605984288766
-0.000355343360716458 -0.001017337797527590
-0.000273204224227784 -0.000504901727260216
-0.000374756185181012 -0.001005860818081100
-0.000279613188056502 -0.000518979667426546
-0.000377248489890993 -0.001089667604902817
-0.000291406787277133 -0.000494154477901787
-0.000375889794143158 -0.001080995955467633
-0.000293863445114523 -0.000600152459077690
-0.000384972846134309 -0.001010430928393966
-0.000301533668813934 -0.000592286010020766
-0.000390365910080220 -0.001113166193515171
-0.000315618706533221 -0.000515422204498756
-0.000406751207846397 -0.001114349385076076
-0.000320650208223444 -0.000633873071427306
-0.000420194369944725 -0.001021543145926486
-0.000336938695320664 -0.000668053600149916
-0.000413227181480979 -0.001122473375746332
-0.000344792044466303 -0.000572635833035188
-0.000424857737029833 -0.001186394467004064
-0.000331676656969870 -0.000637648934607879
-0.000435909222638260 -0.001091905582921947
-0.000347497244837233 -0.000732853701928787
-0.000422491036182161 -0.001103634713718230
-0.000370551919301321 -0.000670211192551270
-0.000436676592118493 -0.001205940735749655
-0.000362051290819608 -0.000659965367931227
-0.000464057303557959 -0.001163664007699134
-0.000368816137436732 -0.000790625447508737
-0.000453872168056909 -0.001112174729785989
-0.000394852972958438 -0.000797142974006257
-0.000447279216663768 -0.001228268585640644
-0.000388145748517234 -0.000733365334418407
-0.000470215992719941 -0.001252923357366946
-0.000377870913476643 -0.000838767064500430
-0.000472040021557079 -0.001164496642015865
-0.000407216560317111 -0.000901192337663804
-0.000459756794881376 -0.001223981752050261
-0.000428054822028689 -0.000838912917624389
-0.000483036644000671 -0.001280166600700506
-0.000424237611518295 -0.000900122036803920
-0.000503480276755115 -0.001207675630346815
-0.000446045682447157 -0.000997375478743849
-0.000488468100161074 -0.001210234752984971
-0.000478095097455122 -0.000970268536114991
-0.000481940295767892 -0.001371936460327593
-0.000494647457523189 -0.000192628474916061
-0.000461519298341592 -0.000126156631037974
-0.000412609035015732 +0.000956986499877058
-0.000421785133052309 -0.000347078433283892
-0.000492925245883137 -0.001635567241037127
-0.000564224343474234 -0.002601574056013530
-0.000655630716363713 -0.001584776426567077
-0.000637529677713178 -0.001682806340480930
-0.000219104604327245 -0.000957993890574131
