+0.002986026622352049 -0.001583267864101185
-0.003844504166764768 +0.001058489858231043
-0.000426127575130808 +0.000166612057571790
-0.004149839117045593 -0.000437994582627744
+0.000766686929276170 +0.000607368419832022
-0.002545092485731150 -0.000952856269199499
+0.001793326579394631 +0.000700146397660580
-0.002658510599713147 -0.000873373493447412
+0.001991255906896780 -0.000930755518091390
-0.002351873927752599 -0.001312512852181064
+0.002086161755025102 -0.002003350008113248
-0.002454421774872980 -0.001053751170479866
+0.001419106371650456 -0.000814485362913903
-0.002994283078652757 -0.000846189899420586
+0.000691084385149966 +0.000403008376015597
-0.003302052817015669 -0.000860158160561742
+0.001046090850527372 -0.000344495695949052
-0.002920877963929150 -0.001072758620480199
+0.001701895041465291 -0.000795886226167143
-0.002515111800882546 -0.001087735196273001
+0.001445937745245255 -0.001155510196316649
-0.002704321950678190 -0.001197062379038858
+0.001519091692239441 -0.000840935218279030
-0.002894812357098431 -0.001339059771656024
+0.001292107194464806 -0.000395887515995008
-0.003185035568073600 -0.000942391812195384
+0.001182306486808377 -0.000194828291866161
-0.003161863925993226 -0.000501236514500149
+0.001306087616818710 -0.000229827595593668
-0.002904803588403549 -0.000910314085005991
+0.001566049636641837 -0.000945588325334927
-0.002554021699918869 -0.001510647040407227
+0.001913030804923678 -0.001244668769836487
-0.002704484686005728 -0.001722836627504035
+0.001631470976322160 -0.000771750648244139
-0.003158466103741448 -0.001471208533782527
+0.001145554950729849 -0.000550095421572735
-0.003501386557158711 -0.001241698118998952
+0.000969348592832625 -0.000645063707001298
-0.003457077518953439 -0.001065953352629386
+0.001296148844125518 -0.000877584128601725
-0.002933626954754093 -0.001297192585808900
+0.001834990023725606 -0.000550421513749767
-0.002922415677021767 -0.001141520747208675
+0.002304465796966284 +0.000541781795847607
-0.003070539024219096 -0.001257281575917093
+0.002736614879081885 -0.001126969749281408
-0.003375428672378214 +0.020399461662294831
+0.003032100444740643 +0.279498903870729509
-0.003551660986455275 +0.455443519160402044
+0.001767348115712144 +0.657777989880565350
+0.012533761105247294 +0.566196354848919059
+0.151705184277169502 -0.171093873312436584
+0.271239968709021784 -0.707839710484796214
+0.400292064927290636 -0.341058998378514389
+0.400450185832848193 -0.050826147648548765
+0.115085068778425392 -0.052935616502414282
-0.251890131100063419 -0.051855723395815595
-0.279115695905396144 +0.040138043032792545
-0.107455895990477376 +0.147650452309621566
-0.031624009042048914 +0.111705283293378282
-0.046353638437992180 +0.064759400639321951
-0.050804332651116904 +0.045266342219944425
+0.040664070557854259 +0.015109577638585968
+0.101578585108329261 -0.035342566496611862
+0.089824581654530167 -0.082062773552888102
+0.044479319565970406 -0.056871996514773940
+0.027532984712518437 -0.037751878531123897
+0.018031877429162201 -0.044238209047472887
-0.015819008479286759 +0.000966693765174259
-0.057471431416251141 +0.055396147839729806
-0.056275106937696370 +0.039232344759978000
-0.038143747288018753 -0.006977247892298826
-0.008108679960834008 -0.003021696741617251
+0.021742255690251660 +0.014208692728394881
+0.016565506570449993 -0.011993703605746739
+0.002067735205033231 -0.028501547706492457
+0.018155850466041613 -0.017124048978771358
+0.032937686971417121 -0.012665019677648930
+0.015865440422928766 -0.001586420532977030
-0.009760364905009202 +0.010607997891701155
-0.016715429788660262 +0.029609238476108125
-0.012967034130198309 +0.043171114378306903
-0.012052708615766189 +0.047231313486021206
-0.011250573967413361 +0.030696041269937753
-0.001266205002639000 -0.001940760028787658
+0.019299334422862774 -0.023030877542848174
+0.038986433477321308 -0.036134240971522597
+0.038609767656993019 -0.037119513914815598
+0.024160027638818200 -0.004937938605878042
+0.006800703981768438 +0.026763162384974188
-0.011262381655016732 +0.036131972850832264
-0.023974211298998016 +0.027453120602298341
-0.023029828627468107 +0.018157238083800188
-0.010086958129916966 +0.013491117952129979
+0.003721236337977092 +0.007531326659993031
+0.012875064732776066 -0.016992788285338335
+0.018607782745090142 -0.027712753087810973
+0.023368896031592520 -0.029175213803756851
+0.027770126571272657 -0.018741545673987517
+0.019403540142848594 -0.008071395294407140
+0.000336574186747621 -0.006718160254224718
-0.017092181241314276 -0.001493642540655245
-0.019181208606910742 -0.006396325237226856
-0.017145576031345942 -0.012489842963252729
-0.019221062670962349 -0.009030835668720523
-0.015263230772328863 -0.010662843267453367
-0.009529713715800086 -0.012230157907376077
-0.000391221557547715 -0.009016498763650720
-0.004352616702502817 -0.008343519651803792
-0.007447385847451464 +0.001464083092950525
-0.011152901293060069 +0.006706674381428258
-0.002313784035102425 -0.007213518961305542
+0.006963173522515903 -0.003439843281268759
-0.000599699380469685 -0.001111280424433102
-0.004106089159066302 +0.000087439854379919
-0.007437702631432707 -0.002454122708949421
-0.006381758089070124 -0.004891502083993215
-0.003532646671695807 -0.007116945644701338
-0.005952075843483977 -0.004517268618394779
-0.014166358084480211 -0.001796692026378567
-0.012322577453472233 -0.005747734406856131
-0.002882633178048800 +0.000518266295638808
-0.000203073231691487 +0.008169439915688692
+0.000591969714141327 +0.006295373194563375
+0.000648426665399377 +0.005454843188521939
+0.002632482479254865 +0.001408739868297043
+0.001523231822915210 -0.001305658845458001
-0.000309622110255682 -0.009560460989954528
+0.001334555391216808 -0.005900120517937386
-0.003281020671215823 -0.006593942470623498
-0.005576540546499692 -0.008875394045821551
-0.004871161409622443 -0.011931561701558244
-0.003035661658415284 -0.006734002158933931
-0.001531393725591553 +0.003303016751901883
-0.003657260870907343 +0.008918113923575229
-0.003391541135941532 +0.008396630078161660
-0.003669118283658068 +0.002671325091878243
-0.000193016644356488 +0.004565857995214236
-0.001879648569361403 +0.003327533682095587
-0.001655956503151195 -0.008641045499047467
+0.000067664220847283 -0.018135368095015029
+0.003463189786907571 -0.020740111882102036
+0.001560645956480649 -0.014731648982979557
-0.003090786998706039 -0.015402515539263792
-0.006175146693425013 -0.007093426252729945
-0.011303358288944116 +0.001518787204219698
-0.012798769059477702 +0.010533255743661245
-0.011405883194931129 +0.012383091095233082
-0.010858181861968181 +0.011550284623477708
-0.007259011649590388 +0.008071616636361694
-0.001661353757074328 +0.004905355414205223
+0.004174861483306082 -0.002973039875476855
+0.005099492184921076 -0.014936138665260244
+0.005212535516530803 -0.014833131851616627
+0.003511920501931946 -0.012661986763283777
+0.001844003757015119 -0.018419690479661986
-0.002741360268991735 -0.018295741063735448
-0.004416334678240180 -0.007788395595480876
-0.008910310331065756 +0.005073854303383722
-0.010910989675362208 +0.005007842144192753
-0.012697937128442208 +0.006725725765399986
-0.011718217379646156 +0.007122079321050543
-0.010027562149259397 +0.012226156396248539
-0.005752715319608059 +0.007246209355989576
-0.001858762385154069 +0.001861734169198132
+0.001732665088735852 -0.007841765335606781
+0.006361500163139394 -0.007140465989093030
+0.007683505001313916 -0.014855718677593496
+0.007460219307301198 -0.019009169021666411
+0.006636278420689576 -0.017873304180970738
+0.003866267093021019 -0.010720941346013379
-0.002419282497224192 +0.011393617900518497
-0.010871952110991010 +0.022945344865088493
-0.011949417834832438 +0.021596527159883007
-0.014406491643943305 +0.023540200598263408
-0.003035224872593652 +0.009571992398951651
+0.005768121340065017 -0.000530020211528162
+0.012455434978591182 -0.002918615705816974
+0.012661656002141194 -0.007040747760203442
+0.012932439825418987 -0.003690605446523526
+0.008450275484260195 -0.000227602353619710
+0.006287362381868403 +0.002521277991189520
+0.001941555481812504 +0.005217544175779737
-0.002282308766578374 +0.006383641619301770
-0.004145092903115728 +0.006889146622746268
-0.000754328016991032 +0.006887249919710150
-0.001224185982504553 +0.000560955203346336
+0.004461771961463740 +0.000652534038947432
+0.003886537313594812 -0.005809708689803794
+0.006209593435888644 -0.006567514499092786
+0.003841656319774298 -0.005180766225254675
+0.002458424881110411 -0.004702547411068520
-0.000668958104032395 +0.000052551079569176
-0.002561750315213954 +0.000206986538546680
-0.003489207525976857 +0.004369575928943051
-0.003283420514672528 +0.004541806954840770
-0.003326410593746714 +0.004204427165069293
-0.001655087782177015 +0.004707117614847734
-0.000092878858092449 +0.000843470206239755
+0.002422310366867483 -0.000042095492319365
+0.002637312408975799 -0.003872221340408722
+0.004567925107047044 -0.004527067118538055
+0.002430377261255258 -0.006026677512226320
+0.003294520039568889 -0.003941253205659077
-0.000677968276563220 -0.001841379710432442
-0.000991108293514041 +0.000948991893644622
-0.004179366607968028 +0.002929568875169397
-0.003538470677903304 +0.004381739832043026
-0.003731168313040357 +0.004133110681873554
-0.001812305145192969 +0.002383536826279425
-0.000443520470575047 +0.002065417982435491
+0.001904889877504323 -0.000459514543594163
+0.002239766337909609 -0.000808680425990566
+0.003583750954720497 -0.001854192703612804
+0.001969824805583089 -0.002780833923080644
+0.002248160718703861 -0.001193789054267199
-0.000182595872563565 -0.001936761017151361
-0.000244785953715949 +0.000237040448983035
-0.002470667683821338 -0.000533027322349027
-0.001745226049923727 +0.000245668638487096
-0.002465116701767531 +0.000375055708452240
-0.000718856849466733 +0.000150220655749794
-0.001198231371559997 -0.000207302319665827
+0.000630125506634525 -0.000134494908179597
-0.000329244717832611 -0.000734439089262116
+0.001208407417486124 -0.000800082243669137
-0.000336624445915811 -0.000621817835785989
+0.000679095757024773 -0.001473970006298210
-0.000773278430107672 -0.000566481951145240
+0.000067495366640439 -0.001000892320657372
-0.001136239454311174 -0.000416747706082814
-0.000608843218533724 +0.000573024514575163
-0.001577417718334786 -0.000075568992619030
-0.000429096856972483 +0.001510079661310743
-0.001047397624703886 +0.000498004626250801
+0.000400450320403655 +0.001067547625637112
-0.000210267413571992 +0.000053670052845930
+0.001409571608741029 +0.000556377804364442
+0.000025868572500217 -0.000174134171556012
+0.002095676295885896 -0.000045366272720299
-0.000280196560015497 -0.000096579085245078
+0.001366877901732455 -0.000539770092377156
-0.000696721059958592 -0.000040452089050449
+0.000301082554963467 -0.000397255750334071
-0.000782378382971348 +0.000455015119347164
-0.000288922369026485 +0.000300726046520902
-0.000578023689239388 +0.001009435652976030
-0.000044857681341543 +0.001018183913584604
-0.000293013396506483 +0.000406918357470054
+0.000761010948665558 +0.001029494288139363
-0.000124993942320748 -0.000225048184463730
+0.001257622950841332 +0.000480691088852675
-0.000453012765875923 -0.001212373385528251
+0.001287322065940422 -0.000662344997900520
-0.000895729362451649 -0.001762765370037364
+0.001018836127351422 -0.001748744443243599
-0.001099295111904384 -0.001436052877536887
+0.000332032464132368 -0.001672198651668159
-0.001207331786763439 -0.000208368057450916
-0.000427064708584834 -0.000321746519445229
-0.001323001965006925 +0.000934648578187205
-0.000797666929968072 +0.000974961551668812
-0.001232289470942791 +0.001230838769446199
-0.000240105391037210 +0.001374232093063960
-0.000885902410736373 +0.000150545378440591
+0.000857507028804005 +0.000276173408077961
-0.000370373689187376 -0.001109743356577897
+0.001547395062692314 -0.000595094354706905
-0.000256348044049612 -0.001652255827203076
+0.001383846611532306 -0.000639966182240533
-0.000734770193368974 -0.000785306001341380
+0.000621545423882643 -0.000198258066337708
-0.001132294069808621 +0.000570852130561240
+0.000031423036004959 +0.000179611064417412
-0.001082220750010586 +0.000981557649183572
-0.000029713982451066 +0.000527454336894600
-0.000832713391406855 +0.000801643650358728
+0.000306686843172745 +0.000229173312463074
-0.000664671930810469 -0.000204324427305440
+0.000832669086864779 -0.000155629150986485
-0.000536428066306613 -0.000896373658549233
+0.001097383458687187 -0.000320887113121126
-0.000599092906483631 -0.001004646278083733
+0.000869319984143390 -0.000159848018577790
-0.000835097478784550 -0.000704276843338778
+0.000553494504812772 +0.000121345802302158
-0.001068537924327007 -0.000166643887856749
+0.000287242547386548 +0.000204970332573049
-0.001184929582042388 +0.000430352619990472
+0.000256763233846278 -0.000109646642623682
-0.001078295580820788 +0.000234933137625555
+0.000610014222732644 -0.000933375048834784
-0.000641008819218749 -0.000672798297445032
+0.000876512649341092 -0.000769471860564162
-0.000541976464005584 -0.000542681739325836
+0.000551782409043425 +0.000216240955547065
-0.001063596760216876 +0.000657067567513097
+0.000163736432154673 +0.000692135103924675
-0.001113137212002439 +0.000833776201731517
+0.000337922548569782 +0.000628833685255975
-0.000682241021421142 -0.000178623978159042
+0.000896181671396442 +0.000196795218031744
-0.000462716703736048 -0.001001538725333108
+0.001370488678031447 -0.000422841759631337
-0.000609167431207848 -0.000929051149378218
+0.001203939080095660 -0.000759936434170827
-0.001053299859649900 -0.000043892954181723
+0.000602515349923047 -0.000383669182656823
-0.001424107033215022 +0.000702453448512219
+0.000201671533476305 +0.000296207026889289
-0.001271403319697412 +0.000588390742970520
+0.000278554730357393 +0.000425823661075853
-0.000727617116996704 -0.000012941960357834
+0.000612668279436679 +0.000005660555594155
-0.000397206777146650 -0.000628098280877037
+0.000902147452843257 -0.000405294012541045
-0.000581591977269411 -0.000907574206740001
+0.001007377219435196 -0.000414060056671200
-0.001145087029670696 -0.000767372026034990
+0.000851825236917098 -0.000046806426749639
-0.001581002902711980 -0.000260333333248798
+0.000579880188913022 +0.000172458582905658
-0.001534035176169377 +0.000259488248245961
+0.000431066370035602 -0.000085270905727620
-0.001086635752319549 +0.000332951465024567
+0.000520655147784613 -0.000479654593477430
-0.000655079304089669 -0.000004195651302986
+0.000671518974632680 -0.000547383352765752
-0.000616207767676615 -0.000396374944340044
+0.000714912750230352 -0.000115563941860881
-0.000947923261019895 -0.000564493450916071
+0.000682338922742987 +0.000359925113393094
-0.001326831922534261 -0.000406828285036624
+0.000723464473690146 +0.000439001302036821
-0.001440778471732487 -0.000137126006078334
+0.000859893181979891 +0.000124271653233044
-0.001248262492918466 -0.000056895902323189
+0.000951723108155935 -0.000286809787657674
-0.000946027696503014 -0.000141828519725048
+0.000877324680869114 -0.000503420918541771
-0.000824846429902042 -0.000222777797311563
+0.000674250509977410 -0.000484682172998111
-0.000956721543265628 -0.000164286365023601
+0.000528207076506434 -0.000282408562995842
-0.001190839611946324 -0.000146735715300203
+0.000559671373379318 +0.000036265732793379
-0.001342053515682074 -0.000284841390341314
+0.000723478035359356 +0.000256687812010930
-0.001328028101956855 -0.000425523931694818
+0.000864391539031271 +0.000175207942774220
-0.001204176393320996 -0.000436110470326406
+0.000904381972554645 -0.000145948607395861
-0.001097821669515742 -0.000353383589337815
+0.000849422796901316 -0.000403917241309919
-0.001124064877250996 -0.000268002215577150
+0.000765404905345945 -0.000400497340331384
-0.001256519113695433 -0.000184192092417200
+0.000704929538481299 -0.000273335222484738
-0.001346623050315734 -0.000111140494357416
+0.000684749617598759 -0.000142025651038700
-0.001320866054219826 -0.000120914471761595
+0.000725964261729814 -0.000021039839777933
-0.001240894252809842 -0.000213066747922516
+0.000791222246025853 +0.000046015576982621
-0.001180348629041464 -0.000365613724978695
+0.000835775219706991 +0.000036272141223024
-0.001185636537027211 -0.000475750634958921
+0.000859454920102766 -0.000040418742580160
-0.001274807077231707 -0.000446783160840899
+0.000889486835865748 -0.000172476022406710
-0.001394549407668467 -0.000335872366013453
+0.000928782052195118 -0.000295785159067157
-0.001455002215190422 -0.000209325567532079
+0.000907194679498079 -0.000350388292268182
-0.001416645385186225 -0.000129359067270223
+0.000791270780439800 -0.000297677933555524
-0.001323257785774204 -0.000165380586493231
+0.000670452171673018 -0.000194633153646038
-0.001258483878282157 -0.000308178656365767
+0.000654453682742012 -0.000101054138668242
-0.001284681946143198 -0.000473253651879579
+0.000765552943186346 -0.000038609022904617
-0.001402136042202297 -0.000574961814724602
+0.000927077135999862 -0.000029708640075953
-0.001541153699768477 -0.000533682126343621
+0.001028356268205341 -0.000089552785648934
-0.001620089850707518 -0.000374296337121031
+0.001010525113709499 -0.000239542223179926
-0.001580418035241350 -0.000194999321998557
+0.000891537949134558 -0.000406782572589120
-0.001444705961126222 -0.000136739532518103
+0.000747647964508643 -0.000429336735339061
-0.001336545935595333 -0.000232302714880034
+0.000679515647599068 -0.000279107573960755
-0.001355648760551521 -0.000383134416331803
+0.000741740576049264 -0.000085192091620171
-0.001481771756394098 -0.000504412558525996
+0.000893425966612409 +0.000039949382293908
-0.001622936371183133 -0.000541567241929935
+0.001028772018762586 +0.000019661927598315
-0.001697710843004078 -0.000500144279045457
+0.001068375299375569 -0.000142057682797598
-0.001672073642255171 -0.000412220460778112
+0.000999264853089838 -0.000354475373284485
-0.001584485639404028 -0.000310334038714967
+0.000868114019678728 -0.000482280450133420
-0.001515859191334264 -0.000272261815160746
+0.000773419914157822 -0.000439206185429998
-0.001527320944241307 -0.000337440013551863
+0.000779357160922394 -0.000262176250275984
-0.001619386257373242 -0.000438975198862526
+0.000861477456233152 -0.000081879236399802
-0.001730623804387949 -0.000510787569728811
+0.000959249845615820 -0.000044415242896826
-0.001776998929052134 -0.000562654857819270
+0.001018987069028479 -0.000142640964568886
-0.001742999885526268 -0.000590187654260423
+0.001007766461758230 -0.000266300991470929
-0.001706277063175505 -0.000524240952783681
+0.000947171347392927 -0.000371304985003994
-0.001717551023216473 -0.000378566700612303
+0.000891845217206666 -0.000418263692845236
-0.001758585283620464 -0.000291495323743575
+0.000878503721705104 -0.000367625693616474
-0.001796597189768175 -0.000346622044849013
+0.000913978020805506 -0.000271629073720685
-0.001809988326402007 -0.000488974799854882
+0.000961647814851680 -0.000224793729663303
-0.001801253590106432 -0.000595358702851915
+0.000974713892353210 -0.000240144171353929
-0.001803792827675607 -0.000612841318910725
+0.000957003937152513 -0.000253318936128871
-0.001846026998860665 -0.000588510496554576
+0.000953491931920669 -0.000243623575512109
-0.001916257277526917 -0.000552563437698134
+0.000983767185363763 -0.000269236102218823
-0.001975061011333767 -0.000500498010548939
+0.001021667886946562 -0.000362892130465043
-0.001989267455569640 -0.000451650794501162
+0.001028756816652203 -0.000469628871894607
-0.001962393592295743 -0.000452228707573299
+0.000987985647809622 -0.000491663122519002
-0.001928121506674249 -0.000518117964861087
+0.000921170740917522 -0.000399879692363929
-0.001924251461207470 -0.000606444357679495
+0.000881660041577834 -0.000272696780314543
-0.001970888079829399 -0.000664935193611985
+0.000917841675038545 -0.000209099164235830
-0.002061255472200440 -0.000661164279542548
+0.001024292907338856 -0.000227268394636276
-0.002154153405453170 -0.000627309150522611
+0.001121342860509630 -0.000316555935652956
-0.002181356742754184 -0.000644460569729501
+0.001136738194992526 -0.000481804294874632
-0.002144607436524469 -0.000554166412222031
+0.001062540063788047 -0.000577555905038316
-0.002114944370948905 -0.000471182623725040
+0.000925883448800090 -0.000521963901805786
-0.002086069068353279 -0.000540546032660330
+0.000870632085428741 -0.000418186653229297
-0.002096028146702827 -0.000650357240942693
+0.000937572420089146 -0.000326612286577684
-0.002187414208363125 -0.000737350304874282
+0.001050460455416694 -0.000291244264061838
-0.002296990944747166 -0.000809485873297702
+0.001142405747242772 -0.000330508293682609
-0.002362096759661780 -0.000792223755471762
+0.001154183598143097 -0.000414814882343790
-0.002374945392582825 -0.000690978383139977
+0.001082687044327204 -0.000527254296389933
-0.002339188693998058 -0.000589826924864989
+0.000998362264245359 -0.000609780113766667
-0.002290008073899386 -0.000575395641724315
+0.000950341768258661 -0.000592461331528932
-0.002284662680595126 -0.000658788174013713
+0.000962991903965289 -0.000506349566553578
-0.002350904298102448 -0.000782407768150424
+0.001033495465788768 -0.000419874582217425
-0.002453655535534254 -0.000870906925795635
+0.001103976890549084 -0.000386407833604816
-0.002534654615211118 -0.000875940133687729
+0.001123981055423181 -0.000424342167914129
-0.002557868158317624 -0.000822934276469897
+0.001094343425427788 -0.000506433882939900
-0.002534944100748203 -0.000760744483374566
+0.001053099823836327 -0.000595928057923626
-0.002514973268154274 -0.000727306017551067
+0.001034467404670870 -0.000649188203806640
-0.002530975283241210 -0.000743639983782345
+0.001039310150661246 -0.000640766564954206
-0.002579268484127921 -0.000797494791356291
+0.001051748138338911 -0.000596520559546303
-0.002638176974166484 -0.000861094391282673
+0.001063180063840636 -0.000549609484608762
-0.002684053271106305 -0.000913655848272979
+0.001068647994615110 -0.000527322455422388
-0.002707960595929729 -0.000943861932530207
+0.001070473343401915 -0.000541922099038583
-0.002724206142389720 -0.000938231999771508
+0.001069356198466672 -0.000589963736030563
-0.002741257834599152 -0.000905425900607247
+0.001053994759477510 -0.000659338221029960
-0.002723232877543389 -0.000946839627907437
+0.000909956210978747 -0.000023193630581379
-0.002824678713699659 +0.002132737513229158
+0.001108517251849403 +0.002628031760901085
-0.003248851337608457 +0.004163231863071906
+0.001949660657334763 +0.000790941517788974
-0.001475687070049081 -0.005503954217381128
+0.003396578711734559 -0.002851022205791755
+0.000243244378524749 -0.002480522214248013
