00000 +4.967
00010 +4.882
00020 +4.640
00030 +4.283
00040 +3.884
00050 +3.536
00060 +3.328
00070 +3.297
00080 +3.409
00090 +3.579
00100 +3.717
00110 +3.759
00120 +3.672
00130 +3.455
00140 +3.138
00150 +2.779
00160 +2.449
00170 +2.217
00180 +2.113
00190 +2.117
00200 +2.169
00210 +2.205
00220 +2.176
00230 +2.061
00240 +1.872
00250 +1.646
00260 +1.440
00270 +1.313
00280 +1.295
00290 +1.379
00300 +1.523
00310 +1.673
00320 +1.787
00330 +1.846
00340 +1.857
00350 +1.848
00360 +1.860
00370 +1.928
00380 +2.074
00390 +2.287
00400 +2.539
00410 +2.792
00420 +3.018
00430 +3.199
00440 +3.339
00450 +3.454
00460 +3.567
00470 +3.702
00480 +3.871
00490 +4.073
00500 +4.292
00510 +4.506
00520 +4.693
00530 +4.839
00540 +4.940
00550 +5.002
00560 +5.039
00570 +5.070
00580 +5.109
00590 +5.162
00600 +5.227
00610 +5.292
00620 +5.341
00630 +5.361
00640 +5.345
00650 +5.295
00660 +5.223
00670 +5.148
00680 +5.089
00690 +5.063
00700 +5.073
00710 +5.115
00720 +5.173
00730 +5.231
00740 +5.279
00750 +5.314
00760 +5.345
00770 +5.387
00780 +5.459
00790 +5.574
00800 +5.732
00810 +5.922
00820 +6.124
00830 +6.318
00840 +6.489
00850 +6.629
00860 +6.743
00870 +6.840
00880 +6.935
00890 +7.036
00900 +7.145
00910 +7.256
00920 +7.353
00930 +7.421
00940 +7.449
00950 +7.432
00960 +7.374
00970 +7.290
00980 +7.195
00990 +7.105
01000 +7.031
01010 +6.974
01020 +6.927
01030 +6.879
01040 +6.819
01050 +6.744
01060 +6.658
01070 +6.576
01080 +6.514
01090 +6.491
01100 +6.517
01110 +6.591
01120 +6.702
01130 +6.835
01140 +6.977
01150 +7.118
01160 +7.260
01170 +7.410
01180 +7.580
01190 +7.778
01200 +8.007
01210 +8.259
01220 +8.522
01230 +8.778
01240 +9.015
01250 +9.225
01260 +9.406
01270 +9.563
01280 +9.704
01290 +9.835
01300 +9.961
01310 +10.079
01320 +10.184
01330 +10.267
01340 +10.322
01350 +10.344
01360 +10.335
01370 +10.300
01380 +10.249
01390 +10.191
01400 +10.135
01410 +10.086
01420 +10.043
01430 +10.004
01440 +9.964
01450 +9.922
01460 +9.878
01470 +9.836
01480 +9.805
01490 +9.795
01500 +9.815
01510 +9.871
01520 +9.964
01530 +10.089
01540 +10.238
01550 +10.402
01560 +10.574
01570 +10.748
01580 +10.922
01590 +11.095
01600 +11.264
01610 +11.427
01620 +11.578
01630 +11.708
01640 +11.810
01650 +11.876
01660 +11.904
01670 +11.895
01680 +11.853
01690 +11.786
01700 +11.703
01710 +11.611
01720 +11.516
01730 +11.421
01740 +11.322
01750 +11.219
01760 +11.109
01770 +10.991
01780 +10.866
01790 +10.738
01800 +10.613
01810 +10.497
01820 +10.393
01830 +10.302
01840 +10.222
01850 +10.149
01860 +10.078
01870 +10.006
01880 +9.932
01890 +9.858
01900 +9.788
01910 +9.727
01920 +9.679
01930 +9.646
01940 +9.626
01950 +9.614
01960 +9.604
01970 +9.592
01980 +9.573
01990 +9.549
02000 +9.521
02010 +9.492
02020 +9.466
02030 +9.442
02040 +9.417
02050 +9.386
02060 +9.341
02070 +9.278
02080 +9.193
02090 +9.087
02100 +8.963
02110 +8.826
02120 +8.682
02130 +8.536
02140 +8.390
02150 +8.242
02160 +8.092
02170 +7.938
02180 +7.780
02190 +7.618
02200 +7.457
02210 +7.303
02220 +7.160
02230 +7.034
02240 +6.926
02250 +6.835
02260 +6.760
02270 +6.696
02280 +6.641
02290 +6.594
02300 +6.558
02310 +6.536
02320 +6.533
02330 +6.552
02340 +6.594
02350 +6.656
02360 +6.734
02370 +6.823
02380 +6.918
02390 +7.015
02400 +7.116
02410 +7.219
02420 +7.329
02430 +7.445
02440 +7.565
02450 +7.688
02460 +7.807
02470 +7.918
02480 +8.018
02490 +8.104
02500 +8.176
02510 +8.237
02520 +8.290
02530 +8.337
02540 +8.379
02550 +8.417
02560 +8.449
02570 +8.473
02580 +8.487
02590 +8.493
02600 +8.489
02610 +8.480
02620 +8.469
02630 +8.459
02640 +8.454
02650 +8.453
02660 +8.458
02670 +8.468
02680 +8.480
02690 +8.497
02700 +8.518
02710 +8.546
02720 +8.585
02730 +8.640
02740 +8.711
02750 +8.801
02760 +8.908
02770 +9.028
02780 +9.158
02790 +9.291
02800 +9.426
02810 +9.557
02820 +9.682
02830 +9.799
02840 +9.905
02850 +9.995
02860 +10.069
02870 +10.123
02880 +10.155
02890 +10.167
02900 +10.159
02910 +10.134
02920 +10.096
02930 +10.048
02940 +9.994
02950 +9.936
02960 +9.875
02970 +9.812
02980 +9.746
02990 +9.677
03000 +9.604
03010 +9.527
03020 +9.448
03030 +9.368
03040 +9.288
03050 +9.210
03060 +9.133
03070 +9.057
03080 +8.981
03090 +8.902
03100 +8.819
03110 +8.731
03120 +8.640
03130 +8.545
03140 +8.448
03150 +8.352
03160 +8.256
03170 +8.160
03180 +8.064
03190 +7.965
03200 +7.864
03210 +7.760
03220 +7.653
03230 +7.548
03240 +7.445
03250 +7.348
03260 +7.258
03270 +7.175
03280 +7.100
03290 +7.032
03300 +6.968
03310 +6.909
03320 +6.856
03330 +6.808
03340 +6.767
03350 +6.734
03360 +6.710
03370 +6.693
03380 +6.682
03390 +6.674
03400 +6.668
03410 +6.662
03420 +6.654
03430 +6.645
03440 +6.636
03450 +6.626
03460 +6.618
03470 +6.609
03480 +6.600
03490 +6.589
03500 +6.572
03510 +6.547
03520 +6.515
03530 +6.474
03540 +6.426
03550 +6.371
03560 +6.311
03570 +6.245
03580 +6.172
03590 +6.091
03600 +5.998
03610 +5.892
03620 +5.772
03630 +5.638
03640 +5.493
03650 +5.338
03660 +5.178
03670 +5.013
03680 +4.847
03690 +4.679
03700 +4.510
03710 +4.341
03720 +4.177
03730 +4.021
03740 +3.879
03750 +3.757
03760 +3.659
03770 +3.586
03780 +3.539
03790 +3.515
03800 +3.510
03810 +3.523
03820 +3.550
03830 +3.591
03840 +3.644
03850 +3.709
03860 +3.783
03870 +3.865
03880 +3.952
03890 +4.041
03900 +4.130
03910 +4.216
03920 +4.299
03930 +4.378
03940 +4.453
03950 +4.526
03960 +4.597
03970 +4.667
03980 +4.736
03990 +4.803
04000 +4.867
04010 +4.926
04020 +4.980
04030 +5.029
04040 +5.074
04050 +5.116
04060 +5.158
04070 +5.201
04080 +5.245
04090 +5.289
04100 +5.332
04110 +5.374
04120 +5.413
04130 +5.448
04140 +5.482
04150 +5.514
04160 +5.548
04170 +5.583
04180 +5.620
04190 +5.658
04200 +5.696
04210 +5.730
04220 +5.761
04230 +5.787
04240 +5.808
04250 +5.825
04260 +5.840
04270 +5.854
04280 +5.867
04290 +5.879
04300 +5.887
04310 +5.892
04320 +5.892
04330 +5.885
04340 +5.872
04350 +5.854
04360 +5.833
04370 +5.811
04380 +5.788
04390 +5.764
04400 +5.740
04410 +5.714
04420 +5.684
04430 +5.649
04440 +5.610
04450 +5.568
04460 +5.524
04470 +5.481
04480 +5.441
04490 +5.404
04500 +5.372
04510 +5.342
04520 +5.314
04530 +5.286
04540 +5.258
04550 +5.232
04560 +5.209
04570 +5.192
04580 +5.183
04590 +5.183
04600 +5.193
04610 +5.211
04620 +5.234
04630 +5.260
04640 +5.287
04650 +5.314
04660 +5.343
04670 +5.374
04680 +5.410
04690 +5.452
04700 +5.497
04710 +5.545
04720 +5.591
04730 +5.634
04740 +5.670
04750 +5.699
04760 +5.723
04770 +5.744
04780 +5.765
04790 +5.789
04800 +5.815
04810 +5.843
04820 +5.871
04830 +5.897
04840 +5.921
04850 +5.942
04860 +5.964
04870 +5.989
04880 +6.022
04890 +6.065
04900 +6.119
04910 +6.185
04920 +6.261
04930 +6.343
04940 +6.430
04950 +6.522
04960 +6.619
04970 +6.723
04980 +6.835
04990 +6.958
05000 +7.090
05010 +7.229
05020 +7.373
05030 +7.518
05040 +7.661
05050 +7.799
05060 +7.934
05070 +8.064
05080 +8.192
05090 +8.319
05100 +8.446
05110 +8.571
05120 +8.694
05130 +8.811
05140 +8.922
05150 +9.024
05160 +9.117
05170 +9.204
05180 +9.284
05190 +9.362
05200 +9.437
05210 +9.512
05220 +9.585
05230 +9.656
05240 +9.722
05250 +9.782
05260 +9.836
05270 +9.885
05280 +9.930
05290 +9.974
05300 +10.018
05310 +10.064
05320 +10.111
05330 +10.159
05340 +10.206
05350 +10.250
05360 +10.290
05370 +10.328
05380 +10.363
05390 +10.397
05400 +10.431
05410 +10.468
05420 +10.506
05430 +10.546
05440 +10.586
05450 +10.625
05460 +10.661
05470 +10.693
05480 +10.723
05490 +10.750
05500 +10.777
05510 +10.805
05520 +10.834
05530 +10.866
05540 +10.898
05550 +10.929
05560 +10.959
05570 +10.985
05580 +11.008
05590 +11.029
05600 +11.049
05610 +11.070
05620 +11.092
05630 +11.115
05640 +11.140
05650 +11.166
05660 +11.189
05670 +11.211
05680 +11.228
05690 +11.243
05700 +11.256
05710 +11.267
05720 +11.279
05730 +11.291
05740 +11.303
05750 +11.315
05760 +11.325
05770 +11.331
05780 +11.334
05790 +11.331
05800 +11.325
05810 +11.316
05820 +11.305
05830 +11.294
05840 +11.282
05850 +11.270
05860 +11.257
05870 +11.242
05880 +11.224
05890 +11.202
05900 +11.177
05910 +11.150
05920 +11.123
05930 +11.097
05940 +11.072
05950 +11.049
05960 +11.027
05970 +11.006
05980 +10.984
05990 +10.961
06000 +10.936
06010 +10.912
06020 +10.888
06030 +10.866
06040 +10.847
06050 +10.831
06060 +10.819
06070 +10.809
06080 +10.800
06090 +10.792
06100 +10.785
06110 +10.779
06120 +10.774
06130 +10.773
06140 +10.777
06150 +10.784
06160 +10.797
06170 +10.813
06180 +10.832
06190 +10.854
06200 +10.877
06210 +10.902
06220 +10.929
06230 +10.959
06240 +10.992
06250 +11.030
06260 +11.071
06270 +11.115
06280 +11.161
06290 +11.208
06300 +11.255
06310 +11.303
06320 +11.350
06330 +11.399
06340 +11.449
06350 +11.501
06360 +11.555
06370 +11.610
06380 +11.666
06390 +11.722
06400 +11.778
06410 +11.834
06420 +11.889
06430 +11.945
06440 +12.002
06450 +12.060
06460 +12.120
06470 +12.182
06480 +12.244
06490 +12.307
06500 +12.370
06510 +12.433
06520 +12.496
06530 +12.559
06540 +12.623
06550 +12.687
06560 +12.753
06570 +12.819
06580 +12.885
06590 +12.951
06600 +13.015
06610 +13.079
06620 +13.141
06630 +13.202
06640 +13.263
06650 +13.323
06660 +13.382
06670 +13.440
06680 +13.497
06690 +13.553
06700 +13.607
06710 +13.658
06720 +13.708
06730 +13.756
06740 +13.802
06750 +13.847
06760 +13.890
06770 +13.932
06780 +13.972
06790 +14.010
06800 +14.045
06810 +14.077
06820 +14.107
06830 +14.134
06840 +14.159
06850 +14.182
06860 +14.202
06870 +14.221
06880 +14.237
06890 +14.251
06900 +14.262
06910 +14.270
06920 +14.277
06930 +14.281
06940 +14.284
06950 +14.287
06960 +14.289
06970 +14.292
06980 +14.294
06990 +14.297
07000 +14.300
07010 +14.304
07020 +14.309
07030 +14.316
07040 +14.325
07050 +14.337
07060 +14.352
07070 +14.371
07080 +14.393
07090 +14.417
07100 +14.445
07110 +14.475
07120 +14.508
07130 +14.543
07140 +14.582
07150 +14.623
07160 +14.667
07170 +14.713
07180 +14.761
07190 +14.811
07200 +14.861
07210 +14.912
07220 +14.962
07230 +15.012
07240 +15.061
07250 +15.110
07260 +15.158
07270 +15.204
07280 +15.250
07290 +15.293
07300 +15.333
07310 +15.371
07320 +15.406
07330 +15.438
07340 +15.467
07350 +15.494
07360 +15.518
07370 +15.541
07380 +15.562
07390 +15.581
07400 +15.598
07410 +15.613
07420 +15.626
07430 +15.637
07440 +15.647
07450 +15.656
07460 +15.665
07470 +15.672
07480 +15.679
07490 +15.685
07500 +15.690
07510 +15.693
07520 +15.694
07530 +15.694
07540 +15.692
07550 +15.688
07560 +15.683
07570 +15.676
07580 +15.666
07590 +15.654
07600 +15.638
07610 +15.620
07620 +15.599
07630 +15.574
07640 +15.547
07650 +15.518
07660 +15.486
07670 +15.453
07680 +15.418
07690 +15.381
07700 +15.342
07710 +15.302
07720 +15.262
07730 +15.223
07740 +15.185
07750 +15.149
07760 +15.117
07770 +15.088
07780 +15.063
07790 +15.041
07800 +15.023
07810 +15.009
07820 +14.999
07830 +14.994
07840 +14.996
07850 +15.004
07860 +15.018
07870 +15.037
07880 +15.061
07890 +15.088
07900 +15.117
07910 +15.147
07920 +15.179
07930 +15.212
07940 +15.248
07950 +15.284
07960 +15.322
07970 +15.359
07980 +15.394
07990 +15.424
08000 +15.450
08010 +15.469
08020 +15.482
08030 +15.490
08040 +15.495
08050 +15.496
08060 +15.495
08070 +15.491
08080 +15.484
08090 +15.473
08100 +15.457
08110 +15.438
08120 +15.417
08130 +15.395
08140 +15.377
08150 +15.362
08160 +15.354
08170 +15.352
08180 +15.356
08190 +15.364
08200 +15.376
08210 +15.389
08220 +15.405
08230 +15.425
08240 +15.451
08250 +15.483
08260 +15.523
08270 +15.570
08280 +15.621
08290 +15.675
08300 +15.729
08310 +15.782
08320 +15.833
08330 +15.883
08340 +15.934
08350 +15.987
08360 +16.044
08370 +16.104
08380 +16.166
08390 +16.229
08400 +16.289
08410 +16.347
08420 +16.402
08430 +16.454
08440 +16.506
08450 +16.561
08460 +16.620
08470 +16.685
08480 +16.755
08490 +16.830
08500 +16.907
08510 +16.985
08520 +17.064
08530 +17.145
08540 +17.228
08550 +17.317
08560 +17.414
08570 +17.521
08580 +17.637
08590 +17.761
08600 +17.891
08610 +18.025
08620 +18.161
08630 +18.299
08640 +18.438
08650 +18.580
08660 +18.728
08670 +18.882
08680 +19.043
08690 +19.210
08700 +19.379
08710 +19.548
08720 +19.714
08730 +19.875
08740 +20.030
08750 +20.181
08760 +20.329
08770 +20.475
08780 +20.620
08790 +20.763
08800 +20.902
08810 +21.033
08820 +21.155
08830 +21.264
08840 +21.360
08850 +21.443
08860 +21.515
08870 +21.579
08880 +21.635
08890 +21.686
08900 +21.730
08910 +21.765
08920 +21.790
08930 +21.802
08940 +21.802
08950 +21.788
08960 +21.765
08970 +21.735
08980 +21.701
08990 +21.664
09000 +21.626
09010 +21.585
09020 +21.540
09030 +21.488
09040 +21.429
09050 +21.362
09060 +21.289
09070 +21.211
09080 +21.133
09090 +21.055
09100 +20.980
09110 +20.906
09120 +20.832
09130 +20.757
09140 +20.676
09150 +20.591
09160 +20.502
09170 +20.409
09180 +20.317
09190 +20.228
09200 +20.144
09210 +20.064
09220 +19.989
09230 +19.916
09240 +19.844
09250 +19.770
09260 +19.695
09270 +19.621
09280 +19.549
09290 +19.482
09300 +19.423
09310 +19.373
09320 +19.332
09330 +19.298
09340 +19.269
09350 +19.244
09360 +19.220
09370 +19.199
09380 +19.181
09390 +19.170
09400 +19.168
09410 +19.176
09420 +19.193
09430 +19.220
09440 +19.254
09450 +19.291
09460 +19.331
09470 +19.373
09480 +19.416
09490 +19.462
09500 +19.514
09510 +19.573
09520 +19.640
09530 +19.713
09540 +19.791
09550 +19.870
09560 +19.950
09570 +20.027
09580 +20.101
09590 +20.174
09600 +20.246
09610 +20.320
09620 +20.396
09630 +20.474
09640 +20.552
09650 +20.627
09660 +20.698
09670 +20.761
09680 +20.817
09690 +20.863
09700 +20.903
09710 +20.936
09720 +20.965
09730 +20.990
09740 +21.009
09750 +21.023
09760 +21.028
09770 +21.022
09780 +21.005
09790 +20.977
09800 +20.939
09810 +20.893
09820 +20.842
09830 +20.786
09840 +20.728
09850 +20.667
09860 +20.601
09870 +20.530
09880 +20.453
09890 +20.371
09900 +20.283
09910 +20.193
09920 +20.102
09930 +20.012
09940 +19.925
09950 +19.841
09960 +19.758
09970 +19.677
09980 +19.595
09990 +19.512
10000 +19.429
10010 +19.346
10020 +19.264
10030 +19.186
10040 +19.113
10050 +19.044
10060 +18.980
10070 +18.920
10080 +18.861
10090 +18.804
10100 +18.747
10110 +18.691
10120 +18.637
10130 +18.587
10140 +18.540
10150 +18.499
10160 +18.462
10170 +18.430
10180 +18.401
10190 +18.375
10200 +18.349
10210 +18.325
10220 +18.303
10230 +18.284
10240 +18.268
10250 +18.258
10260 +18.253
10270 +18.254
10280 +18.259
10290 +18.268
10300 +18.280
10310 +18.294
10320 +18.311
10330 +18.333
10340 +18.359
10350 +18.391
10360 +18.431
10370 +18.478
10380 +18.531
10390 +18.591
10400 +18.656
10410 +18.726
10420 +18.802
10430 +18.883
10440 +18.972
10450 +19.069
10460 +19.175
10470 +19.290
10480 +19.413
10490 +19.543
10500 +19.680
10510 +19.822
10520 +19.969
10530 +20.120
10540 +20.277
10550 +20.438
10560 +20.602
10570 +20.769
10580 +20.936
10590 +21.101
10600 +21.261
10610 +21.415
10620 +21.561
10630 +21.698
10640 +21.825
10650 +21.940
10660 +22.043
10670 +22.132
10680 +22.207
10690 +22.267
10700 +22.312
10710 +22.342
10720 +22.358
10730 +22.362
10740 +22.355
10750 +22.338
10760 +22.314
10770 +22.282
10780 +22.245
10790 +22.203
10800 +22.157
10810 +22.107
10820 +22.055
10830 +22.003
10840 +21.951
10850 +21.900
10860 +21.851
10870 +21.805
10880 +21.760
10890 +21.718
10900 +21.677
10910 +21.638
10920 +21.600
10930 +21.565
10940 +21.532
10950 +21.502
10960 +21.476
10970 +21.454
10980 +21.434
10990 +21.417
11000 +21.401
11010 +21.386
11020 +21.372
11030 +21.358
11040 +21.347
11050 +21.338
11060 +21.333
11070 +21.331
11080 +21.333
11090 +21.339
11100 +21.346
11110 +21.354
11120 +21.364
11130 +21.376
11140 +21.390
11150 +21.409
11160 +21.433
11170 +21.464
11180 +21.502
11190 +21.546
11200 +21.596
11210 +21.649
11220 +21.706
11230 +21.766
11240 +21.830
11250 +21.900
11260 +21.977
11270 +22.063
11280 +22.158
11290 +22.261
11300 +22.371
11310 +22.486
11320 +22.603
11330 +22.723
11340 +22.845
11350 +22.970
11360 +23.101
11370 +23.238
11380 +23.382
11390 +23.532
11400 +23.685
11410 +23.839
11420 +23.990
11430 +24.136
11440 +24.276
11450 +24.411
11460 +24.541
11470 +24.667
11480 +24.791
11490 +24.910
11500 +25.023
11510 +25.126
11520 +25.215
11530 +25.288
11540 +25.345
11550 +25.387
11560 +25.417
11570 +25.438
11580 +25.452
11590 +25.462
11600 +25.467
11610 +25.466
11620 +25.458
11630 +25.443
11640 +25.421
11650 +25.393
11660 +25.363
11670 +25.335
11680 +25.311
11690 +25.294
11700 +25.284
11710 +25.280
11720 +25.280
11730 +25.282
11740 +25.284
11750 +25.285
11760 +25.288
11770 +25.294
11780 +25.306
11790 +25.325
11800 +25.353
11810 +25.388
11820 +25.427
11830 +25.468
11840 +25.508
11850 +25.545
11860 +25.581
11870 +25.617
11880 +25.656
11890 +25.701
11900 +25.753
11910 +25.814
11920 +25.881
11930 +25.952
11940 +26.025
11950 +26.098
11960 +26.173
11970 +26.251
11980 +26.336
11990 +26.430
12000 +26.536
12010 +26.657
12020 +26.792
12030 +26.939
12040 +27.096
12050 +27.262
12060 +27.435
12070 +27.615
12080 +27.804
12090 +28.004
12100 +28.217
12110 +28.443
12120 +28.683
12130 +28.933
12140 +29.186
12150 +29.436
12160 +29.675
12170 +29.894
12180 +30.088
12190 +30.252
12200 +30.382
12210 +30.476
12220 +30.530
12230 +30.539
12240 +30.495
12250 +30.394
12260 +30.233
12270 +30.017
12280 +29.754
12290 +29.459
12300 +29.143
12310 +28.820
12320 +28.495
12330 +28.173
12340 +27.854
12350 +27.536
12360 +27.222
12370 +26.911
12380 +26.609
12390 +26.321
12400 +26.051
12410 +25.803
12420 +25.577
12430 +25.371
12440 +25.184
12450 +25.011
12460 +24.848
12470 +24.695
12480 +24.551
12490 +24.417
12500 +24.297
12510 +24.190
12520 +24.097
12530 +24.016
12540 +23.943
12550 +23.873
12560 +23.801
12570 +23.724
12580 +23.640
12590 +23.549
12600 +23.451
12610 +23.349
12620 +23.243
12630 +23.131
12640 +23.012
12650 +22.881
12660 +22.736
12670 +22.574
12680 +22.398
12690 +22.209
12700 +22.012
12710 +21.813
12720 +21.615
12730 +21.419
12740 +21.225
12750 +21.029
12760 +20.831
12770 +20.630
12780 +20.427
12790 +20.226
12800 +20.031
12810 +19.847
12820 +19.675
12830 +19.516
12840 +19.366
12850 +19.223
12860 +19.083
12870 +18.944
12880 +18.806
12890 +18.674
12900 +18.549
12910 +18.436
12920 +18.336
12930 +18.246
12940 +18.164
12950 +18.084
12960 +18.002
12970 +17.914
12980 +17.820
12990 +17.722
13000 +17.625
13010 +17.531
13020 +17.444
13030 +17.362
13040 +17.281
13050 +17.196
13060 +17.102
13070 +16.996
13080 +16.882
13090 +16.764
13100 +16.650
13110 +16.547
13120 +16.461
13130 +16.390
13140 +16.331
13150 +16.276
13160 +16.220
13170 +16.160
13180 +16.096
13190 +16.033
13200 +15.980
13210 +15.941
13220 +15.922
13230 +15.919
13240 +15.927
13250 +15.939
13260 +15.946
13270 +15.944
13280 +15.933
13290 +15.918
13300 +15.906
13310 +15.904
13320 +15.916
13330 +15.943
13340 +15.980
13350 +16.019
13360 +16.050
13370 +16.069
13380 +16.072
13390 +16.062
13400 +16.048
13410 +16.037
13420 +16.037
13430 +16.051
13440 +16.075
13450 +16.102
13460 +16.120
13470 +16.121
13480 +16.100
13490 +16.060
13500 +16.010
13510 +15.961
13520 +15.927
13530 +15.913
13540 +15.918
13550 +15.935
13560 +15.951
13570 +15.956
13580 +15.945
13590 +15.918
13600 +15.886
13610 +15.861
13620 +15.855
13630 +15.875
13640 +15.920
13650 +15.980
13660 +16.040
13670 +16.088
13680 +16.114
13690 +16.116
13700 +16.101
13710 +16.078
13720 +16.061
13730 +16.057
13740 +16.067
13750 +16.085
13760 +16.097
13770 +16.087
13780 +16.044
13790 +15.961
13800 +15.843
13810 +15.700
13820 +15.547
13830 +15.400
13840 +15.265
13850 +15.143
13860 +15.024
13870 +14.892
13880 +14.737
13890 +14.552
13900 +14.343
13910 +14.127
13920 +13.923
13930 +13.753
13940 +13.629
13950 +13.551
13960 +13.508
13970 +13.481
13980 +13.452
13990 +13.411
14000 +13.360
14010 +13.308
14020 +13.272
14030 +13.268
14040 +13.304
14050 +13.378
14060 +13.477
14070 +13.582
14080 +13.676
14090 +13.746
14100 +13.791
14110 +13.817
14120 +13.840
14130 +13.875
14140 +13.935
14150 +14.023
14160 +14.131
14170 +14.242
14180 +14.340
14190 +14.413
14200 +14.455
14210 +14.473
14220 +14.480
14230 +14.495
14240 +14.533
14250 +14.598
14260 +14.686
14270 +14.783
14280 +14.874
14290 +14.946
14300 +14.993
14310 +15.019
14320 +15.035
14330 +15.057
14340 +15.099
14350 +15.165
14360 +15.254
14370 +15.355
14380 +15.455
14390 +15.542
14400 +15.607
14410 +15.651
14420 +15.681
14430 +15.706
14440 +15.739
14450 +15.787
14460 +15.854
14470 +15.934
14480 +16.017
14490 +16.091
14500 +16.145
14510 +16.176
14520 +16.185
14530 +16.182
14540 +16.178
14550 +16.185
14560 +16.210
14570 +16.252
14580 +16.303
14590 +16.351
14600 +16.386
14610 +16.399
14620 +16.391
14630 +16.371
14640 +16.350
14650 +16.341
14660 +16.353
14670 +16.385
14680 +16.431
14690 +16.478
14700 +16.515
14710 +16.535
14720 +16.534
14730 +16.518
14740 +16.494
14750 +16.472
14760 +16.457
14770 +16.452
14780 +16.452
14790 +16.449
14800 +16.433
14810 +16.397
14820 +16.334
14830 +16.244
14840 +16.132
14850 +16.003
14860 +15.865
14870 +15.724
14880 +15.581
14890 +15.434
14900 +15.276
14910 +15.096
14920 +14.886
14930 +14.641
14940 +14.361
14950 +14.053
14960 +13.728
14970 +13.400
14980 +13.081
14990 +12.776
15000 +12.482
15010 +12.191
15020 +11.894
15030 +11.587
15040 +11.278
15050 +10.989
15060 +10.750
15070 +10.594
15080 +10.541
15090 +10.593
15100 +10.731
15110 +10.926
15120 +11.154
15130 +11.404
15140 +11.674
15150 +11.971
15160 +12.302
15170 +12.670
15180 +13.067
15190 +13.477
15200 +13.882
15210 +14.265
15220 +14.617
15230 +14.935
15240 +15.221
15250 +15.484
15260 +15.735
15270 +15.979
15280 +16.221
15290 +16.455
15300 +16.674
15310 +16.868
15320 +17.027
15330 +17.149
15340 +17.233
15350 +17.289
15360 +17.325
15370 +17.355
15380 +17.385
15390 +17.419
15400 +17.454
15410 +17.481
15420 +17.492
15430 +17.485
15440 +17.461
15450 +17.430
15460 +17.408
15470 +17.409
15480 +17.446
15490 +17.520
15500 +17.625
15510 +17.749
15520 +17.878
15530 +18.006
15540 +18.130
15550 +18.255
15560 +18.392
15570 +18.549
15580 +18.731
15590 +18.935
15600 +19.153
15610 +19.370
15620 +19.574
15630 +19.756
15640 +19.914
15650 +20.051
15660 +20.175
15670 +20.297
15680 +20.422
15690 +20.553
15700 +20.687
15710 +20.812
15720 +20.919
15730 +20.998
15740 +21.047
15750 +21.070
15760 +21.076
15770 +21.081
15780 +21.098
15790 +21.134
15800 +21.192
15810 +21.265
15820 +21.345
15830 +21.423
15840 +21.497
15850 +21.573
15860 +21.664
15870 +21.784
15880 +21.948
15890 +22.161
15900 +22.420
15910 +22.711
15920 +23.019
15930 +23.328
15940 +23.626
15950 +23.911
15960 +24.186
15970 +24.456
15980 +24.726
15990 +24.999
16000 +25.268
16010 +25.522
16020 +25.746
16030 +25.925
16040 +26.050
16050 +26.118
16060 +26.133
16070 +26.108
16080 +26.056
16090 +25.988
16100 +25.911
16110 +25.825
16120 +25.725
16130 +25.603
16140 +25.454
16150 +25.279
16160 +25.085
16170 +24.883
16180 +24.691
16190 +24.521
16200 +24.385
16210 +24.283
16220 +24.212
16230 +24.161
16240 +24.121
16250 +24.087
16260 +24.058
16270 +24.041
16280 +24.046
16290 +24.083
16300 +24.157
16310 +24.266
16320 +24.401
16330 +24.550
16340 +24.698
16350 +24.833
16360 +24.951
16370 +25.051
16380 +25.140
16390 +25.223
16400 +25.309
16410 +25.399
16420 +25.492
16430 +25.579
16440 +25.650
16450 +25.696
16460 +25.710
16470 +25.692
16480 +25.648
16490 +25.588
16500 +25.525
16510 +25.467
16520 +25.420
16530 +25.379
16540 +25.339
16550 +25.290
16560 +25.225
16570 +25.143
16580 +25.048
16590 +24.952
16600 +24.868
16610 +24.806
16620 +24.772
16630 +24.764
16640 +24.775
16650 +24.794
16660 +24.809
16670 +24.814
16680 +24.808
16690 +24.795
16700 +24.782
16710 +24.776
16720 +24.782
16730 +24.799
16740 +24.823
16750 +24.844
16760 +24.852
16770 +24.841
16780 +24.807
16790 +24.751
16800 +24.681
16810 +24.606
16820 +24.534
16830 +24.472
16840 +24.420
16850 +24.372
16860 +24.321
16870 +24.258
16880 +24.175
16890 +24.071
16900 +23.951
16910 +23.824
16920 +23.701
16930 +23.591
16940 +23.498
16950 +23.419
16960 +23.347
16970 +23.270
16980 +23.181
16990 +23.077
17000 +22.962
17010 +22.846
17020 +22.743
17030 +22.666
17040 +22.621
17050 +22.607
17060 +22.615
17070 +22.636
17080 +22.658
17090 +22.675
17100 +22.686
17110 +22.697
17120 +22.710
17130 +22.731
17140 +22.760
17150 +22.792
17160 +22.820
17170 +22.838
17180 +22.837
17190 +22.813
17200 +22.766
17210 +22.696
17220 +22.611
17230 +22.517
17240 +22.420
17250 +22.323
17260 +22.226
17270 +22.125
17280 +22.013
17290 +21.884
17300 +21.733
17310 +21.559
17320 +21.364
17330 +21.157
17340 +20.943
17350 +20.730
17360 +20.518
17370 +20.308
17380 +20.095
17390 +19.875
17400 +19.648
17410 +19.418
17420 +19.194
17430 +18.988
17440 +18.812
17450 +18.677
17460 +18.585
17470 +18.535
17480 +18.521
17490 +18.535
17500 +18.570
17510 +18.618
17520 +18.676
17530 +18.738
17540 +18.804
17550 +18.869
17560 +18.931
17570 +18.988
17580 +19.035
17590 +19.068
17600 +19.084
17610 +19.080
17620 +19.055
17630 +19.007
17640 +18.939
17650 +18.852
17660 +18.746
17670 +18.623
17680 +18.482
17690 +18.322
17700 +18.142
17710 +17.941
17720 +17.723
17730 +17.489
17740 +17.249
17750 +17.010
17760 +16.782
17770 +16.577
17780 +16.404
17790 +16.273
17800 +16.197
17810 +16.187
17820 +16.252
17830 +16.395
17840 +16.613
17850 +16.892
17860 +17.214
17870 +17.560
17880 +17.912
17890 +18.261
17900 +18.600
17910 +18.929
17920 +19.248
17930 +19.558
17940 +19.857
17950 +20.140
17960 +20.399
17970 +20.628
17980 +20.823
17990 +20.983
18000 +21.112
18010 +21.217
18020 +21.305
18030 +21.383
18040 +21.450
18050 +21.504
18060 +21.537
18070 +21.539
18080 +21.507
18090 +21.439
18100 +21.344
18110 +21.235
18120 +21.125
18130 +21.029
18140 +20.954
18150 +20.902
18160 +20.869
18170 +20.849
18180 +20.837
18190 +20.832
18200 +20.837
18210 +20.858
18220 +20.903
18230 +20.976
18240 +21.075
18250 +21.194
18260 +21.325
18270 +21.456
18280 +21.577
18290 +21.683
18300 +21.771
18310 +21.845
18320 +21.912
18330 +21.980
18340 +22.054
18350 +22.136
18360 +22.225
18370 +22.312
18380 +22.389
18390 +22.447
18400 +22.481
18410 +22.493
18420 +22.489
18430 +22.479
18440 +22.475
18450 +22.484
18460 +22.510
18470 +22.548
18480 +22.592
18490 +22.631
18500 +22.660
18510 +22.679
18520 +22.694
18530 +22.718
18540 +22.767
18550 +22.855
18560 +22.990
18570 +23.171
18580 +23.392
18590 +23.641
18600 +23.906
18610 +24.179
18620 +24.457
18630 +24.744
18640 +25.047
18650 +25.377
18660 +25.738
18670 +26.132
18680 +26.554
18690 +26.990
18700 +27.426
18710 +27.848
18720 +28.243
18730 +28.609
18740 +28.953
18750 +29.287
18760 +29.627
18770 +29.986
18780 +30.367
18790 +30.762
18800 +31.155
18810 +31.524
18820 +31.848
18830 +32.114
18840 +32.325
18850 +32.500
18860 +32.663
18870 +32.837
18880 +33.034
18890 +33.246
18900 +33.454
18910 +33.624
18920 +33.730
18930 +33.755
18940 +33.708
18950 +33.614
18960 +33.510
18970 +33.425
18980 +33.374
18990 +33.353
19000 +33.339
19010 +33.303
19020 +33.216
19030 +33.066
19040 +32.862
19050 +32.629
19060 +32.397
19070 +32.197
19080 +32.043
19090 +31.934
19100 +31.851
19110 +31.769
19120 +31.661
19130 +31.512
19140 +31.319
19150 +31.099
19160 +30.875
19170 +30.675
19180 +30.516
19190 +30.405
19200 +30.332
19210 +30.276
19220 +30.213
19230 +30.121
19240 +29.991
19250 +29.826
19260 +29.642
19270 +29.462
19280 +29.307
19290 +29.192
19300 +29.119
19310 +29.075
19320 +29.041
19330 +28.990
19340 +28.903
19350 +28.770
19360 +28.596
19370 +28.398
19380 +28.201
19390 +28.032
19400 +27.907
19410 +27.829
19420 +27.784
19430 +27.745
19440 +27.685
19450 +27.581
19460 +27.428
19470 +27.245
19480 +27.064
19490 +26.924
19500 +26.856
19510 +26.867
19520 +26.943
19530 +27.049
19540 +27.146
19550 +27.204
19560 +27.210
19570 +27.175
19580 +27.127
19590 +27.101
19600 +27.126
19610 +27.214
19620 +27.356
19630 +27.522
19640 +27.676
19650 +27.785
19660 +27.829
19670 +27.803
19680 +27.724
19690 +27.622
19700 +27.525
19710 +27.455
19720 +27.415
19730 +27.388
19740 +27.343
19750 +27.244
19760 +27.065
19770 +26.793
19780 +26.438
19790 +26.027
19800 +25.603
19810 +25.206
19820 +24.866
19830 +24.591
19840 +24.363
19850 +24.152
19860 +23.923
19870 +23.654
19880 +23.341
19890 +23.008
19900 +22.698
19910 +22.460
19920 +22.331
19930 +22.320
19940 +22.400
19950 +22.524
19960 +22.643
19970 +22.720
19980 +22.743
19990 +22.725
20000 +22.699
20010 +22.706
20020 +22.779
20030 +22.926
20040 +23.129
20050 +23.348
20060 +23.542
20070 +23.674
20080 +23.725
20090 +23.697
20100 +23.609
20110 +23.494
20120 +23.387
20130 +23.312
20140 +23.272
20150 +23.248
20160 +23.212
20170 +23.131
20180 +22.982
20190 +22.756
20200 +22.468
20210 +22.145
20220 +21.833
20230 +21.574
20240 +21.396
20250 +21.302
20260 +21.267
20270 +21.253
20280 +21.224
20290 +21.157
20300 +21.052
20310 +20.933
20320 +20.841
20330 +20.824
20340 +20.908
20350 +21.092
20360 +21.342
20370 +21.612
20380 +21.860
20390 +22.060
20400 +22.205
20410 +22.310
20420 +22.406
20430 +22.528
20440 +22.701
20450 +22.928
20460 +23.193
20470 +23.462
20480 +23.704
20490 +23.891
20500 +24.012
20510 +24.068
20520 +24.078
20530 +24.069
20540 +24.071
20550 +24.103
20560 +24.171
20570 +24.260
20580 +24.345
20590 +24.399
20600 +24.400
20610 +24.339
20620 +24.221
20630 +24.071
20640 +23.922
20650 +23.814
20660 +23.771
20670 +23.794
20680 +23.860
20690 +23.931
20700 +23.970
20710 +23.954
20720 +23.877
20730 +23.759
20740 +23.639
20750 +23.568
20760 +23.579
20770 +23.671
20780 +23.808
20790 +23.932
20800 +23.992
20810 +23.954
20820 +23.814
20830 +23.595
20840 +23.345
20850 +23.116
20860 +22.943
20870 +22.825
20880 +22.733
20890 +22.629
20900 +22.482
20910 +22.281
20920 +22.032
20930 +21.757
20940 +21.491
20950 +21.269
20960 +21.114
20970 +21.034
20980 +21.016
20990 +21.035
21000 +21.064
21010 +21.079
21020 +21.066
21030 +21.026
21040 +20.972
21050 +20.929
21060 +20.927
21070 +20.988
21080 +21.120
21090 +21.305
21100 +21.512
21110 +21.706
21120 +21.862
21130 +21.967
21140 +22.030
21150 +22.073
21160 +22.132
21170 +22.238
21180 +22.410
21190 +22.636
21200 +22.885
21210 +23.117
21220 +23.298
21230 +23.411
21240 +23.457
21250 +23.454
21260 +23.438
21270 +23.445
21280 +23.501
21290 +23.607
21300 +23.737
21310 +23.853
21320 +23.915
21330 +23.901
21340 +23.807
21350 +23.649
21360 +23.461
21370 +23.290
21380 +23.177
21390 +23.141
21400 +23.168
21410 +23.220
21420 +23.255
21430 +23.240
21440 +23.165
21450 +23.046
21460 +22.919
21470 +22.838
21480 +22.855
21490 +22.995
21500 +23.240
21510 +23.541
21520 +23.842
21530 +24.100
21540 +24.299
21550 +24.448
21560 +24.582
21570 +24.747
21580 +24.987
21590 +25.320
21600 +25.726
21610 +26.155
21620 +26.553
21630 +26.873
21640 +27.097
21650 +27.227
21660 +27.289
21670 +27.320
21680 +27.357
21690 +27.426
21700 +27.525
21710 +27.624
21720 +27.683
21730 +27.669
21740 +27.563
21750 +27.368
21760 +27.104
21770 +26.807
21780 +26.522
21790 +26.290
21800 +26.131
21810 +26.037
21820 +25.975
21830 +25.905
21840 +25.795
21850 +25.629
21860 +25.413
21870 +25.175
21880 +24.955
21890 +24.799
21900 +24.737
21910 +24.768
21920 +24.859
21930 +24.963
21940 +25.034
21950 +25.044
21960 +24.990
21970 +24.890
21980 +24.782
21990 +24.710
22000 +24.708
22010 +24.784
22020 +24.915
22030 +25.055
22040 +25.159
22050 +25.194
22060 +25.149
22070 +25.037
22080 +24.888
22090 +24.743
22100 +24.643
22110 +24.609
22120 +24.635
22130 +24.691
22140 +24.732
22150 +24.723
22160 +24.644
22170 +24.495
22180 +24.298
22190 +24.091
22200 +23.917
22210 +23.812
22220 +23.787
22230 +23.824
22240 +23.883
22250 +23.920
22260 +23.902
22270 +23.818
22280 +23.680
22290 +23.519
22300 +23.382
22310 +23.312
22320 +23.333
22330 +23.435
22340 +23.578
22350 +23.713
22360 +23.799
22370 +23.813
22380 +23.760
22390 +23.666
22400 +23.573
22410 +23.527
22420 +23.557
22430 +23.664
22440 +23.817
22450 +23.970
22460 +24.079
22470 +24.119
22480 +24.084
22490 +23.992
22500 +23.879
22510 +23.790
22520 +23.760
22530 +23.805
22540 +23.910
22550 +24.036
22560 +24.142
22570 +24.192
22580 +24.172
22590 +24.087
22600 +23.967
22610 +23.852
22620 +23.786
22630 +23.797
22640 +23.885
22650 +24.020
22660 +24.158
22670 +24.256
22680 +24.288
22690 +24.250
22700 +24.161
22710 +24.060
22720 +23.995
22730 +24.002
22740 +24.088
22750 +24.233
22760 +24.392
22770 +24.519
22780 +24.581
22790 +24.569
22800 +24.495
22810 +24.393
22820 +24.306
22830 +24.273
22840 +24.312
22850 +24.412
22860 +24.538
22870 +24.649
22880 +24.711
22890 +24.706
22900 +24.639
22910 +24.534
22920 +24.426
22930 +24.356
22940 +24.348
22950 +24.408
22960 +24.512
22970 +24.626
22980 +24.713
22990 +24.751
23000 +24.731
23010 +24.666
23020 +24.585
23030 +24.526
23040 +24.522
23050 +24.588
23060 +24.714
23070 +24.873
23080 +25.028
23090 +25.149
23100 +25.222
23110 +25.250
23120 +25.255
23130 +25.270
23140 +25.331
23150 +25.458
23160 +25.652
23170 +25.891
23180 +26.144
23190 +26.380
23200 +26.581
23210 +26.744
23220 +26.883
23230 +27.023
23240 +27.192
23250 +27.413
23260 +27.691
23270 +28.015
23280 +28.361
23290 +28.703
23300 +29.019
23310 +29.300
23320 +29.546
23330 +29.769
23340 +29.988
23350 +30.219
23360 +30.470
23370 +30.738
23380 +31.007
23390 +31.253
23400 +31.454
23410 +31.594
23420 +31.666
23430 +31.674
23440 +31.634
23450 +31.567
23460 +31.490
23470 +31.415
23480 +31.343
23490 +31.262
23500 +31.161
23510 +31.025
23520 +30.850
23530 +30.639
23540 +30.403
23550 +30.162
23560 +29.932
23570 +29.726
23580 +29.548
23590 +29.389
23600 +29.235
23610 +29.074
23620 +28.893
23630 +28.692
23640 +28.475
23650 +28.256
23660 +28.047
23670 +27.862
23680 +27.705
23690 +27.573
23700 +27.454
23710 +27.337
23720 +27.212
23730 +27.075
23740 +26.931
23750 +26.791
23760 +26.667
23770 +26.571
23780 +26.511
23790 +26.482
23800 +26.478
23810 +26.488
23820 +26.503
23830 +26.521
23840 +26.544
23850 +26.581
23860 +26.639
23870 +26.721
23880 +26.826
23890 +26.946
23900 +27.071
23910 +27.192
23920 +27.303
23930 +27.400
23940 +27.486
23950 +27.563
23960 +27.633
23970 +27.694
23980 +27.743
23990 +27.776
