-0.003494469253988676 +0.001342830331129275
-0.004157496671151540 +0.001446992760439201
-0.001020656333066278 +0.001487697982987963
+0.002111334381751732 +0.000746553005091193
+0.000990439020638799 -0.001254291876652424
+0.000474481481244177 -0.002709174428385718
-0.000065262584571668 -0.001559145884746161
-0.000795752616392839 -0.001363098491637020
-0.001152703396422732 -0.000906437165597741
-0.001987994007101646 +0.001241181353027797
-0.000074913784068707 +0.000804354792717194
-0.000976369448601361 -0.000306163093519658
-0.000753819238296746 +0.000500167479801073
-0.000148189756418930 -0.000591939445255840
-0.000524948947955526 -0.000745285565047655
-0.001700167393981228 -0.000461571257545370
+0.000781073992764461 -0.000617194830072689
-0.001615066428657976 -0.000075157216524435
-0.000256849675104128 -0.000404029137902689
-0.001260961124943191 -0.000181155930510822
-0.000624763590082211 +0.000077577429912950
-0.001195320642731382 -0.001013174496242170
-0.000258052768858883 +0.000318941384039577
-0.001467152122306187 -0.000674936143473007
+0.000476900714254701 -0.000128337366757825
-0.001892367608843358 -0.000442699708693883
+0.000911484725885435 -0.000131506096754542
-0.001966291463492248 -0.000490535479761647
+0.000528425974982441 -0.000100395572388319
-0.002076613906700617 -0.000544747323299490
+0.000970437064164794 -0.000025738804524287
-0.002828377254460608 -0.000619991492222458
+0.001406294373275876 +0.000248610899544808
-0.003537421665634876 -0.000547405985438971
+0.001474004541430930 +0.000329610785960915
-0.003975925499688656 -0.000670832054143368
+0.001924887589402572 +0.000385136043894123
-0.004379188453926630 -0.001039664742443573
+0.002607378518317674 +0.000508792071838422
-0.004865203229337901 -0.001472443944866865
+0.004007897770842693 +0.000495194078226211
-0.006513890441805616 -0.001749964604554540
+0.005555935708904975 +0.000633742505702624
-0.008662905026459557 -0.001983198796901210
+0.008451071011017372 +0.001072854544460219
-0.013312783362868855 -0.002121711889827422
+0.017365219963902671 +0.001599550510918441
-0.029303384860425840 -0.002295218714834757
+0.151630528147112226 +0.002730182184332667
+0.654195806787667311 -0.002899404207749851
+0.633277637094077472 +0.004144720533828827
+0.532492946406420753 -0.005626290467101687
+0.527693467967157548 +0.007637050805959882
-0.052321691544932818 -0.008409266028796724
-0.865442464918218524 +0.208789368182431989
-0.833175751386768026 +0.382604103268993079
-0.434001647884026953 +0.359639894125371229
-0.129151953538072906 +0.294312810479230191
+0.136815861319474569 +0.195134277223705077
+0.219325262399518606 -0.046405401011641395
+0.209720294316773581 -0.415372919549003017
+0.192771968796886711 -0.330180471348860860
+0.152187768134533274 -0.161773021138580025
+0.052501701316683427 -0.100206537546987079
-0.070727351601772154 +0.058710359704104716
-0.008333512185722083 +0.145546342605397949
+0.006149519221057540 +0.111750630961731337
-0.070907279973988449 +0.077051976862328259
-0.052049225699497798 +0.067783320577876449
-0.047512164038224267 +0.030234237165863036
-0.044786567474659693 -0.020849113496503636
+0.041841629327238269 -0.027383740009295846
+0.031981133513710666 -0.013960092044461284
-0.020221294137692580 -0.015121286764785875
-0.009964826254006468 -0.015916928663444848
-0.001178658879567765 -0.019887564001470105
+0.017940337910121625 -0.027043076201133540
+0.019435670735120134 +0.003257984477640495
+0.012127305106831947 +0.014774993320792454
+0.015654393321468306 +0.007874038760300375
+0.020925708358223140 +0.011122348856329036
+0.027438552048699556 +0.027806466230917808
-0.003905070317091980 +0.029023608766202628
-0.031448762256256417 +0.015671884298952679
-0.026096029679881713 +0.012174317355306134
-0.013456548775801536 +0.003233027927718446
-0.023833524121402730 +0.005073980944747820
-0.027993048115556730 +0.018383230299128417
-0.027488075347020191 +0.014964053596974287
-0.013862825608760820 +0.009036221985355756
+0.000566901409778812 +0.008176721316709927
+0.009598622229014874 +0.003234843886578792
+0.003362746827794428 -0.003855097917990512
+0.005108850763800044 -0.006552691718628280
+0.020942141654032159 -0.008488088770048884
+0.017770626275426079 -0.014484132533238554
+0.004105571646834877 -0.015502259007339205
-0.006097156609474014 -0.013358202821116189
-0.010938699162997525 -0.013587723861414214
-0.013960524632669193 -0.002584910485660459
-0.009624140281744634 +0.004546934540898810
-0.010401692710376442 +0.006107685166257260
-0.014648223696846128 +0.007329258815498477
-0.000400078183771134 +0.000755465568549183
+0.003584477531501233 -0.000125703918502626
-0.003575847277135722 -0.003843061307700294
-0.007305235722236157 -0.011739859621150142
-0.001504369667139834 -0.013902060965277099
+0.000521651275494174 -0.012523041036288343
-0.002390249688184422 -0.010566770182233960
+0.000122889052173582 -0.005873567079260232
-0.000121303168519483 -0.004098611293705610
+0.002788967412496024 -0.005867814434186031
+0.006130256635591965 -0.002062066467620769
+0.006442580944803654 -0.003026474431934232
-0.002827737769747594 -0.003499645084338160
-0.003091019473882070 -0.005266367728306674
-0.001006229141600609 -0.002325701149787282
-0.008392543786500891 +0.001452595644170652
-0.005063346019852933 -0.001911422703843303
-0.007997123319237300 +0.002086499682330132
-0.005443399963239321 -0.001184655615212960
-0.001586296473447082 -0.001104546818332497
-0.000488806608944741 -0.000051873234831489
+0.003812953937419621 +0.000077079206589044
+0.002831211582455646 -0.000132628504842317
+0.005245872112457698 -0.001337774686480392
-0.000937778596450748 +0.002716900040895274
-0.004519755826371796 -0.000643075298579253
-0.003304386708400420 +0.000638086811151675
-0.003470935903093892 -0.000435263382065265
-0.005568932703613864 -0.000567642423443443
-0.004280932004222393 +0.000603246453840563
+0.000168403023022438 -0.001906595331061986
-0.002020729523443668 -0.000982474510158358
-0.002669329962070006 -0.003420219669557859
-0.004521772036937335 -0.000875878405137622
-0.002603254923446626 -0.002593954905202958
-0.001107204880516547 -0.002971171005929243
-0.003223634572538148 -0.000120240275833441
-0.004396575358990382 +0.000942895665264705
-0.006098661374880377 +0.002268355482301587
-0.000338702436732455 +0.000645250363284818
+0.000637736478490101 +0.003016542233041045
-0.000303032451109915 +0.000812485161931919
+0.002247527980561530 +0.000920628869231024
+0.005218318334507930 -0.000326881881528372
+0.004276535909981824 -0.002155920651305404
-0.000413827691677370 -0.000255497653395230
-0.007093714903364788 -0.002776999856706154
-0.007486088223437564 -0.002961424430091245
-0.006450359700357729 -0.002774501059932705
-0.009747948374673601 -0.000683798086712917
-0.010705720766632999 +0.000281389785027551
-0.008734881096145971 -0.000525130052734659
-0.003011419984416233 +0.000508091023366382
-0.001622158203016528 +0.001242696882516069
-0.002926902694976315 +0.000968235712393042
-0.000835404050283455 +0.000327885852966159
+0.000489420967866773 -0.002950543687014450
+0.002099837886254533 -0.004577526117861360
-0.006879057496201922 -0.004170069910584965
-0.018431275043219834 -0.006419059335983427
-0.027233891125262762 -0.006060715127360327
-0.027458277917951988 -0.004690221398284431
-0.029061228673526628 -0.001498498770360666
-0.011227780561708256 -0.001137309424794071
+0.015574945877072779 -0.006010389932279284
+0.037639779084246566 -0.009884013913762528
+0.033726469848172624 -0.013722939354613991
+0.005475686200254181 -0.012574557812976677
-0.000207269026651109 -0.011379417875456134
-0.020766656834561310 -0.001591759700626094
-0.026701494157090416 +0.007719205289376011
+0.007448933165765356 +0.015399208838359518
+0.021163384026092594 +0.005051280154406825
+0.019229692625291735 -0.001346314380575563
+0.031090786358886811 -0.003950628900410663
+0.011867292399788565 -0.011639807378837928
-0.002738763349848378 -0.004395922063790508
-0.003674009836366293 +0.006647912371504618
-0.005644699187947189 +0.018740238088525776
-0.003281411100603676 +0.013752226595841924
-0.001192981697684559 +0.010860471807084542
-0.000933465477337206 +0.007439837976055977
+0.003555167364249413 -0.004710825060215612
-0.007084902903211537 -0.005757409514297455
-0.001385349869849020 +0.001465155036747573
+0.002268528561387741 -0.003536372782757646
-0.005129454100584963 +0.001420731398545511
+0.005025958265835240 +0.003199150743718970
+0.001245867814492648 +0.001467644651768431
-0.002391561410041012 -0.000278202086947486
+0.003273398282504100 -0.000648098794775395
+0.000622904390737436 -0.001609510571282995
+0.001133454388386992 -0.001402107077472160
+0.001643256546773251 -0.001943212947755066
-0.000628665979125006 +0.000385954097647332
-0.000624430395744110 -0.000485045976190292
-0.001762060399590783 -0.001075078075314015
-0.003091732036756572 +0.002161596910281367
-0.000444960105320779 -0.001190683040477637
-0.002403562466181302 +0.000245765282240786
+0.000971169041830403 +0.000479553098885199
+0.002282317944654377 -0.000703082824696911
-0.000943455243748153 +0.001152776050157805
+0.001864348420953181 -0.000517544092224541
+0.000279541959161042 +0.000900656766621494
-0.000678789859514320 -0.000793893609891417
+0.000845231352020608 -0.000040989018075469
-0.000501323130986718 +0.000295879858717544
+0.000360159785461127 -0.000886858438747203
+0.000899334063383121 +0.000413286055364226
+0.000788508150008520 -0.000300876336657839
+0.000816522519581148 -0.000051417105167402
-0.000575834372712300 +0.000144905812676065
-0.000717375317981444 +0.000515063507185354
-0.000973236711285377 +0.000920384579509361
-0.002416030249053471 +0.000807677499775251
-0.001607353404323485 +0.001209902725386323
-0.001392670013113334 +0.000273319290692889
-0.001527204370698103 -0.000284067864339485
-0.001456853505503826 -0.000404309353806822
-0.000948259612847093 -0.001314564789743789
-0.001429353581511068 -0.001137090174302556
-0.001640154133959951 -0.001095380858814394
-0.000259628537308007 -0.000810180024441367
-0.001149605309712294 -0.000015021193537013
-0.000081108536279937 -0.000643059323802533
+0.000177248022407760 +0.000003166850570380
-0.000060407081688537 -0.000456270013948205
-0.000044495386580419 -0.000929397642551445
-0.000805844212499829 -0.000705271846709388
+0.000118205425192738 -0.000901073003058682
-0.000664611234263467 -0.000769917537873807
-0.000020353945763927 -0.000796477962566684
+0.000147323065319438 -0.000179416195247197
+0.000315343599517861 -0.000825990938064538
+0.000397615837487901 -0.000204995858131420
+0.000218201955641577 -0.000146679616303626
+0.000986453598538982 +0.000144773945464700
+0.000935312402961703 +0.000490186023400680
+0.002084029383855271 +0.000215804287255944
+0.001107052534549629 +0.001265120523941998
+0.001147722383520810 +0.000037592472849315
+0.000268587655404458 +0.000793611259485102
-0.000618280517867198 +0.000479238681498973
-0.000369694381852595 +0.000270237753843528
-0.001716590485375105 +0.000818631329123921
-0.000316389648020654 -0.000123663807011719
-0.001245484562597297 +0.000636601805333576
-0.000920907363619929 -0.000465140513991458
-0.000556967172582689 +0.000073320480831487
-0.001490850683728489 -0.000293445386176385
-0.000183778195498133 -0.000516110380557506
-0.000351894952599804 +0.000118671830539839
+0.000280898684127872 -0.000645750984474409
+0.000185621574307385 +0.000096088244777170
+0.000435281773227333 -0.000718994103898333
+0.000355578826377885 -0.000185358358451475
-0.000219638672212075 -0.000500668413426101
+0.000042119648218743 -0.000485863057483037
-0.000304659507997519 +0.000076408750655351
+0.000203987622146034 -0.000597769888393246
-0.000058910820728901 +0.000342113394113433
+0.000421305489191993 -0.000208963810845457
+0.000374096190735946 -0.000015161704214277
+0.000219875304229247 -0.000057230059958580
+0.000671663636667038 -0.000115221488942717
-0.000099198927446553 +0.000171296377214422
+0.000187632775315862 -0.000142778021979254
-0.000174670310926440 +0.000490132529159999
-0.000110166484566698 +0.000056973633293293
+0.000038560322369333 +0.000457219268533701
-0.000152025628073231 +0.000288165063372019
+0.000569178868619659 +0.000101058919422168
+0.000446746132774879 +0.000305447939438251
+0.000701028997385930 -0.000198051732754797
+0.000694338654526375 +0.000288534506386486
-0.000028885304008788 -0.000178043168136193
-0.000558527814677709 +0.000160309490140593
-0.001672439760318141 +0.000421309553807113
-0.001888444234396800 +0.000139597074021452
-0.001134998421071438 +0.000596517020854851
-0.000256473453401171 -0.000006340646330030
+0.000817378099092210 -0.000073223138340466
+0.001415598089124128 -0.000555771049623015
+0.000299521163255036 -0.001020556475902915
-0.000998479364314149 -0.000567109975975877
-0.002067848663550280 -0.000494861032364256
-0.001931749190167936 +0.000285762044470148
-0.000674811647393850 +0.000485801683401245
+0.000296190882631038 +0.000418069678764066
+0.001832049781172072 -0.000011176177497836
+0.001944195069236034 -0.000868809948671363
-0.000134789350195100 -0.001073236227979085
-0.000088231027612479 -0.000682513620734236
-0.000795601397983256 -0.000307502446610655
-0.002209723231055604 +0.000386041848184094
+0.000394576369854260 +0.000930693731897882
-0.000358131676157454 +0.000480569259460828
+0.000026172679006528 -0.000111206967119073
+0.000875426860332549 -0.000312063562715121
-0.000600824152850090 -0.000664084660277399
+0.000235054218440528 -0.000421512172523279
-0.000522501636901818 -0.000100713412995112
-0.000368185837588020 +0.000283389303854492
+0.000362477366494973 +0.000481622089169301
-0.000483964524583658 -0.000260976883246366
-0.000034116549886574 +0.000590172375977080
+0.000268451555525684 -0.000523585409214933
-0.000704726439417658 -0.000328345552817411
+0.000040251439966638 +0.000209820624937268
+0.000204180163688270 -0.000643031257764770
-0.000921634469065430 +0.000403460516027618
+0.000389070267620042 -0.000258622352791921
-0.000653288127492338 +0.000103915570869806
-0.000647050907993246 +0.000106668115554348
+0.000099396373137495 -0.000349143807893776
-0.001044756006008982 +0.000205829175931704
+0.000242683015036910 -0.000387070634650252
-0.000434944858698862 -0.000147472530514350
-0.000356947910559953 -0.000163942266662401
+0.000255648504094888 -0.000236170672945471
-0.000679268693388385 -0.000279084376926697
+0.000103184875096932 -0.000072547567204562
-0.000128522056305348 -0.000233943597076337
-0.000264950997876545 -0.000185779648735855
+0.000160853480851025 +0.000070186366607184
+0.000030966106833450 -0.000331157384719069
-0.000099995560556321 +0.000178398169990514
+0.000140109918996299 -0.000258984527165478
-0.000121761130275467 -0.000007237276079652
-0.000295800184913509 +0.000046439543126986
-0.000071732061548799 -0.000278899734587291
-0.000556144711330642 +0.000305535099826293
-0.000139779038471445 -0.000293939259883390
-0.000309678292445116 +0.000128712222100726
-0.000323190910223170 -0.000044877318818530
+0.000074981270549855 -0.000209891809084135
-0.000380562534258402 +0.000087186635562229
-0.000029302249458221 -0.000303961204174637
-0.000179161032790804 +0.000088957011868605
-0.000302288198736662 -0.000173175143907562
-0.000132431217315573 -0.000004676738133844
-0.000283627557326748 +0.000016145352470003
-0.000172611791204734 -0.000173584155957864
-0.000325313681120293 +0.000035764253203198
-0.000286897393857316 -0.000259143577336188
-0.000340329628654294 -0.000065807753130082
-0.000453687809179845 -0.000203816613483340
-0.000285589087704275 -0.000166477214215579
-0.000381200038210598 -0.000055402762477181
-0.000246612749070992 -0.000252152662095487
-0.000241720020818199 -0.000063001220315301
-0.000303372618707378 -0.000203638723842280
-0.000164586659371922 -0.000175441443262255
-0.000353524161860491 -0.000136914883960305
-0.000132224816707700 -0.000177266863667375
-0.000166482064850507 -0.000084523917758263
-0.000194755707970749 -0.000179251442926055
-0.000056627730186170 -0.000080397328765767
-0.000302970184665314 -0.000151681374875589
-0.000177059723181558 -0.000127432000889423
-0.000346245211227475 -0.000078771774214645
-0.000277782456303522 -0.000129267802987463
-0.000264070223421779 -0.000014296255902803
-0.000307231413887528 -0.000163825612241448
-0.000222765774086112 -0.000029151022514856
-0.000385414611213999 -0.000152314698295279
-0.000282942265365069 -0.000160351086105003
-0.000447801946023648 -0.000044502013165920
-0.000274031763445703 -0.000242855177243228
-0.000383968195611910 -0.000001987712625771
-0.000263591254862143 -0.000222953955358808
-0.000195131947967624 -0.000100715792600649
-0.000423223534434606 -0.000135736649409250
-0.000100156987704668 -0.000250300146006226
-0.000492488926589476 -0.000028041792864248
-0.000251630910558585 -0.000297217602293427
-0.000345906703801356 -0.000016097935288672
-0.000437838820432149 -0.000206101680121348
-0.000202189470850883 -0.000139957663434142
-0.000514094204228523 -0.000102882160931280
-0.000201859376141404 -0.000277687553474439
-0.000455885379525587 -0.000056516623016428
-0.000344515361704169 -0.000332007736447330
-0.000344369183394618 -0.000059529809263903
-0.000445262998644206 -0.000250545549047636
-0.000281515819238986 -0.000162267123708068
-0.000442918292761750 -0.000087858429615772
-0.000222598308232415 -0.000287968006710733
-0.000393463661727457 -0.000021372138561042
-0.000223963463319510 -0.000309303530627415
-0.000283794918423505 -0.000080243202895188
-0.000312676349233124 -0.000224958431481653
-0.000238841118612178 -0.000186713067704969
-0.000465295965512845 -0.000093383468060075
-0.000319483707504493 -0.000257845211864240
-0.000563868350680840 -0.000024211653115210
-0.000404158311799992 -0.000243459124937996
-0.000404452018877526 -0.000062678333698363
-0.000379778793288569 -0.000209447926824136
-0.000207763468505514 -0.000185739681855819
-0.000433846321458658 -0.000161176925199461
-0.000333944405220043 -0.000301532684665449
-0.000546481706183195 -0.000086001772244395
-0.000560558065739947 -0.000274106445754961
-0.000437030588271879 -0.000062486526342232
-0.000458933343461394 -0.000183334879587615
-0.000263510071513639 -0.000199980317269982
-0.000320579095326784 -0.000158591455198159
-0.000354178831658369 -0.000358312653616150
-0.000420653469887699 -0.000164356775627842
-0.000555645898529409 -0.000295693772113111
-0.000516541454003803 -0.000148421514675119
-0.000476617723564861 -0.000128377779688655
-0.000472549608602647 -0.000218485574126855
-0.000396277000285055 -0.000110788805633410
-0.000356993768078132 -0.000307483825429145
-0.000519739600527378 -0.000231428905965213
-0.000431757501515097 -0.000250838313020096
-0.000471873059495312 -0.000260545805191336
-0.000593652379750169 -0.000166696904565662
-0.000357787229513100 -0.000225876272804013
-0.000533423022062871 -0.000165008145096138
-0.000452068060965500 -0.000240692528879100
-0.000366457233731672 -0.000228836306373598
-0.000610308633654077 -0.000237497041370142
-0.000330552741118356 -0.000248704828869057
-0.000564379294366959 -0.000219536378942889
-0.000524188508568221 -0.000234188084573764
-0.000380534519364810 -0.000177791235477328
-0.000684922165555012 -0.000273644469462955
-0.000424741760795155 -0.000174122656784993
-0.000575443353285160 -0.000253267510021915
-0.000607908972374111 -0.000277342815516530
-0.000470107519973006 -0.000167671497789242
-0.000605596906112754 -0.000354637011407352
-0.000538034615368277 -0.000165028592973397
-0.000525955021442939 -0.000303832414948677
-0.000577745761609592 -0.000278255844383096
-0.000575288774398927 -0.000179286895800561
-0.000500146745610289 -0.000386545248519332
-0.000661554868947013 -0.000145228651889429
-0.000484006741012746 -0.000344067572197765
-0.000591048982272732 -0.000259141373972923
-0.000642738807238908 -0.000223583799164945
-0.000442054452948936 -0.000360308825843942
-0.000759674543606224 -0.000190820807677908
-0.000480384368780222 -0.000353371268468107
-0.000620714661994173 -0.000234519985539201
-0.000680837813322583 -0.000303448510861444
-0.000480892663356170 -0.000284151117383769
-0.000727213040564435 -0.000266315318100839
-0.000564067904027653 -0.000327072209295593
-0.000673468656535605 -0.000237865698627213
-0.000646475672164625 -0.000346641617426464
-0.000632127713459770 -0.000231941766388736
-0.000664765868405004 -0.000344000493319407
-0.000591910846944955 -0.000260329263593352
-0.000684932886711849 -0.000314863891441894
-0.000601089185583370 -0.000345818035469932
-0.000713233496987745 -0.000240995345752271
-0.000625619269090225 -0.000403973535392660
-0.000717962310060459 -0.000230354469029435
-0.000696482127895417 -0.000359648950687638
-0.000669881658497031 -0.000298513475738212
-0.000765232494270488 -0.000297792312359316
-0.000666380405469262 -0.000371050209634677
-0.000747278719584269 -0.000260184717962761
-0.000715842940868525 -0.000409842801337156
-0.000727185742698023 -0.000275798472850446
-0.000755681300384815 -0.000380391353449394
-0.000715302620540361 -0.000341812586385298
-0.000792216194435138 -0.000317794024486181
-0.000698791976589820 -0.000402268016550240
-0.000798160994762704 -0.000284138770229630
-0.000724974087383980 -0.000419348167557631
-0.000773856139308668 -0.000316150596022331
-0.000791423118643301 -0.000373178558187663
-0.000754018053092566 -0.000385001594361778
-0.000834092511020658 -0.000323997578196850
-0.000772518173282902 -0.000413409526871193
-0.000807946526958807 -0.000335169577386982
-0.000836205966937873 -0.000392855520661393
-0.000782252629813748 -0.000384185234694895
-0.000869658660541434 -0.000362712930606960
-0.000827060147913897 -0.000420193715336649
-0.000836085938524828 -0.000350559379941024
-0.000894027042948219 -0.000424457520119510
-0.000800961019769881 -0.000363040410356568
-0.000922427392507754 -0.000419165505304402
-0.000811181828178647 -0.000387751296146091
-0.000926236063359744 -0.000415785924858068
-0.000845895896901297 -0.000406883527625724
-0.000942867569044771 -0.000419769281463692
-0.000849304289686447 -0.000404024090221188
-0.000994395694455422 -0.000448925314215135
-0.000823172165431129 -0.000372151639491495
-0.001060141648456717 -0.000508035483854718
-0.000777160775890371 -0.000325547961301086
-0.001180807073559131 -0.000570695032361246
-0.000607963913041146 -0.000291178784145771
-0.001592468073566985 -0.000566368815371128
+0.000686333847383143 -0.000816646962016733
+0.002856082784972517 +0.000055504485374194
+0.002076960455785555 -0.001064027501525289
+0.002404501954846038 -0.000066015262541436
+0.003031002553629151 -0.000631608438638313
-0.002727442587124796 -0.000870870704103909
-0.005510057642112858 +0.001062551478107229
