-0.004996569806035611 +0.000017296695744377
+0.000884922260836774 -0.005977586134714711
-0.002741469072618471 +0.001558119381193244
+0.002566504640456459 -0.004695730456740051
-0.003202362019942799 +0.004277890602634107
+0.002885353592261123 -0.004208670499963710
-0.002863446903435928 +0.003779087673664190
+0.002820025175700554 -0.004041359943338011
-0.002895329195107555 +0.003437897592652102
+0.001514905540223357 -0.003698438688004135
-0.003663114727039429 +0.003019447244590657
+0.000724968536848294 -0.004709998055278152
-0.004265717057213453 +0.002419220455087608
+0.001434688698942102 -0.005310759132189935
-0.003594584146186589 +0.002690277673403822
+0.002217090859729238 -0.004803019557833809
-0.003033605314576580 +0.003201115440774820
+0.001794724911226873 -0.004123929661049644
-0.003154963815756874 +0.003153446298367069
+0.001761854819155646 -0.004340023415298904
-0.003357623053389566 +0.003004815631801650
+0.001487549354307813 -0.004590445948489884
-0.003837133365564476 +0.002958083190749090
+0.001444775987865170 -0.004968391628842435
-0.003900669328811567 +0.002988333438270057
+0.001686511828818966 -0.005118316291846399
-0.003503093850969918 +0.002933283693722700
+0.001956937063700134 -0.004767756830764959
-0.003075175088880888 +0.003157619824216392
+0.002094858198530022 -0.004462966151919148
-0.003371869241166284 +0.003495268807751606
+0.001729324453977853 -0.004647431868298256
-0.004075320633891822 +0.003272512478040426
+0.001505129603357797 -0.005093449132096393
-0.004152210604506159 +0.002999350158555172
+0.001495879176505654 -0.005350451409857727
-0.003886574918726456 +0.003042705972555713
+0.001531662353977196 -0.005302683329307625
-0.003614147122817806 +0.003041195233823281
+0.001778828900517623 -0.005144764616376725
-0.003529000185684844 +0.003757678933929988
+0.001850682665445755 -0.005380435763966454
-0.003680935051455919 +0.004114298031797675
+0.002026458474756226 -0.006150709078084335
-0.003865300323560679 +0.005004064163337743
+0.001890245578837014 -0.005939601177016380
-0.001932973731665093 +0.006345958900114802
-0.001895070121680721 -0.007231041728439761
+0.037843388134942646 +0.006290444839771979
+0.258230254535915305 -0.006610827277937751
+0.383421347524831813 +0.141603268797462489
+0.541443622020185256 +0.261858478851719312
+0.456747342140146673 +0.417082373523071592
+0.048702443886345120 +0.477544901023589763
-0.475602968577578444 +0.274994777268618873
-0.434125496764333096 -0.245596707993737673
-0.158361649947697997 -0.433562717277529264
-0.027432737230565961 -0.206681650903011299
-0.052398145349159625 -0.083998203536946509
-0.050205794912786150 -0.031463450501467635
+0.089424787363511060 -0.007571008059983999
+0.156993412105917995 +0.071659106614956905
+0.137071526827777013 +0.094959992171342461
+0.066507195831464999 +0.072586540669392685
+0.026059604328977873 +0.067932536733837826
-0.001110799291511405 +0.048813794355115646
-0.035943677266871810 +0.010144938084678142
-0.093779036189624784 -0.044247630249680550
-0.097188433692592863 -0.053217250173801176
-0.062290682646286580 -0.043189294144187027
-0.007144220910013420 -0.054220851463745001
+0.029135863572490445 -0.035449091943814820
+0.023074753578580499 +0.008043816666349500
+0.009801643353930136 +0.040336134946946489
+0.031524285869260940 +0.027341107783331299
+0.048846201757118929 +0.009994184188203404
+0.022362163994867016 +0.021116430372743685
-0.014450528100028857 +0.024895656253161775
-0.017495334434481258 +0.001362371024674646
-0.012610370399688925 -0.010135548053107270
-0.006643363264637657 -0.013806777252196360
-0.005688605695676230 -0.014453430359969044
-0.001414868769198411 -0.008975306947808579
+0.017645641803778089 -0.001532279411638204
+0.029920952268813659 +0.009744754384513079
+0.021620870762681824 +0.024104405437567325
+0.004492495252039807 +0.025516346115970548
-0.021177976471449932 +0.011586190080619525
-0.022541505250846566 -0.003570746596602170
-0.006797669010970175 -0.007095129005874497
+0.013081995521510341 -0.009071483605511670
+0.021555515605794422 +0.006908323990010379
+0.027200841711188459 +0.022648882081899205
+0.027716357166058386 +0.020536976960810992
+0.026038298210210576 +0.016446383702193541
+0.016394297302034771 +0.009932668003475420
+0.002828060508863531 +0.007535569823877582
-0.020622015539754221 +0.005889342823019932
-0.030014754105235714 -0.003544940568337268
-0.032169906520049474 -0.016440092612487540
-0.026818367691952411 -0.023779689416087883
-0.016334089953564800 -0.017506699285551174
+0.003629692548676950 -0.011392467430486532
+0.010488884144365013 -0.007541358240521429
+0.003587721060666032 +0.002976909873935748
+0.000724033793476017 +0.002513797120585781
-0.012470872996316773 -0.003190753165649388
-0.011629597625246176 -0.010920635589959048
-0.010666116429707918 -0.012217130139483287
-0.015973781964546217 -0.007351068944119805
-0.015701992458375717 -0.006049493982032759
-0.011826711732584611 -0.005061495068121698
-0.001695620604494313 -0.006280133178807767
+0.004558467737027610 -0.007832133184737354
+0.007897849577689582 -0.005472965782477119
-0.000554123508970861 +0.005176314468071390
-0.000402966605396374 -0.003833613043749864
-0.000877715275214871 -0.010196155778052621
-0.000144345744267285 -0.007326339835767961
-0.006389797288835319 -0.005840178634661759
-0.010952907300291701 -0.000342801711748890
-0.006723241729276163 -0.003003814743400253
-0.006505007798754464 +0.000958251818797094
-0.002458037689366115 +0.002631685137470444
-0.000793459586325925 +0.002767679276154622
-0.001046821157532531 +0.000150785193507316
+0.001830947613880420 -0.006519120912106459
+0.002418102888065128 -0.001761770178188423
+0.006737140503779689 -0.006735438668995075
-0.000966236613703521 -0.007766914513730163
-0.002459021889129139 -0.008148000434802190
-0.004129362613217846 -0.003087140698412217
-0.005202389523771288 +0.000452933964840239
-0.007410886307729556 +0.001105573371269231
-0.007967062566054558 +0.005820215079074632
-0.004999610038496202 -0.000223966932886450
-0.005143775435043192 +0.001625687220603175
-0.001465303778017788 -0.000624407232118057
-0.003692745918416105 -0.003970801950098039
-0.003865910345734701 -0.009425777174337775
-0.001790930527944338 -0.011207780438627435
-0.002755874535722700 -0.009825832816865832
-0.004648420238823780 -0.012958618907815982
-0.007051051413155168 -0.008630537904473764
-0.004647645417403685 -0.006033853474693967
-0.005679798891580027 -0.001163841401927803
-0.004116502147242533 +0.003045896659411286
-0.003855089922064733 +0.004733246120141335
-0.003775002023228957 +0.005874299065185403
-0.003323039869359020 +0.002656658882858649
-0.002093947896665602 +0.003034701975246932
-0.002154755639007589 -0.002968066616177433
-0.002397798420327786 -0.006083167518252079
+0.000063713358778965 -0.009072610875534064
-0.000497501044292043 -0.010168540380926938
-0.002638045901174482 -0.011465192112364743
-0.004423741055189922 -0.008306113219171025
-0.005112604478382223 -0.004782301370224340
-0.007248266195744379 -0.002218736023898984
-0.007184201122362021 -0.002034377313605470
-0.008136784670603249 +0.000621897556287222
-0.007741894076942996 +0.000892330430251102
-0.003786355180837527 +0.001682881489755474
+0.000305826961882914 +0.001552840786175674
+0.004676369635852593 -0.002129872326050865
+0.003347881959758399 -0.004390810360903821
+0.006227526713111609 -0.006109304515815154
+0.001141265834096539 -0.007161199889079524
-0.002782318592917646 -0.008653036464779513
-0.012417633365982861 -0.007877609803449060
-0.015308354327389646 -0.006580024941661660
-0.016933115739531837 -0.007951330129807149
-0.014486268058173072 -0.002289701899987688
+0.003549593095492588 -0.003241428914342009
+0.014858383649620690 +0.007833878421343426
+0.022924996941662050 +0.015548099747520971
+0.020037645814102570 +0.022009270504138728
+0.017146245668945098 +0.015313733122735002
+0.009929326640951711 +0.008546895645183045
+0.005209613220256690 +0.002975660225853549
+0.001330817153984467 +0.000302944248143686
-0.002535060505309961 -0.000839277107453573
-0.005836036681041393 +0.004406793226863735
-0.002003924392452894 -0.000497740651531617
-0.003369144797731973 +0.002450195621800169
+0.002714820839584371 -0.000769972449688142
+0.002089274309500948 +0.001859035987567651
+0.006389439117334594 +0.000000266063060859
+0.003116039229741956 +0.003289894249745216
+0.004169691663044841 -0.000623849580337112
-0.000156082771624853 +0.001855940269218381
-0.000249361492558546 -0.001994110552462784
-0.002334872564248533 -0.001166921772184875
-0.001580457829508769 -0.000604883627693439
-0.001569968501580352 -0.000780626389465072
-0.001772627774871548 +0.001394498019789304
-0.000037598668982577 +0.001233110587117324
+0.000744378986721132 +0.000146240777408315
+0.000819363949152347 +0.002657208078441308
+0.002652130694782872 -0.001958518725074599
-0.000145251002438642 +0.002461331493718229
+0.001505483277713264 -0.002940535176240520
-0.002825995172081391 +0.000418926415036621
-0.000848426753563190 -0.003642056628114362
-0.004342130585822274 -0.001637192098042336
-0.001471971670578961 -0.002992039245062423
-0.002068813805984262 -0.000981506655754498
+0.000963713424416620 +0.000050161024510586
+0.001382524434573467 +0.002063463294706726
+0.002689429261755614 +0.002383475548488969
+0.002301602578759479 +0.003852866583939969
+0.002670124913449078 +0.001738145569216171
+0.001114785277207359 +0.002752074455002850
+0.001597402127981526 -0.000444135802613764
-0.001130769945268681 +0.001201426303737071
-0.000172189606075267 -0.002547649192086144
-0.002243297138835480 -0.000005269851058534
-0.000470354352746354 -0.003394708558317634
-0.001767137389909892 -0.000211552370223833
-0.000087802588358711 -0.001892146685484683
-0.001302821062423650 +0.000768712974196758
+0.000005630728760408 -0.000752775525723074
-0.001685130693712847 +0.000811130217597849
+0.000210558321091341 -0.000847148840325282
-0.001446730232629424 +0.000485607868968909
+0.000572472741030862 -0.001676674341141120
-0.000887560659310962 +0.000517712303783528
+0.000835120761646230 -0.002221364439638841
-0.000990353445772702 +0.000461725963717557
+0.000590467534973074 -0.002076031357849436
-0.000935895810657037 +0.000142842513898958
-0.000182422974311879 -0.001386422176627264
-0.000842527877803562 +0.000429199751665240
-0.000395425715741705 -0.000823661598718861
-0.001119329883362014 +0.001194296528594041
+0.000480293312380319 -0.001101512392327977
-0.001024978172098155 +0.001964028602000124
+0.001450240294050965 -0.001125320642670822
-0.001221820912780436 +0.001926229419459168
+0.001877516384270923 -0.001308344500314472
-0.000685719238438769 +0.001177196745069748
+0.001741737314741467 -0.001299919319890387
-0.000024207914808314 +0.000996945972534515
+0.001237804284995166 -0.000675829234451580
+0.000191824574856865 +0.001204992347369794
+0.000780265714741575 +0.000122085150688144
+0.000319147230538676 +0.001596876960261466
+0.000549491245387051 +0.000324147078393032
-0.000139714087116199 +0.002049853147931993
+0.000665663982618028 -0.000148459309537606
-0.000889484621418672 +0.001971804219132671
+0.000842889021507620 -0.001753525117252827
-0.001644203081205850 +0.001221723151375164
+0.000987257302659119 -0.003040854685656970
-0.002096375772197033 +0.000305029401026336
+0.000591889571124662 -0.002949084158690777
-0.002009585202558852 -0.000224196810916474
-0.000197682080538711 -0.002063091310900456
-0.001456551907038081 -0.000202324516712172
-0.000421587940189833 -0.000864703227045409
-0.000772138512394784 +0.000432230909100197
+0.000008441372953459 -0.000217125386566926
-0.000162013789533707 +0.001465288097011439
+0.000882291509184672 -0.000595583533355657
-0.000295095312158170 +0.001940253017033421
+0.001465597120995398 -0.001599780362900434
-0.000956843764479766 +0.001754798375195286
+0.001219060126362513 -0.002343141467190129
-0.001683031118146263 +0.001162113641185892
+0.000640402729537311 -0.002345750652637287
-0.001818645500200840 +0.000557820255595214
+0.000272726460054494 -0.001539063905596799
-0.001220316577263394 +0.000607301451044416
+0.000283106863621029 -0.000591014721819775
-0.000505596984478387 +0.001044346592116147
+0.000799609678900429 -0.000205329050031886
-0.000104151952993244 +0.001426347022928490
+0.001283501471434472 -0.000685600621850661
-0.000043705856032095 +0.001700830226642437
+0.001491412685599653 -0.001333986428144155
-0.000614898802675406 +0.001832492669256951
+0.001106404466342347 -0.001883363799364166
-0.001413893997297251 +0.001441759258567456
+0.000345490898887500 -0.002136963480079193
-0.001972499681323563 +0.000884573894768387
-0.000122757371727985 -0.001832885750544259
-0.001952688354510635 +0.000526759519585418
+0.000020358632834075 -0.001522123495294389
-0.001259355219629157 +0.000531578007976291
+0.000890639232549330 -0.001466555766927871
-0.000429937293150070 +0.000912935200434920
+0.001463516598821568 -0.001250875264631131
-0.000282738158648351 +0.001373254321932225
+0.000896900129090027 -0.001192473406119028
-0.001053221058073046 +0.001426555261870307
+0.000258203538878657 -0.001540522356095770
-0.001267689388706594 +0.001215778607147694
+0.000334092104552792 -0.001398313104482958
-0.000789016592276077 +0.001456591105526269
+0.000742057304565002 -0.001059524694760108
-0.000580454663258371 +0.001530519747272126
+0.001093527696046107 -0.001292232680352072
-0.000744396003929825 +0.001237034733837553
+0.001186344644496744 -0.001773343487905676
-0.001278810660708021 +0.001312646085149518
+0.001036864225397643 -0.002012272889142621
-0.001725050007150841 +0.001461280402905787
+0.000805275640173519 -0.001797113310726545
-0.001418497257259954 +0.001323684920763013
+0.000702476146856298 -0.001190143859124915
-0.000668056276218548 +0.001238757801786367
+0.000708899820307196 -0.000781143227517087
-0.000256373651050940 +0.001334397541207372
+0.000742909420735108 -0.001126160640190721
-0.000564135638545363 +0.001423375461972777
+0.000839793418830118 -0.001841067559197430
-0.001317233648199474 +0.001427559852932527
+0.000842916020911452 -0.002287687474583938
-0.001933035491913329 +0.001376321856727751
+0.000769273207238706 -0.002337065656837965
-0.002006391689391139 +0.001328278946089181
+0.000791920437982855 -0.002062525157717258
-0.001513324728791367 +0.001296894667111004
+0.000827332347836399 -0.001561807368536689
-0.000868245929544008 +0.001204637787432756
+0.000758387544129949 -0.001171918676214301
-0.000591755614257843 +0.001071376683071223
+0.000638934302272399 -0.001244059773840223
-0.000784242521203534 +0.001145972271292624
+0.000664068911626564 -0.001704943183223256
-0.001231154302689361 +0.001521790125127792
+0.000897315619668743 -0.002170150401782036
-0.001590696695202686 +0.001931912512234766
+0.001164287674808889 -0.002290089387360635
-0.001638022258445256 +0.002006714303575077
+0.001260689898565643 -0.001995782734698806
-0.001442455514135399 +0.001672133458240467
+0.001076312275012162 -0.001582861356565238
-0.001190086962469506 +0.001207441537690751
+0.000763017065083161 -0.001433553060928565
-0.001040202083137189 +0.000983855874449897
+0.000606407435098219 -0.001586963515140241
-0.001075657997573318 +0.001168335557363951
+0.000688884426765467 -0.001880568368047311
-0.001260887907845031 +0.001576684043630869
+0.000919642226865020 -0.002112386134354492
-0.001457188373155440 +0.001888973576697117
+0.001092701750488326 -0.002171216738782725
-0.001521179856737458 +0.001925395494169216
+0.001084998285639778 -0.002109421651587166
-0.001492009472216349 +0.001708880057583795
+0.000975999335827322 -0.002011931350813508
-0.001472229962311523 +0.001395837011839493
+0.000852152451348741 -0.001931197388684020
-0.001472695865328244 +0.001201356260139721
+0.000789802314989501 -0.001935818779965908
-0.001486029949747777 +0.001268288366549049
+0.000853871549646270 -0.002035985114246913
-0.001463985897432602 +0.001565300045109098
+0.000980256441498713 -0.002120562684610205
-0.001414039534730009 +0.001849959165391583
+0.001058850430086771 -0.002096583995582039
-0.001347576533352453 +0.001890950021127159
+0.001039053602443094 -0.002007626156471277
-0.001307687380554575 +0.001758369315064029
+0.000980996254251911 -0.001990342877595588
-0.001401919141544189 +0.001650871344297010
+0.000992864506970466 -0.002112661866628048
-0.001608472971627678 +0.001642721443463584
+0.001077710318430472 -0.002288313774927038
-0.001781084400224987 +0.001705140805037196
+0.001137428714748845 -0.002347193163645235
-0.001800439572074705 +0.001739420214520031
+0.001080179484255971 -0.002263892977122316
-0.001637347528090880 +0.001689344565420170
+0.000945601903246495 -0.002136089360490835
-0.001415208859161063 +0.001613536931437743
+0.000849028767419911 -0.002058870923941447
-0.001313610852622313 +0.001604577146563659
+0.000855594100005347 -0.002124466874694257
-0.001428255459654960 +0.001705347483764670
+0.000977483702595954 -0.002336296818532216
-0.001713589082241938 +0.001869756392289950
+0.001150983024245365 -0.002559756390366092
-0.001980876431013499 +0.001993780132814112
+0.001257178646325079 -0.002650045285553404
-0.002047430797289844 +0.001965298884964180
+0.001228625996150385 -0.002545484357111568
-0.001874928489609598 +0.001784058455489312
+0.001068257299231805 -0.002312642820669372
-0.001598734909247107 +0.001585809448997984
+0.000884822579324260 -0.002137976756338479
-0.001429018806506160 +0.001531914094271445
+0.000833353894874226 -0.002171727223745330
-0.001478337669318320 +0.001707123554221498
+0.000961697233382252 -0.002403591087755582
-0.001711290571505434 +0.002022559426085785
+0.001186879086464010 -0.002680631263468796
-0.001981142837257241 +0.002241727297354120
+0.001349579063629064 -0.002824102478528584
-0.002100532622481778 +0.002200673261802294
+0.001339706621619079 -0.002746785547684382
-0.002018781502766518 +0.001955775047271222
+0.001178777255893221 -0.002536650256928367
-0.001839155726407932 +0.001695692491629862
+0.000990819344227044 -0.002383322029765429
-0.001713221515691880 +0.001607427055940217
+0.000911325053815241 -0.002399447625126246
-0.001740221661937785 +0.001750458765625495
+0.000975881952527390 -0.002575831783327020
-0.001886760773341756 +0.002015621796703807
+0.001136046149488782 -0.002816504292727809
-0.002031691867436228 +0.002225303326721296
+0.001292022434760056 -0.002959304439245639
-0.002085957177698009 +0.002254929690179365
+0.001320930217055367 -0.002917792443654331
-0.002070814629793616 +0.002101807060550739
+0.001219260375845230 -0.002782585621790102
-0.002044930313320916 +0.001894965729748333
+0.001101676289239687 -0.002683986966180180
-0.002032324886489940 +0.001813244706654137
+0.001061332232866602 -0.002688976944314746
-0.002042834115495222 +0.001908462813613365
+0.001111943624679745 -0.002792411133084659
-0.002058483030239893 +0.002073414214865186
+0.001194490051187254 -0.002919695137027656
-0.002064271665417373 +0.002194393753912571
+0.001237412355461981 -0.002998741159809591
-0.002081816574953902 +0.002222422468363399
+0.001220999682482869 -0.003014855183682233
-0.002122301335247319 +0.002166716139365380
+0.001186025916245665 -0.002991650333056567
-0.002180659481766862 +0.002098239714093061
+0.001188467356165708 -0.002976644171157210
-0.002252495880736546 +0.002093803016875700
+0.001241080874072112 -0.003022563142541818
-0.002317964346114689 +0.002157634815791218
+0.001302312637643027 -0.003113098587131741
-0.002341867595363353 +0.002215191877490065
+0.001301746893053929 -0.003163464701805160
-0.002301064320575552 +0.002195943454743429
+0.001210861718878038 -0.003137106005572057
-0.002225769025103581 +0.002124397190307725
+0.001101728159975789 -0.003099172280067739
-0.002192267621086895 +0.002102309098800968
+0.001083803858406455 -0.003134366894324581
-0.002256738097939328 +0.002190277557043759
+0.001193736389346590 -0.003253833574379646
-0.002407514573090986 +0.002335875290160066
+0.001370254149516342 -0.003399074529890002
-0.002550170083693196 +0.002433803730785991
+0.001480561902306970 -0.003455852473249373
-0.002589533305456984 +0.002410754995315291
+0.001427647105849118 -0.003394468692941828
-0.002549841891384635 +0.002292504256747983
+0.001232681374871923 -0.003313050857746183
-0.002433064983800963 +0.002138929851368490
+0.001105597088462935 -0.003275136596208757
-0.002343779856498136 +0.002135302405836998
+0.001117040492831439 -0.003318660544834747
-0.002392200724782381 +0.002280262069183468
+0.001219225122115168 -0.003456276509168395
-0.002536989221698338 +0.002445249068956672
+0.001374230627887401 -0.003639714565425414
-0.002702485099559752 +0.002578873359171998
+0.001486200349830919 -0.003763643096693815
-0.002825482635316461 +0.002602026064179566
+0.001477850818634014 -0.003760727087156590
-0.002823895035962255 +0.002462528625254449
+0.001368507320218255 -0.003633189166847789
-0.002704687316186614 +0.002278037457606098
+0.001223248907616040 -0.003499151157585854
-0.002594784355156232 +0.002204679017033923
+0.001152285051691789 -0.003514810848265211
-0.002608132735319341 +0.002306060442802434
+0.001219816475588548 -0.003699531234970568
-0.002737346666889019 +0.002509068669588336
+0.001355173740760674 -0.003916981435014233
-0.002891779613744001 +0.002664888208739268
+0.001451873625612454 -0.004035122012488668
-0.002981042241637413 +0.002682438870339756
+0.001461094382617696 -0.004016303208132203
-0.002979106175996453 +0.002584989811984876
+0.001404543342724956 -0.003919215273575640
-0.002936803588022435 +0.002468041573451455
+0.001336061271135244 -0.003846626377152811
-0.002912628541332118 +0.002413162023470755
+0.001297774773031113 -0.003866497372471779
-0.002933039871342173 +0.002450634145156991
+0.001302818556301237 -0.003980986856073214
-0.002988921213578358 +0.002557965142467292
+0.001339784194593284 -0.004132803463932172
-0.003053371103499175 +0.002668590436777582
+0.001376457041921907 -0.004239088925919798
-0.003101661572902928 +0.002714472872990685
+0.001388061487151454 -0.004263242301722974
-0.003123523041642901 +0.002692137336039470
+0.001369922056727037 -0.004237222522730321
-0.003135803714977455 +0.002638613022059167
+0.001342429320064269 -0.004223629882903887
-0.003146852520821759 +0.002602156257801448
+0.001297423141828647 -0.004234750659928933
-0.003095025722371981 +0.002570838098055277
+0.001095767267954412 -0.004155882251872169
-0.002642193538013796 +0.002153922036713597
+0.002638458702197113 -0.005011153060631471
-0.001128132756140775 +0.003514912375849027
+0.005089557612367539 -0.003669767620107932
+0.000025977968848253 +0.005683504671043248
+0.003529237231118760 -0.001439648568910784
-0.005505111432196487 +0.005792221653695191
-0.001387859891070708 -0.004796060355207122
