+0.003791505334565713 -0.000883509702758729
-0.003995937406979463 -0.002553404038739692
+0.000354811110632862 -0.000589144788313354
-0.004784118459179769 -0.001612523488089443
+0.000895636243356085 +0.000777759506383862
-0.005069344621075844 -0.001000760254968366
+0.001869921680365759 -0.000085741807497695
-0.004567253792328888 -0.001120353721756707
+0.002775882836944931 -0.001113077767738510
-0.004210923039020729 -0.002245236425328325
+0.001949315163624424 -0.000408258603233642
-0.004282015563290023 -0.002199379885235118
+0.001504222182203356 -0.000415285880182853
-0.004724743680053193 -0.001444609803374033
+0.002186202691150010 -0.000423088844198052
-0.005184135480888146 -0.001259954092639915
+0.002059265114063812 -0.000490420308853066
-0.004544912079358454 -0.001765864464241325
+0.001452461284935362 -0.000239941429722662
-0.004362620410934123 -0.002123840515510805
+0.001638661247888171 -0.000112425268705066
-0.004818590003153465 -0.001936533443858185
+0.002275114417567919 -0.000550122307651199
-0.005077434858714212 -0.001643115178320059
+0.002143558758133634 -0.000707119078186101
-0.005148937174868510 -0.001717953880596810
+0.001934719127977103 -0.000493478089845366
-0.005253958206680107 -0.001747609433303317
+0.001972317753229732 -0.000453939388754197
-0.005547271528796283 -0.001745458337657028
+0.002202141560741712 -0.000526493550558111
-0.005704338810071790 -0.001942785395521320
+0.002371489962643327 -0.000616793721455067
-0.005772994028940753 -0.002131432609490246
+0.002463325734782766 -0.000567300543594388
-0.006176968466492933 -0.002194161800436824
+0.003044128135919486 -0.000536919673962324
-0.006994479807400906 -0.002061042089986195
+0.003738597944956969 -0.000614617639786897
-0.008129877947005631 -0.001907127059079682
+0.004714446233327175 -0.000676588775280373
-0.009734472682487271 -0.002002747382068595
+0.006667773073685254 -0.000732653236757568
-0.012603441108543905 -0.002202547269246679
+0.011248452317560777 -0.000804514200270497
-0.019061460325954696 -0.002366574838103329
+0.024906768082811961 -0.000635735816056064
-0.040979521267128921 -0.002109115579548951
+0.407838965997842195 -0.000121272062849414
+0.736792096772579397 -0.001611462293048228
+0.532150929011549589 -0.000440305107068940
+0.550479325209768278 -0.001347890666228112
+0.418263170915328497 -0.002211026510856477
-0.411287285222554144 +0.025648441794624034
-0.965040819470731837 +0.313399332231959482
-0.672111902968059227 +0.386489745980150956
-0.348659310089217744 +0.329536074206126017
-0.052503032111792206 +0.251552779873796040
+0.170321359308551301 +0.161763355408555298
+0.212317809737425645 -0.157972574044250857
+0.265345575452041071 -0.454146619550148012
+0.258885010051161546 -0.269932696993185839
+0.148950535444465876 -0.128204881177395036
-0.030091575230472459 -0.048331323804926336
-0.123600433654827285 +0.089215180921691575
-0.051023397380333818 +0.137467229301065641
-0.040313740695047819 +0.119041256272061136
-0.064842932615443077 +0.086843955990075355
-0.037559794204304539 +0.044631755032877536
-0.058953664482913018 -0.008731765817481975
-0.013374157025988494 -0.053135975599147976
+0.049628139702472533 -0.044123099092760132
-0.011450476881692290 -0.011169420293124437
-0.001046945798363141 -0.012423143302299294
+0.053500771528927599 -0.027145884291459182
+0.040736354951640408 -0.027272364001279928
+0.035440298263833631 -0.018170497351970294
+0.005580187437534254 +0.019084670568994645
-0.033034386330992191 +0.023754124657151057
-0.014236509250705468 +0.025135768528811268
+0.000407153879486446 +0.038149589837378269
-0.029877904699745675 +0.034994769659715624
-0.036307340922706675 +0.012783558331661959
-0.016633341393955357 -0.004095961231930455
-0.014917802209742950 -0.007593740131767940
-0.011172135280592622 -0.013457227924955009
-0.008058822387749645 -0.008700836008129070
-0.008453902994807774 +0.009570531033791626
-0.010330589454240603 +0.016111716202067632
-0.006175444152691320 +0.020349866480676999
-0.003777163887488349 +0.016544683865548943
-0.002956632286584395 +0.013186359671958404
-0.002188100258777202 +0.000384562992765047
+0.007270005954678573 -0.013185294508151375
+0.006236758835624223 -0.024694080156212266
+0.001479420783605003 -0.030252368751867008
-0.002263978532979048 -0.022938568176344105
-0.000004354785440397 -0.010205602771427975
-0.003315067356334227 -0.003536838401414053
-0.013929233348374093 +0.001601544879710498
-0.016242866356468197 +0.003743660437148234
-0.010560158826081774 +0.001770068822677015
-0.013939926169723619 +0.001883467297115526
-0.005788776162213086 -0.003895993508598097
-0.003577327517688337 -0.015655927061819036
+0.000084243832260753 -0.018721579816454108
+0.005396266244041143 -0.017105895699721468
+0.003862776209164172 -0.009854195734178280
+0.003219659008673865 -0.007477539236935647
-0.000274323251875708 -0.006162684319692472
-0.003645407174201214 -0.003129288394916665
-0.001780391311973471 -0.000869255360705452
-0.007807425128145981 -0.003697746901435150
-0.007930703043601852 -0.003849866605112518
-0.008945214027472725 -0.005456007706289190
-0.009855602715129296 -0.006694291353170472
-0.006017321423316460 -0.005405535831319220
-0.001635031546971503 -0.003772793172236158
-0.005689857634021039 -0.002472485529359001
-0.002392159409736921 -0.003481799767392860
-0.000320388116110508 -0.004235880341029582
-0.000204460802102914 -0.002956178956716260
-0.002277711484208681 -0.001504387405581743
-0.002935140913244904 +0.001691104042625059
-0.000336928739314897 -0.001500793235171600
-0.005946398227228245 +0.000980852478065815
-0.006421032738200043 +0.000810227116763074
-0.006850242827863740 -0.000515649357958100
-0.007250316258240067 -0.004658003102956276
-0.003388029616240871 -0.005211115267780952
-0.008689979504424258 -0.004332074391040290
-0.007191333361984289 -0.006338017211937262
-0.003753079369833336 -0.005269801174499999
-0.001393569620557399 -0.003324526636259211
-0.005541791946311171 -0.001313148064060621
-0.006794159548865998 -0.002977337062091056
-0.003158575387691004 -0.003924223554204897
-0.005124255430915305 -0.001937550937934832
-0.005760729107853405 -0.003252348544415907
-0.004453961010687883 -0.000937208906749774
-0.003965190533729363 -0.004959840859616635
-0.006665415914269532 -0.002136946881518781
-0.004084990774582593 -0.002512673312022381
-0.002341711381870047 -0.003126509872483308
-0.005669051761539562 -0.001521871587964965
-0.003620175597127269 -0.002051055980859063
-0.005900596829182978 +0.000507723186126542
-0.005074764191040160 -0.002765865758315217
-0.008744458957819314 -0.003211203169534249
-0.012554332251340538 -0.003471589738585594
-0.011548061663771619 -0.007328849518105565
-0.011662030958941000 -0.006317708181144310
-0.009941342397776682 -0.008199099037673180
-0.014321214090073498 -0.006550384591566357
-0.013301618575813336 -0.008367653472812070
-0.015231337039560483 -0.005636021136979899
-0.025131245602661459 -0.005721000907446951
-0.032602436280469133 -0.004106093304795304
-0.025850905263274816 -0.003524185840886929
-0.007643808645184914 -0.005125159712562062
+0.011616179879038152 -0.007491643659635613
+0.033858754906079792 -0.015447549144870837
+0.043378677643707328 -0.020624248024723898
+0.035662166359639987 -0.023210624722456195
+0.013454165805390991 -0.018530096242505588
-0.009065779556472316 -0.006989249940644434
-0.024491210424967953 +0.002204678475789466
-0.029773172493849125 +0.017254034308216242
-0.027969061884747091 +0.021396439657528930
-0.007370886330821664 +0.019618948816069005
+0.007220294252752698 +0.009200085841972468
+0.015823918366396739 -0.000251362402946463
+0.044147540723542655 -0.009527486052394016
+0.027117787287471284 -0.016463090966508831
+0.013486990182129628 -0.015521473043822174
+0.019940799617479070 -0.004148734841167595
-0.001619406859778488 -0.000944209774760470
-0.004028952051745222 +0.010425328927543243
+0.013375691249690541 +0.017222649463008659
-0.005447403225322112 +0.015120795508092014
+0.004332970058642888 +0.014705177712591753
+0.005689759489891755 +0.010858286271524345
-0.002311795894798185 +0.009322410656119051
+0.003889218007966794 +0.004983200501105789
-0.002399964042660279 -0.001690375247463752
-0.003180614494264869 -0.001098025458107693
+0.005572904657632861 -0.000741021183162785
-0.005755647482576398 -0.003883523332622513
+0.004297456764305624 +0.004091856647521375
+0.002475718876264965 +0.000916270054973869
-0.004816537268802802 +0.001777990984075134
+0.004958494355265848 +0.002804367725592519
+0.000433423296028662 +0.000985048397906186
-0.001610810675985917 +0.001526344520781979
+0.007586978252727903 +0.000238027775387166
+0.000221206425779278 -0.001803263638439731
+0.005789589937026258 -0.001484009526121894
+0.004804004942757971 -0.002815515449640409
+0.000780721750666345 -0.000293332999170920
-0.000085174907940636 +0.001004353410647332
-0.001085029349423225 +0.002273202351243155
-0.006199366852583058 +0.005496905555029291
-0.002933086223034844 +0.005606403361627824
-0.006294286659917565 +0.005200837091992080
-0.002523369986609868 +0.005535277013305778
-0.000500403498538978 +0.001456250090589275
+0.000453192298217640 +0.001032049142198856
+0.004105139195985354 -0.001986665557304725
+0.004989747019964047 -0.001997341220998009
+0.002368415211994479 -0.002726746150693683
+0.005305638328853736 -0.001607124418027451
-0.000395249969038142 -0.000336588752076082
+0.000548863246911889 +0.000819054660004731
-0.003498563597588827 +0.002461266837287816
-0.003089724446264435 +0.002396313756943295
-0.004985379713129135 +0.002399216342309743
-0.003154208562911971 +0.001338158993454793
-0.004211398138533926 +0.000196936663005329
-0.001395409368167891 -0.000073062887905471
-0.001438183020327229 -0.002647436718391823
+0.000349187242649874 -0.001305896273572023
+0.001334310654609744 -0.003201911564973687
+0.001469493749025327 -0.002096293659970669
-0.000098555953377393 -0.002246490169689817
+0.002347854296049348 -0.001459279181149132
-0.001914327126360763 -0.000954259035763754
+0.000714590748944912 -0.000636104781695894
-0.001297555059049728 +0.000070883069312136
+0.000475119657671976 -0.000161567870910541
-0.000636692677979648 -0.000058938505743450
+0.001532967302454899 -0.000382402790099099
+0.000350241915596396 -0.000794932915789612
+0.002279391567110146 -0.000364274892058387
+0.000651132706415203 -0.001302404782464076
+0.002397067577859183 +0.000587034254062969
+0.000609694442813362 -0.000676510900029584
+0.000904446911899901 +0.001247198850465492
+0.000142728912636291 +0.000832296945051752
+0.000875794326152515 +0.001344153240497572
-0.001229969870154004 +0.001490241090958170
+0.001195417286951345 +0.000948589551112804
-0.001670686539625925 +0.001038100199007046
+0.001349675683652476 +0.000358775737073042
-0.000718756557212032 +0.000231818827982710
+0.001388636587737669 +0.000249988453012516
+0.000135502046446687 -0.000580602902729967
+0.001472959082271670 +0.000254994827890876
+0.000332176971914894 -0.000560752682777792
+0.001284029583412583 +0.000455494412059240
-0.000412597008317550 -0.000503512552613383
+0.001416330352132567 +0.000621231818633631
-0.001314572629767379 -0.000163885976572855
+0.000160502140928955 +0.000374221334535059
-0.001573943376746754 +0.000198039421105972
-0.000426586122315209 +0.000252921784565347
-0.001941223583935761 +0.000568486093660836
+0.000498524889705014 +0.000337653386384059
-0.001250601369098116 +0.000277326197402045
+0.001664536110425577 +0.000326791072915498
+0.000233722082457032 -0.000344578599967576
+0.002937598107084764 +0.000193281677904861
+0.000832363856472473 -0.000987823164302527
+0.002477193041273052 +0.000105933877805672
+0.000757299412834227 -0.000703504079657665
+0.001253181566140636 +0.000183741788182099
-0.001065112571253229 +0.000175191049086010
-0.000576210339347101 +0.000896497670985206
-0.003972933862332224 +0.000934167848846594
-0.003063696717990845 +0.001339498530218359
-0.005615221247879249 +0.001253290440634345
-0.003333679275029733 +0.001315660189489410
-0.004077300721326974 +0.000203580951389467
-0.000216561020703092 -0.000153588319774380
-0.000613561894981591 -0.001560853102370183
+0.002540682024384833 -0.002098225324846415
+0.000690503445910937 -0.003028137847551310
+0.002383422602735160 -0.002430422851588583
-0.001143040780606432 -0.002503387388628454
-0.000683191426862068 -0.000886250057927224
-0.003359937784292038 -0.000659350686777150
-0.002529043223636153 +0.000782744826537802
-0.003464859233797388 +0.000483885151525799
-0.000547271417250807 +0.000615356893796504
-0.001461484405549435 -0.000399101984524669
+0.001639153259033416 -0.000925567912727929
-0.000373252139782757 -0.001819816871567830
+0.001916136123652242 -0.001808750627794870
-0.000927115318859881 -0.002039667659499019
+0.001281317808993307 -0.000986389527703765
-0.001360902212962311 -0.000882120662525976
+0.000978307686569205 +0.000158169801898918
-0.000973231506280492 +0.000209798203557160
+0.001156296806117199 +0.000924709815423132
+0.000740524847019806 +0.000207909051402722
+0.001112218761487399 +0.000697786985882155
+0.000715479816344454 -0.000336100865743166
+0.002386659700100418 +0.000324575624159875
-0.001416237109220835 -0.000733614982450120
+0.002424110521693387 +0.000309144905955183
-0.001184908715881562 +0.000061606160760700
-0.000005334014580919 +0.000115769556278997
-0.000950348593338191 +0.000884123715497018
-0.000284620846869493 +0.000412204467599349
-0.002548052898311604 +0.000775382389952612
+0.001150196450025703 +0.000776370795794476
-0.002691825446932194 -0.000153932702462655
+0.001488654934319655 +0.000532893893528937
-0.000360013268172921 -0.001094150262262211
+0.000818486708111382 -0.000356288021184742
+0.001291903963139329 -0.001113029886843671
+0.001254153190760110 -0.000835924095001522
-0.000453972997757845 -0.000896311983178716
+0.002413112618624702 -0.000070699574282795
-0.002607780052116291 -0.000451346945513409
+0.001338697276886180 +0.000706622090727957
-0.002115400664274750 +0.000404234923801747
-0.000407168818536724 +0.000613340929960821
-0.001183035763295370 +0.000685931499626535
+0.000287246058382595 +0.000186570346865464
-0.001379931693481103 -0.000012902568470745
+0.001998480148363131 +0.000077491114427466
-0.001198224377014664 -0.000959397109935853
+0.002039102546386964 +0.000309843832904964
-0.000387065461581806 -0.001043398901668637
+0.000952650327743970 +0.000406582629812850
-0.000464028803151408 -0.000200511286565440
+0.000760851116704316 +0.000357863220019489
-0.001773417811503690 +0.000436771125780364
+0.001314182723071254 +0.000419411597095055
-0.002437097179745406 +0.000316822590967203
+0.001141304914015581 +0.000396111384097991
-0.001691180919138089 -0.000124390778763042
+0.000629900065847441 +0.000165731943796866
-0.001207274661218804 -0.000502673728122658
+0.000771683936234887 +0.000052339191450054
-0.001674661392864579 -0.000706128876256755
+0.000963573094682315 +0.000163029092577448
-0.002025893608695210 -0.000721086941235814
+0.000667483005716719 +0.000285451815015144
-0.001871924705749792 -0.000569340168730096
+0.000442767937326399 +0.000082330563118323
-0.001683710168571941 -0.000411600677468771
+0.000946427506381558 -0.000262903086564335
-0.001752822911611378 -0.000531995405509657
+0.001555204844059826 -0.000386632406326758
-0.001546459734651443 -0.000765923831313742
+0.001469965477979827 -0.000276500094888501
-0.001269550131889621 -0.000784000108857616
+0.001277647314422933 -0.000007044868472009
-0.001478516915358049 -0.000633717068783841
+0.001200776446659040 +0.000287118224088142
-0.001719969060168827 -0.000469089240116152
+0.001022463512711414 +0.000422004722471139
-0.001710546266461657 -0.000377601776627780
+0.000927495563951219 +0.000336350273989951
-0.001555202704039815 -0.000333551256257378
+0.001111256060620308 +0.000106444460249344
-0.001582383034544436 -0.000332937431306966
+0.001549836747876579 +0.000005835831265001
-0.001676898251922952 -0.000443291633776518
+0.001736047832689055 +0.000082805004514326
-0.001572302999498256 -0.000514903792719892
+0.001479857995097684 +0.000158470786758992
-0.001534592442203832 -0.000507547891769231
+0.001192863494250713 +0.000231769161748937
-0.001775431438757189 -0.000468915561903969
+0.001025844598383763 +0.000287224847057329
-0.001996620819176450 -0.000464662141762867
+0.000939615500256821 +0.000322339683263118
-0.001960898975234636 -0.000507863289875092
+0.001035145274444844 +0.000230139116601621
-0.001749217868970266 -0.000531220947512873
+0.001348217835093273 +0.000027822146444313
-0.001647672035146931 -0.000566516918466986
+0.001802462937072413 -0.000102450588966529
-0.001700866875466634 -0.000610645560671758
+0.001965363462878046 -0.000040096355060369
-0.001671911215417197 -0.000598059819178514
+0.001592817667157672 +0.000145456592632770
-0.001695054260050768 -0.000488473311581025
+0.001142993713265618 +0.000364090334841203
-0.001871714319825645 -0.000391245467431760
+0.000981372057330165 +0.000498086536457678
-0.002013881739488643 -0.000394741113783253
+0.001165327417226017 +0.000441954065994430
-0.002055820507362306 -0.000508201048004510
+0.001446329888105672 +0.000239425413959478
-0.002045409634330966 -0.000571811135871391
+0.001490475143626289 +0.000009621797278119
-0.002169551557916440 -0.000516609764573375
+0.001366580615025097 -0.000023889820162982
-0.002365861072068460 -0.000458867100525385
+0.001247618596218926 +0.000110349037023434
-0.002300556270926797 -0.000528508193686478
+0.001213415189150707 +0.000231979093222878
-0.002060986956558452 -0.000755328980096426
+0.001234061344004989 +0.000213561423328153
-0.001957906329007152 -0.000927988927705082
+0.001237083873247932 +0.000082522655189664
-0.002169078304432059 -0.000891804268849692
+0.001257952869917578 -0.000014148453644424
-0.002538473571284510 -0.000706224664200151
+0.001307030395416478 -0.000023428585019741
-0.002636103700473563 -0.000558209673328188
+0.001368034415519533 -0.000009296513301402
-0.002417650460213915 -0.000588369771396453
+0.001488142698934958 -0.000014992132364365
-0.002151860348098147 -0.000769149738457611
+0.001607637580795294 +0.000007527923102064
-0.001987176977585721 -0.000935301025390182
+0.001614094573148778 +0.000091409353024892
-0.002025184720055672 -0.000959200521196692
+0.001519019335299744 +0.000207273389809058
-0.002256838478484833 -0.000800318688876376
+0.001442974813821676 +0.000248154886788145
-0.002570601056175279 -0.000562592964557798
+0.001457560616952422 +0.000185121499401816
-0.002680339410911493 -0.000455232678833756
+0.001425758878077625 +0.000079081678145843
-0.002481557448908946 -0.000556076215654375
+0.001488478394906531 +0.000028628708264077
-0.002405368297037837 -0.000813255565390656
+0.001725036598275845 +0.000087554960609588
-0.002474052717674682 -0.001010572958292682
+0.001683171454328293 +0.000152803353704802
-0.002389535172963113 -0.000968988124107556
+0.001365433422702378 +0.000153052882978776
-0.002381158268823795 -0.000801415848321573
+0.001331759837958748 +0.000115749701797689
-0.002667972460877374 -0.000712644972091447
+0.001652717030008266 +0.000080943747413021
-0.002891160283121467 -0.000764470194158398
+0.001788479340712884 +0.000027799958428416
-0.002689147939998887 -0.000823385877413299
+0.001578210616528436 -0.000044680325725960
-0.002461507517372175 -0.000834786678426394
+0.001543266875454835 +0.000000670319834845
-0.002663693137256284 -0.000892996226058202
+0.001755434805351730 +0.000176634483900984
-0.002880300620206028 -0.000958608008593070
+0.001719649747303414 +0.000269897594678034
-0.002703850104856095 -0.000918593071810664
+0.001496640758365982 +0.000168573894340343
-0.002532680419377889 -0.000815353480131092
+0.001569778165404462 +0.000021420718819554
-0.002752051310351888 -0.000793784912965653
+0.001871117917750083 +0.000010948135746980
-0.003039397519436470 -0.000868591671980723
+0.001882537078579993 +0.000096166232070889
-0.003020115735762996 -0.000902975188789797
+0.001596746713472778 +0.000130941905401138
-0.002942717179964905 -0.000875579698502660
+0.001498689586805211 +0.000123150886948329
-0.003065852000729121 -0.000912478171113142
+0.001624820314544055 +0.000127850591069310
-0.003141100460592249 -0.001018294412532674
+0.001660889973659938 +0.000100865169722165
-0.003022277827309548 -0.001086024662128984
+0.001619299860113296 +0.000019503946545690
-0.002972830945747532 -0.001068844777474298
+0.001700367239618507 -0.000058469075808982
-0.003158208001217779 -0.001027188926162430
+0.001857663277887606 -0.000056268688493220
-0.003343872775311272 -0.001020827865884887
+0.001847300444200451 -0.000007238647085495
-0.003319170874197806 -0.001029475972993765
+0.001708302205350696 +0.000016222030345527
-0.003241507172155046 -0.001061006754814628
+0.001667181202445988 +0.000039727195480810
-0.003251714225325933 -0.001128991972132213
+0.001714350462810273 +0.000067585975268988
-0.003274300306185610 -0.001177072616678027
+0.001756359162124566 +0.000058392065337426
-0.003304121950407546 -0.001160019715964105
+0.001814156179204358 +0.000004285030410525
-0.003402528837538383 -0.001104242804880060
+0.001897669164410205 -0.000049041092423097
-0.003532715912899512 -0.001076047261447713
+0.001923144043692190 -0.000052969595856187
-0.003587972367562511 -0.001098007422923283
+0.001841628547594117 -0.000025550593331447
-0.003558787326493845 -0.001147266433933520
+0.001750526371738299 +0.000009340155737926
-0.003556581830773210 -0.001220924471063676
+0.001747272131194894 +0.000043426676923601
-0.003607679006941741 -0.001292728811237843
+0.001795354266291484 +0.000038482485390819
-0.003661775879008126 -0.001309303792596417
+0.001848951817087781 -0.000028338946177023
-0.003730047174822159 -0.001263662586137759
+0.001920492279137754 -0.000117505060702277
-0.003823042154849346 -0.001215876146509785
+0.001986432417572580 -0.000152762007969017
-0.003889119348188832 -0.001231389145081580
+0.001987585385724790 -0.000111043488521654
-0.003875920066251091 -0.001304097622519903
+0.001918683284744105 -0.000042913198441683
-0.003833473092954072 -0.001378152948550006
+0.001862866152500768 -0.000000897629323740
-0.003871502255838996 -0.001417120010860828
+0.001869418674289421 +0.000001055367647592
-0.003970766189946405 -0.001406106021889718
+0.001847488534067674 -0.000049965666618454
-0.003942425360562741 -0.001312575999095954
+0.001558364300049261 -0.000267163323663297
-0.005877597122946615 -0.001717979935173135
+0.001223393749458935 +0.000255835788553325
-0.005470313460357977 -0.001940121985331921
-0.000014209425557534 +0.000004501834333344
-0.003548196825537877 -0.001266481532681321
+0.004208855431458373 -0.001308403035815925
-0.003318410003303672 -0.002159063546786177
