-0.002864482287458323 +0.003641011661101826
-0.000619152491591748 -0.004541493678609797
-0.004976079950314677 +0.007580924138494348
+0.000309700767722841 -0.005312569187678121
-0.003403922324975577 +0.007204466765787206
+0.001908552148974498 -0.005283706970759004
-0.002886417688503703 +0.006543026232569835
+0.001778643518623621 -0.004495031920815394
-0.002471023996223308 +0.005335335553047550
+0.002002565696515225 -0.005529843908026990
-0.002332211419468085 +0.004789324587995209
+0.001474717005188965 -0.006137819652778433
-0.003185151504019646 +0.005726324961628725
+0.000791418582128561 -0.005642440684207778
-0.003939399756120783 +0.006484564819324407
+0.000842853865137143 -0.004956770202313420
-0.003406152665382673 +0.005978255623310214
+0.001406394468205780 -0.005272180068211195
-0.002706422514925132 +0.005823890028696124
+0.001564260324652830 -0.005378362765348980
-0.002999840965548414 +0.005846096011569058
+0.001564735281434641 -0.005832951623162554
-0.003178268380801050 +0.005987257629702431
+0.001347767985694068 -0.006015147121720474
-0.003531351580403345 +0.006158815615645985
+0.001168456633582433 -0.005487146115286438
-0.003543049003373445 +0.006407808777334163
+0.001177387595911641 -0.005114540503815726
-0.003297689140390846 +0.006729244735742903
+0.001447761605091357 -0.005530318331793699
-0.003013320765095545 +0.006281179511119781
+0.001837704277692251 -0.006038723352266656
-0.003051119816408765 +0.006003015661533873
+0.001629321351937701 -0.006333973021594566
-0.003476599820747117 +0.006383089135778626
+0.001214835849696926 -0.006163016178574298
-0.003771840779350608 +0.006584773517952525
+0.000999770410549685 -0.006156364325799392
-0.003902579223003967 +0.006920241384298912
+0.001204447619453115 -0.006454988356381596
-0.003653709994766090 +0.007658778544147342
+0.001932817280175497 -0.007409506444681887
-0.003554146151483600 +0.008627672442170619
+0.002262314221829583 -0.008144772005410547
-0.003737589557920507 +0.010901467231168926
+0.002498776965693524 -0.009721856331293310
-0.004304185143452595 +0.013044700456943930
+0.003592967704637734 -0.010131206661504473
-0.004406641191642975 +0.210690105708216113
+0.003403987594087093 +0.369069758030814377
-0.004030118105483881 +0.560574115083712576
+0.109645738443544666 +0.613085351008017310
+0.244477723906529110 +0.218652382674937085
+0.367315039517619679 -0.536038339347153725
+0.436864331101605718 -0.571440718708560391
+0.276540257601424866 -0.173431836950531881
-0.111459981651534035 -0.062809563034647839
-0.354683575786814198 -0.022794999590631245
-0.224494737733166083 +0.010843151362136627
-0.078277745499058277 +0.119851581966501558
-0.033110658716129615 +0.127235857001161967
-0.063862500357610971 +0.080391293185250373
-0.000268821591345854 +0.067725454367807553
+0.089581588262990577 +0.041000757938526367
+0.119386241754616873 -0.013268180005724696
+0.089863205598033846 -0.072623070057472455
+0.045631028435372110 -0.057058078756712649
+0.019224304111059111 -0.036034429034838583
-0.005900882667409130 -0.050861804177875558
-0.050367023348888609 -0.031005194524428188
-0.078091962939269580 +0.023334289517915888
-0.065513826694445887 +0.043893853602548973
-0.033096240327116118 +0.004723667180213199
+0.009641146053846712 -0.007294393148753162
+0.030408818228728502 +0.024474339179349096
+0.021186559521662564 +0.027263956543674178
+0.020770597671108330 -0.001006492277100633
+0.035836260463991437 -0.008174032772654459
+0.032112899626990321 -0.010945440611177332
+0.001633446811167800 -0.008481532315447017
-0.017801717343214299 +0.001826121792750059
-0.017817626253969654 +0.014862040593396849
-0.018543676234497493 +0.026061472949362150
-0.015129019428290022 +0.038539125086122061
-0.009702071171480876 +0.030102889714396161
+0.006670978032500541 +0.000854715599761162
+0.026857626973591772 -0.013808668079398706
+0.034744357189127613 -0.019926850013952793
+0.025530409194160684 -0.028228630660830867
+0.007409379282015183 -0.002119769878918615
-0.006275208135538744 +0.031253604257577346
-0.010832035428556645 +0.039922494633234884
-0.008830798124696232 +0.033800451142924182
-0.002712614498478476 +0.017728839017028455
+0.005753550027221346 +0.007789258490621479
+0.013600455497080270 +0.008883707397126380
+0.015872649008492716 -0.002620374756754865
+0.016752293095285527 -0.025757613606025423
+0.018505715824398188 -0.032637383803755013
+0.012740346980092191 -0.018266696041414589
-0.002183235233513465 +0.002386095356189227
-0.015050535148321432 +0.004346046824657623
-0.021989001400726967 -0.002293180872245456
-0.018113449161364720 -0.007983555851805487
-0.015935123924916233 -0.009848074567815611
-0.010244965751044364 -0.006303614084905505
-0.009826157198060828 -0.006315143763782069
-0.000517435973544727 -0.018436224403857560
-0.001308294001708708 -0.010869669385636157
-0.007293951917334294 -0.002557039562656196
-0.011341602266003271 -0.006274402922684076
-0.006719399496337578 +0.009330615368561841
+0.004378424225015527 +0.006744522812531404
-0.000941973980210006 +0.004517925462185173
-0.003852152525711491 +0.002026116865021127
-0.009719717466498645 +0.002443084172494094
-0.009083577700420634 +0.001492552865247382
-0.000876488147325762 -0.003823495076647584
-0.004481929209189509 -0.003755122370241917
-0.013155355069053975 -0.008663415822491288
-0.015303928863500134 -0.003190519074198079
-0.005052441317085931 -0.004531445931400342
-0.000109638227642562 -0.000611922012643537
+0.003000004741955815 +0.003225448105261221
+0.002281139903054982 +0.008386154220090187
+0.001982447199872383 +0.019787453587745661
+0.004144378092941669 +0.008202903501010352
+0.001123874249045684 +0.004477205956207686
-0.002903844308953590 -0.002206004205982754
-0.008084871624916997 -0.002314760409165060
-0.009230571180287169 -0.005175907651212694
-0.007812873840804615 -0.010927773824823054
-0.005451267944486903 -0.008635982409491363
+0.000016457413218384 -0.011539273654833742
-0.002503657535433759 +0.002309605880153269
-0.000041534489386656 +0.004628460864789153
+0.000053832296579502 +0.009867374304676289
+0.002404454471043434 +0.011163247552362299
-0.001188839276997109 +0.011976916655153373
-0.002521180981522381 +0.006630451934979404
-0.001988225548821074 -0.004188790666791915
-0.003333679194460979 -0.005102243679658705
-0.005410217324857671 -0.012348695486961625
-0.009274497671204800 -0.014489751582053598
-0.011895232497502801 -0.014106890896752338
-0.012267261796444273 -0.008991285262676906
-0.011511212207318100 +0.001380587917062249
-0.007659945174292058 +0.004988758296323541
-0.005773545319532045 +0.012447006437727288
-0.000074025852141156 +0.015269967648050798
+0.003793389656640941 +0.019522407447927784
+0.008048577994028265 +0.013343861757120941
+0.005670531129736168 +0.006172262550037911
+0.003038443815162513 -0.004469552102985665
-0.001645135775219374 -0.006406982170918464
-0.003582661526044119 -0.010509882875828011
-0.008740204836674245 -0.015247818690007662
-0.011469258554816137 -0.017445568614476142
-0.013133402416330684 -0.010594808790808874
-0.010468268755797733 -0.004827010722041948
-0.008776283734245015 +0.002880495655120627
-0.006268700785833694 +0.010560134156258640
-0.004218855609689399 +0.016337084872511509
-0.000440414638886565 +0.019032301264734146
+0.001647940187078886 +0.016500596361692266
+0.002626248281605420 +0.012212488617306907
+0.003556469430596284 +0.004998507546379486
+0.004334365677619333 -0.004001103420648649
+0.001919480004095387 -0.012199173870857529
+0.000440376232923193 -0.025053611161599008
-0.005205704095061750 -0.014868137688824903
-0.007614433032793078 -0.022299765990054697
-0.014013913191861238 -0.003731930522047809
-0.010008890285773349 +0.015363908223339027
-0.011415712620631341 +0.011444415098274072
-0.000623610232398689 +0.011528501153104680
+0.009626230014963771 +0.008656030144191015
+0.019386147053563979 -0.006078456230889880
+0.019284241179705945 -0.000265532866449425
+0.016792633747442366 -0.006270966908733772
+0.009673122159852818 -0.004477636622557464
+0.002535019049819454 -0.003276299538435133
-0.001207214758928168 -0.002466166113598983
-0.000861451130693816 -0.000508207545143864
-0.003750898361203073 +0.006620824716676329
+0.001449857748665968 +0.001225506625013316
-0.000028641784723615 +0.010505165798724590
+0.003443846385996960 -0.000102977941694178
+0.003010867253088745 +0.003577901844475557
+0.004622676936051729 -0.002841330982827357
+0.003903875042774973 -0.005305503350256070
+0.001801730191984206 -0.002975003435478910
-0.000415965287953585 -0.005185731544408176
-0.002826391218028100 -0.001802094150122576
-0.003540331086308252 -0.000398434766020299
-0.002815364186789069 -0.000600965445316022
-0.001947274254255158 +0.006126788329891211
-0.000271156034947415 +0.000639240231318394
+0.000177954594054373 +0.007977759671503689
+0.003261314700900715 +0.000524507444522897
+0.001650043006365130 +0.004287502984149136
+0.003961360679394191 -0.003220092398970554
+0.000908224991959447 -0.001715935292996657
+0.001804572789150237 -0.005974908602408243
-0.001712592559536771 -0.003642120700492793
-0.002140096515578432 -0.003696406758296805
-0.004117112167356943 -0.000875901341133617
-0.003815358934996712 -0.000173331535390856
-0.002830729179728094 +0.003044224325442489
-0.000746704518325645 +0.001610642027444753
+0.000680909876086550 +0.003399994934556368
+0.002921071697085217 +0.000650538936926062
+0.002840914501475727 +0.002879330814142773
+0.004259815809393697 -0.001650974784208997
+0.001874124133481889 +0.002273047692429610
+0.002250705453029948 -0.003534510933584930
-0.000706275840904155 +0.001641507500897069
-0.000627493834610735 -0.002705368933041527
-0.002851431111242271 +0.001207959720652671
-0.002101425353667028 -0.001603378396100254
-0.002712207100429371 +0.000817097305842302
-0.000751379808279793 -0.001294592905002197
-0.000931482751939131 +0.001702752752751631
+0.000903396120735229 -0.001126659291116216
-0.000271769199791456 +0.002274008218629613
+0.001239846382806913 -0.001218859097083640
-0.000340921152828108 +0.001560074070853730
+0.000461714687610457 -0.001099025373747323
-0.001076881962688376 +0.000911559547767798
-0.000327739872670621 -0.001800377247234277
-0.001570277743751904 +0.001107396441763857
-0.000826205783031479 -0.002662161286512378
-0.001784400889529702 +0.001608800612563458
-0.000416677120751526 -0.002117258224412383
-0.001152627797932277 +0.002394578153354898
+0.000811072101848781 -0.001596309063933525
-0.000258492663578418 +0.002731251324961059
+0.001697086840026373 -0.001879128071458199
-0.000082519028845830 +0.002176220279495355
+0.002087933767202165 -0.001813738261508536
-0.000258125307409936 +0.001093129352877848
+0.001028787777746379 -0.001577277048546466
-0.000655307275417856 +0.000102423143060007
-0.000256620165517544 -0.001710524076929500
-0.000680846519794081 -0.000166547474325594
-0.000302563326600994 -0.001852324342296437
-0.000318268090232770 +0.001505741056608983
+0.000534880921989268 -0.001434853840629861
+0.000078868335377107 +0.003225449466513732
+0.001801194413752453 -0.001364630390015036
+0.000087007210934580 +0.004155830662957678
+0.002201099146635015 -0.001473801658127650
-0.000566401352565019 +0.003629685808897260
+0.001293049483697387 -0.001703600495170543
-0.001362831235224081 +0.001694842134792507
+0.000132953604880224 -0.002219468601583460
-0.001678988003379302 -0.000502166196868561
-0.000798582419578951 -0.002365899812844192
-0.001532602677101107 -0.000931152317796164
-0.001028869382852979 -0.001723931161986650
-0.001332447643880634 +0.000853498218001267
-0.000527017081754467 -0.001264770402129152
-0.000978710026418109 +0.003204895841514252
+0.000620348840279549 -0.001146512865875149
-0.000574121441481593 +0.004256957311897709
+0.001631016162810601 -0.001641519496623979
-0.000504465115014965 +0.003366566746405665
+0.001733422831627503 -0.002627608346488969
-0.000729939243676964 +0.001609468249784659
+0.000922166529497045 -0.003015572422912184
-0.001202644377808676 +0.000262406280234098
-0.000078900502022579 -0.002191994172799666
-0.001263815377713451 +0.000144295137221138
-0.000340750159790021 -0.001167983469677783
-0.000885306876321416 +0.001150629395385593
+0.000231448487635567 -0.001057325163429153
-0.000528854365586716 +0.002534302416099898
+0.001012296381041148 -0.001357238876863845
-0.000472379202231575 +0.003230516119531823
+0.001335360103159898 -0.002076758667203884
-0.000627198853599781 +0.002777954795796641
+0.001252062620576261 -0.002654188751589869
-0.000810593656600879 +0.002019785091246911
+0.000784578978196857 -0.002597495540185825
-0.001056540442860602 +0.001642899970671859
+0.000324320125320056 -0.002063389150431471
-0.001258203438278350 +0.001638550640518892
+0.000085234036586444 -0.001446620504446757
-0.001288237799098752 +0.001928904355491598
+0.000188261656459532 -0.001029304664268996
-0.001137260281835980 +0.001891113686223861
+0.000593123123872443 -0.001715887076904244
-0.000782687697904368 +0.001600111480493020
+0.000869494473575756 -0.003220098993742778
-0.000655013682290478 +0.001547650789453267
+0.000705127439923046 -0.002764042112134516
-0.001081020833051624 +0.001787668907856853
+0.000320182695052056 -0.001280281414259829
-0.001156216264670439 +0.002407918880407642
+0.000607679637678180 -0.001364059658442964
-0.000758613870913125 +0.003182917223880920
+0.001295244014342402 -0.002392155607867943
-0.000631588127489085 +0.003034680954163631
+0.001388730330837770 -0.002876223795233423
-0.000920695188226190 +0.001751185644253431
+0.000966675742704127 -0.002563800796037186
-0.001319509205067042 +0.000796915889850980
+0.000515572667540203 -0.001986193762737787
-0.001402589411938229 +0.001319099836384063
+0.000242679090563414 -0.001667143053657061
-0.001051162628749602 +0.002431372759365058
+0.000414177866887022 -0.001711995477774231
-0.000540185040416037 +0.002935069259247563
+0.000891536119462133 -0.001965059607960461
-0.000488564207894018 +0.002804681086084599
+0.001205778788505897 -0.002498488858329061
-0.001032272315070349 +0.002532567746289294
+0.001179348630866731 -0.003092135720726912
-0.001603191251253544 +0.002393139763564055
+0.000813727656918131 -0.003111824551695966
-0.001754824878262458 +0.002261426284447366
+0.000416003040589280 -0.002290483230655997
-0.001453243480127535 +0.001982231376167067
+0.000281466745668075 -0.001408361860979725
-0.000947138499795780 +0.001751686592515619
+0.000483640134174238 -0.001398352173130014
-0.000651285900640841 +0.001912351899444133
+0.000776069604235319 -0.002241496192565202
-0.000834711604497600 +0.002451201983174882
+0.000914247004133339 -0.003191308201220412
-0.001299705310360593 +0.003030431506180020
+0.000945425944246774 -0.003474464469636739
-0.001642378169747121 +0.003173427398614251
+0.000945990887511430 -0.002937068641609147
-0.001570647141833690 +0.002781129613343856
+0.000939919965071679 -0.002152332163349955
-0.001188311279379119 +0.002229231202528734
+0.000891771271328312 -0.001803442502296526
-0.000843476156501912 +0.001945459508874858
+0.000766734223311771 -0.002010144368303979
-0.000834197196713079 +0.002017620134326182
+0.000629748955571898 -0.002461746448437469
-0.001144670601357418 +0.002323565078590911
+0.000628192936458521 -0.002864855823333505
-0.001468517647616882 +0.002777852150220915
+0.000779880776416253 -0.003081530157091577
-0.001587775006025232 +0.003167030368454131
+0.000959199147567254 -0.003037267356309971
-0.001461138298295400 +0.003184098670044200
+0.001015903868930508 -0.002717610639654555
-0.001243401989161077 +0.002821204155085787
+0.000938631569365609 -0.002379345682253090
-0.001152808009507178 +0.002411041137572558
+0.000811320885366040 -0.002381992781535596
-0.001259125706435525 +0.002290498653955599
+0.000715842741889477 -0.002658833578395811
-0.001451585229477679 +0.002450389550768031
+0.000698575968086809 -0.002886993573544053
-0.001546040333766099 +0.002685235723950096
+0.000745398925499538 -0.002953587327750211
-0.001474177688308890 +0.002862558051825744
+0.000852131063847805 -0.002908252283662300
-0.001336518779278426 +0.002984307893348448
+0.000958875871102702 -0.002846554670400153
-0.001260616643002709 +0.003056116170049650
+0.000996146731238244 -0.002879957776305116
-0.001308500010003004 +0.003049077571904815
+0.000992734153478830 -0.002986705932036556
-0.001458251944177735 +0.002998329831778205
+0.000972480428927064 -0.003045573111715427
-0.001595652929907079 +0.002888270000968507
+0.000940811097350392 -0.002985963184015845
-0.001606602097749024 +0.002731400479878243
+0.000881110093948607 -0.002841376055110621
-0.001494586726931604 +0.002662949476445961
+0.000780315193245379 -0.002742258544902984
-0.001375458785443093 +0.002791702475873524
+0.000724340196662890 -0.002841088998181938
-0.001367734137338030 +0.003065152445378769
+0.000800120408065418 -0.003136761120562753
-0.001491754916585624 +0.003342451817851923
+0.000974986304827462 -0.003431843582025636
-0.001682579574372607 +0.003481258183995666
+0.001120805879453598 -0.003534593128440387
-0.001809393694912201 +0.003401485443867160
+0.001125109028554598 -0.003358339136923195
-0.001778121207428933 +0.003128492059905849
+0.000982244891030032 -0.002989894049040702
-0.001623699928253392 +0.002808459430147947
+0.000797526152869200 -0.002731472925721217
-0.001465641730412443 +0.002693252307936914
+0.000701063884386081 -0.002849350801537115
-0.001440888305806334 +0.002931709641563956
+0.000762223070956084 -0.003265914533333014
-0.001580337656306405 +0.003378042626674141
+0.000944015857165135 -0.003670530659771860
-0.001775584003842932 +0.003733006406047227
+0.001138525794587584 -0.003822971470349114
-0.001894509498057335 +0.003802259997587218
+0.001223616991222193 -0.003657039427559941
-0.001877248050786153 +0.003578669383683437
+0.001135474908422145 -0.003314205886122613
-0.001755960185221605 +0.003203188264924089
+0.000945744896696024 -0.003044027472498946
-0.001634419480322434 +0.002939485698278223
+0.000792891059775608 -0.003044730660898251
-0.001618054122225223 +0.003007315235549049
+0.000782519658343618 -0.003337821287260284
-0.001729938621960994 +0.003369966015744274
+0.000911375609687159 -0.003724514950934833
-0.001889936369383628 +0.003777589732519782
+0.001068073603617746 -0.003918858220509714
-0.001993679307709059 +0.003963866180184758
+0.001145961067616057 -0.003832824480468253
-0.001985135916868239 +0.003852379832536215
+0.001118392728475472 -0.003663889701822736
-0.001894701796969364 +0.003603393774517552
+0.001027206603440200 -0.003554761833398918
-0.001836674085237628 +0.003395714318522441
+0.000936351510292560 -0.003492845258291752
-0.001869294114455064 +0.003334476952299134
+0.000907437764840858 -0.003524338777797354
-0.001947035848016922 +0.003494182710317782
+0.000960891237554861 -0.003698475824514024
-0.002009380262880064 +0.003794943784457970
+0.001041656617636731 -0.003905041569712707
-0.002023650540453888 +0.003987109484428659
+0.001082184941571606 -0.003984275346992732
-0.002007467486426429 +0.003942133803870913
+0.001075332049659581 -0.003936205236202080
-0.002013182989581807 +0.003824694263844601
+0.001052157660502796 -0.003907180804897803
-0.002066221187822766 +0.003835485236764566
+0.001049020156310245 -0.003964806643649170
-0.002135179884588103 +0.003943789846340029
+0.001074401831557895 -0.004007031694350821
-0.002175236126270227 +0.003984645251434209
+0.001095253186899625 -0.003952256885266660
-0.002172611894091139 +0.003907205049752921
+0.001078962050533802 -0.003882603477959830
-0.002141918855623818 +0.003831914207502914
+0.001023226439728096 -0.003929390466324211
-0.002117925052783548 +0.003890355769327669
+0.000969745850211177 -0.004099418271964424
-0.002145760483195366 +0.004077562876295956
+0.000979941251677613 -0.004285948264400853
-0.002238533453976488 +0.004282441430510063
+0.001073683482243732 -0.004394869280284010
-0.002354492489364351 +0.004395431702150789
+0.001196081704969772 -0.004390982064752825
-0.002428745360113217 +0.004389873109210553
+0.001237602465227581 -0.004297482258069141
-0.002397812027237705 +0.004255300006708764
+0.001165773570784252 -0.004188352037133983
-0.002303963015232616 +0.004007207214553594
+0.001043193988401735 -0.004101529340097650
-0.002257097604758912 +0.003967904940117156
+0.000928306386960235 -0.004168195291142735
-0.002298633841878274 +0.004200852739910101
+0.000958048706842036 -0.004402733882592818
-0.002393724640539934 +0.004491743794973220
+0.001108842733694639 -0.004663835569994078
-0.002517899707158385 +0.004732462161957353
+0.001240503940421427 -0.004809019273800723
-0.002614349481669780 +0.004799090376000055
+0.001286720309211709 -0.004778156800123945
-0.002624474236836540 +0.004624836969059057
+0.001220492654324761 -0.004573100710701918
-0.002570084847621000 +0.004371321685390142
+0.001079445813880008 -0.004357864078719289
-0.002505688300311248 +0.004249133657117507
+0.000978658457468291 -0.004345005212851922
-0.002482949528714613 +0.004365836200411641
+0.000986995316943373 -0.004571112169028035
-0.002552126776268196 +0.004655139787301003
+0.001088577171453357 -0.004873915171342875
-0.002689898899809224 +0.004927078741571206
+0.001205527874187694 -0.005078126931562423
-0.002803977745024909 +0.005034261891107304
+0.001253897572027463 -0.005091862335507555
-0.002839464159761170 +0.004958825230015745
+0.001211500603711727 -0.004948433797960027
-0.002803933770996751 +0.004801754092152879
+0.001126935249562649 -0.004791298538611885
-0.002752870426599796 +0.004696711462444480
+0.001073761922473573 -0.004748647754403542
-0.002748068283832290 +0.004721955464769872
+0.001080672883453986 -0.004857141486744535
-0.002804485629213860 +0.004872452099003614
+0.001123478208985918 -0.005058383703091812
-0.002892130274734003 +0.005065712701478785
+0.001163752312178119 -0.005235371778264523
-0.002969509694116333 +0.005198862875433580
+0.001179642733801930 -0.005317519515347012
-0.003012310929399171 +0.005242415445816766
+0.001174078857447337 -0.005318229692567454
-0.003026333449477002 +0.005235187925768959
+0.001166606747136632 -0.005299609681054968
-0.003037633590140510 +0.005232169908560172
+0.001166681923949638 -0.005311228248778869
-0.003070492115590456 +0.005277490460199178
+0.001172762031142852 -0.005374694186062977
-0.003110665873600794 +0.005363721826373113
+0.001134228189983748 -0.005516021666940939
-0.002988303737564799 +0.005650429342727204
+0.001396970552399244 -0.003435517161013296
-0.003731116692991064 +0.008950578374475906
+0.001806549154536395 -0.001696475145767269
-0.002212683704782827 +0.009577507976039736
+0.003322574743186857 -0.007815252760026533
-0.000196185585142234 +0.001523364557236219
+0.003898632967006302 -0.006681039641433137
