00000 +9.000
00010 +5.485
00020 +2.205
00030 +0.568
00040 -0.188
00050 -0.467
00060 -0.451
00070 -0.238
00080 +0.078
00090 +0.325
00100 +0.242
00110 -0.302
00120 -1.084
00130 -1.771
00140 -2.219
00150 -2.436
00160 -2.485
00170 -2.426
00180 -2.314
00190 -2.204
00200 -2.154
00210 -2.206
00220 -2.364
00230 -2.579
00240 -2.780
00250 -2.914
00260 -2.961
00270 -2.927
00280 -2.835
00290 -2.716
00300 -2.604
00310 -2.534
00320 -2.531
00330 -2.593
00340 -2.694
00350 -2.789
00360 -2.839
00370 -2.825
00380 -2.748
00390 -2.625
00400 -2.484
00410 -2.363
00420 -2.296
00430 -2.307
00440 -2.390
00450 -2.512
00460 -2.624
00470 -2.687
00480 -2.689
00490 -2.645
00500 -2.590
00510 -2.573
00520 -2.641
00530 -2.819
00540 -3.092
00550 -3.405
00560 -3.694
00570 -3.917
00580 -4.063
00590 -4.151
00600 -4.218
00610 -4.300
00620 -4.424
00630 -4.600
00640 -4.811
00650 -5.028
00660 -5.215
00670 -5.350
00680 -5.424
00690 -5.450
00700 -5.448
00710 -5.447
00720 -5.470
00730 -5.534
00740 -5.643
00750 -5.782
00760 -5.925
00770 -6.045
00780 -6.122
00790 -6.150
00800 -6.140
00810 -6.116
00820 -6.105
00830 -6.133
00840 -6.212
00850 -6.334
00860 -6.471
00870 -6.589
00880 -6.657
00890 -6.662
00900 -6.615
00910 -6.542
00920 -6.476
00930 -6.444
00940 -6.459
00950 -6.516
00960 -6.591
00970 -6.653
00980 -6.677
00990 -6.654
01000 -6.591
01010 -6.511
01020 -6.437
01030 -6.394
01040 -6.395
01050 -6.440
01060 -6.516
01070 -6.602
01080 -6.675
01090 -6.718
01100 -6.728
01110 -6.714
01120 -6.694
01130 -6.689
01140 -6.719
01150 -6.795
01160 -6.913
01170 -7.057
01180 -7.199
01190 -7.311
01200 -7.371
01210 -7.374
01220 -7.331
01230 -7.263
01240 -7.196
01250 -7.145
01260 -7.111
01270 -7.072
01280 -6.997
01290 -6.858
01300 -6.644
01310 -6.368
01320 -6.059
01330 -5.752
01340 -5.481
01350 -5.264
01360 -5.101
01370 -4.977
01380 -4.866
01390 -4.746
01400 -4.602
01410 -4.433
01420 -4.252
01430 -4.076
01440 -3.926
01450 -3.816
01460 -3.748
01470 -3.714
01480 -3.698
01490 -3.680
01500 -3.645
01510 -3.585
01520 -3.505
01530 -3.419
01540 -3.346
01550 -3.307
01560 -3.314
01570 -3.374
01580 -3.478
01590 -3.609
01600 -3.747
01610 -3.875
01620 -3.984
01630 -4.079
01640 -4.172
01650 -4.277
01660 -4.401
01670 -4.541
01680 -4.681
01690 -4.800
01700 -4.878
01710 -4.907
01720 -4.888
01730 -4.833
01740 -4.761
01750 -4.693
01760 -4.643
01770 -4.615
01780 -4.607
01790 -4.607
01800 -4.601
01810 -4.576
01820 -4.527
01830 -4.456
01840 -4.373
01850 -4.293
01860 -4.228
01870 -4.189
01880 -4.176
01890 -4.185
01900 -4.201
01910 -4.213
01920 -4.209
01930 -4.188
01940 -4.155
01950 -4.123
01960 -4.109
01970 -4.128
01980 -4.186
01990 -4.281
02000 -4.403
02010 -4.536
02020 -4.665
02030 -4.784
02040 -4.894
02050 -5.004
02060 -5.127
02070 -5.273
02080 -5.443
02090 -5.629
02100 -5.813
02110 -5.977
02120 -6.104
02130 -6.189
02140 -6.234
02150 -6.248
02160 -6.247
02170 -6.244
02180 -6.244
02190 -6.250
02200 -6.257
02210 -6.257
02220 -6.245
02230 -6.218
02240 -6.177
02250 -6.128
02260 -6.082
02270 -6.046
02280 -6.028
02290 -6.034
02300 -6.061
02310 -6.105
02320 -6.162
02330 -6.224
02340 -6.289
02350 -6.355
02360 -6.428
02370 -6.514
02380 -6.620
02390 -6.750
02400 -6.904
02410 -7.077
02420 -7.259
02430 -7.439
02440 -7.606
02450 -7.753
02460 -7.877
02470 -7.983
02480 -8.077
02490 -8.163
02500 -8.245
02510 -8.320
02520 -8.383
02530 -8.425
02540 -8.441
02550 -8.426
02560 -8.385
02570 -8.324
02580 -8.253
02590 -8.183
02600 -8.118
02610 -8.059
02620 -8.002
02630 -7.942
02640 -7.873
02650 -7.791
02660 -7.697
02670 -7.596
02680 -7.496
02690 -7.403
02700 -7.325
02710 -7.262
02720 -7.212
02730 -7.172
02740 -7.138
02750 -7.107
02760 -7.083
02770 -7.069
02780 -7.075
02790 -7.107
02800 -7.170
02810 -7.267
02820 -7.392
02830 -7.538
02840 -7.696
02850 -7.856
02860 -8.009
02870 -8.147
02880 -8.268
02890 -8.367
02900 -8.446
02910 -8.506
02920 -8.547
02930 -8.572
02940 -8.580
02950 -8.572
02960 -8.550
02970 -8.514
02980 -8.466
02990 -8.411
03000 -8.353
03010 -8.295
03020 -8.242
03030 -8.193
03040 -8.148
03050 -8.105
03060 -8.063
03070 -8.019
03080 -7.974
03090 -7.929
03100 -7.887
03110 -7.852
03120 -7.825
03130 -7.809
03140 -7.804
03150 -7.808
03160 -7.818
03170 -7.835
03180 -7.858
03190 -7.888
03200 -7.928
03210 -7.980
03220 -8.047
03230 -8.129
03240 -8.225
03250 -8.334
03260 -8.452
03270 -8.576
03280 -8.702
03290 -8.828
03300 -8.951
03310 -9.070
03320 -9.184
03330 -9.291
03340 -9.389
03350 -9.477
03360 -9.553
03370 -9.615
03380 -9.662
03390 -9.695
03400 -9.713
03410 -9.720
03420 -9.717
03430 -9.707
03440 -9.692
03450 -9.674
03460 -9.653
03470 -9.628
03480 -9.600
03490 -9.568
03500 -9.533
03510 -9.494
03520 -9.455
03530 -9.416
03540 -9.378
03550 -9.343
03560 -9.309
03570 -9.277
03580 -9.246
03590 -9.214
03600 -9.181
03610 -9.147
03620 -9.114
03630 -9.082
03640 -9.052
03650 -9.024
03660 -8.999
03670 -8.976
03680 -8.954
03690 -8.932
03700 -8.910
03710 -8.888
03720 -8.867
03730 -8.847
03740 -8.829
03750 -8.814
03760 -8.802
03770 -8.791
03780 -8.782
03790 -8.774
03800 -8.766
03810 -8.760
03820 -8.755
03830 -8.752
03840 -8.752
03850 -8.755
03860 -8.760
03870 -8.768
03880 -8.777
03890 -8.787
03900 -8.798
03910 -8.811
03920 -8.825
03930 -8.842
03940 -8.862
03950 -8.884
03960 -8.908
03970 -8.934
03980 -8.961
03990 -8.988
04000 -9.016
04010 -9.045
04020 -9.076
04030 -9.109
04040 -9.143
04050 -9.180
04060 -9.218
04070 -9.256
04080 -9.294
04090 -9.330
04100 -9.366
04110 -9.402
04120 -9.437
04130 -9.474
04140 -9.510
04150 -9.548
04160 -9.586
04170 -9.622
04180 -9.658
04190 -9.692
04200 -9.724
04210 -9.755
04220 -9.786
04230 -9.818
04240 -9.851
04250 -9.887
04260 -9.925
04270 -9.963
04280 -10.002
04290 -10.040
04300 -10.078
04310 -10.115
04320 -10.154
04330 -10.195
04340 -10.239
04350 -10.287
04360 -10.339
04370 -10.394
04380 -10.449
04390 -10.505
04400 -10.559
04410 -10.613
04420 -10.667
04430 -10.723
04440 -10.782
04450 -10.844
04460 -10.909
04470 -10.975
04480 -11.041
04490 -11.104
04500 -11.164
04510 -11.221
04520 -11.275
04530 -11.328
04540 -11.382
04550 -11.436
04560 -11.492
04570 -11.547
04580 -11.601
04590 -11.653
04600 -11.700
04610 -11.744
04620 -11.785
04630 -11.824
04640 -11.863
04650 -11.905
04660 -11.948
04670 -11.994
04680 -12.042
04690 -12.088
04700 -12.133
04710 -12.176
04720 -12.216
04730 -12.254
04740 -12.292
04750 -12.332
04760 -12.374
04770 -12.419
04780 -12.465
04790 -12.509
04800 -12.550
04810 -12.585
04820 -12.614
04830 -12.637
04840 -12.655
04850 -12.671
04860 -12.685
04870 -12.698
04880 -12.709
04890 -12.716
04900 -12.717
04910 -12.712
04920 -12.699
04930 -12.680
04940 -12.657
04950 -12.633
04960 -12.611
04970 -12.591
04980 -12.575
04990 -12.563
05000 -12.552
05010 -12.541
05020 -12.530
05030 -12.519
05040 -12.510
05050 -12.503
05060 -12.502
05070 -12.509
05080 -12.523
05090 -12.545
05100 -12.572
05110 -12.601
05120 -12.630
05130 -12.658
05140 -12.685
05150 -12.712
05160 -12.741
05170 -12.772
05180 -12.807
05190 -12.845
05200 -12.883
05210 -12.917
05220 -12.944
05230 -12.963
05240 -12.972
05250 -12.972
05260 -12.965
05270 -12.953
05280 -12.937
05290 -12.917
05300 -12.892
05310 -12.862
05320 -12.823
05330 -12.775
05340 -12.718
05350 -12.655
05360 -12.587
05370 -12.517
05380 -12.450
05390 -12.386
05400 -12.326
05410 -12.270
05420 -12.218
05430 -12.166
05440 -12.115
05450 -12.065
05460 -12.016
05470 -11.971
05480 -11.932
05490 -11.902
05500 -11.881
05510 -11.870
05520 -11.865
05530 -11.864
05540 -11.865
05550 -11.866
05560 -11.867
05570 -11.868
05580 -11.872
05590 -11.881
05600 -11.898
05610 -11.921
05620 -11.948
05630 -11.977
05640 -12.002
05650 -12.022
05660 -12.035
05670 -12.043
05680 -12.047
05690 -12.051
05700 -12.057
05710 -12.065
05720 -12.074
05730 -12.081
05740 -12.083
05750 -12.079
05760 -12.066
05770 -12.046
05780 -12.021
05790 -11.996
05800 -11.972
05810 -11.952
05820 -11.936
05830 -11.923
05840 -11.910
05850 -11.895
05860 -11.876
05870 -11.852
05880 -11.825
05890 -11.798
05900 -11.774
05910 -11.756
05920 -11.744
05930 -11.739
05940 -11.738
05950 -11.737
05960 -11.733
05970 -11.724
05980 -11.711
05990 -11.695
06000 -11.680
06010 -11.669
06020 -11.665
06030 -11.667
06040 -11.674
06050 -11.682
06060 -11.687
06070 -11.686
06080 -11.679
06090 -11.666
06100 -11.651
06110 -11.638
06120 -11.630
06130 -11.629
06140 -11.633
06150 -11.640
06160 -11.646
06170 -11.647
06180 -11.640
06190 -11.627
06200 -11.609
06210 -11.590
06220 -11.575
06230 -11.567
06240 -11.565
06250 -11.569
06260 -11.573
06270 -11.573
06280 -11.566
06290 -11.550
06300 -11.526
06310 -11.498
06320 -11.471
06330 -11.450
06340 -11.437
06350 -11.431
06360 -11.427
06370 -11.421
06380 -11.408
06390 -11.385
06400 -11.353
06410 -11.316
06420 -11.279
06430 -11.247
06440 -11.226
06450 -11.213
06460 -11.207
06470 -11.203
06480 -11.195
06490 -11.180
06500 -11.156
06510 -11.128
06520 -11.100
06530 -11.076
06540 -11.062
06550 -11.058
06560 -11.063
06570 -11.074
06580 -11.085
06590 -11.090
06600 -11.088
06610 -11.077
06620 -11.060
06630 -11.044
06640 -11.032
06650 -11.029
06660 -11.035
06670 -11.049
06680 -11.064
06690 -11.075
06700 -11.075
06710 -11.063
06720 -11.038
06730 -11.008
06740 -10.978
06750 -10.956
06760 -10.946
06770 -10.946
06780 -10.952
06790 -10.956
06800 -10.952
06810 -10.933
06820 -10.903
06830 -10.864
06840 -10.827
06850 -10.799
06860 -10.786
06870 -10.788
06880 -10.802
06890 -10.820
06900 -10.832
06910 -10.834
06920 -10.824
06930 -10.805
06940 -10.784
06950 -10.771
06960 -10.771
06970 -10.787
06980 -10.816
06990 -10.852
07000 -10.885
07010 -10.908
07020 -10.915
07030 -10.907
07040 -10.890
07050 -10.872
07060 -10.861
07070 -10.862
07080 -10.876
07090 -10.897
07100 -10.916
07110 -10.925
07120 -10.916
07130 -10.886
07140 -10.841
07150 -10.788
07160 -10.739
07170 -10.702
07180 -10.681
07190 -10.675
07200 -10.674
07210 -10.670
07220 -10.653
07230 -10.619
07240 -10.571
07250 -10.517
07260 -10.467
07270 -10.431
07280 -10.417
07290 -10.423
07300 -10.445
07310 -10.470
07320 -10.488
07330 -10.493
07340 -10.481
07350 -10.457
07360 -10.431
07370 -10.413
07380 -10.412
07390 -10.431
07400 -10.466
07410 -10.508
07420 -10.543
07430 -10.563
07440 -10.559
07450 -10.533
07460 -10.493
07470 -10.451
07480 -10.419
07490 -10.406
07500 -10.410
07510 -10.424
07520 -10.436
07530 -10.432
07540 -10.404
07550 -10.349
07560 -10.277
07570 -10.199
07580 -10.133
07590 -10.088
07600 -10.067
07610 -10.066
07620 -10.072
07630 -10.071
07640 -10.053
07650 -10.013
07660 -9.956
07670 -9.895
07680 -9.844
07690 -9.816
07700 -9.816
07710 -9.839
07720 -9.877
07730 -9.914
07740 -9.938
07750 -9.942
07760 -9.925
07770 -9.894
07780 -9.863
07790 -9.845
07800 -9.847
07810 -9.871
07820 -9.908
07830 -9.947
07840 -9.971
07850 -9.970
07860 -9.939
07870 -9.881
07880 -9.810
07890 -9.741
07900 -9.688
07910 -9.658
07920 -9.648
07930 -9.645
07940 -9.635
07950 -9.604
07960 -9.547
07970 -9.465
07980 -9.373
07990 -9.288
08000 -9.228
08010 -9.201
08020 -9.205
08030 -9.229
08040 -9.257
08050 -9.274
08060 -9.271
08070 -9.250
08080 -9.221
08090 -9.198
08100 -9.196
08110 -9.225
08120 -9.283
08130 -9.360
08140 -9.442
08150 -9.513
08160 -9.563
08170 -9.590
08180 -9.599
08190 -9.601
08200 -9.611
08210 -9.637
08220 -9.682
08230 -9.738
08240 -9.792
08250 -9.832
08260 -9.847
08270 -9.832
08280 -9.792
08290 -9.738
08300 -9.685
08310 -9.645
08320 -9.624
08330 -9.618
08340 -9.617
08350 -9.612
08360 -9.594
08370 -9.560
08380 -9.515
08390 -9.470
08400 -9.436
08410 -9.424
08420 -9.437
08430 -9.471
08440 -9.518
08450 -9.569
08460 -9.615
08470 -9.655
08480 -9.690
08490 -9.727
08500 -9.773
08510 -9.834
08520 -9.911
08530 -10.002
08540 -10.099
08550 -10.193
08560 -10.280
08570 -10.357
08580 -10.423
08590 -10.484
08600 -10.544
08610 -10.608
08620 -10.676
08630 -10.747
08640 -10.815
08650 -10.873
08660 -10.918
08670 -10.946
08680 -10.960
08690 -10.963
08700 -10.962
08710 -10.962
08720 -10.966
08730 -10.973
08740 -10.979
08750 -10.979
08760 -10.967
08770 -10.943
08780 -10.909
08790 -10.870
08800 -10.833
08810 -10.805
08820 -10.790
08830 -10.787
08840 -10.791
08850 -10.795
08860 -10.793
08870 -10.780
08880 -10.758
08890 -10.732
08900 -10.709
08910 -10.696
08920 -10.697
08930 -10.713
08940 -10.738
08950 -10.764
08960 -10.781
08970 -10.784
08980 -10.770
08990 -10.743
09000 -10.710
09010 -10.678
09020 -10.656
09030 -10.645
09040 -10.644
09050 -10.645
09060 -10.638
09070 -10.613
09080 -10.567
09090 -10.502
09100 -10.422
09110 -10.339
09120 -10.263
09130 -10.200
09140 -10.154
09150 -10.120
09160 -10.088
09170 -10.049
09180 -9.995
09190 -9.923
09200 -9.838
09210 -9.748
09220 -9.664
09230 -9.598
09240 -9.555
09250 -9.534
09260 -9.529
09270 -9.527
09280 -9.518
09290 -9.495
09300 -9.456
09310 -9.407
09320 -9.356
09330 -9.316
09340 -9.294
09350 -9.293
09360 -9.310
09370 -9.334
09380 -9.353
09390 -9.355
09400 -9.335
09410 -9.293
09420 -9.235
09430 -9.172
09440 -9.113
09450 -9.068
09460 -9.037
09470 -9.015
09480 -8.991
09490 -8.953
09500 -8.893
09510 -8.807
09520 -8.699
09530 -8.577
09540 -8.455
09550 -8.342
09560 -8.244
09570 -8.163
09580 -8.091
09590 -8.020
09600 -7.937
09610 -7.837
09620 -7.719
09630 -7.587
09640 -7.451
09650 -7.323
09660 -7.212
09670 -7.123
09680 -7.054
09690 -6.999
09700 -6.946
09710 -6.886
09720 -6.813
09730 -6.728
09740 -6.635
09750 -6.543
09760 -6.463
09770 -6.404
09780 -6.369
09790 -6.353
09800 -6.350
09810 -6.347
09820 -6.334
09830 -6.306
09840 -6.263
09850 -6.211
09860 -6.159
09870 -6.119
09880 -6.096
09890 -6.093
09900 -6.103
09910 -6.118
09920 -6.123
09930 -6.112
09940 -6.079
09950 -6.028
09960 -5.966
09970 -5.906
09980 -5.856
09990 -5.822
10000 -5.805
10010 -5.796
10020 -5.786
10030 -5.764
10040 -5.723
10050 -5.664
10060 -5.591
10070 -5.514
10080 -5.443
10090 -5.388
10100 -5.351
10110 -5.332
10120 -5.322
10130 -5.311
10140 -5.291
10150 -5.255
10160 -5.207
10170 -5.150
10180 -5.096
10190 -5.053
10200 -5.031
10210 -5.029
10220 -5.045
10230 -5.070
10240 -5.092
10250 -5.103
10260 -5.099
10270 -5.082
10280 -5.060
10290 -5.042
10300 -5.038
10310 -5.054
10320 -5.089
10330 -5.136
10340 -5.184
10350 -5.223
10360 -5.244
10370 -5.246
10380 -5.234
10390 -5.216
10400 -5.205
10410 -5.207
10420 -5.226
10430 -5.257
10440 -5.292
10450 -5.320
10460 -5.332
10470 -5.323
10480 -5.295
10490 -5.255
10500 -5.212
10510 -5.178
10520 -5.157
10530 -5.152
10540 -5.155
10550 -5.159
10560 -5.152
10570 -5.129
10580 -5.087
10590 -5.030
10600 -4.967
10610 -4.908
10620 -4.862
10630 -4.834
10640 -4.824
10650 -4.823
10660 -4.821
10670 -4.810
10680 -4.782
10690 -4.739
10700 -4.686
10710 -4.634
10720 -4.592
10730 -4.571
10740 -4.569
10750 -4.584
10760 -4.605
10770 -4.621
10780 -4.623
10790 -4.609
10800 -4.581
10810 -4.548
10820 -4.522
10830 -4.513
10840 -4.524
10850 -4.554
10860 -4.595
10870 -4.636
10880 -4.668
10890 -4.685
10900 -4.688
10910 -4.682
10920 -4.678
10930 -4.688
10940 -4.717
10950 -4.768
10960 -4.837
10970 -4.913
10980 -4.987
10990 -5.051
11000 -5.102
11010 -5.143
11020 -5.182
11030 -5.229
11040 -5.293
11050 -5.379
11060 -5.484
11070 -5.601
11080 -5.720
11090 -5.829
11100 -5.922
11110 -5.996
11120 -6.058
11130 -6.114
11140 -6.177
11150 -6.252
11160 -6.341
11170 -6.438
11180 -6.535
11190 -6.620
11200 -6.682
11210 -6.720
11220 -6.734
11230 -6.735
11240 -6.734
11250 -6.740
11260 -6.758
11270 -6.789
11280 -6.822
11290 -6.849
11300 -6.857
11310 -6.843
11320 -6.806
11330 -6.754
11340 -6.697
11350 -6.646
11360 -6.611
11370 -6.592
11380 -6.584
11390 -6.577
11400 -6.560
11410 -6.526
11420 -6.472
11430 -6.403
11440 -6.329
11450 -6.262
11460 -6.211
11470 -6.181
11480 -6.169
11490 -6.168
11500 -6.166
11510 -6.154
11520 -6.126
11530 -6.085
11540 -6.038
11550 -5.995
11560 -5.968
11570 -5.962
11580 -5.978
11590 -6.010
11600 -6.046
11610 -6.075
11620 -6.091
11630 -6.091
11640 -6.079
11650 -6.064
11660 -6.057
11670 -6.066
11680 -6.095
11690 -6.139
11700 -6.190
11710 -6.237
11720 -6.269
11730 -6.282
11740 -6.276
11750 -6.259
11760 -6.241
11770 -6.233
11780 -6.241
11790 -6.266
11800 -6.300
11810 -6.332
11820 -6.352
11830 -6.352
11840 -6.330
11850 -6.291
11860 -6.246
11870 -6.206
11880 -6.182
11890 -6.177
11900 -6.187
11910 -6.202
11920 -6.211
11930 -6.203
11940 -6.174
11950 -6.129
11960 -6.077
11970 -6.029
11980 -5.999
11990 -5.991
12000 -6.004
12010 -6.029
12020 -6.055
12030 -6.070
12040 -6.068
12050 -6.049
12060 -6.021
12070 -5.995
12080 -5.982
12090 -5.991
12100 -6.022
12110 -6.068
12120 -6.118
12130 -6.161
12140 -6.187
12150 -6.195
12160 -6.188
12170 -6.176
12180 -6.171
12190 -6.182
12200 -6.214
12210 -6.262
12220 -6.317
12230 -6.367
12240 -6.401
12250 -6.415
12260 -6.409
12270 -6.391
12280 -6.375
12290 -6.370
12300 -6.384
12310 -6.416
12320 -6.457
12330 -6.498
12340 -6.524
12350 -6.531
12360 -6.517
12370 -6.488
12380 -6.457
12390 -6.435
12400 -6.430
12410 -6.446
12420 -6.475
12430 -6.509
12440 -6.535
12450 -6.544
12460 -6.534
12470 -6.510
12480 -6.480
12490 -6.456
12500 -6.448
12510 -6.461
12520 -6.490
12530 -6.528
12540 -6.563
12550 -6.586
12560 -6.591
12570 -6.579
12580 -6.557
12590 -6.536
12600 -6.526
12610 -6.533
12620 -6.557
12630 -6.593
12640 -6.630
12650 -6.657
12660 -6.667
12670 -6.658
12680 -6.633
12690 -6.602
12700 -6.576
12710 -6.564
12720 -6.569
12730 -6.587
12740 -6.610
12750 -6.626
12760 -6.626
12770 -6.606
12780 -6.567
12790 -6.518
12800 -6.470
12810 -6.434
12820 -6.415
12830 -6.413
12840 -6.419
12850 -6.424
12860 -6.417
12870 -6.393
12880 -6.352
12890 -6.299
12900 -6.246
12910 -6.203
12920 -6.178
12930 -6.171
12940 -6.178
12950 -6.189
12960 -6.193
12970 -6.183
12980 -6.157
12990 -6.118
13000 -6.076
13010 -6.040
13020 -6.020
13030 -6.019
13040 -6.033
13050 -6.055
13060 -6.073
13070 -6.078
13080 -6.068
13090 -6.043
13100 -6.010
13110 -5.981
13120 -5.964
13130 -5.965
13140 -5.983
13150 -6.010
13160 -6.036
13170 -6.052
13180 -6.053
13190 -6.037
13200 -6.012
13210 -5.988
13220 -5.974
13230 -5.977
13240 -5.997
13250 -6.028
13260 -6.059
13270 -6.082
13280 -6.090
13290 -6.082
13300 -6.064
13310 -6.043
13320 -6.029
13330 -6.030
13340 -6.045
13350 -6.071
13360 -6.099
13370 -6.120
13380 -6.127
13390 -6.119
13400 -6.098
13410 -6.072
13420 -6.050
13430 -6.039
13440 -6.043
13450 -6.059
13460 -6.081
13470 -6.098
13480 -6.105
13490 -6.098
13500 -6.079
13510 -6.055
13520 -6.035
13530 -6.027
13540 -6.037
13550 -6.063
13560 -6.099
13570 -6.136
13580 -6.167
13590 -6.186
13600 -6.196
13610 -6.202
13620 -6.214
13630 -6.240
13640 -6.286
13650 -6.350
13660 -6.427
13670 -6.506
13680 -6.580
13690 -6.644
13700 -6.698
13710 -6.746
13720 -6.797
13730 -6.858
13740 -6.934
13750 -7.023
13760 -7.121
13770 -7.217
13780 -7.304
13790 -7.375
13800 -7.429
13810 -7.469
13820 -7.502
13830 -7.535
13840 -7.575
13850 -7.622
13860 -7.673
13870 -7.722
13880 -7.759
13890 -7.779
13900 -7.780
13910 -7.764
13920 -7.738
13930 -7.713
13940 -7.695
13950 -7.691
13960 -7.699
13970 -7.712
13980 -7.722
13990 -7.721
14000 -7.705
14010 -7.677
14020 -7.644
14030 -7.614
14040 -7.598
14050 -7.602
14060 -7.626
14070 -7.662
14080 -7.701
14090 -7.733
14100 -7.753
14110 -7.761
14120 -7.762
14130 -7.767
14140 -7.783
14150 -7.820
14160 -7.877
14170 -7.949
14180 -8.026
14190 -8.096
14200 -8.151
14210 -8.189
14220 -8.213
14230 -8.232
14240 -8.257
14250 -8.297
14260 -8.356
14270 -8.431
14280 -8.512
14290 -8.586
14300 -8.643
14310 -8.677
14320 -8.690
14330 -8.692
14340 -8.695
14350 -8.713
14360 -8.753
14370 -8.814
14380 -8.887
14390 -8.959
14400 -9.016
14410 -9.050
14420 -9.063
14430 -9.063
14440 -9.063
14450 -9.078
14460 -9.118
14470 -9.183
14480 -9.267
14490 -9.355
14500 -9.432
14510 -9.488
14520 -9.521
14530 -9.536
14540 -9.545
14550 -9.561
14560 -9.597
14570 -9.658
14580 -9.738
14590 -9.827
14600 -9.908
14610 -9.970
14620 -10.004
14630 -10.013
14640 -10.005
14650 -9.995
14660 -9.999
14670 -10.026
14680 -10.080
14690 -10.151
14700 -10.226
14710 -10.289
14720 -10.327
14730 -10.339
14740 -10.331
14750 -10.318
14760 -10.320
14770 -10.349
14780 -10.414
14790 -10.509
14800 -10.621
14810 -10.730
14820 -10.821
14830 -10.887
14840 -10.931
14850 -10.964
14860 -11.005
14870 -11.069
14880 -11.167
14890 -11.298
14900 -11.451
14910 -11.607
14920 -11.748
14930 -11.861
14940 -11.942
14950 -11.998
14960 -12.045
14970 -12.099
14980 -12.177
14990 -12.284
15000 -12.417
15010 -12.559
15020 -12.691
15030 -12.794
15040 -12.857
15050 -12.883
15060 -12.883
15070 -12.879
15080 -12.894
15090 -12.942
15100 -13.027
15110 -13.138
15120 -13.252
15130 -13.347
15140 -13.404
15150 -13.420
15160 -13.406
15170 -13.383
15180 -13.378
15190 -13.412
15200 -13.494
15210 -13.614
15220 -13.752
15230 -13.878
15240 -13.971
15250 -14.019
15260 -14.029
15270 -14.019
15280 -14.015
15290 -14.040
15300 -14.108
15310 -14.213
15320 -14.338
15330 -14.456
15340 -14.542
15350 -14.579
15360 -14.565
15370 -14.514
15380 -14.448
15390 -14.394
15400 -14.373
15410 -14.391
15420 -14.440
15430 -14.500
15440 -14.545
15450 -14.551
15460 -14.509
15470 -14.423
15480 -14.315
15490 -14.212
15500 -14.143
15510 -14.127
15520 -14.165
15530 -14.239
15540 -14.323
15550 -14.386
15560 -14.407
15570 -14.383
15580 -14.326
15590 -14.267
15600 -14.237
15610 -14.262
15620 -14.350
15630 -14.489
15640 -14.650
15650 -14.799
15660 -14.908
15670 -14.962
15680 -14.968
15690 -14.948
15700 -14.935
15710 -14.961
15720 -15.039
15730 -15.167
15740 -15.321
15750 -15.468
15760 -15.576
15770 -15.625
15780 -15.611
15790 -15.549
15800 -15.472
15810 -15.414
15820 -15.404
15830 -15.452
15840 -15.546
15850 -15.660
15860 -15.760
15870 -15.817
15880 -15.817
15890 -15.765
15900 -15.689
15910 -15.629
15920 -15.622
15930 -15.693
15940 -15.839
15950 -16.039
15960 -16.254
15970 -16.448
15980 -16.596
15990 -16.692
16000 -16.754
16010 -16.821
16020 -16.936
16030 -17.127
16040 -17.399
16050 -17.730
16060 -18.081
16070 -18.410
16080 -18.680
16090 -18.869
16100 -18.983
16110 -19.049
16120 -19.108
16130 -19.198
16140 -19.335
16150 -19.509
16160 -19.693
16170 -19.850
16180 -19.946
16190 -19.960
16200 -19.895
16210 -19.776
16220 -19.650
16230 -19.561
16240 -19.540
16250 -19.595
16260 -19.709
16270 -19.852
16280 -19.989
16290 -20.090
16300 -20.141
16310 -20.150
16320 -20.149
16330 -20.184
16340 -20.294
16350 -20.500
16360 -20.794
16370 -21.148
16380 -21.522
16390 -21.873
16400 -22.160
16410 -22.360
16420 -22.480
16430 -22.558
16440 -22.641
16450 -22.762
16460 -22.922
16470 -23.089
16480 -23.212
16490 -23.238
16500 -23.129
16510 -22.887
16520 -22.558
16530 -22.213
16540 -21.920
16550 -21.719
16560 -21.616
16570 -21.587
16580 -21.597
16590 -21.608
16600 -21.593
16610 -21.542
16620 -21.464
16630 -21.393
16640 -21.372
16650 -21.437
16660 -21.607
16670 -21.876
16680 -22.223
16690 -22.621
16700 -23.039
16710 -23.452
16720 -23.844
16730 -24.214
16740 -24.578
16750 -24.969
16760 -25.417
16770 -25.936
16780 -26.517
16790 -27.123
16800 -27.686
16810 -28.106
16820 -28.286
16830 -28.191
16840 -27.890
16850 -27.519
16860 -27.192
16870 -26.960
16880 -26.818
16890 -26.726
16900 -26.635
16910 -26.503
16920 -26.310
16930 -26.067
16940 -25.816
16950 -25.609
16960 -25.494
16970 -25.496
16980 -25.615
16990 -25.837
17000 -26.136
17010 -26.485
17020 -26.863
17030 -27.254
17040 -27.658
17050 -28.092
17060 -28.592
17070 -29.208
17080 -29.996
17090 -31.015
17100 -32.341
17110 -34.090
17120 -36.429
17130 -39.467
17140 -42.028
17150 -40.690
17160 -37.568
17170 -35.073
17180 -33.286
17190 -31.943
17200 -30.810
17210 -29.731
17220 -28.637
17230 -27.541
17240 -26.510
17250 -25.626
17260 -24.955
17270 -24.522
17280 -24.308
17290 -24.259
17300 -24.313
17310 -24.410
17320 -24.512
17330 -24.600
17340 -24.683
17350 -24.791
17360 -24.970
17370 -25.265
17380 -25.699
17390 -26.263
17400 -26.902
17410 -27.493
17420 -27.829
17430 -27.667
17440 -26.896
17450 -25.659
17460 -24.235
17470 -22.861
17480 -21.665
17490 -20.669
17500 -19.825
17510 -19.050
17520 -18.267
17530 -17.434
17540 -16.553
17550 -15.674
17560 -14.877
17570 -14.248
17580 -13.835
17590 -13.621
17600 -13.536
17610 -13.499
17620 -13.444
17630 -13.341
17640 -13.192
17650 -13.031
17660 -12.909
17670 -12.878
17680 -12.965
17690 -13.166
17700 -13.448
17710 -13.768
17720 -14.080
17730 -14.351
17740 -14.553
17750 -14.673
17760 -14.709
17770 -14.673
17780 -14.591
17790 -14.491
17800 -14.390
17810 -14.271
17820 -14.092
17830 -13.798
17840 -13.345
17850 -12.718
17860 -11.944
17870 -11.108
17880 -10.340
17890 -9.767
17900 -9.442
17910 -9.308
17920 -9.252
17930 -9.170
17940 -9.007
17950 -8.757
17960 -8.466
17970 -8.217
17980 -8.099
17990 -8.160
18000 -8.381
18010 -8.690
18020 -9.013
18030 -9.294
18040 -9.506
18050 -9.647
18060 -9.736
18070 -9.805
18080 -9.898
18090 -10.058
18100 -10.313
18110 -10.664
18120 -11.078
18130 -11.495
18140 -11.844
18150 -12.055
18160 -12.068
18170 -11.857
18180 -11.449
18190 -10.955
18200 -10.539
18210 -10.313
18220 -10.244
18230 -10.188
18240 -10.012
18250 -9.642
18260 -9.083
18270 -8.416
18280 -7.810
18290 -7.465
18300 -7.478
18310 -7.765
18320 -8.138
18330 -8.441
18340 -8.588
18350 -8.562
18360 -8.391
18370 -8.150
18380 -7.946
18390 -7.886
18400 -8.025
18410 -8.330
18420 -8.699
18430 -9.021
18440 -9.210
18450 -9.207
18460 -8.981
18470 -8.529
18480 -7.890
18490 -7.167
18500 -6.526
18510 -6.112
18520 -5.935
18530 -5.851
18540 -5.688
18550 -5.333
18560 -4.762
18570 -4.041
18580 -3.344
18590 -2.932
18600 -2.989
18610 -3.440
18620 -4.035
18630 -4.551
18640 -4.872
18650 -4.965
18660 -4.853
18670 -4.611
18680 -4.359
18690 -4.238
18700 -4.347
18710 -4.678
18720 -5.125
18730 -5.557
18740 -5.875
18750 -6.027
18760 -6.001
18770 -5.822
18780 -5.552
18790 -5.283
18800 -5.123
18810 -5.143
18820 -5.334
18830 -5.608
18840 -5.850
18850 -5.961
18860 -5.881
18870 -5.595
18880 -5.142
18890 -4.627
18900 -4.220
18910 -4.088
18920 -4.275
18930 -4.660
18940 -5.060
18950 -5.333
18960 -5.409
18970 -5.283
18980 -5.009
18990 -4.699
19000 -4.507
19010 -4.556
19020 -4.856
19030 -5.298
19040 -5.738
19050 -6.063
19060 -6.217
19070 -6.189
19080 -6.017
19090 -5.781
19100 -5.593
19110 -5.560
19120 -5.723
19130 -6.033
19140 -6.384
19150 -6.674
19160 -6.834
19170 -6.831
19180 -6.671
19190 -6.400
19200 -6.103
19210 -5.889
19220 -5.844
19230 -5.982
19240 -6.233
19250 -6.487
19260 -6.643
19270 -6.638
19280 -6.455
19290 -6.124
19300 -5.736
19310 -5.430
19320 -5.339
19330 -5.498
19340 -5.819
19350 -6.158
19360 -6.395
19370 -6.460
19380 -6.335
19390 -6.053
19400 -5.704
19410 -5.422
19420 -5.338
19430 -5.493
19440 -5.808
19450 -6.150
19460 -6.401
19470 -6.490
19480 -6.393
19490 -6.132
19500 -5.780
19510 -5.459
19520 -5.302
19530 -5.377
19540 -5.639
19550 -5.962
19560 -6.225
19570 -6.343
19580 -6.282
19590 -6.046
19600 -5.690
19610 -5.320
19620 -5.075
19630 -5.057
19640 -5.259
19650 -5.573
19660 -5.865
19670 -6.036
19680 -6.031
19690 -5.842
19700 -5.502
19710 -5.101
19720 -4.775
19730 -4.656
19740 -4.790
19750 -5.093
19760 -5.424
19770 -5.662
19780 -5.734
19790 -5.613
19800 -5.318
19810 -4.914
19820 -4.527
19830 -4.311
19840 -4.361
19850 -4.636
19860 -4.998
19870 -5.304
19880 -5.458
19890 -5.417
19900 -5.184
19910 -4.808
19920 -4.398
19930 -4.111
19940 -4.083
19950 -4.323
19960 -4.707
19970 -5.077
19980 -5.318
19990 -5.372
20000 -5.230
20010 -4.929
20020 -4.559
20030 -4.265
20040 -4.198
20050 -4.409
20060 -4.805
20070 -5.226
20080 -5.537
20090 -5.664
20100 -5.581
20110 -5.308
20120 -4.915
20130 -4.535
20140 -4.333
20150 -4.411
20160 -4.715
20170 -5.081
20180 -5.353
20190 -5.437
20200 -5.297
20210 -4.950
20220 -4.469
20230 -3.992
20240 -3.704
20250 -3.730
20260 -4.020
20270 -4.401
20280 -4.702
20290 -4.823
20300 -4.731
20310 -4.444
20320 -4.031
20330 -3.616
20340 -3.361
20350 -3.390
20360 -3.680
20370 -4.087
20380 -4.442
20390 -4.634
20400 -4.612
20410 -4.375
20420 -3.968
20430 -3.489
20440 -3.100
20450 -2.970
20460 -3.156
20470 -3.544
20480 -3.937
20490 -4.175
20500 -4.173
20510 -3.906
20520 -3.401
20530 -2.747
20540 -2.125
20550 -1.788
20560 -1.894
20570 -2.337
20580 -2.843
20590 -3.177
20600 -3.215
20610 -2.917
20620 -2.303
20630 -1.465
20640 -0.628
20650 -0.168
20660 -0.360
20670 -1.040
20680 -1.788
20690 -2.295
20700 -2.430
20710 -2.166
20720 -1.546
20730 -0.709
20740 +0.033
20750 +0.226
20760 -0.310
20770 -1.219
20780 -2.045
20790 -2.545
20800 -2.658
20810 -2.407
20820 -1.856
20830 -1.105
20840 -0.312
20850 +0.292
20860 +0.471
20870 +0.176
20880 -0.394
20890 -0.964
20900 -1.331
20910 -1.386
20920 -1.100
20930 -0.510
20940 +0.244
20950 +0.872
20960 +0.994
20970 +0.463
20980 -0.450
20990 -1.360
21000 -2.024
21010 -2.336
21020 -2.279
21030 -1.902
21040 -1.332
21050 -0.813
21060 -0.669
21070 -1.080
21080 -1.893
21090 -2.789
21100 -3.518
21110 -3.950
21120 -4.042
21130 -3.816
21140 -3.362
21150 -2.859
21160 -2.569
21170 -2.716
21180 -3.296
21190 -4.079
21200 -4.809
21210 -5.311
21220 -5.503
21230 -5.365
21240 -4.945
21250 -4.372
21260 -3.878
21270 -3.738
21280 -4.080
21290 -4.755
21300 -5.485
21310 -6.043
21320 -6.292
21330 -6.177
21340 -5.714
21350 -5.017
21360 -4.342
21370 -4.049
21380 -4.350
21390 -5.081
21400 -5.894
21410 -6.520
21420 -6.819
21430 -6.741
21440 -6.322
21450 -5.700
21460 -5.137
21470 -4.945
21480 -5.258
21490 -5.911
21500 -6.625
21510 -7.186
21520 -7.480
21530 -7.456
21540 -7.125
21550 -6.565
21560 -5.953
21570 -5.546
21580 -5.546
21590 -5.939
21600 -6.520
21610 -7.063
21620 -7.411
21630 -7.472
21640 -7.205
21650 -6.628
21660 -5.861
21670 -5.169
21680 -4.890
21690 -5.171
21700 -5.817
21710 -6.514
21720 -7.032
21730 -7.241
21740 -7.077
21750 -6.533
21760 -5.716
21770 -4.931
21780 -4.632
21790 -5.036
21800 -5.871
21810 -6.743
21820 -7.408
21830 -7.755
21840 -7.735
21850 -7.351
21860 -6.692
21870 -5.985
21880 -5.589
21890 -5.748
21900 -6.358
21910 -7.116
21920 -7.782
21930 -8.224
21940 -8.375
21950 -8.204
21960 -7.724
21970 -7.034
21980 -6.368
21990 -6.053
22000 -6.277
22010 -6.908
22020 -7.656
22030 -8.295
22040 -8.697
22050 -8.785
22060 -8.519
22070 -7.917
22080 -7.125
22090 -6.490
22100 -6.431
22110 -7.014
22120 -7.904
22130 -8.754
22140 -9.370
22150 -9.659
22160 -9.572
22170 -9.115
22180 -8.417
22190 -7.815
22200 -7.744
22210 -8.303
22220 -9.168
22230 -10.000
22240 -10.617
22250 -10.942
22260 -10.943
22270 -10.629
22280 -10.087
22290 -9.540
22300 -9.297
22310 -9.523
22320 -10.081
22330 -10.715
22340 -11.237
22350 -11.547
22360 -11.595
22370 -11.358
22380 -10.862
22390 -10.229
22400 -9.725
22410 -9.638
22420 -10.009
22430 -10.606
22440 -11.173
22450 -11.555
22460 -11.675
22470 -11.488
22480 -10.989
22490 -10.266
22500 -9.608
22510 -9.449
22520 -9.924
22530 -10.703
22540 -11.418
22550 -11.888
22560 -12.050
22570 -11.879
22580 -11.380
22590 -10.651
22600 -9.999
22610 -9.883
22620 -10.413
22630 -11.205
22640 -11.885
22650 -12.299
22660 -12.403
22670 -12.188
22680 -11.655
22690 -10.856
22700 -10.000
22710 -9.517
22720 -9.726
22730 -10.401
22740 -11.101
22750 -11.577
22760 -11.747
22770 -11.586
22780 -11.069
22790 -10.175
22800 -8.961
22810 -7.797
22820 -7.481
22830 -8.284
22840 -9.455
22850 -10.382
22860 -10.894
22870 -10.979
22880 -10.633
22890 -9.810
22900 -8.450
22910 -6.714
22920 -5.740
22930 -6.888
22940 -8.890
22950 -10.458
22960 -11.398
22970 -11.803
22980 -11.753
22990 -11.261
23000 -10.294
23010 -8.897
23020 -7.683
23030 -8.056
23040 -9.827
23050 -11.548
23060 -12.714
23070 -13.356
23080 -13.570
23090 -13.411
23100 -12.881
23110 -11.978
23120 -10.867
23130 -10.235
23140 -10.904
23150 -12.369
23160 -13.694
23170 -14.567
23180 -15.001
23190 -15.052
23200 -14.743
23210 -14.060
23220 -13.036
23230 -12.051
23240 -12.141
23250 -13.585
23260 -15.208
23270 -16.323
23280 -16.886
23290 -16.999
23300 -16.729
23310 -16.094
23320 -15.138
23330 -14.261
23340 -14.609
23350 -16.387
23360 -18.133
23370 -19.156
23380 -19.538
23390 -19.475
23400 -19.080
23410 -18.398
23420 -17.501
23430 -16.777
23440 -17.192
23450 -18.842
23460 -20.384
23470 -21.177
23480 -21.342
23490 -21.094
23500 -20.550
23510 -19.740
23520 -18.688
23530 -17.685
23540 -17.857
23550 -19.895
23560 -22.069
23570 -23.176
23580 -23.341
23590 -22.949
23600 -22.204
23610 -21.137
23620 -19.695
23630 -18.103
23640 -18.679
23650 -23.366
23660 -27.744
23670 -28.972
23680 -28.190
23690 -26.933
23700 -25.562
23710 -24.000
23720 -22.015
23730 -19.721
23740 -22.186
23750 -32.192
23760 -40.765
23770 -34.756
23780 -31.439
23790 -29.303
23800 -27.512
23810 -25.623
23820 -23.103
23830 -18.770
23840 -18.476
23850 -31.017
23860 -44.379
23870 -37.551
23880 -33.495
23890 -31.015
23900 -28.961
23910 -26.827
23920 -24.128
23930 -19.899
23940 -11.074
23950 -16.995
23960 -24.587
23970 -29.091
23980 -32.095
23990 -33.913
