00000 +1.413
00010 +1.250
00020 +0.890
00030 +0.532
00040 +0.275
00050 +0.135
00060 +0.093
00070 +0.130
00080 +0.216
00090 +0.314
00100 +0.369
00110 +0.325
00120 +0.173
00130 -0.039
00140 -0.242
00150 -0.389
00160 -0.471
00170 -0.498
00180 -0.487
00190 -0.459
00200 -0.437
00210 -0.439
00220 -0.478
00230 -0.549
00240 -0.634
00250 -0.710
00260 -0.759
00270 -0.774
00280 -0.760
00290 -0.725
00300 -0.682
00310 -0.644
00320 -0.622
00330 -0.622
00340 -0.641
00350 -0.669
00360 -0.690
00370 -0.693
00380 -0.669
00390 -0.622
00400 -0.559
00410 -0.490
00420 -0.429
00430 -0.389
00440 -0.377
00450 -0.391
00460 -0.419
00470 -0.445
00480 -0.452
00490 -0.438
00500 -0.408
00510 -0.378
00520 -0.369
00530 -0.402
00540 -0.489
00550 -0.625
00560 -0.787
00570 -0.941
00580 -1.063
00590 -1.146
00600 -1.203
00610 -1.252
00620 -1.313
00630 -1.398
00640 -1.509
00650 -1.632
00660 -1.747
00670 -1.833
00680 -1.878
00690 -1.884
00700 -1.863
00710 -1.831
00720 -1.803
00730 -1.790
00740 -1.796
00750 -1.816
00760 -1.838
00770 -1.848
00780 -1.833
00790 -1.787
00800 -1.717
00810 -1.635
00820 -1.558
00830 -1.502
00840 -1.476
00850 -1.483
00860 -1.513
00870 -1.551
00880 -1.577
00890 -1.582
00900 -1.568
00910 -1.549
00920 -1.541
00930 -1.557
00940 -1.601
00950 -1.670
00960 -1.750
00970 -1.823
00980 -1.874
00990 -1.897
01000 -1.895
01010 -1.879
01020 -1.864
01030 -1.859
01040 -1.870
01050 -1.897
01060 -1.933
01070 -1.968
01080 -1.991
01090 -1.995
01100 -1.981
01110 -1.952
01120 -1.919
01130 -1.891
01140 -1.876
01150 -1.876
01160 -1.890
01170 -1.912
01180 -1.933
01190 -1.943
01200 -1.939
01210 -1.921
01220 -1.893
01230 -1.866
01240 -1.850
01250 -1.850
01260 -1.870
01270 -1.904
01280 -1.943
01290 -1.979
01300 -2.000
01310 -2.004
01320 -1.994
01330 -1.979
01340 -1.970
01350 -1.975
01360 -1.996
01370 -2.031
01380 -2.071
01390 -2.104
01400 -2.120
01410 -2.116
01420 -2.092
01430 -2.059
01440 -2.025
01450 -1.999
01460 -1.986
01470 -1.984
01480 -1.987
01490 -1.987
01500 -1.976
01510 -1.948
01520 -1.902
01530 -1.843
01540 -1.780
01550 -1.722
01560 -1.678
01570 -1.653
01580 -1.645
01590 -1.649
01600 -1.658
01610 -1.662
01620 -1.656
01630 -1.642
01640 -1.628
01650 -1.626
01660 -1.646
01670 -1.690
01680 -1.755
01690 -1.828
01700 -1.896
01710 -1.945
01720 -1.970
01730 -1.972
01740 -1.962
01750 -1.953
01760 -1.954
01770 -1.970
01780 -1.999
01790 -2.033
01800 -2.062
01810 -2.076
01820 -2.071
01830 -2.048
01840 -2.014
01850 -1.979
01860 -1.953
01870 -1.942
01880 -1.944
01890 -1.955
01900 -1.967
01910 -1.972
01920 -1.964
01930 -1.940
01940 -1.906
01950 -1.870
01960 -1.841
01970 -1.827
01980 -1.829
01990 -1.847
02000 -1.873
02010 -1.901
02020 -1.923
02030 -1.936
02040 -1.942
02050 -1.947
02060 -1.959
02070 -1.986
02080 -2.030
02090 -2.088
02100 -2.155
02110 -2.222
02120 -2.280
02130 -2.323
02140 -2.350
02150 -2.365
02160 -2.376
02170 -2.390
02180 -2.411
02190 -2.442
02200 -2.478
02210 -2.513
02220 -2.542
02230 -2.560
02240 -2.563
02250 -2.556
02260 -2.543
02270 -2.531
02280 -2.527
02290 -2.534
02300 -2.549
02310 -2.570
02320 -2.589
02330 -2.600
02340 -2.599
02350 -2.586
02360 -2.562
02370 -2.535
02380 -2.512
02390 -2.497
02400 -2.491
02410 -2.491
02420 -2.491
02430 -2.483
02440 -2.462
02450 -2.425
02460 -2.374
02470 -2.317
02480 -2.262
02490 -2.216
02500 -2.182
02510 -2.158
02520 -2.139
02530 -2.117
02540 -2.086
02550 -2.044
02560 -1.992
02570 -1.936
02580 -1.886
02590 -1.847
02600 -1.825
02610 -1.816
02620 -1.816
02630 -1.818
02640 -1.816
02650 -1.807
02660 -1.792
02670 -1.774
02680 -1.761
02690 -1.761
02700 -1.776
02710 -1.808
02720 -1.854
02730 -1.906
02740 -1.961
02750 -2.014
02760 -2.064
02770 -2.112
02780 -2.164
02790 -2.223
02800 -2.293
02810 -2.372
02820 -2.455
02830 -2.536
02840 -2.607
02850 -2.662
02860 -2.697
02870 -2.713
02880 -2.716
02890 -2.712
02900 -2.709
02910 -2.711
02920 -2.719
02930 -2.733
02940 -2.749
02950 -2.764
02960 -2.774
02970 -2.782
02980 -2.789
02990 -2.801
03000 -2.822
03010 -2.856
03020 -2.904
03030 -2.965
03040 -3.036
03050 -3.111
03060 -3.188
03070 -3.265
03080 -3.343
03090 -3.423
03100 -3.508
03110 -3.603
03120 -3.708
03130 -3.822
03140 -3.942
03150 -4.064
03160 -4.182
03170 -4.289
03180 -4.383
03190 -4.461
03200 -4.523
03210 -4.570
03220 -4.606
03230 -4.630
03240 -4.643
03250 -4.642
03260 -4.622
03270 -4.579
03280 -4.512
03290 -4.423
03300 -4.317
03310 -4.202
03320 -4.087
03330 -3.979
03340 -3.880
03350 -3.790
03360 -3.705
03370 -3.622
03380 -3.538
03390 -3.453
03400 -3.368
03410 -3.291
03420 -3.226
03430 -3.178
03440 -3.149
03450 -3.136
03460 -3.136
03470 -3.143
03480 -3.153
03490 -3.164
03500 -3.176
03510 -3.192
03520 -3.219
03530 -3.258
03540 -3.314
03550 -3.384
03560 -3.466
03570 -3.555
03580 -3.646
03590 -3.735
03600 -3.821
03610 -3.905
03620 -3.989
03630 -4.076
03640 -4.167
03650 -4.264
03660 -4.363
03670 -4.458
03680 -4.544
03690 -4.612
03700 -4.658
03710 -4.678
03720 -4.670
03730 -4.639
03740 -4.586
03750 -4.515
03760 -4.426
03770 -4.318
03780 -4.187
03790 -4.028
03800 -3.839
03810 -3.621
03820 -3.380
03830 -3.126
03840 -2.871
03850 -2.624
03860 -2.392
03870 -2.178
03880 -1.979
03890 -1.794
03900 -1.618
03910 -1.452
03920 -1.302
03930 -1.174
03940 -1.079
03950 -1.022
03960 -1.008
03970 -1.033
03980 -1.089
03990 -1.169
04000 -1.266
04010 -1.375
04020 -1.497
04030 -1.635
04040 -1.791
04050 -1.966
04060 -2.158
04070 -2.360
04080 -2.567
04090 -2.769
04100 -2.961
04110 -3.137
04120 -3.297
04130 -3.439
04140 -3.564
04150 -3.674
04160 -3.769
04170 -3.851
04180 -3.918
04190 -3.970
04200 -4.004
04210 -4.018
04220 -4.013
04230 -3.990
04240 -3.952
04250 -3.905
04260 -3.855
04270 -3.807
04280 -3.764
04290 -3.726
04300 -3.691
04310 -3.657
04320 -3.622
04330 -3.583
04340 -3.543
04350 -3.504
04360 -3.471
04370 -3.448
04380 -3.438
04390 -3.439
04400 -3.449
04410 -3.462
04420 -3.473
04430 -3.479
04440 -3.479
04450 -3.473
04460 -3.464
04470 -3.456
04480 -3.452
04490 -3.452
04500 -3.453
04510 -3.451
04520 -3.442
04530 -3.420
04540 -3.385
04550 -3.337
04560 -3.279
04570 -3.216
04580 -3.152
04590 -3.091
04600 -3.032
04610 -2.975
04620 -2.915
04630 -2.849
04640 -2.773
04650 -2.689
04660 -2.600
04670 -2.509
04680 -2.423
04690 -2.347
04700 -2.284
04710 -2.233
04720 -2.190
04730 -2.151
04740 -2.113
04750 -2.073
04760 -2.033
04770 -1.998
04780 -1.971
04790 -1.960
04800 -1.967
04810 -1.992
04820 -2.030
04830 -2.076
04840 -2.122
04850 -2.166
04860 -2.206
04870 -2.242
04880 -2.280
04890 -2.322
04900 -2.370
04910 -2.425
04920 -2.481
04930 -2.533
04940 -2.575
04950 -2.600
04960 -2.608
04970 -2.599
04980 -2.577
04990 -2.547
05000 -2.514
05010 -2.482
05020 -2.451
05030 -2.420
05040 -2.384
05050 -2.341
05060 -2.287
05070 -2.225
05080 -2.157
05090 -2.091
05100 -2.034
05110 -1.992
05120 -1.967
05130 -1.958
05140 -1.960
05150 -1.969
05160 -1.979
05170 -1.989
05180 -2.002
05190 -2.021
05200 -2.053
05210 -2.103
05220 -2.171
05230 -2.255
05240 -2.348
05250 -2.441
05260 -2.529
05270 -2.607
05280 -2.675
05290 -2.735
05300 -2.790
05310 -2.844
05320 -2.899
05330 -2.952
05340 -3.001
05350 -3.041
05360 -3.067
05370 -3.076
05380 -3.069
05390 -3.047
05400 -3.017
05410 -2.984
05420 -2.953
05430 -2.929
05440 -2.910
05450 -2.894
05460 -2.879
05470 -2.860
05480 -2.836
05490 -2.808
05500 -2.778
05510 -2.753
05520 -2.737
05530 -2.735
05540 -2.747
05550 -2.772
05560 -2.803
05570 -2.835
05580 -2.865
05590 -2.889
05600 -2.910
05610 -2.930
05620 -2.954
05630 -2.987
05640 -3.028
05650 -3.075
05660 -3.125
05670 -3.171
05680 -3.207
05690 -3.231
05700 -3.240
05710 -3.238
05720 -3.229
05730 -3.216
05740 -3.205
05750 -3.195
05760 -3.185
05770 -3.172
05780 -3.149
05790 -3.114
05800 -3.065
05810 -3.005
05820 -2.937
05830 -2.868
05840 -2.805
05850 -2.752
05860 -2.710
05870 -2.676
05880 -2.646
05890 -2.614
05900 -2.577
05910 -2.534
05920 -2.489
05930 -2.448
05940 -2.418
05950 -2.405
05960 -2.410
05970 -2.430
05980 -2.459
05990 -2.489
06000 -2.514
06010 -2.532
06020 -2.543
06030 -2.553
06040 -2.569
06050 -2.595
06060 -2.633
06070 -2.683
06080 -2.736
06090 -2.785
06100 -2.823
06110 -2.847
06120 -2.856
06130 -2.856
06140 -2.852
06150 -2.850
06160 -2.857
06170 -2.871
06180 -2.889
06190 -2.906
06200 -2.915
06210 -2.911
06220 -2.895
06230 -2.869
06240 -2.840
06250 -2.816
06260 -2.802
06270 -2.804
06280 -2.818
06290 -2.840
06300 -2.863
06310 -2.880
06320 -2.888
06330 -2.888
06340 -2.886
06350 -2.889
06360 -2.903
06370 -2.933
06380 -2.978
06390 -3.033
06400 -3.088
06410 -3.136
06420 -3.172
06430 -3.195
06440 -3.208
06450 -3.218
06460 -3.232
06470 -3.254
06480 -3.287
06490 -3.325
06500 -3.362
06510 -3.390
06520 -3.403
06530 -3.400
06540 -3.383
06550 -3.359
06560 -3.335
06570 -3.318
06580 -3.313
06590 -3.319
06600 -3.331
06610 -3.341
06620 -3.344
06630 -3.336
06640 -3.319
06650 -3.296
06660 -3.276
06670 -3.267
06680 -3.275
06690 -3.300
06700 -3.338
06710 -3.381
06720 -3.421
06730 -3.453
06740 -3.474
06750 -3.487
06760 -3.499
06770 -3.518
06780 -3.548
06790 -3.593
06800 -3.649
06810 -3.707
06820 -3.758
06830 -3.797
06840 -3.820
06850 -3.827
06860 -3.825
06870 -3.821
06880 -3.821
06890 -3.829
06900 -3.845
06910 -3.863
06920 -3.877
06930 -3.879
06940 -3.866
06950 -3.837
06960 -3.798
06970 -3.756
06980 -3.717
06990 -3.689
07000 -3.674
07010 -3.670
07020 -3.670
07030 -3.668
07040 -3.658
07050 -3.637
07060 -3.609
07070 -3.579
07080 -3.554
07090 -3.541
07100 -3.544
07110 -3.562
07120 -3.589
07130 -3.617
07140 -3.639
07150 -3.650
07160 -3.650
07170 -3.642
07180 -3.632
07190 -3.629
07200 -3.636
07210 -3.655
07220 -3.682
07230 -3.709
07240 -3.728
07250 -3.735
07260 -3.726
07270 -3.705
07280 -3.677
07290 -3.651
07300 -3.634
07310 -3.628
07320 -3.633
07330 -3.643
07340 -3.651
07350 -3.649
07360 -3.636
07370 -3.612
07380 -3.581
07390 -3.552
07400 -3.532
07410 -3.527
07420 -3.536
07430 -3.556
07440 -3.579
07450 -3.599
07460 -3.608
07470 -3.607
07480 -3.598
07490 -3.588
07500 -3.582
07510 -3.588
07520 -3.607
07530 -3.638
07540 -3.673
07550 -3.706
07560 -3.727
07570 -3.735
07580 -3.729
07590 -3.713
07600 -3.696
07610 -3.684
07620 -3.682
07630 -3.691
07640 -3.707
07650 -3.722
07660 -3.728
07670 -3.721
07680 -3.699
07690 -3.667
07700 -3.630
07710 -3.599
07720 -3.580
07730 -3.577
07740 -3.590
07750 -3.611
07760 -3.632
07770 -3.646
07780 -3.650
07790 -3.645
07800 -3.638
07810 -3.636
07820 -3.648
07830 -3.679
07840 -3.729
07850 -3.792
07860 -3.859
07870 -3.920
07880 -3.969
07890 -4.005
07900 -4.032
07910 -4.055
07920 -4.085
07930 -4.127
07940 -4.182
07950 -4.247
07960 -4.312
07970 -4.367
07980 -4.406
07990 -4.424
08000 -4.424
08010 -4.412
08020 -4.398
08030 -4.389
08040 -4.390
08050 -4.400
08060 -4.414
08070 -4.423
08080 -4.419
08090 -4.398
08100 -4.361
08110 -4.312
08120 -4.261
08130 -4.218
08140 -4.191
08150 -4.181
08160 -4.187
08170 -4.199
08180 -4.209
08190 -4.208
08200 -4.195
08210 -4.173
08220 -4.149
08230 -4.133
08240 -4.132
08250 -4.152
08260 -4.189
08270 -4.236
08280 -4.282
08290 -4.317
08300 -4.336
08310 -4.338
08320 -4.331
08330 -4.321
08340 -4.318
08350 -4.329
08360 -4.354
08370 -4.388
08380 -4.420
08390 -4.440
08400 -4.442
08410 -4.424
08420 -4.391
08430 -4.351
08440 -4.314
08450 -4.288
08460 -4.278
08470 -4.283
08480 -4.295
08490 -4.305
08500 -4.303
08510 -4.285
08520 -4.255
08530 -4.218
08540 -4.185
08550 -4.165
08560 -4.165
08570 -4.187
08580 -4.224
08590 -4.267
08600 -4.306
08610 -4.332
08620 -4.345
08630 -4.347
08640 -4.348
08650 -4.356
08660 -4.379
08670 -4.421
08680 -4.478
08690 -4.542
08700 -4.600
08710 -4.643
08720 -4.666
08730 -4.670
08740 -4.661
08750 -4.649
08760 -4.642
08770 -4.646
08780 -4.663
08790 -4.686
08800 -4.706
08810 -4.714
08820 -4.701
08830 -4.667
08840 -4.615
08850 -4.555
08860 -4.496
08870 -4.448
08880 -4.415
08890 -4.397
08900 -4.386
08910 -4.372
08920 -4.346
08930 -4.304
08940 -4.245
08950 -4.177
08960 -4.110
08970 -4.053
08980 -4.016
08990 -4.001
09000 -4.004
09010 -4.015
09020 -4.021
09030 -4.013
09040 -3.988
09050 -3.950
09060 -3.907
09070 -3.871
09080 -3.852
09090 -3.857
09100 -3.883
09110 -3.921
09120 -3.958
09130 -3.980
09140 -3.982
09150 -3.963
09160 -3.930
09170 -3.897
09180 -3.876
09190 -3.876
09200 -3.900
09210 -3.940
09220 -3.983
09230 -4.016
09240 -4.029
09250 -4.019
09260 -3.992
09270 -3.962
09280 -3.940
09290 -3.941
09300 -3.968
09310 -4.020
09320 -4.083
09330 -4.144
09340 -4.190
09350 -4.216
09360 -4.224
09370 -4.225
09380 -4.231
09390 -4.257
09400 -4.310
09410 -4.390
09420 -4.488
09430 -4.590
09440 -4.680
09450 -4.751
09460 -4.800
09470 -4.835
09480 -4.867
09490 -4.910
09500 -4.973
09510 -5.059
09520 -5.164
09530 -5.274
09540 -5.375
09550 -5.454
09560 -5.507
09570 -5.537
09580 -5.554
09590 -5.571
09600 -5.600
09610 -5.646
09620 -5.710
09630 -5.781
09640 -5.847
09650 -5.896
09660 -5.920
09670 -5.919
09680 -5.900
09690 -5.876
09700 -5.858
09710 -5.855
09720 -5.870
09730 -5.899
09740 -5.932
09750 -5.957
09760 -5.964
09770 -5.951
09780 -5.919
09790 -5.877
09800 -5.836
09810 -5.807
09820 -5.795
09830 -5.802
09840 -5.821
09850 -5.841
09860 -5.852
09870 -5.846
09880 -5.821
09890 -5.783
09900 -5.740
09910 -5.703
09920 -5.681
09930 -5.679
09940 -5.696
09950 -5.724
09960 -5.752
09970 -5.769
09980 -5.771
09990 -5.756
10000 -5.733
10010 -5.711
10020 -5.700
10030 -5.711
10040 -5.746
10050 -5.801
10060 -5.865
10070 -5.928
10080 -5.980
10090 -6.017
10100 -6.041
10110 -6.061
10120 -6.089
10130 -6.135
10140 -6.206
10150 -6.302
10160 -6.416
10170 -6.535
10180 -6.647
10190 -6.744
10200 -6.824
10210 -6.891
10220 -6.957
10230 -7.032
10240 -7.126
10250 -7.243
10260 -7.378
10270 -7.522
10280 -7.661
10290 -7.781
10300 -7.878
10310 -7.951
10320 -8.010
10330 -8.066
10340 -8.129
10350 -8.209
10360 -8.306
10370 -8.411
10380 -8.513
10390 -8.598
10400 -8.657
10410 -8.686
10420 -8.694
10430 -8.690
10440 -8.687
10450 -8.696
10460 -8.721
10470 -8.759
10480 -8.801
10490 -8.834
10500 -8.846
10510 -8.833
10520 -8.797
10530 -8.746
10540 -8.691
10550 -8.644
10560 -8.612
10570 -8.596
10580 -8.591
10590 -8.585
10600 -8.568
10610 -8.529
10620 -8.467
10630 -8.385
10640 -8.294
10650 -8.202
10660 -8.121
10670 -8.054
10680 -8.002
10690 -7.957
10700 -7.909
10710 -7.848
10720 -7.767
10730 -7.666
10740 -7.552
10750 -7.432
10760 -7.319
10770 -7.221
10780 -7.142
10790 -7.081
10800 -7.030
10810 -6.978
10820 -6.916
10830 -6.837
10840 -6.743
10850 -6.640
10860 -6.537
10870 -6.446
10880 -6.375
10890 -6.328
10900 -6.300
10910 -6.282
10920 -6.261
10930 -6.227
10940 -6.174
10950 -6.106
10960 -6.029
10970 -5.956
10980 -5.900
10990 -5.868
11000 -5.864
11010 -5.879
11020 -5.900
11030 -5.914
11040 -5.910
11050 -5.884
11060 -5.842
11070 -5.798
11080 -5.765
11090 -5.759
11100 -5.786
11110 -5.843
11120 -5.916
11130 -5.988
11140 -6.044
11150 -6.074
11160 -6.083
11170 -6.081
11180 -6.086
11190 -6.113
11200 -6.172
11210 -6.262
11220 -6.371
11230 -6.479
11240 -6.569
11250 -6.630
11260 -6.662
11270 -6.675
11280 -6.683
11290 -6.701
11300 -6.741
11310 -6.803
11320 -6.880
11330 -6.957
11340 -7.019
11350 -7.052
11360 -7.055
11370 -7.030
11380 -6.988
11390 -6.943
11400 -6.905
11410 -6.881
11420 -6.869
11430 -6.862
11440 -6.845
11450 -6.808
11460 -6.741
11470 -6.643
11480 -6.521
11490 -6.383
11500 -6.243
11510 -6.111
11520 -5.994
11530 -5.892
11540 -5.796
11550 -5.696
11560 -5.579
11570 -5.440
11580 -5.278
11590 -5.100
11600 -4.920
11610 -4.753
11620 -4.611
11630 -4.502
11640 -4.421
11650 -4.356
11660 -4.292
11670 -4.215
11680 -4.120
11690 -4.008
11700 -3.891
11710 -3.784
11720 -3.703
11730 -3.656
11740 -3.643
11750 -3.651
11760 -3.663
11770 -3.660
11780 -3.633
11790 -3.579
11800 -3.506
11810 -3.429
11820 -3.362
11830 -3.318
11840 -3.301
11850 -3.304
11860 -3.311
11870 -3.306
11880 -3.274
11890 -3.209
11900 -3.114
11910 -3.001
11920 -2.885
11930 -2.783
11940 -2.705
11950 -2.652
11960 -2.614
11970 -2.575
11980 -2.518
11990 -2.433
12000 -2.318
12010 -2.179
12020 -2.034
12030 -1.901
12040 -1.796
12050 -1.727
12060 -1.690
12070 -1.670
12080 -1.648
12090 -1.607
12100 -1.540
12110 -1.450
12120 -1.351
12130 -1.260
12140 -1.195
12150 -1.168
12160 -1.178
12170 -1.213
12180 -1.253
12190 -1.278
12200 -1.276
12210 -1.245
12220 -1.194
12230 -1.137
12240 -1.093
12250 -1.076
12260 -1.092
12270 -1.134
12280 -1.186
12290 -1.228
12300 -1.245
12310 -1.230
12320 -1.186
12330 -1.126
12340 -1.066
12350 -1.026
12360 -1.017
12370 -1.041
12380 -1.085
12390 -1.132
12400 -1.163
12410 -1.166
12420 -1.139
12430 -1.091
12440 -1.038
12450 -1.001
12460 -0.997
12470 -1.031
12480 -1.100
12490 -1.184
12500 -1.263
12510 -1.321
12520 -1.351
12530 -1.357
12540 -1.352
12550 -1.356
12560 -1.388
12570 -1.458
12580 -1.565
12590 -1.694
12600 -1.825
12610 -1.937
12620 -2.019
12630 -2.070
12640 -2.098
12650 -2.120
12660 -2.155
12670 -2.217
12680 -2.310
12690 -2.425
12700 -2.546
12710 -2.650
12720 -2.722
12730 -2.756
12740 -2.755
12750 -2.734
12760 -2.710
12770 -2.701
12780 -2.719
12790 -2.763
12800 -2.820
12810 -2.872
12820 -2.900
12830 -2.892
12840 -2.847
12850 -2.775
12860 -2.693
12870 -2.621
12880 -2.576
12890 -2.564
12900 -2.581
12910 -2.608
12920 -2.626
12930 -2.617
12940 -2.574
12950 -2.502
12960 -2.414
12970 -2.329
12980 -2.267
12990 -2.239
13000 -2.247
13010 -2.278
13020 -2.311
13030 -2.325
13040 -2.306
13050 -2.253
13060 -2.173
13070 -2.083
13080 -2.004
13090 -1.952
13100 -1.937
13110 -1.951
13120 -1.979
13130 -1.998
13140 -1.988
13150 -1.939
13160 -1.857
13170 -1.753
13180 -1.650
13190 -1.570
13200 -1.530
13210 -1.534
13220 -1.569
13230 -1.611
13240 -1.637
13250 -1.630
13260 -1.587
13270 -1.520
13280 -1.450
13290 -1.403
13300 -1.401
13310 -1.453
13320 -1.549
13330 -1.666
13340 -1.775
13350 -1.854
13360 -1.893
13370 -1.900
13380 -1.891
13390 -1.893
13400 -1.928
13410 -2.009
13420 -2.133
13430 -2.279
13440 -2.420
13450 -2.529
13460 -2.591
13470 -2.606
13480 -2.586
13490 -2.555
13500 -2.536
13510 -2.551
13520 -2.604
13530 -2.685
13540 -2.769
13550 -2.828
13560 -2.840
13570 -2.798
13580 -2.709
13590 -2.593
13600 -2.479
13610 -2.394
13620 -2.355
13630 -2.364
13640 -2.400
13650 -2.434
13660 -2.436
13670 -2.393
13680 -2.303
13690 -2.186
13700 -2.071
13710 -1.989
13720 -1.965
13730 -2.007
13740 -2.099
13750 -2.208
13760 -2.299
13770 -2.346
13780 -2.343
13790 -2.301
13800 -2.244
13810 -2.203
13820 -2.203
13830 -2.255
13840 -2.352
13850 -2.466
13860 -2.562
13870 -2.608
13880 -2.591
13890 -2.513
13900 -2.393
13910 -2.259
13920 -2.142
13930 -2.065
13940 -2.038
13950 -2.045
13960 -2.058
13970 -2.044
13980 -1.978
13990 -1.854
14000 -1.685
14010 -1.499
14020 -1.336
14030 -1.230
14040 -1.207
14050 -1.263
14060 -1.369
14070 -1.482
14080 -1.565
14090 -1.600
14100 -1.594
14110 -1.573
14120 -1.578
14130 -1.649
14140 -1.810
14150 -2.057
14160 -2.360
14170 -2.669
14180 -2.942
14190 -3.153
14200 -3.300
14210 -3.405
14220 -3.500
14230 -3.620
14240 -3.788
14250 -4.006
14260 -4.251
14270 -4.480
14280 -4.651
14290 -4.731
14300 -4.713
14310 -4.608
14320 -4.446
14330 -4.260
14340 -4.081
14350 -3.925
14360 -3.794
14370 -3.667
14380 -3.513
14390 -3.306
14400 -3.031
14410 -2.692
14420 -2.311
14430 -1.920
14440 -1.558
14450 -1.262
14460 -1.054
14470 -0.929
14480 -0.857
14490 -0.797
14500 -0.713
14510 -0.589
14520 -0.437
14530 -0.288
14540 -0.183
14550 -0.164
14560 -0.254
14570 -0.444
14580 -0.698
14590 -0.965
14600 -1.199
14610 -1.377
14620 -1.499
14630 -1.588
14640 -1.678
14650 -1.803
14660 -1.988
14670 -2.235
14680 -2.523
14690 -2.815
14700 -3.066
14710 -3.242
14720 -3.330
14730 -3.339
14740 -3.294
14750 -3.232
14760 -3.186
14770 -3.181
14780 -3.219
14790 -3.278
14800 -3.320
14810 -3.308
14820 -3.215
14830 -3.042
14840 -2.809
14850 -2.555
14860 -2.324
14870 -2.156
14880 -2.074
14890 -2.073
14900 -2.119
14910 -2.166
14920 -2.170
14930 -2.112
14940 -1.999
14950 -1.864
14960 -1.751
14970 -1.708
14980 -1.766
14990 -1.930
15000 -2.169
15010 -2.429
15020 -2.655
15030 -2.810
15040 -2.886
15050 -2.904
15060 -2.905
15070 -2.938
15080 -3.042
15090 -3.235
15100 -3.500
15110 -3.789
15120 -4.043
15130 -4.209
15140 -4.263
15150 -4.217
15160 -4.109
15170 -3.993
15180 -3.921
15190 -3.929
15200 -4.020
15210 -4.159
15220 -4.290
15230 -4.354
15240 -4.317
15250 -4.181
15260 -3.977
15270 -3.758
15280 -3.581
15290 -3.491
15300 -3.505
15310 -3.603
15320 -3.736
15330 -3.840
15340 -3.869
15350 -3.802
15360 -3.656
15370 -3.469
15380 -3.295
15390 -3.182
15400 -3.161
15410 -3.232
15420 -3.361
15430 -3.491
15440 -3.564
15450 -3.541
15460 -3.415
15470 -3.210
15480 -2.973
15490 -2.758
15500 -2.613
15510 -2.565
15520 -2.605
15530 -2.690
15540 -2.759
15550 -2.753
15560 -2.645
15570 -2.439
15580 -2.174
15590 -1.909
15600 -1.708
15610 -1.619
15620 -1.660
15630 -1.803
15640 -1.985
15650 -2.132
15660 -2.191
15670 -2.143
15680 -2.014
15690 -1.856
15700 -1.738
15710 -1.725
15720 -1.850
15730 -2.105
15740 -2.437
15750 -2.766
15760 -3.017
15770 -3.144
15780 -3.146
15790 -3.062
15800 -2.959
15810 -2.909
15820 -2.973
15830 -3.170
15840 -3.469
15850 -3.792
15860 -4.039
15870 -4.125
15880 -4.017
15890 -3.741
15900 -3.368
15910 -2.993
15920 -2.707
15930 -2.573
15940 -2.590
15950 -2.688
15960 -2.752
15970 -2.671
15980 -2.395
15990 -1.945
16000 -1.400
16010 -0.876
16020 -0.494
16030 -0.346
16040 -0.447
16050 -0.710
16060 -0.991
16070 -1.153
16080 -1.120
16090 -0.899
16100 -0.563
16110 -0.230
16120 -0.019
16130 -0.016
16140 -0.229
16150 -0.579
16160 -0.934
16170 -1.166
16180 -1.193
16190 -1.003
16200 -0.653
16210 -0.246
16220 +0.099
16230 +0.282
16240 +0.266
16250 +0.089
16260 -0.144
16270 -0.317
16280 -0.337
16290 -0.174
16300 +0.139
16310 +0.513
16320 +0.829
16330 +0.978
16340 +0.908
16350 +0.643
16360 +0.271
16370 -0.096
16380 -0.364
16390 -0.481
16400 -0.454
16410 -0.341
16420 -0.238
16430 -0.239
16440 -0.404
16450 -0.734
16460 -1.177
16470 -1.652
16480 -2.074
16490 -2.379
16500 -2.539
16510 -2.576
16520 -2.554
16530 -2.558
16540 -2.661
16550 -2.899
16560 -3.261
16570 -3.694
16580 -4.121
16590 -4.461
16600 -4.652
16610 -4.676
16620 -4.566
16630 -4.401
16640 -4.269
16650 -4.242
16660 -4.345
16670 -4.558
16680 -4.818
16690 -5.042
16700 -5.153
16710 -5.109
16720 -4.922
16730 -4.656
16740 -4.407
16750 -4.262
16760 -4.275
16770 -4.450
16780 -4.739
16790 -5.066
16800 -5.343
16810 -5.500
16820 -5.511
16830 -5.406
16840 -5.262
16850 -5.171
16860 -5.208
16870 -5.406
16880 -5.746
16890 -6.167
16900 -6.582
16910 -6.901
16920 -7.058
16930 -7.038
16940 -6.891
16950 -6.710
16960 -6.590
16970 -6.596
16980 -6.739
16990 -6.977
17000 -7.227
17010 -7.389
17020 -7.374
17030 -7.146
17040 -6.740
17050 -6.250
17060 -5.786
17070 -5.439
17080 -5.251
17090 -5.211
17100 -5.258
17110 -5.310
17120 -5.283
17130 -5.126
17140 -4.834
17150 -4.462
17160 -4.096
17170 -3.829
17180 -3.721
17190 -3.783
17200 -3.979
17210 -4.241
17220 -4.489
17230 -4.653
17240 -4.695
17250 -4.621
17260 -4.488
17270 -4.381
17280 -4.378
17290 -4.526
17300 -4.823
17310 -5.231
17320 -5.686
17330 -6.117
17340 -6.454
17350 -6.653
17360 -6.718
17370 -6.714
17380 -6.735
17390 -6.867
17400 -7.152
17410 -7.578
17420 -8.090
17430 -8.592
17440 -8.964
17450 -9.102
17460 -8.976
17470 -8.671
17480 -8.343
17490 -8.132
17500 -8.114
17510 -8.293
17520 -8.618
17530 -9.007
17540 -9.361
17550 -9.588
17560 -9.645
17570 -9.566
17580 -9.453
17590 -9.433
17600 -9.598
17610 -9.993
17620 -10.617
17630 -11.439
17640 -12.405
17650 -13.435
17660 -14.415
17670 -15.228
17680 -15.841
17690 -16.371
17700 -17.039
17710 -18.077
17720 -19.682
17730 -21.935
17740 -24.146
17750 -23.598
17760 -20.491
17770 -17.439
17780 -15.026
17790 -13.193
17800 -11.835
17810 -10.856
17820 -10.152
17830 -9.609
17840 -9.116
17850 -8.582
17860 -7.964
17870 -7.269
17880 -6.549
17890 -5.884
17900 -5.352
17910 -5.014
17920 -4.889
17930 -4.948
17940 -5.130
17950 -5.351
17960 -5.530
17970 -5.603
17980 -5.543
17990 -5.374
18000 -5.166
18010 -5.009
18020 -4.979
18030 -5.111
18040 -5.392
18050 -5.778
18060 -6.203
18070 -6.590
18080 -6.859
18090 -6.949
18100 -6.854
18110 -6.637
18120 -6.408
18130 -6.257
18140 -6.211
18150 -6.221
18160 -6.176
18170 -5.937
18180 -5.408
18190 -4.605
18200 -3.673
18210 -2.811
18220 -2.182
18230 -1.842
18240 -1.755
18250 -1.836
18260 -1.999
18270 -2.173
18280 -2.313
18290 -2.399
18300 -2.440
18310 -2.469
18320 -2.530
18330 -2.662
18340 -2.881
18350 -3.182
18360 -3.548
18370 -3.959
18380 -4.398
18390 -4.854
18400 -5.322
18410 -5.807
18420 -6.319
18430 -6.877
18440 -7.501
18450 -8.210
18460 -9.021
18470 -9.942
18480 -10.966
18490 -12.025
18500 -12.927
18510 -13.331
18520 -12.995
18530 -12.086
18540 -10.982
18550 -9.928
18560 -8.995
18570 -8.169
18580 -7.415
18590 -6.709
18600 -6.045
18610 -5.437
18620 -4.911
18630 -4.500
18640 -4.233
18650 -4.121
18660 -4.159
18670 -4.316
18680 -4.547
18690 -4.802
18700 -5.032
18710 -5.199
18720 -5.289
18730 -5.315
18740 -5.322
18750 -5.366
18760 -5.500
18770 -5.751
18780 -6.121
18790 -6.587
18800 -7.113
18810 -7.649
18820 -8.136
18830 -8.510
18840 -8.720
18850 -8.744
18860 -8.591
18870 -8.283
18880 -7.826
18890 -7.205
18900 -6.402
18910 -5.415
18920 -4.267
18930 -3.003
18940 -1.674
18950 -0.335
18960 +0.952
18970 +2.121
18980 +3.104
18990 +3.848
19000 +4.343
19010 +4.625
19020 +4.766
19030 +4.841
19040 +4.906
19050 +4.978
19060 +5.042
19070 +5.052
19080 +4.960
19090 +4.741
19100 +4.409
19110 +4.004
19120 +3.579
19130 +3.178
19140 +2.830
19150 +2.544
19160 +2.309
19170 +2.094
19180 +1.862
19190 +1.578
19200 +1.228
19210 +0.821
19220 +0.385
19230 -0.041
19240 -0.417
19250 -0.704
19260 -0.874
19270 -0.910
19280 -0.813
19290 -0.601
19300 -0.303
19310 +0.052
19320 +0.443
19330 +0.864
19340 +1.321
19350 +1.823
19360 +2.370
19370 +2.942
19380 +3.495
19390 +3.959
19400 +4.265
19410 +4.376
19420 +4.308
19430 +4.126
19440 +3.909
19450 +3.717
19460 +3.584
19470 +3.506
19480 +3.454
19490 +3.383
19500 +3.248
19510 +3.029
19520 +2.736
19530 +2.406
19540 +2.085
19550 +1.812
19560 +1.607
19570 +1.471
19580 +1.384
19590 +1.311
19600 +1.215
19610 +1.070
19620 +0.876
19630 +0.655
19640 +0.446
19650 +0.290
19660 +0.217
19670 +0.238
19680 +0.342
19690 +0.496
19700 +0.656
19710 +0.778
19720 +0.839
19730 +0.839
19740 +0.802
19750 +0.762
19760 +0.753
19770 +0.792
19780 +0.878
19790 +0.991
19800 +1.095
19810 +1.154
19820 +1.144
19830 +1.063
19840 +0.934
19850 +0.792
19860 +0.676
19870 +0.611
19880 +0.608
19890 +0.651
19900 +0.709
19910 +0.745
19920 +0.724
19930 +0.635
19940 +0.489
19950 +0.317
19960 +0.158
19970 +0.046
19980 +0.001
19990 +0.017
20000 +0.070
20010 +0.117
20020 +0.120
20030 +0.053
20040 -0.083
20050 -0.264
20060 -0.450
20070 -0.599
20080 -0.678
20090 -0.678
20100 -0.618
20110 -0.539
20120 -0.493
20130 -0.519
20140 -0.629
20150 -0.806
20160 -1.013
20170 -1.195
20180 -1.299
20190 -1.292
20200 -1.175
20210 -0.996
20220 -0.832
20230 -0.748
20240 -0.774
20250 -0.890
20260 -1.023
20270 -1.037
20280 -0.707
20290 +0.210
20300 +1.603
20310 +2.707
20320 +2.890
20330 +2.424
20340 +1.777
20350 +1.163
20360 +0.638
20370 +0.203
20380 -0.151
20390 -0.433
20400 -0.652
20410 -0.813
20420 -0.926
20430 -1.002
20440 -1.057
20450 -1.113
20460 -1.186
20470 -1.282
20480 -1.388
20490 -1.484
20500 -1.551
20510 -1.579
20520 -1.570
20530 -1.534
20540 -1.493
20550 -1.470
20560 -1.486
20570 -1.547
20580 -1.640
20590 -1.738
20600 -1.811
20610 -1.841
20620 -1.824
20630 -1.770
20640 -1.701
20650 -1.647
20660 -1.636
20670 -1.683
20680 -1.781
20690 -1.902
20700 -2.013
20710 -2.086
20720 -2.106
20730 -2.079
20740 -2.026
20750 -1.979
20760 -1.973
20770 -2.028
20780 -2.149
20790 -2.312
20800 -2.483
20810 -2.625
20820 -2.718
20830 -2.754
20840 -2.749
20850 -2.728
20860 -2.724
20870 -2.766
20880 -2.864
20890 -3.011
20900 -3.179
20910 -3.331
20920 -3.437
20930 -3.476
20940 -3.449
20950 -3.372
20960 -3.274
20970 -3.192
20980 -3.153
20990 -3.168
21000 -3.223
21010 -3.279
21020 -3.292
21030 -3.218
21040 -3.034
21050 -2.740
21060 -2.373
21070 -2.006
21080 -1.731
21090 -1.615
21100 -1.661
21110 -1.816
21120 -2.013
21130 -2.206
21140 -2.374
21150 -2.518
21160 -2.649
21170 -2.780
21180 -2.924
21190 -3.086
21200 -3.266
21210 -3.454
21220 -3.631
21230 -3.775
21240 -3.868
21250 -3.902
21260 -3.886
21270 -3.842
21280 -3.802
21290 -3.794
21300 -3.834
21310 -3.922
21320 -4.041
21330 -4.160
21340 -4.251
21350 -4.288
21360 -4.268
21370 -4.205
21380 -4.130
21390 -4.078
21400 -4.079
21410 -4.143
21420 -4.262
21430 -4.407
21440 -4.542
21450 -4.634
21460 -4.666
21470 -4.641
21480 -4.587
21490 -4.546
21500 -4.555
21510 -4.639
21520 -4.798
21530 -5.008
21540 -5.231
21550 -5.422
21560 -5.552
21570 -5.614
21580 -5.627
21590 -5.634
21600 -5.679
21610 -5.789
21620 -5.968
21630 -6.187
21640 -6.402
21650 -6.561
21660 -6.630
21670 -6.600
21680 -6.492
21690 -6.347
21700 -6.209
21710 -6.112
21720 -6.069
21730 -6.076
21740 -6.109
21750 -6.137
21760 -6.132
21770 -6.075
21780 -5.965
21790 -5.822
21800 -5.679
21810 -5.570
21820 -5.523
21830 -5.548
21840 -5.633
21850 -5.752
21860 -5.866
21870 -5.939
21880 -5.954
21890 -5.914
21900 -5.847
21910 -5.792
21920 -5.790
21930 -5.862
21940 -6.008
21950 -6.203
21960 -6.408
21970 -6.577
21980 -6.679
21990 -6.706
22000 -6.678
22010 -6.633
22020 -6.610
22030 -6.635
22040 -6.715
22050 -6.830
22060 -6.950
22070 -7.036
22080 -7.060
22090 -7.011
22100 -6.899
22110 -6.752
22120 -6.606
22130 -6.491
22140 -6.428
22150 -6.420
22160 -6.454
22170 -6.503
22180 -6.537
22190 -6.530
22200 -6.471
22210 -6.369
22220 -6.250
22230 -6.150
22240 -6.102
22250 -6.124
22260 -6.215
22270 -6.356
22280 -6.510
22290 -6.641
22300 -6.722
22310 -6.745
22320 -6.731
22330 -6.715
22340 -6.739
22350 -6.830
22360 -6.995
22370 -7.216
22380 -7.457
22390 -7.671
22400 -7.821
22410 -7.889
22420 -7.886
22430 -7.844
22440 -7.804
22450 -7.798
22460 -7.839
22470 -7.920
22480 -8.018
22490 -8.097
22500 -8.127
22510 -8.089
22520 -7.985
22530 -7.838
22540 -7.682
22550 -7.553
22560 -7.476
22570 -7.461
22580 -7.502
22590 -7.574
22600 -7.643
22610 -7.677
22620 -7.657
22630 -7.586
22640 -7.491
22650 -7.408
22660 -7.373
22670 -7.411
22680 -7.523
22690 -7.691
22700 -7.876
22710 -8.035
22720 -8.134
22730 -8.162
22740 -8.137
22750 -8.095
22760 -8.078
22770 -8.113
22780 -8.206
22790 -8.341
22800 -8.480
22810 -8.581
22820 -8.610
22830 -8.554
22840 -8.428
22850 -8.266
22860 -8.104
22870 -7.973
22880 -7.885
22890 -7.838
22900 -7.817
22910 -7.794
22920 -7.744
22930 -7.648
22940 -7.505
22950 -7.330
22960 -7.147
22970 -6.987
22980 -6.871
22990 -6.813
23000 -6.809
23010 -6.841
23020 -6.883
23030 -6.905
23040 -6.888
23050 -6.830
23060 -6.751
23070 -6.678
23080 -6.641
23090 -6.662
23100 -6.746
23110 -6.878
23120 -7.032
23130 -7.172
23140 -7.267
23150 -7.308
23160 -7.302
23170 -7.278
23180 -7.265
23190 -7.284
23200 -7.345
23210 -7.438
23220 -7.538
23230 -7.617
23240 -7.647
23250 -7.618
23260 -7.535
23270 -7.420
23280 -7.299
23290 -7.196
23300 -7.126
23310 -7.093
23320 -7.087
23330 -7.090
23340 -7.082
23350 -7.045
23360 -6.973
23370 -6.875
23380 -6.769
23390 -6.682
23400 -6.633
23410 -6.635
23420 -6.688
23430 -6.778
23440 -6.883
23450 -6.975
23460 -7.036
23470 -7.062
23480 -7.066
23490 -7.074
23500 -7.111
23510 -7.192
23520 -7.320
23530 -7.482
23540 -7.654
23550 -7.804
23560 -7.905
23570 -7.948
23580 -7.943
23590 -7.911
23600 -7.880
23610 -7.866
23620 -7.879
23630 -7.911
23640 -7.950
23650 -7.974
23660 -7.965
23670 -7.913
23680 -7.818
23690 -7.695
23700 -7.564
23710 -7.446
23720 -7.357
23730 -7.303
23740 -7.285
23750 -7.292
23760 -7.308
23770 -7.315
23780 -7.300
23790 -7.262
23800 -7.208
23810 -7.156
23820 -7.127
23830 -7.134
23840 -7.186
23850 -7.278
23860 -7.399
23870 -7.531
23880 -7.651
23890 -7.745
23900 -7.807
23910 -7.844
23920 -7.871
23930 -7.904
23940 -7.956
23950 -8.031
23960 -8.125
23970 -8.225
23980 -8.316
23990 -8.380
