00000 -1.635
00010 -1.480
00020 -1.089
00030 -0.619
00040 -0.201
00050 +0.093
00060 +0.247
00070 +0.278
00080 +0.230
00090 +0.167
00100 +0.164
00110 +0.276
00120 +0.512
00130 +0.828
00140 +1.157
00150 +1.442
00160 +1.648
00170 +1.771
00180 +1.824
00190 +1.836
00200 +1.843
00210 +1.877
00220 +1.958
00230 +2.083
00240 +2.231
00250 +2.373
00260 +2.480
00270 +2.537
00280 +2.544
00290 +2.512
00300 +2.461
00310 +2.414
00320 +2.392
00330 +2.403
00340 +2.442
00350 +2.491
00360 +2.529
00370 +2.538
00380 +2.510
00390 +2.450
00400 +2.370
00410 +2.291
00420 +2.236
00430 +2.218
00440 +2.241
00450 +2.296
00460 +2.363
00470 +2.427
00480 +2.475
00490 +2.510
00500 +2.541
00510 +2.590
00520 +2.677
00530 +2.813
00540 +3.002
00550 +3.231
00560 +3.481
00570 +3.730
00580 +3.965
00590 +4.179
00600 +4.377
00610 +4.571
00620 +4.772
00630 +4.989
00640 +5.224
00650 +5.471
00660 +5.716
00670 +5.944
00680 +6.144
00690 +6.309
00700 +6.441
00710 +6.549
00720 +6.645
00730 +6.744
00740 +6.853
00750 +6.974
00760 +7.102
00770 +7.225
00780 +7.330
00790 +7.407
00800 +7.455
00810 +7.480
00820 +7.495
00830 +7.518
00840 +7.561
00850 +7.631
00860 +7.722
00870 +7.821
00880 +7.911
00890 +7.976
00900 +8.013
00910 +8.028
00920 +8.035
00930 +8.050
00940 +8.085
00950 +8.139
00960 +8.207
00970 +8.272
00980 +8.321
00990 +8.344
01000 +8.339
01010 +8.313
01020 +8.279
01030 +8.248
01040 +8.231
01050 +8.230
01060 +8.241
01070 +8.257
01080 +8.266
01090 +8.262
01100 +8.240
01110 +8.203
01120 +8.159
01130 +8.120
01140 +8.093
01150 +8.086
01160 +8.097
01170 +8.121
01180 +8.149
01190 +8.174
01200 +8.190
01210 +8.198
01220 +8.203
01230 +8.216
01240 +8.244
01250 +8.294
01260 +8.365
01270 +8.453
01280 +8.547
01290 +8.639
01300 +8.722
01310 +8.794
01320 +8.859
01330 +8.923
01340 +8.992
01350 +9.069
01360 +9.155
01370 +9.246
01380 +9.335
01390 +9.416
01400 +9.484
01410 +9.538
01420 +9.581
01430 +9.616
01440 +9.649
01450 +9.686
01460 +9.727
01470 +9.773
01480 +9.819
01490 +9.863
01500 +9.898
01510 +9.925
01520 +9.941
01530 +9.949
01540 +9.954
01550 +9.959
01560 +9.968
01570 +9.981
01580 +9.995
01590 +10.008
01600 +10.013
01610 +10.008
01620 +9.990
01630 +9.963
01640 +9.931
01650 +9.898
01660 +9.869
01670 +9.846
01680 +9.827
01690 +9.811
01700 +9.793
01710 +9.769
01720 +9.739
01730 +9.704
01740 +9.666
01750 +9.630
01760 +9.599
01770 +9.574
01780 +9.554
01790 +9.537
01800 +9.520
01810 +9.498
01820 +9.470
01830 +9.436
01840 +9.398
01850 +9.358
01860 +9.320
01870 +9.285
01880 +9.253
01890 +9.222
01900 +9.190
01910 +9.153
01920 +9.108
01930 +9.055
01940 +8.994
01950 +8.927
01960 +8.859
01970 +8.791
01980 +8.724
01990 +8.656
02000 +8.587
02010 +8.512
02020 +8.429
02030 +8.339
02040 +8.243
02050 +8.146
02060 +8.053
02070 +7.968
02080 +7.896
02090 +7.836
02100 +7.787
02110 +7.746
02120 +7.710
02130 +7.680
02140 +7.657
02150 +7.642
02160 +7.637
02170 +7.643
02180 +7.661
02190 +7.686
02200 +7.716
02210 +7.747
02220 +7.777
02230 +7.802
02240 +7.826
02250 +7.848
02260 +7.873
02270 +7.902
02280 +7.938
02290 +7.980
02300 +8.026
02310 +8.075
02320 +8.126
02330 +8.177
02340 +8.229
02350 +8.286
02360 +8.351
02370 +8.426
02380 +8.515
02390 +8.617
02400 +8.729
02410 +8.848
02420 +8.969
02430 +9.091
02440 +9.212
02450 +9.331
02460 +9.451
02470 +9.570
02480 +9.689
02490 +9.806
02500 +9.916
02510 +10.017
02520 +10.105
02530 +10.179
02540 +10.239
02550 +10.287
02560 +10.325
02570 +10.357
02580 +10.383
02590 +10.406
02600 +10.424
02610 +10.437
02620 +10.443
02630 +10.442
02640 +10.433
02650 +10.419
02660 +10.402
02670 +10.384
02680 +10.368
02690 +10.355
02700 +10.347
02710 +10.343
02720 +10.341
02730 +10.341
02740 +10.343
02750 +10.349
02760 +10.362
02770 +10.384
02780 +10.421
02790 +10.474
02800 +10.543
02810 +10.626
02820 +10.720
02830 +10.820
02840 +10.919
02850 +11.014
02860 +11.104
02870 +11.185
02880 +11.257
02890 +11.319
02900 +11.371
02910 +11.412
02920 +11.440
02930 +11.455
02940 +11.457
02950 +11.447
02960 +11.427
02970 +11.400
02980 +11.368
02990 +11.333
03000 +11.297
03010 +11.261
03020 +11.223
03030 +11.182
03040 +11.138
03050 +11.088
03060 +11.034
03070 +10.975
03080 +10.914
03090 +10.852
03100 +10.791
03110 +10.732
03120 +10.673
03130 +10.614
03140 +10.552
03150 +10.488
03160 +10.420
03170 +10.349
03180 +10.278
03190 +10.209
03200 +10.145
03210 +10.088
03220 +10.039
03230 +9.998
03240 +9.963
03250 +9.934
03260 +9.911
03270 +9.894
03280 +9.885
03290 +9.886
03300 +9.898
03310 +9.922
03320 +9.958
03330 +10.002
03340 +10.053
03350 +10.107
03360 +10.162
03370 +10.216
03380 +10.269
03390 +10.322
03400 +10.375
03410 +10.428
03420 +10.483
03430 +10.538
03440 +10.591
03450 +10.641
03460 +10.685
03470 +10.722
03480 +10.753
03490 +10.778
03500 +10.799
03510 +10.817
03520 +10.833
03530 +10.847
03540 +10.858
03550 +10.865
03560 +10.865
03570 +10.856
03580 +10.839
03590 +10.813
03600 +10.780
03610 +10.740
03620 +10.696
03630 +10.649
03640 +10.596
03650 +10.538
03660 +10.472
03670 +10.397
03680 +10.313
03690 +10.220
03700 +10.121
03710 +10.020
03720 +9.918
03730 +9.820
03740 +9.726
03750 +9.639
03760 +9.557
03770 +9.481
03780 +9.413
03790 +9.354
03800 +9.307
03810 +9.274
03820 +9.256
03830 +9.256
03840 +9.273
03850 +9.306
03860 +9.353
03870 +9.411
03880 +9.477
03890 +9.551
03900 +9.631
03910 +9.718
03920 +9.812
03930 +9.912
03940 +10.019
03950 +10.132
03960 +10.250
03970 +10.370
03980 +10.491
03990 +10.611
04000 +10.729
04010 +10.845
04020 +10.961
04030 +11.075
04040 +11.190
04050 +11.305
04060 +11.417
04070 +11.526
04080 +11.628
04090 +11.721
04100 +11.803
04110 +11.874
04120 +11.933
04130 +11.980
04140 +12.018
04150 +12.045
04160 +12.062
04170 +12.069
04180 +12.063
04190 +12.046
04200 +12.017
04210 +11.978
04220 +11.931
04230 +11.878
04240 +11.823
04250 +11.768
04260 +11.715
04270 +11.664
04280 +11.616
04290 +11.571
04300 +11.527
04310 +11.486
04320 +11.447
04330 +11.413
04340 +11.384
04350 +11.361
04360 +11.347
04370 +11.340
04380 +11.341
04390 +11.347
04400 +11.359
04410 +11.373
04420 +11.391
04430 +11.412
04440 +11.437
04450 +11.467
04460 +11.502
04470 +11.544
04480 +11.591
04490 +11.641
04500 +11.694
04510 +11.746
04520 +11.796
04530 +11.845
04540 +11.891
04550 +11.935
04560 +11.978
04570 +12.021
04580 +12.062
04590 +12.100
04600 +12.134
04610 +12.162
04620 +12.182
04630 +12.195
04640 +12.200
04650 +12.198
04660 +12.192
04670 +12.183
04680 +12.171
04690 +12.157
04700 +12.142
04710 +12.123
04720 +12.100
04730 +12.074
04740 +12.043
04750 +12.011
04760 +11.978
04770 +11.946
04780 +11.918
04790 +11.894
04800 +11.873
04810 +11.855
04820 +11.838
04830 +11.823
04840 +11.807
04850 +11.793
04860 +11.782
04870 +11.775
04880 +11.773
04890 +11.777
04900 +11.786
04910 +11.801
04920 +11.818
04930 +11.836
04940 +11.854
04950 +11.872
04960 +11.890
04970 +11.909
04980 +11.930
04990 +11.953
05000 +11.978
05010 +12.003
05020 +12.029
05030 +12.052
05040 +12.072
05050 +12.088
05060 +12.100
05070 +12.110
05080 +12.119
05090 +12.128
05100 +12.138
05110 +12.150
05120 +12.162
05130 +12.174
05140 +12.185
05150 +12.194
05160 +12.201
05170 +12.209
05180 +12.218
05190 +12.230
05200 +12.247
05210 +12.268
05220 +12.295
05230 +12.325
05240 +12.360
05250 +12.396
05260 +12.435
05270 +12.476
05280 +12.522
05290 +12.572
05300 +12.628
05310 +12.691
05320 +12.760
05330 +12.834
05340 +12.912
05350 +12.991
05360 +13.071
05370 +13.151
05380 +13.231
05390 +13.311
05400 +13.392
05410 +13.473
05420 +13.556
05430 +13.638
05440 +13.720
05450 +13.799
05460 +13.874
05470 +13.946
05480 +14.013
05490 +14.077
05500 +14.139
05510 +14.200
05520 +14.261
05530 +14.322
05540 +14.384
05550 +14.446
05560 +14.507
05570 +14.567
05580 +14.626
05590 +14.684
05600 +14.742
05610 +14.802
05620 +14.865
05630 +14.931
05640 +15.001
05650 +15.073
05660 +15.147
05670 +15.221
05680 +15.295
05690 +15.368
05700 +15.440
05710 +15.512
05720 +15.584
05730 +15.656
05740 +15.728
05750 +15.799
05760 +15.867
05770 +15.930
05780 +15.989
05790 +16.042
05800 +16.088
05810 +16.128
05820 +16.163
05830 +16.193
05840 +16.220
05850 +16.244
05860 +16.264
05870 +16.281
05880 +16.294
05890 +16.302
05900 +16.307
05910 +16.308
05920 +16.307
05930 +16.306
05940 +16.305
05950 +16.306
05960 +16.309
05970 +16.313
05980 +16.318
05990 +16.324
06000 +16.331
06010 +16.337
06020 +16.345
06030 +16.355
06040 +16.367
06050 +16.382
06060 +16.400
06070 +16.422
06080 +16.446
06090 +16.470
06100 +16.495
06110 +16.520
06120 +16.544
06130 +16.568
06140 +16.592
06150 +16.616
06160 +16.641
06170 +16.666
06180 +16.691
06190 +16.715
06200 +16.736
06210 +16.755
06220 +16.771
06230 +16.784
06240 +16.795
06250 +16.803
06260 +16.811
06270 +16.818
06280 +16.825
06290 +16.831
06300 +16.836
06310 +16.839
06320 +16.841
06330 +16.840
06340 +16.839
06350 +16.838
06360 +16.837
06370 +16.837
06380 +16.839
06390 +16.842
06400 +16.847
06410 +16.852
06420 +16.858
06430 +16.864
06440 +16.869
06450 +16.875
06460 +16.882
06470 +16.890
06480 +16.899
06490 +16.909
06500 +16.921
06510 +16.933
06520 +16.944
06530 +16.954
06540 +16.963
06550 +16.970
06560 +16.976
06570 +16.981
06580 +16.986
06590 +16.990
06600 +16.995
06610 +16.999
06620 +17.002
06630 +17.004
06640 +17.005
06650 +17.004
06660 +17.002
06670 +16.999
06680 +16.997
06690 +16.995
06700 +16.994
06710 +16.994
06720 +16.994
06730 +16.995
06740 +16.995
06750 +16.996
06760 +16.996
06770 +16.997
06780 +16.998
06790 +17.001
06800 +17.005
06810 +17.010
06820 +17.016
06830 +17.023
06840 +17.030
06850 +17.037
06860 +17.044
06870 +17.051
06880 +17.057
06890 +17.063
06900 +17.069
06910 +17.076
06920 +17.082
06930 +17.088
06940 +17.093
06950 +17.097
06960 +17.100
06970 +17.101
06980 +17.101
06990 +17.100
07000 +17.098
07010 +17.096
07020 +17.093
07030 +17.090
07040 +17.087
07050 +17.083
07060 +17.079
07070 +17.075
07080 +17.071
07090 +17.067
07100 +17.064
07110 +17.061
07120 +17.061
07130 +17.061
07140 +17.064
07150 +17.068
07160 +17.074
07170 +17.082
07180 +17.092
07190 +17.104
07200 +17.118
07210 +17.136
07220 +17.156
07230 +17.178
07240 +17.203
07250 +17.231
07260 +17.261
07270 +17.293
07280 +17.327
07290 +17.363
07300 +17.401
07310 +17.439
07320 +17.479
07330 +17.519
07340 +17.558
07350 +17.598
07360 +17.637
07370 +17.675
07380 +17.712
07390 +17.748
07400 +17.783
07410 +17.818
07420 +17.851
07430 +17.882
07440 +17.911
07450 +17.939
07460 +17.965
07470 +17.989
07480 +18.012
07490 +18.034
07500 +18.055
07510 +18.076
07520 +18.096
07530 +18.116
07540 +18.134
07550 +18.150
07560 +18.166
07570 +18.180
07580 +18.194
07590 +18.208
07600 +18.221
07610 +18.236
07620 +18.250
07630 +18.265
07640 +18.280
07650 +18.294
07660 +18.307
07670 +18.319
07680 +18.331
07690 +18.344
07700 +18.357
07710 +18.371
07720 +18.386
07730 +18.403
07740 +18.420
07750 +18.438
07760 +18.455
07770 +18.471
07780 +18.487
07790 +18.502
07800 +18.518
07810 +18.536
07820 +18.554
07830 +18.574
07840 +18.595
07850 +18.616
07860 +18.636
07870 +18.654
07880 +18.671
07890 +18.685
07900 +18.699
07910 +18.711
07920 +18.723
07930 +18.735
07940 +18.746
07950 +18.756
07960 +18.763
07970 +18.766
07980 +18.764
07990 +18.757
08000 +18.745
08010 +18.730
08020 +18.711
08030 +18.690
08040 +18.667
08050 +18.642
08060 +18.613
08070 +18.580
08080 +18.543
08090 +18.501
08100 +18.456
08110 +18.407
08120 +18.357
08130 +18.307
08140 +18.259
08150 +18.212
08160 +18.168
08170 +18.125
08180 +18.082
08190 +18.039
08200 +17.996
08210 +17.952
08220 +17.909
08230 +17.870
08240 +17.834
08250 +17.803
08260 +17.778
08270 +17.756
08280 +17.738
08290 +17.721
08300 +17.704
08310 +17.686
08320 +17.669
08330 +17.654
08340 +17.643
08350 +17.637
08360 +17.637
08370 +17.643
08380 +17.654
08390 +17.667
08400 +17.680
08410 +17.693
08420 +17.706
08430 +17.720
08440 +17.736
08450 +17.758
08460 +17.787
08470 +17.824
08480 +17.866
08490 +17.913
08500 +17.961
08510 +18.010
08520 +18.057
08530 +18.103
08540 +18.152
08550 +18.205
08560 +18.265
08570 +18.334
08580 +18.410
08590 +18.494
08600 +18.581
08610 +18.671
08620 +18.760
08630 +18.851
08640 +18.944
08650 +19.043
08660 +19.150
08670 +19.269
08680 +19.401
08690 +19.545
08700 +19.699
08710 +19.860
08720 +20.025
08730 +20.193
08740 +20.365
08750 +20.543
08760 +20.730
08770 +20.929
08780 +21.140
08790 +21.364
08800 +21.595
08810 +21.831
08820 +22.065
08830 +22.294
08840 +22.515
08850 +22.728
08860 +22.933
08870 +23.132
08880 +23.324
08890 +23.510
08900 +23.685
08910 +23.845
08920 +23.986
08930 +24.103
08940 +24.194
08950 +24.260
08960 +24.306
08970 +24.334
08980 +24.350
08990 +24.358
09000 +24.359
09010 +24.353
09020 +24.339
09030 +24.315
09040 +24.280
09050 +24.235
09060 +24.184
09070 +24.130
09080 +24.078
09090 +24.031
09100 +23.991
09110 +23.959
09120 +23.931
09130 +23.906
09140 +23.880
09150 +23.852
09160 +23.821
09170 +23.790
09180 +23.761
09190 +23.736
09200 +23.718
09210 +23.706
09220 +23.698
09230 +23.692
09240 +23.684
09250 +23.671
09260 +23.653
09270 +23.627
09280 +23.598
09290 +23.566
09300 +23.534
09310 +23.504
09320 +23.476
09330 +23.448
09340 +23.418
09350 +23.384
09360 +23.344
09370 +23.298
09380 +23.247
09390 +23.193
09400 +23.140
09410 +23.088
09420 +23.041
09430 +22.999
09440 +22.961
09450 +22.926
09460 +22.890
09470 +22.855
09480 +22.818
09490 +22.783
09500 +22.751
09510 +22.724
09520 +22.706
09530 +22.698
09540 +22.700
09550 +22.711
09560 +22.730
09570 +22.755
09580 +22.784
09590 +22.819
09600 +22.860
09610 +22.908
09620 +22.966
09630 +23.036
09640 +23.117
09650 +23.211
09660 +23.314
09670 +23.424
09680 +23.538
09690 +23.654
09700 +23.770
09710 +23.884
09720 +23.997
09730 +24.109
09740 +24.220
09750 +24.327
09760 +24.428
09770 +24.518
09780 +24.594
09790 +24.650
09800 +24.682
09810 +24.688
09820 +24.668
09830 +24.622
09840 +24.553
09850 +24.463
09860 +24.351
09870 +24.218
09880 +24.062
09890 +23.882
09900 +23.679
09910 +23.453
09920 +23.208
09930 +22.948
09940 +22.678
09950 +22.401
09960 +22.120
09970 +21.836
09980 +21.549
09990 +21.259
10000 +20.965
10010 +20.667
10020 +20.369
10030 +20.072
10040 +19.779
10050 +19.494
10060 +19.217
10070 +18.950
10080 +18.692
10090 +18.442
10100 +18.199
10110 +17.963
10120 +17.733
10130 +17.513
10140 +17.302
10150 +17.103
10160 +16.916
10170 +16.742
10180 +16.579
10190 +16.426
10200 +16.281
10210 +16.144
10220 +16.015
10230 +15.893
10240 +15.779
10250 +15.675
10260 +15.580
10270 +15.494
10280 +15.417
10290 +15.346
10300 +15.281
10310 +15.222
10320 +15.167
10330 +15.118
10340 +15.074
10350 +15.037
10360 +15.008
10370 +14.985
10380 +14.969
10390 +14.958
10400 +14.952
10410 +14.949
10420 +14.951
10430 +14.958
10440 +14.970
10450 +14.988
10460 +15.014
10470 +15.047
10480 +15.087
10490 +15.131
10500 +15.180
10510 +15.233
10520 +15.289
10530 +15.350
10540 +15.416
10550 +15.489
10560 +15.568
10570 +15.654
10580 +15.746
10590 +15.841
10600 +15.939
10610 +16.037
10620 +16.136
10630 +16.236
10640 +16.338
10650 +16.443
10660 +16.550
10670 +16.658
10680 +16.767
10690 +16.873
10700 +16.974
10710 +17.069
10720 +17.156
10730 +17.234
10740 +17.306
10750 +17.371
10760 +17.429
10770 +17.479
10780 +17.520
10790 +17.549
10800 +17.564
10810 +17.564
10820 +17.547
10830 +17.515
10840 +17.468
10850 +17.409
10860 +17.338
10870 +17.257
10880 +17.164
10890 +17.061
10900 +16.946
10910 +16.818
10920 +16.679
10930 +16.528
10940 +16.369
10950 +16.203
10960 +16.032
10970 +15.860
10980 +15.687
10990 +15.513
11000 +15.339
11010 +15.165
11020 +14.989
11030 +14.812
11040 +14.636
11050 +14.463
11060 +14.296
11070 +14.136
11080 +13.987
11090 +13.849
11100 +13.722
11110 +13.606
11120 +13.501
11130 +13.405
11140 +13.318
11150 +13.243
11160 +13.182
11170 +13.136
11180 +13.109
11190 +13.101
11200 +13.113
11210 +13.143
11220 +13.187
11230 +13.242
11240 +13.307
11250 +13.379
11260 +13.461
11270 +13.552
11280 +13.654
11290 +13.767
11300 +13.889
11310 +14.017
11320 +14.144
11330 +14.266
11340 +14.379
11350 +14.481
11360 +14.572
11370 +14.651
11380 +14.722
11390 +14.785
11400 +14.840
11410 +14.884
11420 +14.914
11430 +14.928
11440 +14.923
11450 +14.898
11460 +14.858
11470 +14.804
11480 +14.741
11490 +14.674
11500 +14.605
11510 +14.535
11520 +14.464
11530 +14.391
11540 +14.314
11550 +14.234
11560 +14.152
11570 +14.073
11580 +14.000
11590 +13.937
11600 +13.886
11610 +13.849
11620 +13.825
11630 +13.811
11640 +13.804
11650 +13.803
11660 +13.805
11670 +13.813
11680 +13.827
11690 +13.849
11700 +13.880
11710 +13.922
11720 +13.971
11730 +14.025
11740 +14.080
11750 +14.132
11760 +14.178
11770 +14.218
11780 +14.251
11790 +14.282
11800 +14.311
11810 +14.341
11820 +14.370
11830 +14.398
11840 +14.422
11850 +14.439
11860 +14.447
11870 +14.446
11880 +14.438
11890 +14.425
11900 +14.412
11910 +14.400
11920 +14.393
11930 +14.390
11940 +14.389
11950 +14.390
11960 +14.391
11970 +14.390
11980 +14.389
11990 +14.391
12000 +14.398
12010 +14.414
12020 +14.442
12030 +14.482
12040 +14.534
12050 +14.596
12060 +14.664
12070 +14.738
12080 +14.816
12090 +14.898
12100 +14.987
12110 +15.084
12120 +15.192
12130 +15.311
12140 +15.439
12150 +15.575
12160 +15.713
12170 +15.851
12180 +15.984
12190 +16.111
12200 +16.232
12210 +16.347
12220 +16.458
12230 +16.567
12240 +16.672
12250 +16.771
12260 +16.861
12270 +16.937
12280 +16.998
12290 +17.041
12300 +17.066
12310 +17.077
12320 +17.076
12330 +17.068
12340 +17.055
12350 +17.037
12360 +17.016
12370 +16.988
12380 +16.953
12390 +16.909
12400 +16.860
12410 +16.807
12420 +16.755
12430 +16.708
12440 +16.670
12450 +16.644
12460 +16.629
12470 +16.624
12480 +16.627
12490 +16.637
12500 +16.651
12510 +16.671
12520 +16.699
12530 +16.737
12540 +16.789
12550 +16.855
12560 +16.934
12570 +17.024
12580 +17.121
12590 +17.221
12600 +17.319
12610 +17.414
12620 +17.505
12630 +17.594
12640 +17.682
12650 +17.771
12660 +17.859
12670 +17.945
12680 +18.025
12690 +18.096
12700 +18.154
12710 +18.197
12720 +18.224
12730 +18.238
12740 +18.242
12750 +18.238
12760 +18.230
12770 +18.217
12780 +18.200
12790 +18.177
12800 +18.145
12810 +18.102
12820 +18.050
12830 +17.991
12840 +17.928
12850 +17.867
12860 +17.811
12870 +17.763
12880 +17.725
12890 +17.695
12900 +17.673
12910 +17.657
12920 +17.647
12930 +17.645
12940 +17.654
12950 +17.678
12960 +17.721
12970 +17.785
12980 +17.873
12990 +17.980
13000 +18.105
13010 +18.240
13020 +18.382
13030 +18.524
13040 +18.665
13050 +18.802
13060 +18.935
13070 +19.061
13080 +19.179
13090 +19.284
13100 +19.372
13110 +19.438
13120 +19.478
13130 +19.489
13140 +19.472
13150 +19.432
13160 +19.373
13170 +19.301
13180 +19.222
13190 +19.138
13200 +19.050
13210 +18.958
13220 +18.859
13230 +18.754
13240 +18.643
13250 +18.528
13260 +18.413
13270 +18.304
13280 +18.203
13290 +18.114
13300 +18.035
13310 +17.966
13320 +17.903
13330 +17.844
13340 +17.787
13350 +17.733
13360 +17.683
13370 +17.641
13380 +17.610
13390 +17.591
13400 +17.584
13410 +17.588
13420 +17.598
13430 +17.611
13440 +17.622
13450 +17.632
13460 +17.638
13470 +17.644
13480 +17.649
13490 +17.657
13500 +17.666
13510 +17.676
13520 +17.683
13530 +17.684
13540 +17.675
13550 +17.656
13560 +17.625
13570 +17.585
13580 +17.539
13590 +17.492
13600 +17.444
13610 +17.398
13620 +17.354
13630 +17.309
13640 +17.263
13650 +17.215
13660 +17.165
13670 +17.114
13680 +17.067
13690 +17.026
13700 +16.994
13710 +16.973
13720 +16.964
13730 +16.963
13740 +16.970
13750 +16.980
13760 +16.992
13770 +17.006
13780 +17.022
13790 +17.041
13800 +17.066
13810 +17.096
13820 +17.130
13830 +17.165
13840 +17.198
13850 +17.224
13860 +17.242
13870 +17.249
13880 +17.246
13890 +17.232
13900 +17.211
13910 +17.183
13920 +17.150
13930 +17.112
13940 +17.066
13950 +17.012
13960 +16.949
13970 +16.877
13980 +16.797
13990 +16.712
14000 +16.625
14010 +16.539
14020 +16.457
14030 +16.381
14040 +16.311
14050 +16.245
14060 +16.184
14070 +16.127
14080 +16.073
14090 +16.025
14100 +15.985
14110 +15.955
14120 +15.937
14130 +15.930
14140 +15.934
14150 +15.947
14160 +15.965
14170 +15.986
14180 +16.009
14190 +16.033
14200 +16.057
14210 +16.082
14220 +16.107
14230 +16.132
14240 +16.154
14250 +16.170
14260 +16.178
14270 +16.175
14280 +16.159
14290 +16.129
14300 +16.086
14310 +16.031
14320 +15.964
14330 +15.886
14340 +15.799
14350 +15.701
14360 +15.593
14370 +15.475
14380 +15.347
14390 +15.211
14400 +15.069
14410 +14.925
14420 +14.782
14430 +14.644
14440 +14.514
14450 +14.393
14460 +14.283
14470 +14.184
14480 +14.098
14490 +14.025
14500 +13.970
14510 +13.933
14520 +13.918
14530 +13.924
14540 +13.952
14550 +13.999
14560 +14.062
14570 +14.137
14580 +14.220
14590 +14.310
14600 +14.405
14610 +14.503
14620 +14.603
14630 +14.702
14640 +14.797
14650 +14.884
14660 +14.961
14670 +15.024
14680 +15.070
14690 +15.100
14700 +15.114
14710 +15.112
14720 +15.094
14730 +15.063
14740 +15.017
14750 +14.957
14760 +14.883
14770 +14.795
14780 +14.694
14790 +14.581
14800 +14.460
14810 +14.331
14820 +14.200
14830 +14.068
14840 +13.938
14850 +13.812
14860 +13.691
14870 +13.575
14880 +13.465
14890 +13.361
14900 +13.264
14910 +13.178
14920 +13.103
14930 +13.042
14940 +12.996
14950 +12.965
14960 +12.948
14970 +12.940
14980 +12.939
14990 +12.942
15000 +12.948
15010 +12.956
15020 +12.966
15030 +12.979
15040 +12.995
15050 +13.013
15060 +13.031
15070 +13.045
15080 +13.052
15090 +13.049
15100 +13.037
15110 +13.014
15120 +12.983
15130 +12.947
15140 +12.909
15150 +12.870
15160 +12.830
15170 +12.790
15180 +12.747
15190 +12.701
15200 +12.652
15210 +12.602
15220 +12.555
15230 +12.514
15240 +12.484
15250 +12.469
15260 +12.469
15270 +12.485
15280 +12.514
15290 +12.552
15300 +12.597
15310 +12.648
15320 +12.705
15330 +12.770
15340 +12.846
15350 +12.933
15360 +13.031
15370 +13.136
15380 +13.244
15390 +13.350
15400 +13.449
15410 +13.537
15420 +13.615
15430 +13.683
15440 +13.742
15450 +13.796
15460 +13.844
15470 +13.886
15480 +13.918
15490 +13.936
15500 +13.937
15510 +13.917
15520 +13.875
15530 +13.815
15540 +13.739
15550 +13.652
15560 +13.557
15570 +13.458
15580 +13.355
15590 +13.246
15600 +13.130
15610 +13.006
15620 +12.874
15630 +12.739
15640 +12.607
15650 +12.486
15660 +12.383
15670 +12.304
15680 +12.250
15690 +12.219
15700 +12.204
15710 +12.201
15720 +12.206
15730 +12.216
15740 +12.232
15750 +12.258
15760 +12.293
15770 +12.337
15780 +12.385
15790 +12.431
15800 +12.465
15810 +12.481
15820 +12.472
15830 +12.438
15840 +12.380
15850 +12.300
15860 +12.203
15870 +12.092
15880 +11.969
15890 +11.832
15900 +11.680
15910 +11.514
15920 +11.336
15930 +11.155
15940 +10.984
15950 +10.842
15960 +10.751
15970 +10.728
15980 +10.789
15990 +10.939
16000 +11.176
16010 +11.491
16020 +11.876
16030 +12.318
16040 +12.808
16050 +13.333
16060 +13.883
16070 +14.448
16080 +15.014
16090 +15.574
16100 +16.118
16110 +16.641
16120 +17.140
16130 +17.613
16140 +18.058
16150 +18.474
16160 +18.862
16170 +19.219
16180 +19.545
16190 +19.837
16200 +20.095
16210 +20.317
16220 +20.502
16230 +20.648
16240 +20.755
16250 +20.825
16260 +20.860
16270 +20.864
16280 +20.842
16290 +20.800
16300 +20.744
16310 +20.679
16320 +20.612
16330 +20.548
16340 +20.496
16350 +20.465
16360 +20.462
16370 +20.495
16380 +20.570
16390 +20.687
16400 +20.846
16410 +21.041
16420 +21.269
16430 +21.522
16440 +21.794
16450 +22.080
16460 +22.371
16470 +22.661
16480 +22.940
16490 +23.202
16500 +23.438
16510 +23.644
16520 +23.813
16530 +23.942
16540 +24.027
16550 +24.065
16560 +24.055
16570 +23.995
16580 +23.889
16590 +23.740
16600 +23.551
16610 +23.329
16620 +23.077
16630 +22.800
16640 +22.504
16650 +22.193
16660 +21.873
16670 +21.552
16680 +21.236
16690 +20.932
16700 +20.645
16710 +20.379
16720 +20.137
16730 +19.922
16740 +19.735
16750 +19.578
16760 +19.453
16770 +19.362
16780 +19.307
16790 +19.286
16800 +19.294
16810 +19.328
16820 +19.380
16830 +19.443
16840 +19.512
16850 +19.584
16860 +19.657
16870 +19.729
16880 +19.800
16890 +19.866
16900 +19.924
16910 +19.968
16920 +19.994
16930 +19.995
16940 +19.971
16950 +19.917
16960 +19.835
16970 +19.726
16980 +19.589
16990 +19.427
17000 +19.238
17010 +19.020
17020 +18.771
17030 +18.489
17040 +18.172
17050 +17.820
17060 +17.438
17070 +17.031
17080 +16.609
17090 +16.184
17100 +15.770
17110 +15.381
17120 +15.031
17130 +14.733
17140 +14.501
17150 +14.346
17160 +14.279
17170 +14.306
17180 +14.427
17190 +14.637
17200 +14.919
17210 +15.253
17220 +15.614
17230 +15.980
17240 +16.333
17250 +16.658
17260 +16.951
17270 +17.208
17280 +17.430
17290 +17.618
17300 +17.771
17310 +17.886
17320 +17.958
17330 +17.980
17340 +17.946
17350 +17.854
17360 +17.703
17370 +17.496
17380 +17.240
17390 +16.943
17400 +16.614
17410 +16.262
17420 +15.896
17430 +15.529
17440 +15.172
17450 +14.845
17460 +14.570
17470 +14.371
17480 +14.276
17490 +14.303
17500 +14.460
17510 +14.740
17520 +15.123
17530 +15.580
17540 +16.082
17550 +16.604
17560 +17.127
17570 +17.638
17580 +18.130
17590 +18.602
17600 +19.054
17610 +19.486
17620 +19.899
17630 +20.288
17640 +20.651
17650 +20.980
17660 +21.270
17670 +21.516
17680 +21.716
17690 +21.873
17700 +21.989
17710 +22.070
17720 +22.119
17730 +22.137
17740 +22.125
17750 +22.079
17760 +21.998
17770 +21.881
17780 +21.734
17790 +21.568
17800 +21.397
17810 +21.239
17820 +21.111
17830 +21.026
17840 +20.993
17850 +21.014
17860 +21.088
17870 +21.212
17880 +21.382
17890 +21.595
17900 +21.850
17910 +22.143
17920 +22.470
17930 +22.824
17940 +23.197
17950 +23.582
17960 +23.969
17970 +24.353
17980 +24.730
17990 +25.096
18000 +25.452
18010 +25.798
18020 +26.135
18030 +26.461
18040 +26.777
18050 +27.078
18060 +27.361
18070 +27.622
18080 +27.857
18090 +28.064
18100 +28.238
18110 +28.379
18120 +28.488
18130 +28.564
18140 +28.609
18150 +28.627
18160 +28.619
18170 +28.590
18180 +28.545
18190 +28.490
18200 +28.434
18210 +28.386
18220 +28.356
18230 +28.352
18240 +28.380
18250 +28.442
18260 +28.538
18270 +28.666
18280 +28.824
18290 +29.008
18300 +29.219
18310 +29.455
18320 +29.715
18330 +29.995
18340 +30.291
18350 +30.599
18360 +30.911
18370 +31.225
18380 +31.537
18390 +31.848
18400 +32.161
18410 +32.478
18420 +32.802
18430 +33.132
18440 +33.463
18450 +33.790
18460 +34.102
18470 +34.390
18480 +34.647
18490 +34.872
18500 +35.064
18510 +35.225
18520 +35.358
18530 +35.462
18540 +35.531
18550 +35.559
18560 +35.538
18570 +35.464
18580 +35.339
18590 +35.173
18600 +34.982
18610 +34.786
18620 +34.602
18630 +34.446
18640 +34.324
18650 +34.237
18660 +34.178
18670 +34.136
18680 +34.100
18690 +34.060
18700 +34.015
18710 +33.965
18720 +33.918
18730 +33.879
18740 +33.855
18750 +33.847
18760 +33.852
18770 +33.863
18780 +33.868
18790 +33.858
18800 +33.826
18810 +33.771
18820 +33.697
18830 +33.611
18840 +33.525
18850 +33.446
18860 +33.379
18870 +33.323
18880 +33.271
18890 +33.217
18900 +33.150
18910 +33.067
18920 +32.965
18930 +32.848
18940 +32.725
18950 +32.603
18960 +32.491
18970 +32.391
18980 +32.303
18990 +32.222
19000 +32.140
19010 +32.051
19020 +31.951
19030 +31.837
19040 +31.714
19050 +31.588
19060 +31.467
19070 +31.354
19080 +31.254
19090 +31.164
19100 +31.080
19110 +30.995
19120 +30.906
19130 +30.808
19140 +30.702
19150 +30.592
19160 +30.481
19170 +30.376
19180 +30.280
19190 +30.194
19200 +30.115
19210 +30.041
19220 +29.967
19230 +29.890
19240 +29.808
19250 +29.723
19260 +29.638
19270 +29.556
19280 +29.482
19290 +29.415
19300 +29.357
19310 +29.305
19320 +29.257
19330 +29.210
19340 +29.161
19350 +29.112
19360 +29.064
19370 +29.018
19380 +28.976
19390 +28.939
19400 +28.905
19410 +28.872
19420 +28.837
19430 +28.798
19440 +28.752
19450 +28.701
19460 +28.646
19470 +28.591
19480 +28.536
19490 +28.483
19500 +28.432
19510 +28.380
19520 +28.326
19530 +28.268
19540 +28.209
19550 +28.150
19560 +28.095
19570 +28.049
19580 +28.012
19590 +27.986
19600 +27.967
19610 +27.952
19620 +27.937
19630 +27.921
19640 +27.903
19650 +27.887
19660 +27.876
19670 +27.876
19680 +27.888
19690 +27.912
19700 +27.943
19710 +27.973
19720 +27.993
19730 +27.997
19740 +27.979
19750 +27.939
19760 +27.877
19770 +27.795
19780 +27.695
19790 +27.577
19800 +27.437
19810 +27.274
19820 +27.084
19830 +26.866
19840 +26.623
19850 +26.360
19860 +26.088
19870 +25.819
19880 +25.565
19890 +25.337
19900 +25.140
19910 +24.969
19920 +24.817
19930 +24.671
19940 +24.523
19950 +24.367
19960 +24.207
19970 +24.049
19980 +23.904
19990 +23.783
20000 +23.692
20010 +23.628
20020 +23.583
20030 +23.543
20040 +23.495
20050 +23.431
20060 +23.347
20070 +23.251
20080 +23.154
20090 +23.069
20100 +23.010
20110 +22.980
20120 +22.978
20130 +22.989
20140 +22.997
20150 +22.985
20160 +22.946
20170 +22.879
20180 +22.794
20190 +22.708
20200 +22.641
20210 +22.605
20220 +22.603
20230 +22.625
20240 +22.649
20250 +22.652
20260 +22.621
20270 +22.552
20280 +22.455
20290 +22.348
20300 +22.253
20310 +22.189
20320 +22.164
20330 +22.171
20340 +22.192
20350 +22.204
20360 +22.189
20370 +22.139
20380 +22.054
20390 +21.949
20400 +21.842
20410 +21.752
20420 +21.695
20430 +21.674
20440 +21.680
20450 +21.694
20460 +21.696
20470 +21.668
20480 +21.604
20490 +21.506
20500 +21.390
20510 +21.275
20520 +21.182
20530 +21.128
20540 +21.118
20550 +21.143
20560 +21.185
20570 +21.219
20580 +21.227
20590 +21.200
20600 +21.143
20610 +21.076
20620 +21.027
20630 +21.025
20640 +21.092
20650 +21.231
20660 +21.423
20670 +21.636
20680 +21.834
20690 +21.994
20700 +22.109
20710 +22.196
20720 +22.287
20730 +22.419
20740 +22.624
20750 +22.913
20760 +23.269
20770 +23.655
20780 +24.027
20790 +24.351
20800 +24.613
20810 +24.824
20820 +25.013
20830 +25.221
20840 +25.485
20850 +25.820
20860 +26.213
20870 +26.625
20880 +27.000
20890 +27.290
20900 +27.467
20910 +27.531
20920 +27.506
20930 +27.433
20940 +27.354
20950 +27.296
20960 +27.269
20970 +27.263
20980 +27.257
20990 +27.226
21000 +27.156
21010 +27.046
21020 +26.908
21030 +26.767
21040 +26.654
21050 +26.597
21060 +26.615
21070 +26.708
21080 +26.857
21090 +27.030
21100 +27.191
21110 +27.313
21120 +27.387
21130 +27.421
21140 +27.442
21150 +27.482
21160 +27.574
21170 +27.735
21180 +27.963
21190 +28.231
21200 +28.501
21210 +28.735
21220 +28.906
21230 +29.009
21240 +29.060
21250 +29.093
21260 +29.147
21270 +29.255
21280 +29.430
21290 +29.657
21300 +29.902
21310 +30.116
21320 +30.257
21330 +30.304
21340 +30.263
21350 +30.162
21360 +30.050
21370 +29.972
21380 +29.961
21390 +30.025
21400 +30.141
21410 +30.268
21420 +30.359
21430 +30.386
21440 +30.343
21450 +30.254
21460 +30.166
21470 +30.134
21480 +30.203
21490 +30.399
21500 +30.711
21510 +31.105
21520 +31.531
21530 +31.943
21540 +32.312
21550 +32.637
21560 +32.948
21570 +33.295
21580 +33.738
21590 +34.328
21600 +35.094
21610 +36.040
21620 +37.151
21630 +38.400
21640 +39.761
21650 +41.215
21660 +42.774
21670 +44.494
21680 +46.476
21690 +48.722
21700 +50.433
21710 +49.605
21720 +46.829
21730 +44.015
21740 +41.654
21750 +39.715
21760 +38.111
21770 +36.777
21780 +35.671
21790 +34.764
21800 +34.026
21810 +33.418
21820 +32.896
21830 +32.415
21840 +31.945
21850 +31.476
21860 +31.015
21870 +30.585
21880 +30.217
21890 +29.940
21900 +29.769
21910 +29.700
21920 +29.701
21930 +29.729
21940 +29.737
21950 +29.697
21960 +29.600
21970 +29.461
21980 +29.310
21990 +29.183
22000 +29.110
22010 +29.103
22020 +29.151
22030 +29.222
22040 +29.273
22050 +29.267
22060 +29.186
22070 +29.030
22080 +28.824
22090 +28.603
22100 +28.406
22110 +28.261
22120 +28.180
22130 +28.147
22140 +28.133
22150 +28.101
22160 +28.021
22170 +27.883
22180 +27.696
22190 +27.489
22200 +27.301
22210 +27.172
22220 +27.126
22230 +27.165
22240 +27.267
22250 +27.396
22260 +27.513
22270 +27.591
22280 +27.622
22290 +27.620
22300 +27.617
22310 +27.648
22320 +27.745
22330 +27.921
22340 +28.163
22350 +28.440
22360 +28.709
22370 +28.932
22380 +29.087
22390 +29.171
22400 +29.202
22410 +29.214
22420 +29.244
22430 +29.316
22440 +29.433
22450 +29.575
22460 +29.707
22470 +29.789
22480 +29.791
22490 +29.703
22500 +29.538
22510 +29.330
22520 +29.122
22530 +28.949
22540 +28.833
22550 +28.771
22560 +28.739
22570 +28.704
22580 +28.637
22590 +28.518
22600 +28.350
22610 +28.154
22620 +27.965
22630 +27.819
22640 +27.743
22650 +27.745
22660 +27.810
22670 +27.908
22680 +28.004
22690 +28.070
22700 +28.092
22710 +28.074
22720 +28.037
22730 +28.012
22740 +28.028
22750 +28.101
22760 +28.228
22770 +28.387
22780 +28.545
22790 +28.668
22800 +28.733
22810 +28.729
22820 +28.667
22830 +28.573
22840 +28.479
22850 +28.411
22860 +28.382
22870 +28.384
22880 +28.392
22890 +28.379
22900 +28.317
22910 +28.195
22920 +28.015
22930 +27.800
22940 +27.581
22950 +27.392
22960 +27.254
22970 +27.173
22980 +27.135
22990 +27.116
23000 +27.091
23010 +27.037
23020 +26.950
23030 +26.836
23040 +26.717
23050 +26.621
23060 +26.572
23070 +26.581
23080 +26.642
23090 +26.736
23100 +26.834
23110 +26.912
23120 +26.949
23130 +26.940
23140 +26.893
23150 +26.826
23160 +26.762
23170 +26.715
23180 +26.691
23190 +26.677
23200 +26.651
23210 +26.587
23220 +26.461
23230 +26.260
23240 +25.987
23250 +25.657
23260 +25.296
23270 +24.930
23280 +24.579
23290 +24.248
23300 +23.925
23310 +23.593
23320 +23.233
23330 +22.829
23340 +22.380
23350 +21.899
23360 +21.410
23370 +20.946
23380 +20.534
23390 +20.189
23400 +19.909
23410 +19.675
23420 +19.462
23430 +19.251
23440 +19.033
23450 +18.817
23460 +18.626
23470 +18.486
23480 +18.422
23490 +18.438
23500 +18.523
23510 +18.649
23520 +18.789
23530 +18.922
23540 +19.038
23550 +19.141
23560 +19.246
23570 +19.368
23580 +19.522
23590 +19.712
23600 +19.928
23610 +20.158
23620 +20.382
23630 +20.589
23640 +20.771
23650 +20.929
23660 +21.071
23670 +21.207
23680 +21.348
23690 +21.500
23700 +21.662
23710 +21.827
23720 +21.984
23730 +22.125
23740 +22.241
23750 +22.331
23760 +22.394
23770 +22.437
23780 +22.467
23790 +22.491
23800 +22.511
23810 +22.527
23820 +22.535
23830 +22.527
23840 +22.499
23850 +22.445
23860 +22.366
23870 +22.265
23880 +22.147
23890 +22.022
23900 +21.894
23910 +21.770
23920 +21.651
23930 +21.537
23940 +21.427
23950 +21.320
23960 +21.219
23970 +21.128
23980 +21.056
23990 +21.009
