+0.002701228861232722 -0.000877521612201873
-0.003515905063189688 -0.000687695395558595
-0.001210055641813979 -0.000846436804971027
-0.000985610961646592 -0.000692950457004943
-0.002481661251398885 -0.000883705280066325
-0.001356783488803862 -0.000727729323958917
-0.001127803768303939 -0.000958240871942355
-0.002859062216710812 -0.000726049833740464
+0.000218272963856608 -0.000945390974160488
-0.002440245307875837 -0.000741645640700415
-0.001062683975907642 -0.000954281891358065
-0.002152243524871355 -0.000752154645475804
-0.001030581244026143 -0.000969659928706119
-0.002245059034296193 -0.000865329883961522
+0.000105055370959607 -0.001211483652194820
-0.003376179260300573 -0.001075668397054660
+0.000142967090636315 -0.001386357035676050
-0.003206856965945998 -0.001160604018972156
-0.000578067580500271 -0.001483622455548282
-0.002411726211299245 -0.001175870130334483
-0.001608863430727147 -0.001315070548853131
-0.002409430311473853 -0.000891958098229355
-0.000941503290660637 -0.001010862041758157
-0.002728385074266943 -0.000685261934672297
-0.000507395974498453 -0.001041381068986980
-0.003180990048988279 -0.000867379067594393
-0.000394065920805695 -0.001206887019171253
-0.003320193644122318 -0.001015373621309558
+0.000148250100795552 -0.001313781677388121
-0.004285905164874087 -0.001067635517352413
+0.000657155460911264 -0.001276279225851629
-0.005026901110649493 -0.000997681848211483
+0.001195228959470593 -0.001214601110012984
-0.005647641949062606 -0.000987329918684461
+0.002064308466007449 -0.001239508000813491
-0.007411984152712414 -0.001039761187402352
+0.005462468654818634 -0.001280794128286286
-0.012958262106214832 -0.001078484166007320
+0.016630148902048662 -0.001323999842956506
-0.040980962131568405 -0.001082929143880450
+0.165854274703974625 -0.001271121579974893
+1.201643935914622485 -0.001006259035049245
+1.130165014965886838 -0.001308903381621436
+0.861467456744249627 -0.001084773531289309
-0.437292089679287899 -0.001373751825393173
-1.121055607806640264 -0.001076011301497130
-0.824003860407262367 -0.001332765051870845
-0.241699935236853652 -0.001109264871161998
+0.201052545663280680 -0.001375572224277385
+0.027689988140999881 -0.001097977270520006
+0.061025514270648951 -0.001304275138239958
+0.249221688902119931 -0.001095752771064293
+0.332326438155928328 -0.001214326338506300
-0.000905423400788878 -0.001130715022646025
-0.285643551727832845 -0.001430331926224128
-0.223510270742272227 -0.001436488821024997
-0.020787738166543557 -0.000832730161983554
+0.116692585228510767 -0.000441974817862886
-0.011600768638766148 -0.001112528803295196
-0.108756077234008763 -0.001755517566690631
-0.029387469547791305 -0.002450113619969542
+0.113396761731249213 -0.000989345986628529
+0.071761263664808964 -0.001257901556541080
-0.049436854065147952 -0.000526063793995361
-0.077004465843624470 -0.001761056881054125
+0.013758420255483426 -0.000268884472678394
+0.094426058389728007 +0.001168028883395964
+0.045529541118200345 +0.002661354245696897
-0.045890566705449332 +0.017089277504089288
-0.060267701045041838 +0.054678944390627759
+0.003653823972451756 +0.090751761653350249
+0.034037212879164773 +0.120530793686156948
-0.019709375107688491 +0.133518362983624850
-0.075961478046630226 +0.160108037599591024
-0.073461495886575773 +0.170558786438519849
-0.018063460004230099 +0.140605300253117182
+0.015433669711038673 +0.062626233367828188
-0.016820502733253993 -0.010706387675397102
-0.044191647237449269 -0.060199175536549382
-0.027723938328386495 -0.076031602649925076
+0.016419343407547100 -0.063217759414452290
+0.010332965192867310 -0.039488899801968583
-0.025895857277319214 -0.018188732897908857
-0.039526791507264222 +0.002748398122804314
-0.008121779724976776 +0.023727870844118107
+0.016916131686146002 +0.031743428603182820
+0.003128309872796822 +0.024612289100651264
-0.014787025412765917 +0.014096458206488176
-0.018530199900529017 +0.005651364315122122
-0.000019053845848152 +0.000093172721459665
+0.009948038348424497 -0.000093747449777420
-0.008661553874541737 -0.003124037000586418
-0.021716631059604179 -0.003535533599555737
-0.017592174192579139 -0.001003683035954711
-0.000925612365526650 +0.000887333725004113
+0.011318854133189987 -0.000715837006373198
+0.004329721720845527 -0.003328922320515384
-0.007896168764324479 -0.005833350622819661
+0.005273656650518306 -0.006797233659225352
+0.009477657463875236 -0.007406157756909458
+0.010054596735322871 -0.007234106009590645
-0.015136074173896440 -0.007150118227054485
-0.020988489402367132 -0.006956405796615444
-0.005036741257491317 -0.006077449750555321
-0.006607584566751909 -0.004288967959721020
-0.009353200156694830 -0.003106397987650977
-0.019214916609649135 -0.000935776304212717
-0.010576833131839547 +0.000805431942591637
+0.008972006733308752 +0.001751231383694642
+0.012120993443074934 +0.000797080617377495
+0.006522582423390821 -0.002185330250822913
-0.004422697505631817 -0.004786724014163616
+0.007992706984438632 -0.006516611319563244
+0.010984816636472675 -0.007642378423921513
+0.008474991307625199 -0.008657376367050301
-0.012175728815950261 -0.007907924386660766
-0.007979553793334664 -0.006329945451745414
-0.004887391113877507 -0.003074085882206256
-0.004552790481657807 -0.002190025173030535
-0.004998510515852669 -0.002321840674118110
-0.018448246197824546 -0.002844845370028601
+0.001827626822726048 -0.005072724295254200
+0.002128536734515762 -0.005942787156259184
+0.002116425960406401 -0.007955153348609641
+0.001975009739121539 -0.010317245881859154
-0.002695190296318378 -0.011613622302606290
+0.011019307001246943 -0.010793709411002826
-0.009351068314503141 -0.008140146042111775
-0.010113410933049492 -0.006313194783105981
-0.018243552834344048 -0.005699714491350058
-0.007116065257698393 -0.003996052468774730
-0.006647891293178238 -0.001770785625861554
-0.017268175867779546 +0.000359687154898510
-0.012465391852386626 +0.001164309190657479
-0.010133142506445939 +0.000219398758726967
+0.009508498403581797 -0.000612378424635427
+0.001039908438881206 -0.001370967688734567
-0.000673782751313531 -0.003124825734383966
+0.001380084034982707 -0.004386413328585017
-0.000894608590434443 -0.005480715103705245
+0.002702070187272194 -0.005246831007222339
-0.020727780201428410 -0.004558822992652683
-0.018226105326626451 -0.003398133505792005
-0.025409787525468831 -0.002263442563109097
-0.016144916890140144 -0.001271112093609488
-0.018275570221591514 -0.001133278416351709
-0.023539805840031614 -0.000320210308829535
-0.020871327656416871 -0.000598253727523466
-0.032028148134412640 -0.000649452723699981
-0.030101631599074523 -0.001279577951450940
-0.029290595215472552 -0.002895905334586840
+0.007748387315767069 -0.004159284545404775
+0.043648680100655424 -0.005182164693649271
+0.060481287011739979 -0.005190595110288704
+0.050772424316207397 -0.004359078249201603
+0.007411167773938118 -0.003712819750192459
-0.010677116857640841 -0.002044519886607327
-0.035439557402532025 -0.000397269161439761
-0.031475317852317539 +0.000011505123900574
-0.033082555869931751 -0.001065566688216007
-0.023072928653221352 -0.002346607264251102
+0.008479693013427070 -0.003438377392071922
+0.047623097003075099 -0.004385731715917504
+0.047200676172218486 -0.006206980048787961
+0.055159055938624205 -0.006972559085611807
+0.038420775928609832 -0.006710021968839762
-0.019363006202548889 -0.007324192340363930
-0.013587402002345794 -0.007761846880135313
-0.001405010245338709 -0.007645463669775564
-0.017825255683990085 -0.006434086658773890
+0.009384437295192505 -0.005058617198205752
+0.009732556120044672 -0.004094099419190181
+0.006844914826943820 -0.003045009775390969
+0.015362273831361767 -0.002256852069586275
+0.000692044319319275 -0.002557268456879222
+0.000758284406033007 -0.003762960789396984
-0.002755147774084264 -0.005902867549748902
-0.005393054282588153 -0.009224625025032579
+0.004795376189039188 -0.012516325755379363
-0.000217045083999893 -0.015175170136217624
-0.003956124572278175 -0.015313022409584657
+0.006844482566157833 -0.013748837697045997
+0.000655503900991609 -0.010094612203791797
+0.003186901020238886 -0.004167121399907723
+0.005360100723388413 +0.002831355646038808
-0.002030678857774925 +0.008463298242869722
+0.009343872706012685 +0.012221919889132902
+0.003866204379651980 +0.012279735863985598
+0.004694852122509766 +0.009191412226782084
+0.001492842965848010 +0.004821600079513991
-0.003919449845079952 +0.000443686837255976
-0.000089282964053543 -0.002625963195067732
-0.006186482745082484 -0.003528527416664822
-0.005593993082985550 -0.003158700349644498
-0.007627622943110932 +0.000439717786790936
-0.003245026111845637 +0.004173921850523489
-0.001852257635659665 +0.008095209539952589
+0.003816837445456018 +0.010786575411619221
+0.003191286030072060 +0.010448561164476289
+0.001990471258681045 +0.008618702376497582
+0.007075582790768429 +0.006455501523854587
-0.000572474644138298 +0.004388856361543396
+0.002760705698746764 +0.001624735045391811
-0.004824409329808165 +0.000862531541594325
-0.004626206034819169 +0.001642969392169679
-0.004426831337914380 +0.003061884146043846
-0.006752177220156247 +0.003766487827487399
-0.001821285746376673 +0.004692432956139789
-0.004862874907172598 +0.003684642195759013
+0.001132931007088240 +0.002200841956060378
-0.001118514108595939 +0.001327766591320028
+0.002654155618149640 -0.000103143479479209
+0.001226615748821886 -0.001328483702130735
+0.000835571200976877 -0.001704211498419924
+0.002914664328295936 -0.002042677919314134
-0.004659466689464024 -0.001467499910407044
+0.000880659391594815 -0.000974659974667150
-0.004922092226860686 +0.000073059703147498
-0.001167450613475056 +0.001263985795012878
-0.001736793299864906 +0.002105559493224917
-0.001653529970800595 +0.002775069036159119
+0.003170691823865801 +0.002945191928777960
-0.000839531123077211 +0.002510379032022805
+0.005429871459098826 +0.001841595749632045
+0.001217224916051410 +0.000693565685342641
+0.003371300399780406 -0.000355772882449529
+0.002594364924152945 -0.001266712677578585
+0.000308861210527162 -0.001519828882879045
+0.001422360355230062 -0.001539142533653928
-0.002233647649263249 -0.000885851648093936
+0.001891583000806096 -0.000205318642040509
-0.002678031591345614 +0.000583194757034904
+0.000771326018105072 +0.001146825270348171
-0.001606247569192171 +0.001373171878713955
+0.000251553111708658 +0.001173836291243456
+0.002442263117423515 +0.000610837660864903
-0.000039962593867550 -0.000155855652778593
+0.004336806856498759 -0.000898748429355120
-0.000746311296022074 -0.001612264903064990
+0.003068613723953315 -0.001957326424000383
+0.000996297938581736 -0.002153670506421030
-0.000575680369944289 -0.001881309697610027
+0.001222267340009917 -0.001654233255056594
-0.003304904393897577 -0.000913531596034613
+0.000261845370713273 -0.000535232257339107
-0.003233798919717444 -0.000039451272126015
-0.000524545296387258 +0.000131340318316306
-0.001347482144889845 +0.000110601582117875
+0.000017989761300971 +0.000042041666957860
+0.001816421533911533 -0.000119619035961545
+0.001251605789869732 -0.000372641068146323
+0.003874759444715378 -0.000401917738705906
+0.001969214118303122 -0.000416741734679032
+0.003134290371301088 -0.000036399374631398
+0.000209909622850681 +0.000192381434098957
+0.000616701121568476 +0.000531314533642193
-0.000011728450295730 +0.000883929207150533
-0.002973391125059068 +0.001166927823005772
-0.001669817728362745 +0.001152034614994020
-0.005868202126135260 +0.001255799384923373
-0.003813090590901530 +0.000900863142100296
-0.005769087447338700 +0.000721397674106866
-0.002985024744773848 +0.000285158812207435
-0.001339624197688060 +0.000027957345135533
-0.000064300827659396 -0.000239826340411175
+0.002184977877741447 -0.000346343791171590
+0.000860612891834576 -0.000349382227631027
+0.001536160267160582 -0.000117874236626700
-0.001148266903717637 +0.000055165086160371
-0.001684077346270877 +0.000409622231408815
-0.003999331300608856 +0.000633435347827932
-0.004777944742593680 +0.000823184701609682
-0.002727224627617764 +0.000881161515132376
-0.002435545080547003 +0.000850390368434104
+0.002533317925881681 +0.000597137023088510
+0.000913834877346786 +0.000468167995507592
+0.002807147926910226 -0.000050168204383655
+0.000661325303376347 -0.000212494887694927
+0.000360200130006202 -0.000589399270631258
-0.000265239519958362 -0.000683558333183097
-0.001809257873533665 -0.000731414500329887
-0.000398432494987510 -0.000627380979225757
-0.001485511687245383 -0.000342371488481140
+0.001270078111695968 +0.000005817039688072
+0.000170824985114860 +0.000321843732115691
+0.002779759621445229 +0.000695291261989360
+0.001949725857749584 +0.000758832884659645
-0.000541151737815344 +0.000760020176887476
+0.003543271849516134 +0.000417645231513719
-0.002444487368660636 +0.000018937617055190
+0.000935467136706043 -0.000698843966274637
-0.000867105598182283 -0.001145790756486175
-0.001296012422865593 -0.001744977660959894
-0.000961029287449695 -0.001902996196391633
-0.000789165548111779 -0.001974064852607346
-0.000950870525610860 -0.001689123019173762
-0.000374547592419942 -0.001258012938659502
+0.001002514324293269 -0.000812389468621929
-0.000563583760219588 -0.000475756759299870
+0.002739462360565825 -0.000239256596606350
+0.000164284787894806 -0.000339542700685773
+0.001066059457020041 -0.000359696929474105
+0.002322931683899687 -0.000717778935518291
-0.002508208947262246 -0.000818394563013189
+0.002414155403617349 -0.001010419250892490
-0.003052433353801755 -0.000842899851076630
-0.000218049523374526 -0.000687123832434038
-0.000799936581887040 -0.000268173514083266
-0.001558050806042849 -0.000050147678864756
+0.000884552916387200 +0.000206922376403245
-0.000666855971744429 +0.000260848026033807
+0.001177568556132186 +0.000187501480008623
+0.000531292490859805 +0.000003318191794360
+0.000913113160029802 -0.000132468010187315
+0.000397054994534369 -0.000344388701916082
-0.000002384394127565 -0.000199004147550818
+0.000137463608026890 -0.000205772362783580
-0.001560163128596713 +0.000191755842914111
+0.000922178835821047 +0.000390679121138976
-0.002624478849184798 +0.000637776500930364
+0.000991747935668585 +0.000765650648788636
-0.001458642358185896 +0.000802494340534268
-0.000129084552265096 +0.000615512143061569
+0.000552083879347451 +0.000435497529901082
-0.001099034853418276 +0.000089835975538004
+0.000909491364833925 -0.000153634635202911
-0.001108597167257122 -0.000446006400536610
-0.000172458440311649 -0.000518358696820140
-0.000720953453026781 -0.000590043004398785
-0.001394612636701105 -0.000468936442939119
-0.000294801986662235 -0.000385530498609524
-0.001938139569458285 -0.000041310065220915
+0.000324288567834164 +0.000004847682139902
-0.001882570265975839 +0.000312486934576450
+0.000935610286289565 +0.000292652408109256
-0.001074453432667091 +0.000331963620358020
+0.000547830926026250 +0.000212267941663433
+0.000132783350396608 +0.000090990730310417
-0.000406225095791201 -0.000110271611022563
+0.000642959258246012 -0.000154843254593486
-0.000761154373688635 -0.000312120429924412
+0.000188309727282129 -0.000187350263717781
-0.000552568862157236 -0.000208017922818582
-0.000639186174548160 -0.000018550814784084
+0.000026340064285801 +0.000053291363179570
-0.001213252668059137 +0.000194526948135568
+0.000560621441653506 +0.000160285499166013
-0.001204807206038460 +0.000233474655489507
+0.000837569917703188 +0.000042331590738271
-0.001006190397579936 +0.000052146607885020
+0.000809540155882122 -0.000173724862741523
-0.000482245140874371 -0.000178395796165335
+0.000195766488607866 -0.000329002416623327
+0.000104336826422222 -0.000274102716341721
-0.000610287976778263 -0.000332926074791061
+0.000186569673344657 -0.000221981137453277
-0.000854167654941254 -0.000254452372096715
-0.000333402330650785 -0.000155096257008884
-0.000446136095522516 -0.000227774431749921
-0.001097596505967847 -0.000187537476561780
+0.000249259275399989 -0.000324944932785131
-0.001313073314649638 -0.000309667175326607
+0.000718289074813749 -0.000480063393703762
-0.001045343955347500 -0.000414855924932296
+0.000814099589348763 -0.000546641305092225
-0.000651959686426562 -0.000406906369296404
+0.000637785431109539 -0.000451570995924239
-0.000237252332272710 -0.000266984257420347
+0.000058152366385827 -0.000265396528206181
+0.000140672486254899 -0.000086119816736884
-0.000612834169006466 -0.000092322819488799
+0.000078992086009142 +0.000016508184995733
-0.000717481776850870 -0.000040340357402562
-0.000436502995254500 +0.000007932314546267
-0.000142068530969907 -0.000111970889225615
-0.001151631785785210 -0.000071989923635712
+0.000654690431941023 -0.000237460204409182
-0.001551755800143683 -0.000145523503974036
+0.000838688677918454 -0.000312609300541596
-0.001395960923320288 -0.000175784634232628
+0.000223126333046812 -0.000275116644811712
-0.001093141169776093 -0.000148793383359828
-0.000614445975116294 -0.000185498750230852
-0.000628608221337089 -0.000072786385975580
-0.000987926732175756 -0.000112181464463256
-0.000171732749599508 -0.000013083127340675
-0.000760612625931140 -0.000101778398017581
-0.000193957566071659 -0.000020498307436125
-0.000228854353398517 -0.000156597775002955
-0.000851800155260558 -0.000089918677045771
+0.000306244257071854 -0.000249783721033630
-0.001762673053061711 -0.000167948816248161
+0.000471716484839289 -0.000328132075102575
-0.002068296759135452 -0.000202873883362159
+0.000214441920335312 -0.000328509795536165
-0.001372901308204540 -0.000182322104185282
-0.000233795007539966 -0.000245587420924278
-0.000402904184167276 -0.000120871279285663
-0.000556632362835086 -0.000151614327998812
+0.000111481673277134 -0.000052944540240367
-0.000570497418069592 -0.000125106012419858
-0.000082085088705580 -0.000029014567813680
-0.000289860407815557 -0.000173059115357580
-0.000837015119722575 -0.000070325746885066
+0.000138496529252400 -0.000244487323738682
-0.001621252054793161 -0.000134737296614851
+0.000479401514782572 -0.000284010005616318
-0.001916777647130272 -0.000172180622927327
+0.000364769019513385 -0.000293300810900153
-0.001367608601606209 -0.000182667630243755
-0.000178690077832309 -0.000309067194662214
-0.000578410160836237 -0.000220871867208675
-0.000481715067459397 -0.000355499608951019
-0.000316603343823488 -0.000296512038118924
-0.000516646192365763 -0.000429833376607192
-0.000440779455151018 -0.000352457012866758
-0.000544726636424552 -0.000474751203858104
-0.000814371026944320 -0.000336237486835361
-0.000263483670085033 -0.000445334787870566
-0.001452613853007864 -0.000266835653164876
+0.000334971388294383 -0.000375599252564710
-0.001884646067601210 -0.000221306899165377
+0.000605625168147671 -0.000346833293180175
-0.001544764366786613 -0.000247306814284722
+0.000092500307719869 -0.000403314287698605
-0.000749230788448671 -0.000326205702865620
-0.000583082584852457 -0.000486481639796848
-0.000449434028695267 -0.000383615131952532
-0.000672460032435436 -0.000504520766280372
-0.000769264930644137 -0.000361012271753707
-0.000423480548118839 -0.000438865968852436
-0.001067854937827770 -0.000264513209966593
-0.000231672295734818 -0.000344767167863907
-0.001176703899723350 -0.000170174760915390
+0.000024429339795153 -0.000291108069922000
-0.001389887990523069 -0.000151343877037009
+0.000353746592620220 -0.000310523906404772
-0.001621597749854676 -0.000207965155003164
+0.000321065457551485 -0.000381281403117290
-0.001448965557765608 -0.000282019709786656
-0.000279454617743256 -0.000451894858502617
-0.001000224794430873 -0.000322062760805182
-0.000837568401250644 -0.000468907740565966
-0.000861304777854044 -0.000322781655282177
-0.000814860948951793 -0.000435811844155273
-0.001115083176520693 -0.000299624642039428
-0.000485442951197654 -0.000411366109622446
-0.001354368712150529 -0.000283474446338791
-0.000210861844430759 -0.000428508678947405
-0.001522160624301039 -0.000296742937736057
+0.000016246082343888 -0.000472217042033154
-0.001712940343220568 -0.000328872241210367
+0.000100657109323660 -0.000498167898630476
-0.001720038981973765 -0.000349377245877395
-0.000155442738090717 -0.000487103314595283
-0.001436653383527951 -0.000333727392891579
-0.000578088268339915 -0.000460790901029393
-0.001109151540911197 -0.000303156724645794
-0.000792585050584889 -0.000442114838694781
-0.001065802642541015 -0.000300527398384320
-0.000672024208623036 -0.000447935604463760
-0.001269937738635842 -0.000327650997061521
-0.000400850478913256 -0.000480942744798414
-0.001558282738624810 -0.000353105923280465
-0.000118914471941810 -0.000519078078603770
-0.001845571469505491 -0.000354392889108543
+0.000049808813346413 -0.000530234448704411
-0.001940896867798931 -0.000344169264126638
-0.000074021819538615 -0.000509366546785165
-0.001737908787454485 -0.000343977945098545
-0.000476544347575202 -0.000492774001153816
-0.001367017113264613 -0.000360136457358503
-0.000858042110966670 -0.000514510087333290
-0.001178853158200079 -0.000394065538850937
-0.000899491401038587 -0.000567360099971473
-0.001365821554216648 -0.000436761398379237
-0.000613100724203972 -0.000619948779656540
-0.001744347555737498 -0.000468992369383288
-0.000269079030031632 -0.000650136864045829
-0.002051955844331465 -0.000476305229762244
-0.000088253417003787 -0.000653683810517636
-0.002135840517246792 -0.000465618198331712
-0.000144992901052438 -0.000640606098008042
-0.001972314851166890 -0.000459212538280497
-0.000419612450713636 -0.000627008771694066
-0.001648867811627371 -0.000467379906887969
-0.000763026168221203 -0.000628572009878660
-0.001389149988565612 -0.000481864586056441
-0.000929140351471253 -0.000647622048171890
-0.001447240842075009 -0.000493206727521173
-0.000759908986065261 -0.000671007790508489
-0.001854277916324198 -0.000498961759167243
-0.000390225791292532 -0.000688172538745810
-0.002335989092458329 -0.000501720917397745
-0.000084966129359564 -0.000696323708785666
-0.002659185438347336 -0.000506382567413924
+0.000364780797850349 -0.000699193088752524
-0.004657514381795246 -0.000516630531648605
-0.003578371627217870 -0.000702629645803929
-0.003242617809590358 -0.000531156762899141
-0.003893981542978061 -0.000712447190679442
+0.002778025063553864 -0.000543535968493786
-0.000093910572208302 -0.000734774710685846
-0.001178618511405259 -0.000545557729240828
+0.003535346793420516 -0.000779706062589220
-0.002761145785743701 -0.000608080360447762
-0.002232588762439642 -0.000804541127646521
-0.000062370403099771 -0.000739284573670287
-0.004238532131810615 -0.000885374784379815
-0.002681994361236062 -0.000736454187959463
+0.002532069400172094 -0.000914215160782847
-0.003916860037552599 -0.000687177169357102
