00000 +0.385
00010 -0.331
00020 -1.604
00030 -2.560
00040 -3.073
00050 -3.233
00060 -3.129
00070 -2.836
00080 -2.447
00090 -2.122
00100 -2.083
00110 -2.443
00120 -3.045
00130 -3.614
00140 -3.979
00150 -4.113
00160 -4.055
00170 -3.873
00180 -3.638
00190 -3.434
00200 -3.337
00210 -3.394
00220 -3.589
00230 -3.846
00240 -4.070
00250 -4.193
00260 -4.192
00270 -4.081
00280 -3.898
00290 -3.698
00300 -3.538
00310 -3.465
00320 -3.500
00330 -3.626
00340 -3.790
00350 -3.930
00360 -3.997
00370 -3.970
00380 -3.857
00390 -3.694
00400 -3.532
00410 -3.429
00420 -3.426
00430 -3.536
00440 -3.730
00450 -3.952
00460 -4.138
00470 -4.248
00480 -4.270
00490 -4.230
00500 -4.179
00510 -4.180
00520 -4.278
00530 -4.485
00540 -4.768
00550 -5.071
00560 -5.331
00570 -5.508
00580 -5.591
00590 -5.601
00600 -5.579
00610 -5.572
00620 -5.615
00630 -5.717
00640 -5.863
00650 -6.020
00660 -6.152
00670 -6.233
00680 -6.249
00690 -6.208
00700 -6.132
00710 -6.049
00720 -5.988
00730 -5.966
00740 -5.984
00750 -6.030
00760 -6.082
00770 -6.115
00780 -6.112
00790 -6.063
00800 -5.974
00810 -5.864
00820 -5.757
00830 -5.680
00840 -5.649
00850 -5.663
00860 -5.707
00870 -5.758
00880 -5.790
00890 -5.790
00900 -5.756
00910 -5.705
00920 -5.665
00930 -5.661
00940 -5.705
00950 -5.790
00960 -5.896
00970 -5.995
00980 -6.067
00990 -6.104
01000 -6.107
01010 -6.093
01020 -6.079
01030 -6.081
01040 -6.104
01050 -6.142
01060 -6.182
01070 -6.210
01080 -6.215
01090 -6.195
01100 -6.153
01110 -6.099
01120 -6.046
01130 -6.002
01140 -5.971
01150 -5.947
01160 -5.922
01170 -5.885
01180 -5.829
01190 -5.754
01200 -5.664
01210 -5.569
01220 -5.481
01230 -5.410
01240 -5.358
01250 -5.319
01260 -5.285
01270 -5.247
01280 -5.199
01290 -5.144
01300 -5.093
01310 -5.061
01320 -5.062
01330 -5.104
01340 -5.180
01350 -5.278
01360 -5.376
01370 -5.461
01380 -5.524
01390 -5.570
01400 -5.610
01410 -5.659
01420 -5.729
01430 -5.823
01440 -5.934
01450 -6.047
01460 -6.143
01470 -6.208
01480 -6.238
01490 -6.237
01500 -6.221
01510 -6.206
01520 -6.210
01530 -6.240
01540 -6.292
01550 -6.353
01560 -6.404
01570 -6.428
01580 -6.419
01590 -6.381
01600 -6.331
01610 -6.292
01620 -6.286
01630 -6.323
01640 -6.402
01650 -6.507
01660 -6.616
01670 -6.709
01680 -6.776
01690 -6.818
01700 -6.847
01710 -6.881
01720 -6.934
01730 -7.016
01740 -7.125
01750 -7.251
01760 -7.375
01770 -7.480
01780 -7.556
01790 -7.599
01800 -7.617
01810 -7.624
01820 -7.637
01830 -7.672
01840 -7.734
01850 -7.819
01860 -7.913
01870 -8.000
01880 -8.063
01890 -8.094
01900 -8.095
01910 -8.077
01920 -8.056
01930 -8.052
01940 -8.075
01950 -8.124
01960 -8.189
01970 -8.251
01980 -8.291
01990 -8.295
02000 -8.261
02010 -8.200
02020 -8.128
02030 -8.067
02040 -8.029
02050 -8.017
02060 -8.022
02070 -8.025
02080 -8.009
02090 -7.964
02100 -7.891
02110 -7.799
02120 -7.708
02130 -7.635
02140 -7.590
02150 -7.575
02160 -7.583
02170 -7.601
02180 -7.615
02190 -7.616
02200 -7.602
02210 -7.574
02220 -7.541
02230 -7.513
02240 -7.498
02250 -7.501
02260 -7.521
02270 -7.549
02280 -7.575
02290 -7.589
02300 -7.583
02310 -7.555
02320 -7.509
02330 -7.455
02340 -7.404
02350 -7.367
02360 -7.345
02370 -7.333
02380 -7.321
02390 -7.296
02400 -7.251
02410 -7.182
02420 -7.097
02430 -7.007
02440 -6.927
02450 -6.869
02460 -6.834
02470 -6.817
02480 -6.806
02490 -6.790
02500 -6.761
02510 -6.721
02520 -6.675
02530 -6.636
02540 -6.613
02550 -6.612
02560 -6.632
02570 -6.663
02580 -6.695
02590 -6.719
02600 -6.729
02610 -6.724
02620 -6.709
02630 -6.690
02640 -6.674
02650 -6.665
02660 -6.663
02670 -6.663
02680 -6.655
02690 -6.631
02700 -6.583
02710 -6.506
02720 -6.401
02730 -6.272
02740 -6.126
02750 -5.970
02760 -5.806
02770 -5.634
02780 -5.446
02790 -5.231
02800 -4.981
02810 -4.692
02820 -4.370
02830 -4.035
02840 -3.720
02850 -3.458
02860 -3.278
02870 -3.186
02880 -3.169
02890 -3.203
02900 -3.265
02910 -3.346
02920 -3.447
02930 -3.575
02940 -3.739
02950 -3.937
02960 -4.158
02970 -4.386
02980 -4.601
02990 -4.785
03000 -4.932
03010 -5.041
03020 -5.119
03030 -5.179
03040 -5.233
03050 -5.289
03060 -5.352
03070 -5.416
03080 -5.471
03090 -5.505
03100 -5.506
03110 -5.471
03120 -5.401
03130 -5.306
03140 -5.203
03150 -5.105
03160 -5.024
03170 -4.964
03180 -4.916
03190 -4.869
03200 -4.812
03210 -4.738
03220 -4.652
03230 -4.572
03240 -4.520
03250 -4.518
03260 -4.578
03270 -4.698
03280 -4.862
03290 -5.047
03300 -5.235
03310 -5.414
03320 -5.584
03330 -5.753
03340 -5.931
03350 -6.128
03360 -6.346
03370 -6.581
03380 -6.821
03390 -7.052
03400 -7.264
03410 -7.450
03420 -7.610
03430 -7.748
03440 -7.874
03450 -7.998
03460 -8.126
03470 -8.262
03480 -8.401
03490 -8.536
03500 -8.657
03510 -8.756
03520 -8.829
03530 -8.876
03540 -8.903
03550 -8.917
03560 -8.929
03570 -8.942
03580 -8.959
03590 -8.971
03600 -8.971
03610 -8.947
03620 -8.891
03630 -8.801
03640 -8.682
03650 -8.542
03660 -8.393
03670 -8.247
03680 -8.107
03690 -7.971
03700 -7.833
03710 -7.683
03720 -7.516
03730 -7.334
03740 -7.147
03750 -6.970
03760 -6.820
03770 -6.708
03780 -6.639
03790 -6.606
03800 -6.599
03810 -6.607
03820 -6.623
03830 -6.646
03840 -6.680
03850 -6.731
03860 -6.805
03870 -6.903
03880 -7.023
03890 -7.156
03900 -7.294
03910 -7.427
03920 -7.549
03930 -7.659
03940 -7.758
03950 -7.851
03960 -7.943
03970 -8.038
03980 -8.135
03990 -8.233
04000 -8.325
04010 -8.404
04020 -8.465
04030 -8.504
04040 -8.523
04050 -8.527
04060 -8.522
04070 -8.517
04080 -8.514
04090 -8.517
04100 -8.520
04110 -8.517
04120 -8.504
04130 -8.479
04140 -8.445
04150 -8.409
04160 -8.381
04170 -8.373
04180 -8.390
04190 -8.431
04200 -8.491
04210 -8.560
04220 -8.630
04230 -8.696
04240 -8.757
04250 -8.820
04260 -8.893
04270 -8.981
04280 -9.090
04290 -9.216
04300 -9.354
04310 -9.492
04320 -9.622
04330 -9.736
04340 -9.835
04350 -9.923
04360 -10.005
04370 -10.092
04380 -10.187
04390 -10.292
04400 -10.401
04410 -10.506
04420 -10.597
04430 -10.666
04440 -10.713
04450 -10.739
04460 -10.753
04470 -10.764
04480 -10.781
04490 -10.807
04500 -10.841
04510 -10.877
04520 -10.906
04530 -10.921
04540 -10.920
04550 -10.905
04560 -10.883
04570 -10.864
04580 -10.857
04590 -10.870
04600 -10.902
04610 -10.951
04620 -11.006
04630 -11.060
04640 -11.106
04650 -11.144
04660 -11.177
04670 -11.213
04680 -11.262
04690 -11.331
04700 -11.422
04710 -11.531
04720 -11.652
04730 -11.774
04740 -11.890
04750 -11.994
04760 -12.089
04770 -12.180
04780 -12.275
04790 -12.383
04800 -12.506
04810 -12.644
04820 -12.789
04830 -12.931
04840 -13.063
04850 -13.177
04860 -13.274
04870 -13.355
04880 -13.429
04890 -13.502
04900 -13.579
04910 -13.660
04920 -13.743
04930 -13.820
04940 -13.885
04950 -13.934
04960 -13.965
04970 -13.981
04980 -13.987
04990 -13.991
05000 -14.000
05010 -14.018
05020 -14.044
05030 -14.076
05040 -14.109
05050 -14.138
05060 -14.160
05070 -14.175
05080 -14.185
05090 -14.196
05100 -14.214
05110 -14.242
05120 -14.284
05130 -14.335
05140 -14.392
05150 -14.447
05160 -14.498
05170 -14.541
05180 -14.577
05190 -14.612
05200 -14.648
05210 -14.692
05220 -14.743
05230 -14.800
05240 -14.859
05250 -14.914
05260 -14.962
05270 -15.001
05280 -15.032
05290 -15.060
05300 -15.088
05310 -15.120
05320 -15.157
05330 -15.197
05340 -15.239
05350 -15.278
05360 -15.314
05370 -15.346
05380 -15.376
05390 -15.405
05400 -15.438
05410 -15.476
05420 -15.521
05430 -15.570
05440 -15.623
05450 -15.676
05460 -15.727
05470 -15.775
05480 -15.821
05490 -15.867
05500 -15.914
05510 -15.965
05520 -16.021
05530 -16.080
05540 -16.138
05550 -16.193
05560 -16.241
05570 -16.280
05580 -16.311
05590 -16.338
05600 -16.363
05610 -16.390
05620 -16.421
05630 -16.454
05640 -16.485
05650 -16.511
05660 -16.527
05670 -16.533
05680 -16.532
05690 -16.528
05700 -16.527
05710 -16.534
05720 -16.551
05730 -16.579
05740 -16.613
05750 -16.649
05760 -16.683
05770 -16.713
05780 -16.742
05790 -16.773
05800 -16.811
05810 -16.862
05820 -16.928
05830 -17.009
05840 -17.101
05850 -17.199
05860 -17.298
05870 -17.392
05880 -17.479
05890 -17.561
05900 -17.641
05910 -17.724
05920 -17.814
05930 -17.912
05940 -18.018
05950 -18.126
05960 -18.228
05970 -18.317
05980 -18.388
05990 -18.440
06000 -18.476
06010 -18.502
06020 -18.526
06030 -18.554
06040 -18.588
06050 -18.623
06060 -18.655
06070 -18.675
06080 -18.677
06090 -18.661
06100 -18.630
06110 -18.593
06120 -18.559
06130 -18.535
06140 -18.527
06150 -18.533
06160 -18.548
06170 -18.566
06180 -18.581
06190 -18.589
06200 -18.592
06210 -18.594
06220 -18.603
06230 -18.626
06240 -18.667
06250 -18.728
06260 -18.804
06270 -18.891
06280 -18.980
06290 -19.067
06300 -19.148
06310 -19.223
06320 -19.297
06330 -19.373
06340 -19.457
06350 -19.552
06360 -19.656
06370 -19.766
06380 -19.875
06390 -19.976
06400 -20.065
06410 -20.138
06420 -20.197
06430 -20.246
06440 -20.291
06450 -20.336
06460 -20.386
06470 -20.439
06480 -20.494
06490 -20.544
06500 -20.587
06510 -20.619
06520 -20.641
06530 -20.656
06540 -20.671
06550 -20.689
06560 -20.716
06570 -20.753
06580 -20.799
06590 -20.852
06600 -20.907
06610 -20.962
06620 -21.016
06630 -21.069
06640 -21.122
06650 -21.178
06660 -21.238
06670 -21.304
06680 -21.374
06690 -21.449
06700 -21.525
06710 -21.602
06720 -21.677
06730 -21.748
06740 -21.814
06750 -21.874
06760 -21.927
06770 -21.974
06780 -22.015
06790 -22.052
06800 -22.085
06810 -22.116
06820 -22.145
06830 -22.172
06840 -22.196
06850 -22.216
06860 -22.229
06870 -22.235
06880 -22.233
06890 -22.227
06900 -22.220
06910 -22.215
06920 -22.216
06930 -22.227
06940 -22.248
06950 -22.276
06960 -22.308
06970 -22.339
06980 -22.366
06990 -22.388
07000 -22.407
07010 -22.427
07020 -22.455
07030 -22.496
07040 -22.553
07050 -22.624
07060 -22.705
07070 -22.785
07080 -22.857
07090 -22.915
07100 -22.957
07110 -22.988
07120 -23.015
07130 -23.047
07140 -23.092
07150 -23.150
07160 -23.217
07170 -23.285
07180 -23.342
07190 -23.380
07200 -23.395
07210 -23.391
07220 -23.375
07230 -23.361
07240 -23.359
07250 -23.376
07260 -23.413
07270 -23.464
07280 -23.519
07290 -23.568
07300 -23.602
07310 -23.621
07320 -23.629
07330 -23.636
07340 -23.654
07350 -23.695
07360 -23.764
07370 -23.858
07380 -23.971
07390 -24.089
07400 -24.201
07410 -24.297
07420 -24.374
07430 -24.438
07440 -24.500
07450 -24.573
07460 -24.667
07470 -24.785
07480 -24.923
07490 -25.069
07500 -25.207
07510 -25.324
07520 -25.410
07530 -25.467
07540 -25.502
07550 -25.531
07560 -25.566
07570 -25.618
07580 -25.687
07590 -25.764
07600 -25.838
07610 -25.895
07620 -25.926
07630 -25.929
07640 -25.911
07650 -25.885
07660 -25.864
07670 -25.859
07680 -25.876
07690 -25.911
07700 -25.958
07710 -26.007
07720 -26.050
07730 -26.082
07740 -26.104
07750 -26.121
07760 -26.140
07770 -26.170
07780 -26.215
07790 -26.276
07800 -26.351
07810 -26.433
07820 -26.516
07830 -26.594
07840 -26.663
07850 -26.721
07860 -26.769
07870 -26.809
07880 -26.844
07890 -26.877
07900 -26.909
07910 -26.938
07920 -26.963
07930 -26.981
07940 -26.992
07950 -26.992
07960 -26.982
07970 -26.961
07980 -26.930
07990 -26.891
08000 -26.846
08010 -26.798
08020 -26.751
08030 -26.708
08040 -26.674
08050 -26.651
08060 -26.639
08070 -26.636
08080 -26.637
08090 -26.638
08100 -26.635
08110 -26.628
08120 -26.622
08130 -26.624
08140 -26.643
08150 -26.684
08160 -26.752
08170 -26.843
08180 -26.948
08190 -27.055
08200 -27.154
08210 -27.235
08220 -27.299
08230 -27.352
08240 -27.403
08250 -27.465
08260 -27.545
08270 -27.644
08280 -27.755
08290 -27.863
08300 -27.948
08310 -27.994
08320 -27.996
08330 -27.957
08340 -27.890
08350 -27.814
08360 -27.747
08370 -27.700
08380 -27.673
08390 -27.656
08400 -27.632
08410 -27.584
08420 -27.499
08430 -27.379
08440 -27.236
08450 -27.088
08460 -26.958
08470 -26.862
08480 -26.807
08490 -26.788
08500 -26.791
08510 -26.797
08520 -26.788
08530 -26.758
08540 -26.707
08550 -26.648
08560 -26.600
08570 -26.580
08580 -26.599
08590 -26.660
08600 -26.753
08610 -26.861
08620 -26.963
08630 -27.045
08640 -27.097
08650 -27.122
08660 -27.129
08670 -27.136
08680 -27.155
08690 -27.195
08700 -27.254
08710 -27.319
08720 -27.373
08730 -27.396
08740 -27.376
08750 -27.309
08760 -27.205
08770 -27.078
08780 -26.950
08790 -26.835
08800 -26.740
08810 -26.660
08820 -26.585
08830 -26.499
08840 -26.392
08850 -26.260
08860 -26.108
08870 -25.948
08880 -25.797
08890 -25.669
08900 -25.570
08910 -25.499
08920 -25.447
08930 -25.402
08940 -25.356
08950 -25.301
08960 -25.241
08970 -25.181
08980 -25.131
08990 -25.100
09000 -25.092
09010 -25.106
09020 -25.136
09030 -25.172
09040 -25.207
09050 -25.236
09060 -25.260
09070 -25.281
09080 -25.304
09090 -25.333
09100 -25.370
09110 -25.411
09120 -25.452
09130 -25.485
09140 -25.504
09150 -25.509
09160 -25.500
09170 -25.481
09180 -25.457
09190 -25.433
09200 -25.411
09210 -25.386
09220 -25.355
09230 -25.313
09240 -25.256
09250 -25.185
09260 -25.105
09270 -25.024
09280 -24.949
09290 -24.887
09300 -24.839
09310 -24.802
09320 -24.768
09330 -24.729
09340 -24.680
09350 -24.619
09360 -24.553
09370 -24.489
09380 -24.438
09390 -24.408
09400 -24.401
09410 -24.412
09420 -24.432
09430 -24.446
09440 -24.446
09450 -24.427
09460 -24.394
09470 -24.354
09480 -24.322
09490 -24.308
09500 -24.318
09510 -24.349
09520 -24.389
09530 -24.424
09540 -24.440
09550 -24.430
09560 -24.396
09570 -24.346
09580 -24.296
09590 -24.260
09600 -24.250
09610 -24.265
09620 -24.298
09630 -24.333
09640 -24.355
09650 -24.354
09660 -24.328
09670 -24.284
09680 -24.237
09690 -24.203
09700 -24.195
09710 -24.219
09720 -24.270
09730 -24.334
09740 -24.397
09750 -24.444
09760 -24.469
09770 -24.475
09780 -24.471
09790 -24.472
09800 -24.494
09810 -24.544
09820 -24.623
09830 -24.721
09840 -24.824
09850 -24.915
09860 -24.985
09870 -25.029
09880 -25.055
09890 -25.073
09900 -25.100
09910 -25.146
09920 -25.216
09930 -25.307
09940 -25.406
09950 -25.500
09960 -25.575
09970 -25.627
09980 -25.656
09990 -25.672
10000 -25.689
10010 -25.719
10020 -25.773
10030 -25.850
10040 -25.943
10050 -26.040
10060 -26.131
10070 -26.205
10080 -26.263
10090 -26.307
10100 -26.349
10110 -26.399
10120 -26.468
10130 -26.559
10140 -26.668
10150 -26.788
10160 -26.907
10170 -27.015
10180 -27.106
10190 -27.181
10200 -27.242
10210 -27.300
10220 -27.363
10230 -27.436
10240 -27.519
10250 -27.607
10260 -27.690
10270 -27.760
10280 -27.807
10290 -27.828
10300 -27.824
10310 -27.801
10320 -27.769
10330 -27.736
10340 -27.705
10350 -27.676
10360 -27.643
10370 -27.598
10380 -27.532
10390 -27.443
10400 -27.330
10410 -27.199
10420 -27.060
10430 -26.924
10440 -26.797
10450 -26.680
10460 -26.570
10470 -26.459
10480 -26.339
10490 -26.205
10500 -26.057
10510 -25.900
10520 -25.742
10530 -25.593
10540 -25.462
10550 -25.351
10560 -25.254
10570 -25.163
10580 -25.071
10590 -24.968
10600 -24.856
10610 -24.737
10620 -24.620
10630 -24.516
10640 -24.433
10650 -24.371
10660 -24.325
10670 -24.283
10680 -24.235
10690 -24.171
10700 -24.090
10710 -23.995
10720 -23.897
10730 -23.807
10740 -23.732
10750 -23.675
10760 -23.627
10770 -23.575
10780 -23.508
10790 -23.416
10800 -23.297
10810 -23.156
10820 -23.006
10830 -22.860
10840 -22.728
10850 -22.616
10860 -22.515
10870 -22.415
10880 -22.301
10890 -22.161
10900 -21.991
10910 -21.797
10920 -21.589
10930 -21.384
10940 -21.199
10950 -21.041
10960 -20.910
10970 -20.792
10980 -20.670
10990 -20.526
11000 -20.351
11010 -20.144
11020 -19.918
11030 -19.694
11040 -19.496
11050 -19.344
11060 -19.242
11070 -19.178
11080 -19.126
11090 -19.056
11100 -18.947
11110 -18.796
11120 -18.615
11130 -18.436
11140 -18.293
11150 -18.217
11160 -18.214
11170 -18.263
11180 -18.322
11190 -18.350
11200 -18.316
11210 -18.217
11220 -18.070
11230 -17.915
11240 -17.796
11250 -17.748
11260 -17.775
11270 -17.850
11280 -17.926
11290 -17.954
11300 -17.905
11310 -17.774
11320 -17.584
11330 -17.376
11340 -17.204
11350 -17.105
11360 -17.088
11370 -17.126
11380 -17.168
11390 -17.165
11400 -17.083
11410 -16.916
11420 -16.687
11430 -16.440
11440 -16.233
11450 -16.108
11460 -16.078
11470 -16.116
11480 -16.170
11490 -16.188
11500 -16.134
11510 -15.999
11520 -15.804
11530 -15.594
11540 -15.426
11550 -15.342
11560 -15.357
11570 -15.443
11580 -15.550
11590 -15.626
11600 -15.635
11610 -15.563
11620 -15.428
11630 -15.267
11640 -15.135
11650 -15.075
11660 -15.104
11670 -15.203
11680 -15.326
11690 -15.422
11700 -15.452
11710 -15.401
11720 -15.277
11730 -15.116
11740 -14.970
11750 -14.887
11760 -14.893
11770 -14.973
11780 -15.085
11790 -15.176
11800 -15.205
11810 -15.150
11820 -15.020
11830 -14.848
11840 -14.687
11850 -14.592
11860 -14.591
11870 -14.673
11880 -14.790
11890 -14.888
11900 -14.923
11910 -14.875
11920 -14.752
11930 -14.589
11940 -14.441
11950 -14.361
11960 -14.378
11970 -14.476
11980 -14.607
11990 -14.716
12000 -14.760
12010 -14.720
12020 -14.606
12030 -14.454
12040 -14.317
12050 -14.247
12060 -14.272
12070 -14.378
12080 -14.515
12090 -14.628
12100 -14.675
12110 -14.637
12120 -14.524
12130 -14.373
12140 -14.238
12150 -14.173
12160 -14.208
12170 -14.330
12180 -14.490
12190 -14.626
12200 -14.694
12210 -14.674
12220 -14.578
12230 -14.444
12240 -14.332
12250 -14.299
12260 -14.378
12270 -14.552
12280 -14.766
12290 -14.955
12300 -15.070
12310 -15.091
12320 -15.033
12330 -14.939
12340 -14.870
12350 -14.885
12360 -15.012
12370 -15.233
12380 -15.489
12390 -15.716
12400 -15.864
12410 -15.915
12420 -15.883
12430 -15.810
12440 -15.757
12450 -15.779
12460 -15.905
12470 -16.118
12480 -16.368
12490 -16.594
12500 -16.745
12510 -16.803
12520 -16.775
12530 -16.700
12540 -16.632
12550 -16.627
12560 -16.717
12570 -16.895
12580 -17.121
12590 -17.337
12600 -17.495
12610 -17.567
12620 -17.555
12630 -17.487
12640 -17.413
12650 -17.387
12660 -17.448
12670 -17.599
12680 -17.811
12690 -18.032
12700 -18.213
12710 -18.319
12720 -18.344
12730 -18.304
12740 -18.242
12750 -18.211
12760 -18.255
12770 -18.388
12780 -18.592
12790 -18.821
12800 -19.027
12810 -19.171
12820 -19.236
12830 -19.232
12840 -19.190
12850 -19.159
12860 -19.187
12870 -19.298
12880 -19.484
12890 -19.707
12900 -19.921
12910 -20.083
12920 -20.169
12930 -20.178
12940 -20.134
12950 -20.080
12960 -20.066
12970 -20.123
12980 -20.253
12990 -20.424
13000 -20.592
13010 -20.713
13020 -20.759
13030 -20.724
13040 -20.626
13050 -20.506
13060 -20.414
13070 -20.389
13080 -20.439
13090 -20.538
13100 -20.645
13110 -20.715
13120 -20.722
13130 -20.659
13140 -20.541
13150 -20.407
13160 -20.304
13170 -20.271
13180 -20.319
13190 -20.424
13200 -20.544
13210 -20.637
13220 -20.676
13230 -20.653
13240 -20.581
13250 -20.496
13260 -20.441
13270 -20.455
13280 -20.548
13290 -20.701
13300 -20.868
13310 -21.009
13320 -21.092
13330 -21.111
13340 -21.078
13350 -21.027
13360 -21.002
13370 -21.045
13380 -21.170
13390 -21.354
13400 -21.552
13410 -21.715
13420 -21.808
13430 -21.824
13440 -21.777
13450 -21.704
13460 -21.654
13470 -21.676
13480 -21.788
13490 -21.970
13500 -22.169
13510 -22.328
13520 -22.407
13530 -22.396
13540 -22.312
13550 -22.197
13560 -22.109
13570 -22.104
13580 -22.210
13590 -22.408
13600 -22.640
13610 -22.836
13620 -22.949
13630 -22.960
13640 -22.885
13650 -22.771
13660 -22.681
13670 -22.681
13680 -22.811
13690 -23.055
13700 -23.355
13710 -23.628
13720 -23.813
13730 -23.878
13740 -23.834
13750 -23.725
13760 -23.622
13770 -23.601
13780 -23.714
13790 -23.958
13800 -24.277
13810 -24.582
13820 -24.796
13830 -24.873
13840 -24.812
13850 -24.654
13860 -24.473
13870 -24.354
13880 -24.368
13890 -24.531
13900 -24.798
13910 -25.083
13920 -25.296
13930 -25.376
13940 -25.306
13950 -25.114
13960 -24.868
13970 -24.661
13980 -24.581
13990 -24.667
14000 -24.892
14010 -25.176
14020 -25.422
14030 -25.554
14040 -25.530
14050 -25.359
14060 -25.098
14070 -24.840
14080 -24.686
14090 -24.705
14100 -24.889
14110 -25.168
14120 -25.443
14130 -25.624
14140 -25.652
14150 -25.516
14160 -25.254
14170 -24.956
14180 -24.734
14190 -24.678
14200 -24.808
14210 -25.065
14220 -25.351
14230 -25.570
14240 -25.657
14250 -25.582
14260 -25.368
14270 -25.091
14280 -24.863
14290 -24.788
14300 -24.906
14310 -25.175
14320 -25.502
14330 -25.795
14340 -25.983
14350 -26.030
14360 -25.940
14370 -25.765
14380 -25.604
14390 -25.564
14400 -25.703
14410 -25.997
14420 -26.368
14430 -26.728
14440 -27.011
14450 -27.174
14460 -27.210
14470 -27.148
14480 -27.063
14490 -27.051
14500 -27.181
14510 -27.452
14520 -27.800
14530 -28.144
14540 -28.421
14550 -28.589
14560 -28.630
14570 -28.558
14580 -28.424
14590 -28.313
14600 -28.301
14610 -28.405
14620 -28.580
14630 -28.751
14640 -28.858
14650 -28.862
14660 -28.747
14670 -28.529
14680 -28.261
14690 -28.029
14700 -27.915
14710 -27.941
14720 -28.055
14730 -28.177
14740 -28.240
14750 -28.207
14760 -28.074
14770 -27.865
14780 -27.642
14790 -27.493
14800 -27.493
14810 -27.655
14820 -27.906
14830 -28.150
14840 -28.313
14850 -28.362
14860 -28.306
14870 -28.182
14880 -28.063
14890 -28.044
14900 -28.205
14910 -28.556
14920 -29.014
14930 -29.457
14940 -29.791
14950 -29.978
14960 -30.029
14970 -29.995
14980 -29.962
14990 -30.042
15000 -30.339
15010 -30.890
15020 -31.612
15030 -32.345
15040 -32.941
15050 -33.318
15060 -33.477
15070 -33.484
15080 -33.452
15090 -33.529
15100 -33.869
15110 -34.557
15120 -35.516
15130 -36.517
15140 -37.287
15150 -37.646
15160 -37.584
15170 -37.224
15180 -36.751
15190 -36.364
15200 -36.255
15210 -36.529
15220 -37.105
15230 -37.717
15240 -38.066
15250 -37.987
15260 -37.504
15270 -36.754
15280 -35.909
15290 -35.153
15300 -34.682
15310 -34.648
15320 -35.047
15330 -35.691
15340 -36.315
15350 -36.694
15360 -36.709
15370 -36.366
15380 -35.777
15390 -35.124
15400 -34.642
15410 -34.564
15420 -35.010
15430 -35.907
15440 -37.044
15450 -38.178
15460 -39.084
15470 -39.576
15480 -39.579
15490 -39.204
15500 -38.748
15510 -38.604
15520 -39.109
15530 -40.382
15540 -42.335
15550 -44.826
15560 -47.613
15570 -49.674
15580 -49.159
15590 -46.878
15600 -44.678
15610 -43.271
15620 -42.971
15630 -43.825
15640 -45.495
15650 -47.268
15660 -48.062
15670 -47.280
15680 -45.603
15690 -43.823
15700 -42.343
15710 -41.499
15720 -41.720
15730 -43.328
15740 -46.375
15750 -51.126
15760 -59.417
15770 -61.175
15780 -53.624
15790 -49.879
15800 -47.691
15810 -46.508
15820 -46.099
15830 -45.742
15840 -44.577
15850 -42.909
15860 -41.236
15870 -39.661
15880 -38.135
15890 -36.596
15900 -35.025
15910 -33.538
15920 -32.555
15930 -32.631
15940 -33.567
15950 -34.481
15960 -34.799
15970 -34.421
15980 -33.453
15990 -32.005
16000 -30.170
16010 -28.249
16020 -27.307
16030 -28.481
16040 -30.719
16050 -32.623
16060 -33.619
16070 -33.552
16080 -32.527
16090 -30.796
16100 -28.770
16110 -27.391
16120 -27.795
16130 -29.458
16140 -31.145
16150 -32.273
16160 -32.629
16170 -32.163
16180 -30.976
16190 -29.313
16200 -27.627
16210 -26.633
16220 -26.785
16230 -27.665
16240 -28.621
16250 -29.288
16260 -29.507
16270 -29.204
16280 -28.382
16290 -27.173
16300 -25.937
16310 -25.252
16320 -25.442
16330 -26.199
16340 -27.034
16350 -27.663
16360 -27.959
16370 -27.866
16380 -27.387
16390 -26.626
16400 -25.875
16410 -25.547
16420 -25.825
16430 -26.477
16440 -27.165
16450 -27.681
16460 -27.932
16470 -27.881
16480 -27.534
16490 -26.967
16500 -26.375
16510 -26.030
16520 -26.093
16530 -26.459
16540 -26.895
16550 -27.221
16560 -27.341
16570 -27.218
16580 -26.848
16590 -26.279
16600 -25.644
16610 -25.168
16620 -25.056
16630 -25.301
16640 -25.702
16650 -26.051
16660 -26.222
16670 -26.163
16680 -25.865
16690 -25.368
16700 -24.788
16710 -24.355
16720 -24.318
16730 -24.717
16740 -25.326
16750 -25.882
16760 -26.230
16770 -26.319
16780 -26.153
16790 -25.784
16800 -25.331
16810 -25.003
16820 -25.039
16830 -25.497
16840 -26.166
16850 -26.774
16860 -27.156
16870 -27.256
16880 -27.084
16890 -26.690
16900 -26.164
16910 -25.668
16920 -25.413
16930 -25.532
16940 -25.934
16950 -26.383
16960 -26.678
16970 -26.724
16980 -26.499
16990 -26.029
17000 -25.375
17010 -24.662
17020 -24.101
17030 -23.924
17040 -24.187
17050 -24.689
17060 -25.153
17070 -25.396
17080 -25.344
17090 -24.998
17100 -24.410
17110 -23.706
17120 -23.122
17130 -22.969
17140 -23.384
17150 -24.148
17160 -24.903
17170 -25.405
17180 -25.559
17190 -25.366
17200 -24.899
17210 -24.304
17220 -23.830
17230 -23.765
17240 -24.214
17250 -24.965
17260 -25.690
17270 -26.163
17280 -26.287
17290 -26.062
17300 -25.558
17310 -24.906
17320 -24.319
17330 -24.039
17340 -24.198
17350 -24.683
17360 -25.236
17370 -25.634
17380 -25.751
17390 -25.546
17400 -25.051
17410 -24.372
17420 -23.704
17430 -23.313
17440 -23.388
17450 -23.872
17460 -24.512
17470 -25.055
17480 -25.342
17490 -25.305
17500 -24.956
17510 -24.402
17520 -23.854
17530 -23.595
17540 -23.798
17550 -24.374
17560 -25.067
17570 -25.649
17580 -25.978
17590 -25.992
17600 -25.704
17610 -25.210
17620 -24.704
17630 -24.418
17640 -24.486
17650 -24.839
17660 -25.286
17670 -25.646
17680 -25.804
17690 -25.701
17700 -25.341
17710 -24.792
17720 -24.207
17730 -23.785
17740 -23.670
17750 -23.848
17760 -24.171
17770 -24.477
17780 -24.649
17790 -24.624
17800 -24.391
17810 -24.000
17820 -23.586
17830 -23.347
17840 -23.437
17850 -23.839
17860 -24.393
17870 -24.929
17880 -25.335
17890 -25.563
17900 -25.614
17910 -25.541
17920 -25.460
17930 -25.526
17940 -25.835
17950 -26.339
17960 -26.898
17970 -27.382
17980 -27.714
17990 -27.865
18000 -27.838
18010 -27.667
18020 -27.431
18030 -27.237
18040 -27.169
18050 -27.227
18060 -27.334
18070 -27.397
18080 -27.352
18090 -27.166
18100 -26.834
18110 -26.384
18120 -25.881
18130 -25.427
18140 -25.125
18150 -25.015
18160 -25.039
18170 -25.096
18180 -25.090
18190 -24.968
18200 -24.716
18210 -24.356
18220 -23.958
18230 -23.636
18240 -23.513
18250 -23.639
18260 -23.940
18270 -24.274
18280 -24.516
18290 -24.605
18300 -24.537
18310 -24.353
18320 -24.140
18330 -24.015
18340 -24.089
18350 -24.386
18360 -24.816
18370 -25.236
18380 -25.532
18390 -25.653
18400 -25.604
18410 -25.436
18420 -25.233
18430 -25.099
18440 -25.127
18450 -25.344
18460 -25.689
18470 -26.049
18480 -26.319
18490 -26.437
18500 -26.395
18510 -26.228
18520 -26.008
18530 -25.836
18540 -25.811
18550 -25.993
18560 -26.359
18570 -26.814
18580 -27.241
18590 -27.545
18600 -27.681
18610 -27.662
18620 -27.555
18630 -27.474
18640 -27.545
18650 -27.855
18660 -28.391
18670 -29.048
18680 -29.686
18690 -30.182
18700 -30.463
18710 -30.526
18720 -30.440
18730 -30.330
18740 -30.334
18750 -30.536
18760 -30.921
18770 -31.392
18780 -31.821
18790 -32.096
18800 -32.152
18810 -31.985
18820 -31.660
18830 -31.292
18840 -31.005
18850 -30.884
18860 -30.937
18870 -31.107
18880 -31.306
18890 -31.452
18900 -31.487
18910 -31.385
18920 -31.165
18930 -30.891
18940 -30.661
18950 -30.571
18960 -30.669
18970 -30.935
18980 -31.302
18990 -31.688
19000 -32.024
19010 -32.263
19020 -32.388
19030 -32.427
19040 -32.456
19050 -32.573
19060 -32.838
19070 -33.238
19080 -33.711
19090 -34.185
19100 -34.602
19110 -34.919
19120 -35.107
19130 -35.162
19140 -35.127
19150 -35.081
19160 -35.094
19170 -35.179
19180 -35.303
19190 -35.417
19200 -35.479
19210 -35.461
19220 -35.352
19230 -35.170
19240 -34.962
19250 -34.797
19260 -34.720
19270 -34.730
19280 -34.794
19290 -34.870
19300 -34.930
19310 -34.965
19320 -34.987
19330 -35.031
19340 -35.151
19350 -35.413
19360 -35.845
19370 -36.408
19380 -37.000
19390 -37.523
19400 -37.926
19410 -38.222
19420 -38.467
19430 -38.755
19440 -39.215
19450 -39.987
19460 -41.142
19470 -42.566
19480 -43.927
19490 -44.855
19500 -45.216
19510 -45.179
19520 -45.005
19530 -44.913
19540 -45.075
19550 -45.605
19560 -46.478
19570 -47.403
19580 -47.914
19590 -47.790
19600 -47.214
19610 -46.473
19620 -45.749
19630 -45.141
19640 -44.730
19650 -44.594
19660 -44.801
19670 -45.355
19680 -46.171
19690 -47.091
19700 -47.926
19710 -48.486
19720 -48.612
19730 -48.231
19740 -47.412
19750 -46.368
19760 -45.378
19770 -44.664
19780 -44.301
19790 -44.227
19800 -44.325
19810 -44.487
19820 -44.630
19830 -44.677
19840 -44.555
19850 -44.227
19860 -43.750
19870 -43.277
19880 -42.934
19890 -42.745
19900 -42.663
19910 -42.634
19920 -42.625
19930 -42.621
19940 -42.623
19950 -42.637
19960 -42.667
19970 -42.697
19980 -42.697
19990 -42.649
20000 -42.548
20010 -42.406
20020 -42.239
20030 -42.070
20040 -41.931
20050 -41.872
20060 -41.940
20070 -42.151
20080 -42.439
20090 -42.673
20100 -42.747
20110 -42.631
20120 -42.365
20130 -42.011
20140 -41.646
20150 -41.360
20160 -41.262
20170 -41.443
20180 -41.888
20190 -42.429
20200 -42.821
20210 -42.905
20220 -42.673
20230 -42.214
20240 -41.654
20250 -41.126
20260 -40.786
20270 -40.789
20280 -41.209
20290 -41.932
20300 -42.674
20310 -43.136
20320 -43.165
20330 -42.803
20340 -42.205
20350 -41.558
20360 -41.064
20370 -40.939
20380 -41.348
20390 -42.270
20400 -43.432
20410 -44.411
20420 -44.847
20430 -44.672
20440 -44.106
20450 -43.443
20460 -42.940
20470 -42.791
20480 -42.986
20490 -42.977
20500 -42.016
20510 -40.286
20520 -38.391
20530 -36.613
20540 -35.036
20550 -33.729
20560 -32.792
20570 -32.329
20580 -32.360
20590 -32.786
20600 -33.447
20610 -34.190
20620 -34.898
20630 -35.480
20640 -35.861
20650 -35.986
20660 -35.857
20670 -35.578
20680 -35.351
20690 -35.371
20700 -35.683
20710 -36.184
20720 -36.728
20730 -37.192
20740 -37.482
20750 -37.528
20760 -37.305
20770 -36.880
20780 -36.431
20790 -36.168
20800 -36.184
20810 -36.412
20820 -36.717
20830 -36.984
20840 -37.138
20850 -37.135
20860 -36.967
20870 -36.675
20880 -36.368
20890 -36.190
20900 -36.231
20910 -36.466
20920 -36.793
20930 -37.106
20940 -37.336
20950 -37.444
20960 -37.418
20970 -37.283
20980 -37.110
20990 -37.014
21000 -37.086
21010 -37.320
21020 -37.627
21030 -37.909
21040 -38.103
21050 -38.185
21060 -38.157
21070 -38.049
21080 -37.930
21090 -37.901
21100 -38.041
21110 -38.334
21120 -38.675
21130 -38.952
21140 -39.102
21150 -39.112
21160 -39.003
21170 -38.820
21180 -38.647
21190 -38.599
21200 -38.777
21210 -39.173
21220 -39.645
21230 -40.015
21240 -40.165
21250 -40.067
21260 -39.748
21270 -39.271
21280 -38.729
21290 -38.252
21300 -38.010
21310 -38.165
21320 -38.809
21330 -39.959
21340 -41.636
21350 -43.979
21360 -47.234
21370 -51.076
21380 -51.806
21390 -49.080
21400 -46.658
21410 -44.938
21420 -43.654
21430 -42.607
21440 -41.679
21450 -40.803
21460 -39.952
21470 -39.145
21480 -38.463
21490 -38.071
21500 -38.144
21510 -38.655
21520 -39.292
21530 -39.692
21540 -39.677
21550 -39.271
21560 -38.577
21570 -37.714
21580 -36.807
21590 -36.041
21600 -35.669
21610 -35.875
21620 -36.543
21630 -37.289
21640 -37.753
21650 -37.764
21660 -37.334
21670 -36.566
21680 -35.605
21690 -34.648
21700 -33.997
21710 -33.981
21720 -34.659
21730 -35.689
21740 -36.627
21750 -37.171
21760 -37.208
21770 -36.777
21780 -36.012
21790 -35.122
21800 -34.413
21810 -34.259
21820 -34.843
21830 -35.942
21840 -37.128
21850 -38.047
21860 -38.486
21870 -38.380
21880 -37.805
21890 -36.958
21900 -36.142
21910 -35.749
21920 -36.065
21930 -37.007
21940 -38.210
21950 -39.315
21960 -40.060
21970 -40.277
21980 -39.928
21990 -39.142
22000 -38.206
22010 -37.533
22020 -37.492
22030 -38.121
22040 -39.132
22050 -40.190
22060 -41.041
22070 -41.493
22080 -41.410
22090 -40.784
22100 -39.814
22110 -38.912
22120 -38.523
22130 -38.797
22140 -39.516
22150 -40.367
22160 -41.124
22170 -41.625
22180 -41.730
22190 -41.343
22200 -40.520
22210 -39.584
22220 -39.016
22230 -39.068
22240 -39.580
22250 -40.256
22260 -40.884
22270 -41.335
22280 -41.501
22290 -41.275
22300 -40.632
22310 -39.777
22320 -39.170
22330 -39.133
22340 -39.539
22350 -40.088
22360 -40.574
22370 -40.889
22380 -40.946
22390 -40.656
22400 -39.976
22410 -39.068
22420 -38.391
22430 -38.312
22440 -38.679
22450 -39.142
22460 -39.491
22470 -39.636
22480 -39.518
22490 -39.083
22500 -38.313
22510 -37.370
22520 -36.752
22530 -36.879
22540 -37.482
22550 -38.079
22560 -38.445
22570 -38.520
22580 -38.287
22590 -37.719
22600 -36.808
22610 -35.717
22620 -35.059
22630 -35.486
22640 -36.549
22650 -37.455
22660 -37.925
22670 -37.958
22680 -37.594
22690 -36.841
22700 -35.690
22710 -34.247
22720 -33.167
22730 -33.653
22740 -35.336
22750 -36.841
22760 -37.669
22770 -37.852
22780 -37.512
22790 -36.722
22800 -35.489
22810 -33.819
22820 -32.046
22830 -31.622
22840 -33.453
22850 -35.723
22860 -37.252
22870 -37.912
22880 -37.861
22890 -37.251
22900 -36.154
22910 -34.562
22920 -32.535
22930 -30.912
22940 -31.793
22950 -34.458
22960 -36.736
22970 -38.047
22980 -38.457
22990 -38.148
23000 -37.261
23010 -35.851
23020 -33.963
23030 -32.092
23040 -32.088
23050 -34.503
23060 -37.159
23070 -39.008
23080 -39.904
23090 -39.945
23100 -39.288
23110 -38.059
23120 -36.386
23130 -34.714
23140 -34.431
23150 -36.373
23160 -39.047
23170 -41.296
23180 -42.749
23190 -43.289
23200 -42.946
23210 -41.855
23220 -40.209
23230 -38.428
23240 -37.671
23250 -39.018
23260 -41.490
23270 -43.902
23280 -45.798
23290 -46.912
23300 -46.987
23310 -45.927
23320 -43.920
23330 -41.485
23340 -39.963
23350 -40.766
23360 -42.854
23370 -44.937
23380 -46.643
23390 -47.836
23400 -48.271
23410 -47.571
23420 -45.536
23430 -42.661
23440 -40.753
23450 -41.409
23460 -43.147
23470 -44.741
23480 -45.968
23490 -46.804
23500 -47.152
23510 -46.746
23520 -45.200
23530 -42.600
23540 -40.829
23550 -41.631
23560 -43.242
23570 -44.557
23580 -45.478
23590 -46.048
23600 -46.247
23610 -45.906
23620 -44.620
23630 -41.985
23640 -40.112
23650 -41.947
23660 -44.016
23670 -45.299
23680 -46.031
23690 -46.380
23700 -46.381
23710 -45.897
23720 -44.426
23730 -40.674
23740 -40.491
23750 -45.560
23760 -47.589
23770 -48.322
23780 -48.553
23790 -48.516
23800 -48.232
23810 -47.558
23820 -45.896
23830 -39.648
23840 -51.177
23850 -54.371
23860 -53.279
23870 -52.597
23880 -52.160
23890 -51.827
23900 -51.512
23910 -51.122
23920 -50.449
23930 -48.526
23940 -45.107
23950 -54.137
23960 -53.490
23970 -53.130
23980 -52.945
23990 -52.854
