-0.000428169491866349 -0.000431462075858064
-0.000375571347229852 +0.000755762555017266
+0.000007806600330533 -0.001015523597696705
-0.000833900182782172 -0.000200115488651872
-0.000087712076505424 -0.000299338854704055
-0.000387385143277863 -0.000816933068592576
+0.000135645668807491 +0.000180983435517789
-0.000306551230225422 -0.000436726191355352
+0.000177137451793503 -0.000027085210983764
-0.000038113572309333 -0.000025615627290649
+0.000337304588514132 -0.000205769274990573
-0.000020998143509835 +0.000045190851551738
+0.000192048136041658 +0.000250144935102584
-0.000315208298173416 -0.000328360541148441
-0.000148497339620469 +0.000191381033099923
-0.000373272865189109 -0.000478512720487351
-0.000198573895167737 -0.000499804716535883
-0.000471933686603043 -0.000129943785610501
+0.000163615116005125 -0.000731281826210699
-0.000374750562303513 -0.000073929959640954
+0.000433439922203658 -0.000219559143801819
-0.000501825782710262 -0.000265057137187938
+0.000491683966666164 +0.000103836727815030
-0.000589415291330006 -0.000399630488113439
+0.000638367941927258 -0.000040862023372442
-0.000882892344181314 -0.000248164101646780
+0.000685594908453139 -0.000195869355502220
-0.001132260348985441 -0.000326587607431148
+0.000687670603523244 -0.000147019824898568
-0.001071438190513748 -0.000561758365949732
+0.000606748976498832 -0.000138211005175619
-0.000971652417756950 -0.000496469739012578
+0.000902066706999749 -0.000260407044106672
-0.001092493126342431 -0.000104560706776232
+0.001313903033756882 -0.000318025990104711
-0.001675172933223686 +0.000031356641544572
+0.001723910573189907 -0.000271722700861001
-0.002301188996877286 -0.000294381050044178
+0.002308405489130630 -0.000062924409266557
-0.003009664908361150 -0.000627847655143548
+0.002762495622655918 +0.000195940491833944
-0.003456468965046514 -0.000983961027818920
+0.003226121465041580 +0.000325364197391492
-0.004143089261412597 -0.001169158225159995
+0.004051992727784481 +0.000300858673822900
-0.005493380061770358 -0.001113060734961814
+0.006914073525537278 +0.000612074613555797
-0.008992020337803072 -0.001320934544285145
+0.014031173393226860 +0.001396978005949661
-0.021969094094005139 -0.003415340388039272
+0.160904689518786226 +0.007666208743828121
+0.525682370596797899 -0.006083122465553689
+0.486229081518593342 +0.245552611477759808
+0.217699749041488477 +0.569432375654648770
+0.107599207516495377 +0.390579281822794389
+0.034259717730710543 +0.147047454432925717
-0.074118810633698226 +0.050710908402936454
-0.218915175908582560 -0.063361746997533108
-0.297629725857632588 -0.171037801159169445
-0.194771314195431255 -0.258357442918778824
-0.012380657655824403 -0.207961957672294667
-0.007314619026498459 -0.046953715302210229
-0.047962717420782619 +0.011975754168381824
+0.038852237199833342 -0.004450597367056185
+0.155892159919482354 +0.022675393824457372
+0.167922293998308214 +0.058123571498239088
+0.087326646397615781 +0.119145309791589049
+0.007805743587314892 +0.096874167112706952
-0.047121596242531469 +0.059088102176276996
-0.053150000490822857 +0.005482330154800515
-0.080632610469056620 -0.058018547160277323
-0.095048733022574064 -0.068179753325173259
-0.079299549693632593 -0.073663864731177794
-0.022096869732040211 -0.066302735205342411
+0.008047245796265510 -0.034916559661647750
+0.018768828042455908 -0.007678974760135291
+0.009628351452727078 +0.023659327791732833
+0.019167118882186140 +0.022500589871148551
+0.030208229603456677 +0.008863164185703532
+0.025911074329846517 +0.001765234076092613
+0.002838937584411145 +0.009504995147050336
-0.014914695838625435 +0.013145740985102305
-0.018555627793722333 +0.004598589846934140
-0.010009468875450751 -0.006713098786644060
-0.013734116293431124 -0.011537374455904100
-0.011093795350866121 -0.009183415251164999
+0.001467062635367154 -0.003169271806505009
+0.015551716274428154 +0.002872439146347567
+0.016216235382330749 +0.004986313530634948
+0.004211632019049866 +0.005488984892851208
-0.007249621714101600 +0.005464981355351905
-0.009089552293275183 -0.000142342331942550
+0.003487803978264265 -0.008869818406081802
+0.008444428032621937 -0.003164351609072096
+0.003651690328603281 +0.008256930049102273
+0.004426751461912203 +0.008656834061511054
+0.005803662375117528 +0.010107855168315328
+0.006978061971461882 +0.007690491979024799
-0.002441195388066221 +0.009720701510151574
-0.010663022999848119 +0.002071841473821420
-0.012490134971837121 -0.010187655359722660
-0.010476123720540922 -0.009347871298229407
-0.011643925090844462 -0.016771283874361588
-0.005740111793140793 -0.022348595392510755
+0.004553564463904972 -0.012610061122278842
+0.016228709860531335 -0.000389169221637479
+0.020594573796980230 +0.011293108998996491
+0.019468033673140928 +0.020815946629646791
+0.017816588830112667 +0.024097667673524538
+0.009626318732754945 +0.021219685426041933
-0.000187268339643256 +0.015884679690942840
-0.009457118045295783 +0.005201675874079393
-0.016700039783477880 -0.006712721514583353
-0.016252027426818041 -0.013803554152050736
-0.014555726786400708 -0.012987683809402996
-0.010725701924749861 -0.014358789379375981
-0.007659591638248456 -0.015727265222143887
+0.000583840649367289 -0.010478007596737705
+0.006575139791549222 -0.005218816464569486
+0.009135747056848598 +0.001952548962439927
+0.010838631670292018 +0.004438103844902833
+0.009817865284157994 +0.008807979718743685
+0.006914686442394655 +0.011301729401005144
-0.000808193955488527 +0.006840912421681462
-0.004550966569524013 +0.003172794188145493
-0.007830119287356560 -0.003664523305709173
-0.009692837751796876 -0.004966147874839983
-0.007177572784584127 -0.004626232235940309
-0.005673805042758780 -0.002680912053010913
+0.000825540297633664 -0.003412369690555746
+0.003715255835741368 -0.004766918755658325
+0.009977401923195042 +0.002168390855185906
+0.010295212279250017 +0.003600811153321616
+0.011505606668061840 +0.005662388291168570
+0.015284568351000827 +0.009240923200126554
+0.008547509637927914 +0.014071971980197861
+0.004177991842998798 +0.014974781712545189
+0.001044155855715480 +0.009351475956790579
+0.001622050360353146 +0.007660998183120838
-0.002869452879694582 +0.003698655685532054
-0.008335204466377494 +0.003264732401077402
-0.008732804770404057 -0.000722912063959671
-0.014163812675498055 -0.004378372865374009
-0.014186390515789449 -0.007184021330666908
-0.017795929693776240 -0.012506212928373768
-0.016950673713835698 -0.013698559885140269
-0.010182640811800366 -0.018271793780999475
-0.003046170541250939 -0.015328170424223414
+0.005137052778453808 -0.010330582577333170
+0.007692238346097449 -0.003429890332357293
+0.015313603197557741 +0.004731444306357510
+0.018581523723859100 +0.008381174238630447
+0.017849348471643930 +0.016145005707427412
+0.012023283839741711 +0.016563701838873030
+0.005244840805134417 +0.012944832643058643
+0.001503769193225872 +0.007689875883552469
-0.006491454464209939 +0.003054900609696822
-0.009280805502920684 -0.000821241875651044
-0.011948859692642996 -0.006583599450116511
-0.008781206180255496 -0.008806746993394617
-0.002711416516763498 -0.011651778753668920
+0.001372796503791084 -0.004809138299580168
+0.007310834195914098 -0.000293352670061049
+0.009127715883232690 +0.002399051122801558
+0.011317213022747918 +0.006841765057385686
+0.007564087763520547 +0.009688146630799725
+0.003222610151713014 +0.012307996738426604
-0.001496670018036739 +0.006846981759505469
-0.006565874852115208 +0.003130639463636054
-0.009602937166570267 -0.003119370761080849
-0.015951927654376023 -0.008390890158139699
-0.014228049667120230 -0.010453894655695675
-0.006629904132751628 -0.017167517369297551
-0.000044864219335925 -0.012717538556555236
+0.007225812052552169 -0.004488117827836731
+0.007498248215949685 +0.002451773566499085
+0.010647806055206762 +0.008465122116292157
+0.008740834263345027 +0.008660363511634168
+0.008009090765081800 +0.010408814398351970
+0.001684495700225934 +0.005186027286713046
-0.000103152553580850 +0.003645635640306094
-0.003774537519846202 -0.000998263560314745
-0.007383861557720025 -0.002926097281196478
-0.007795489129530883 -0.005095878094134511
-0.008856304893558507 -0.006182219174659238
-0.005175337201329400 -0.006777539887149854
-0.001076610170789305 -0.006845091344723921
+0.002448028268186291 -0.003671271826606669
+0.005507710900109316 -0.000380504594177751
+0.004462940855646497 +0.002670411320999766
+0.005593331675447094 +0.004133882590190639
+0.003515734596135861 +0.004276672574132077
+0.001762759523224119 +0.004118457636594510
+0.000986471607373737 +0.002269480266793579
-0.000436000426946758 +0.002424254626460415
-0.000367713882188119 +0.000559836426674194
-0.001181674507023039 +0.001163306752128919
-0.001725502441877656 +0.000922804883480434
-0.002371506714641473 +0.000327831048185978
-0.002129016192517558 -0.000309750756763087
-0.002032010883755458 -0.002204876202821528
-0.001244366151853705 -0.001963348219066303
-0.001392756449897038 -0.002489558395686614
-0.000621115788786311 -0.001868632347486175
+0.000015650232063930 -0.001108607476433866
+0.000171692687880111 -0.001007281402846603
+0.000979942561613979 +0.000346211359029479
+0.000894656709651059 +0.000839047852560106
+0.001524620420717086 +0.001532623883116622
+0.001038607385358613 +0.001643125861620247
+0.000556380722189395 +0.001782585717440578
-0.001051445444243540 +0.001118255079756943
-0.002235427716551937 +0.000082095907632860
-0.002254264200754950 -0.001903212131595405
-0.002638145975248843 -0.002618838600476998
-0.001256057773007695 -0.003195714135626989
-0.000800284270763419 -0.003195807113180706
+0.001321345195481797 -0.001555985294908217
+0.002419704918212016 -0.000966867919775499
+0.003378266765107874 +0.001423717498444265
+0.004193563223836907 +0.002174566544799076
+0.003251941462163959 +0.003313850928624817
+0.003211083812664228 +0.003948160952240714
+0.000766142413458599 +0.002810388854754273
-0.000148268414026877 +0.002676790425718085
-0.002226787674152210 +0.000212195987888362
-0.003331050168386575 -0.000486761003092477
-0.003217737387949263 -0.002383564939960627
-0.004099909227149172 -0.002947166641954517
-0.002045820095541983 -0.003111599184319234
-0.002289813985825350 -0.003553398368371671
-0.000023965303687663 -0.001740536984904969
+0.000573319341075078 -0.002058560838974302
+0.001394978580248495 -0.000047624731985947
+0.002919416554806709 +0.000125996770102178
+0.001799534435664679 +0.001346145798661286
+0.003076360398354604 +0.002218154588939353
+0.001032835504714928 +0.001565845426228731
+0.001349698872447758 +0.002658514037952880
+0.000064996604056059 +0.000701607716039766
-0.001156828398734620 +0.001417582629334563
-0.000732876080207346 -0.000305305846809188
-0.002611180572159496 -0.000777229205712945
-0.000902636118508572 -0.000886195073265568
-0.002160308073722189 -0.002242359848326057
-0.000673993152740636 -0.000705280944608239
-0.000197275253920240 -0.002227765653972826
+0.000207631903384913 -0.000304547955564475
+0.002170664530688592 -0.000332900133646278
+0.000872839154759376 +0.000733669061613885
+0.002716177826779408 +0.002098653039530542
+0.000813223320564270 +0.001136930572569123
+0.001021484470837498 +0.002848180450585669
-0.000120341299932413 +0.000580587915154380
-0.001847597451907353 +0.001168491805337608
-0.001132043078324277 -0.000577680410713105
-0.003479381809378294 -0.001588857239151960
-0.001645165038540441 -0.001374612669236113
-0.002595928907117356 -0.003153822238253918
-0.000897410288267786 -0.001294432555622006
+0.000483270438561439 -0.002483809249959125
+0.000804161936474577 -0.000206590585578982
+0.003260929011437358 +0.000462480914640320
+0.001767208914169199 +0.001376015988861114
+0.003354755834192623 +0.003133523822115416
+0.001332266523423526 +0.001769424296422297
+0.000649020826590360 +0.003208772038760363
-0.000228316909693191 +0.000685700746063387
-0.002367773941303607 +0.000626172835673253
-0.001360128920573370 -0.000945137792200069
-0.003235245473171279 -0.002253360516720588
-0.001286645282685969 -0.001492914186792869
-0.001372033780169088 -0.002992947222511939
-0.000016393419319873 -0.000699823933418018
+0.001575358505360330 -0.001175004424582091
+0.001192272493027701 +0.000683316960266914
+0.002991521473157665 +0.001451562380256949
+0.001281146505301647 +0.001439984081413915
+0.001929202805790228 +0.002690277778129051
+0.000295300952451195 +0.000945867263736311
-0.000619123937957898 +0.001702589070854014
-0.000820402848387313 -0.000330549781241500
-0.002346530668509155 -0.000527783378677525
-0.001062347472850130 -0.001186088743611960
-0.001991226146451607 -0.002082448749484567
-0.000443868606586022 -0.000997797015131297
-0.000230956106562836 -0.001879492229421405
+0.000327036103520207 -0.000093335114797866
+0.001350278440063951 -0.000448491038922478
+0.000655204038095941 +0.000560834010424568
+0.001604783212279975 +0.000911660274443067
+0.000300672432786213 +0.000493269290909634
+0.000473732433002540 +0.001244189128939111
-0.000224007769261460 -0.000172003012469032
-0.000723520509614205 +0.000438611489288668
-0.000396775050943023 -0.000586371620318379
-0.001055061081381513 -0.000508512273039211
-0.000247772510293696 -0.000405632607456361
-0.000617716495855319 -0.000861361659004734
-0.000045711044622647 -0.000045899917431895
+0.000054605582059415 -0.000697873502859256
+0.000114569100922571 +0.000073427079379846
+0.000555212365513191 -0.000229312859747212
+0.000224076739761727 +0.000015205387747562
+0.000671950191747995 +0.000335829470313096
+0.000246877861633823 +0.000099076891785131
+0.000448744773345389 +0.000663000894222433
+0.000225327481387871 +0.000251458137005549
+0.000149117080720407 +0.000647579152825151
+0.000053964099123782 +0.000350459411602833
-0.000221841698700292 +0.000375720707719129
-0.000330948273014022 +0.000190450653537344
-0.000654643648525771 -0.000103164900746508
-0.000695207567740677 -0.000291380720862204
-0.000865035755442167 -0.000651217967017281
-0.000617306128751480 -0.000687587641603288
-0.000599658382178811 -0.000911961218137941
-0.000070565183420444 -0.000582088177275862
+0.000052789132768252 -0.000567695588671231
+0.000433655039256676 +0.000002233146739430
+0.000671093064237877 +0.000133172193306346
+0.000481106739618334 +0.000492124530269686
+0.000815449745538967 +0.000664262716877417
+0.000059091436614828 +0.000462283687161377
+0.000323302165652732 +0.000695971732973470
-0.000420657324426952 -0.000028878542368240
-0.000482591334388077 +0.000183573306420149
-0.000510480676721284 -0.000553072110222409
-0.000976515668207445 -0.000485018576644639
-0.000116355315315996 -0.000642023243869173
-0.000701846967616244 -0.000850028375829887
+0.000416781622164887 -0.000165867759927830
+0.000127920845341232 -0.000604824800205343
+0.000535123873986992 +0.000459097656018837
+0.000896848330126142 +0.000035724389410133
+0.000157202514169811 +0.000629184288568440
+0.001009280978762223 +0.000620968689918720
-0.000355020295112034 +0.000196516266260968
+0.000337869246775805 +0.000763726753499751
-0.000543356955102792 -0.000455536160467411
-0.000644386246426718 +0.000317600156359416
-0.000274234642376422 -0.000759810582438936
-0.001204761449442861 -0.000447275471902704
+0.000186966161316829 -0.000485186538849565
-0.000882577279862953 -0.000992727267257426
+0.000414693263726767 +0.000122650765796261
+0.000082164550614270 -0.000887445725938766
+0.000211640209702865 +0.000525352961270590
+0.000981789242007542 -0.000178216376404517
-0.000212163510187293 +0.000389728637032655
+0.001109963387259161 +0.000631409008925912
-0.000468734693137444 -0.000155052753880967
+0.000331915676109353 +0.000916484798637554
-0.000346106735701428 -0.000648071447028978
-0.000772364723230868 +0.000404467892884679
+0.000035309948594552 -0.000688933054317147
-0.001322729825360728 -0.000539570298809041
+0.000339535193029761 -0.000250210869432551
-0.000859893998277127 -0.001165025714956425
+0.000304356985656472 +0.000313296525377484
+0.000258733993131365 -0.000952159683797438
-0.000031726550817203 +0.000539878984798089
+0.001135045319796143 -0.000046154046805687
-0.000378866297738598 +0.000245036930464133
+0.001056382686556402 +0.000838833406162264
-0.000444978425223761 -0.000317432724755000
+0.000081891876697517 +0.000992512668377239
-0.000190951979136247 -0.000684031117030497
-0.000986923850660178 +0.000281662952143454
+0.000174951239277341 -0.000551644034539241
-0.001280417968085567 -0.000704294361744370
+0.000349271092567970 -0.000020940669587724
-0.000586555767250403 -0.001160238645906132
+0.000178931555781916 +0.000464917417067231
+0.000494256613470546 -0.000740809712889758
-0.000195206451102153 +0.000490979368343266
+0.001077533491855881 +0.000181835359238043
-0.000457822545399646 +0.000038981312249901
+0.000717725958703866 +0.000854002750946338
-0.000395115172794204 -0.000495977644245898
-0.000244715151600692 +0.000755381193227720
-0.000061702541593808 -0.000677634742974482
-0.000988933981359473 +0.000003096817625936
+0.000267164126575398 -0.000364128492801341
-0.000941497084001306 -0.000757955680245811
+0.000316029471159894 +0.000168393256084725
-0.000210026320241484 -0.000939577505120638
+0.000048527043030122 +0.000458263956912596
+0.000564210053583191 -0.000462191474675353
-0.000288006596072496 +0.000267268996126432
+0.000782633038089320 +0.000240238071275335
-0.000396226389902002 -0.000210090332988898
+0.000345703678459537 +0.000619898795132005
-0.000200956150802288 -0.000543362041847538
-0.000326205993109033 +0.000430369258499377
+0.000105183648139770 -0.000470424963897903
-0.000693186571144613 -0.000124576778369993
+0.000239296200216002 -0.000104586969351512
-0.000540560094362120 -0.000594803500123124
+0.000094339724379421 +0.000199022439120153
-0.000079952092759245 -0.000662035754261095
-0.000177498587524132 +0.000185636422007081
+0.000291257715076806 -0.000348033925737393
-0.000317103289567178 -0.000090800653329705
+0.000335465181630127 +0.000062462575691983
-0.000207179824707378 -0.000347730274373779
+0.000109112864885923 +0.000274239246853406
+0.000020496839840438 -0.000359913255905761
-0.000159620025971322 +0.000187572400494263
+0.000135383441788564 -0.000165679662580277
-0.000283369857510003 -0.000080698040686004
+0.000041691299723098 +0.000016109349451722
-0.000243699994096363 -0.000320143722453859
-0.000143166510367744 +0.000019352907848235
-0.000138676445006734 -0.000390956927928641
-0.000219075408127487 -0.000118265437121649
-0.000054196097384425 -0.000293199578711568
-0.000112022566882829 -0.000220911011246355
+0.000001178271222960 -0.000123381287779616
+0.000042376808873028 -0.000173047506008120
+0.000046485810276368 +0.000010561375339733
+0.000051842747139969 -0.000048401220852904
+0.000063389112867494 +0.000049897946498617
-0.000114192656332536 -0.000020115257725794
+0.000000286418406394 -0.000001314630415835
-0.000285867244793203 -0.000151045418888365
-0.000159597904649604 -0.000105699909164899
-0.000266382936305097 -0.000318400477749478
-0.000331320125271555 -0.000226162482715122
-0.000043639712508601 -0.000330777942669977
-0.000365152734347124 -0.000322215100679254
+0.000176868362847671 -0.000132425756647089
-0.000182110068515963 -0.000336240103448288
+0.000157432717865167 +0.000110401801584803
+0.000119506851888301 -0.000228139840966585
-0.000122641296530050 +0.000148489970973636
+0.000309610021643515 -0.000031728036047424
-0.000418046854518614 -0.000100633500176632
+0.000205240887455962 +0.000131173963331489
-0.000437150225718144 -0.000438839649001495
-0.000158980293894460 +0.000118559652255042
-0.000123785994898096 -0.000552902866675678
-0.000518027845987062 -0.000109265282515793
+0.000264282648448154 -0.000307616144471536
-0.000567423984298869 -0.000415899150497613
+0.000371671935209466 +0.000112156097230420
-0.000225868454800139 -0.000560265340455341
+0.000069345148085339 +0.000340358157500490
+0.000262917380862135 -0.000391625775704044
-0.000406732281466884 +0.000150263544648902
+0.000501749865379094 -0.000005648135196813
-0.000642269426856759 -0.000328917794572909
+0.000267186197349934 +0.000297966393596671
-0.000414555371355388 -0.000698279998207249
-0.000281555450420565 +0.000250452266917488
+0.000099002574519603 -0.000636147571183472
-0.000717827611790851 -0.000145043483680333
+0.000469804300870557 -0.000181519588477765
-0.000675337532689391 -0.000602941640073372
+0.000362809056217644 +0.000304401854924813
-0.000153713370992215 -0.000757805329818563
-0.000156811383228193 +0.000402398680325224
+0.000432746849340346 -0.000446256178103283
-0.000651579141795606 -0.000003527956780869
+0.000591012278442766 +0.000103365788145817
-0.000695710832186482 -0.000585249580434311
+0.000177738753743452 +0.000432919565878249
-0.000250119865666022 -0.000847000800563916
-0.000474888192336143 +0.000250449581222622
+0.000310519949361315 -0.000567687211619496
-0.000834381895261025 -0.000302177271504640
+0.000517705000863433 +0.000010971354157223
-0.000609437752986001 -0.000773411871921708
+0.000202004461768440 +0.000409503583641568
+0.000013694311771942 -0.000787435824320332
-0.000374816641454644 +0.000309443272031120
+0.000526712495438771 -0.000337986007940670
-0.000735866718733159 -0.000207465011667341
+0.000511999057784205 +0.000218563780501549
-0.000584602357470843 -0.000724593216358389
-0.000014655103865085 +0.000436636055961432
-0.000056799124748204 -0.000817074578285537
-0.000618279081242758 +0.000133195712933333
+0.000397406527414194 -0.000409678339113553
-0.000810331145791314 -0.000449512691052735
+0.000400683788483865 +0.000147110068739525
-0.000455575577599400 -0.000833284691776339
-0.000030292571049353 +0.000377766435025663
+0.000126733118279362 -0.000711726391465068
-0.000516058500442842 +0.000101898508012699
+0.000451967981838315 -0.000209951481261557
-0.000653628342692779 -0.000425295510862206
+0.000275546047647692 +0.000244977048077875
-0.000350682603938265 -0.000760718029202685
-0.000231712694652341 +0.000295831724368552
+0.000120267296786976 -0.000652713337608824
-0.000651709604614036 -0.000069746358218679
+0.000368610439024373 -0.000225870436995225
-0.000671629680661987 -0.000540457525676243
+0.000219796806367067 +0.000148674302293218
-0.000328965144111916 -0.000744261019677135
-0.000152992151343672 +0.000169635848459926
+0.000049565627549509 -0.000544615943147122
-0.000403048678236543 -0.000150100659242524
+0.000148685256043238 -0.000156806855249768
-0.000376639915330844 -0.000299965263212651
+0.000137125854457410 -0.000218706494353313
-0.000525307420068148 -0.000347215237082690
+0.000584446897157361 +0.000079846842843046
+0.000575271513990493 -0.000684482845622272
-0.000250768156351324 +0.000969930497038676
+0.000658005741092137 +0.000268390209589283
