+0.000648353850964883 -0.000485349198399869
-0.000434549093867052 -0.001067185317199137
+0.000064682260475107 -0.002492018279692212
-0.000380662472721447 -0.002402919980359739
-0.000054304186275300 -0.002661500878889709
+0.000034927883978965 -0.002191540176649735
+0.000448077363067494 -0.002291260452843644
+0.001446608887077235 -0.002269307168234038
-0.000037382295409818 -0.001381344138586583
+0.001680638183300090 -0.001127019547722916
+0.000172153294051656 -0.002222768522589231
+0.001103952060325374 -0.001303062680283795
+0.001133004867270438 -0.001864238378186885
-0.000010497710207876 -0.001663601013565020
+0.001172276387224792 -0.001159873465064386
-0.000599768027517562 -0.002348872951778909
+0.001187812175587030 -0.001643053342091846
-0.000389140657121977 -0.002514857095954207
+0.000820321535057134 -0.002022925815804948
+0.000203266049173194 -0.001977805519522812
+0.000624185590106585 -0.002275406208302073
+0.000855951665593349 -0.001793149222696717
+0.000246703573048223 -0.002107962482278495
+0.001020348951818742 -0.001751382182138447
-0.000150156020825068 -0.002165916216753393
+0.001092171713228409 -0.001965594331785349
+0.000231717726526142 -0.002383845286019453
+0.000397959988081316 -0.002088342991396217
+0.001090248925250344 -0.002034741653005129
-0.000264393968387401 -0.002409468248147847
+0.002047384355825082 -0.001715839546431699
-0.000464218031533429 -0.002533886998554094
+0.002094375782108446 -0.001544819000092508
-0.000394822368069148 -0.002375021914873602
+0.001641747336586178 -0.001807568870101345
-0.000025876772515394 -0.002286293271580066
+0.000904292056257739 -0.002210417832797267
+0.000110324069882252 -0.002149062845103650
+0.000613870874843995 -0.002565289311535929
+0.000394466609479890 -0.002345804290739847
+0.001027744557785882 -0.002538777510341345
-0.000018980099340056 -0.002394652453293705
+0.002079363124873565 -0.002165315973797797
-0.001202154051005184 -0.002820766671333074
+0.003616808853572912 -0.001782347467786655
-0.002741890868796333 -0.003330651813237751
+0.005580355354211105 -0.001163259536741265
-0.004906883171961417 -0.003693982630234250
+0.010303438647475665 -0.000682181979605669
-0.013809161281318715 -0.005078876365413452
+0.108480583720717408 +0.002483327134918642
+0.500950950129667505 -0.008297722771646771
+0.510394331170091031 +0.095320299770692701
+0.298293709822276099 +0.479859994020171488
+0.080970604311726146 +0.514390593916914662
+0.015090426024384540 +0.231049848571173277
-0.053132894070389028 +0.041999444724793993
-0.164551868684647967 -0.021932769222760301
-0.218788047660607943 -0.091932914544270522
-0.194874835660810292 -0.189718457939766855
-0.140707336314886189 -0.181610511156402366
-0.054817445704708742 -0.143390344162600658
+0.043611250178987343 -0.132848448070383152
+0.063132173830832278 -0.009362001068304631
+0.077884915534197408 +0.080413690529346826
+0.078305525754192931 +0.060109334568663950
+0.093421880536055352 +0.026780332169376159
+0.081397115539854431 +0.051909646306421392
+0.015191006756612158 +0.096809103893513590
-0.049055397951454784 +0.074289633741107322
-0.054885289847597718 -0.016515406096237438
-0.037759636569295096 -0.063783483606479258
-0.049440498074819220 -0.053271631807858100
-0.068007335777100331 -0.033042875673689992
-0.045371188452180550 -0.040930328931222275
-0.002866016152591884 -0.043424345456274951
+0.020831131953504702 -0.022724921095758167
+0.020808174132034341 -0.000967952945156033
+0.003684545230702031 +0.010858738156493304
-0.000877381364727493 +0.011087841005552369
+0.014973420623584709 +0.003182440092616831
+0.007038937172097834 -0.008565814859056690
-0.011504795026992403 -0.006333106088072252
-0.021860813088431821 +0.001625288890257923
-0.013433133509765913 -0.005913674022727672
+0.010663799591899271 -0.009847421644587420
+0.014308348547193138 -0.007889578848575272
+0.004368485174750362 -0.000799740167564088
+0.001050932901486014 +0.004566103219599410
+0.005749194415534864 +0.002535177381787484
+0.008419203776745128 -0.002016582624315995
-0.004855328575109303 -0.004657543713728960
-0.012280191793769712 +0.002368275341532159
-0.004508882674409699 +0.003011594218788860
+0.012065484693960469 -0.003394802852193149
+0.015862073347159493 -0.000226711241350631
+0.017964688680702598 +0.010113572969901927
+0.013839060997550747 +0.009294454952853326
+0.012152238669946008 +0.004493461224717915
+0.011325722093780573 -0.000375316120829219
+0.004907508332305596 -0.006190044802092677
-0.002073052731485168 -0.012256047731212576
-0.007774607473839843 -0.011399467118524810
-0.007304279231156224 -0.008490514376682729
-0.007022267872405391 -0.011627629795464511
-0.002639164232126763 -0.005543208151047488
-0.003581462118843472 -0.000451826018514016
-0.000867224723890193 -0.000862551688559428
+0.001562268597410321 -0.003696548496500981
+0.003375687343818480 -0.003158034875015036
+0.010014604150685389 -0.001569957547536950
+0.003428233759323719 -0.003939566400439814
+0.006843909228225575 +0.000233129477287291
+0.003275918534536090 -0.002524247258438198
+0.003115426361303963 -0.004954378972790510
+0.003526624794117117 -0.004170547499238979
-0.002168708917377520 -0.002375629523895020
-0.000190208467818690 -0.002904882185074557
-0.004983909744583351 -0.007702659631613188
-0.002092046407352133 -0.001817633225876423
-0.011367444546831241 -0.006697765302231287
-0.017039000388872433 -0.011717007803822767
-0.019278816793424036 -0.019034461500386707
-0.013121139160647196 -0.025456792268265603
+0.002037611864644802 -0.025652671893835112
+0.008477122931835161 -0.019871340838461586
+0.024053878964541989 +0.000098842437414015
+0.023773802543161471 +0.008615197163490771
+0.028328278235638892 +0.018445568784203316
+0.024665180780482278 +0.024019088731076731
+0.012887512927333204 +0.019105110113608735
+0.004802255766485264 +0.012238148134044547
-0.007712528820670302 +0.000764059314549698
-0.005973048527885929 -0.005423672899404484
-0.013752413623011283 -0.016159118775662177
-0.012401459517418419 -0.017973114066180060
-0.012676343938055883 -0.016944924886126988
-0.008657597184917791 -0.017848624324819873
+0.000105978002570293 -0.017312321189567825
-0.000494788279016010 -0.013693935964954579
+0.006160183146325268 -0.003262137450523916
+0.003230644257014725 -0.003602267597506827
+0.011750110178307691 +0.001529357322084648
+0.010715329090625008 +0.003188272568296578
+0.007263112365264584 +0.003709463942207345
+0.006452689292312597 +0.002811380328072409
+0.002393627984266953 -0.005022376301824252
+0.006344373442014072 -0.006412941079475266
+0.000472088427219402 -0.009862948464269061
+0.001605287380625264 -0.006207153278603613
-0.001524258590619320 -0.006391402794918094
+0.000176320070021695 -0.008827955314560137
+0.002771001228264458 -0.005696655382411537
+0.001642185059330848 -0.003920920681123037
+0.004218547206664652 -0.002298880496929358
+0.002318272790449602 -0.004532760030583781
+0.006190313984676109 -0.002465019637694355
+0.004491120911839080 -0.001911649291130919
+0.008020900723241259 -0.000776540550371757
+0.009955352898391664 +0.000539649378823574
+0.009498230009083147 +0.000829245326887596
+0.008888622172730566 +0.001845030306101781
+0.007748424481626996 -0.000150924757779241
+0.009051304379696515 +0.000448656413359412
+0.002665533875421394 -0.001416138999582033
-0.000970617991062922 -0.004487744611131145
-0.004064947444219814 -0.007285989620537497
-0.006108679096262152 -0.010104843492205503
-0.008525934255394588 -0.011684126781103340
-0.009740396294732388 -0.012409314923417304
-0.007406969536852434 -0.012491502590838758
-0.011807107574942091 -0.013441353920782764
-0.012625181460406549 -0.011472674508180118
-0.012164487530814321 -0.014539263393642664
-0.006931658299991766 -0.021719842036128471
-0.002671184516544182 -0.010295549242228511
+0.000160992032112690 -0.003621955836939387
+0.004969525895927043 +0.004172732785507088
+0.003682276377069478 +0.016121978274501611
+0.004559248892080404 +0.015810878523293857
+0.003925843904912796 +0.020558797097751942
+0.002750600778576556 +0.018363874681391879
-0.002635811345526509 +0.014549778236115682
-0.002282664541876797 +0.012734486353938874
-0.002176935876566538 -0.001955322543224064
-0.002322921401896726 -0.002180139762610148
-0.000449565527587042 +0.001139857848694328
-0.003268236786243141 -0.005309507830692606
+0.000323852154025878 +0.001593155331777160
+0.000121304415963818 -0.001038056471816449
+0.003502418526354164 -0.001608761977280167
+0.002551104473857200 +0.004281777229304385
+0.002558400099338123 +0.002031340107824551
+0.003173461769216165 +0.003805923768048818
+0.000830722201443850 +0.002881270970523479
+0.002107912588280976 +0.000341832280280454
-0.002481685332513849 +0.001044956492391353
+0.000094237916603356 -0.000970152256607806
-0.002207165731211101 -0.003829569245292227
+0.000953144432838502 -0.001457439517506371
+0.001344079167451108 -0.003804670193225081
-0.000400276063205876 -0.000791162400184383
+0.003512221576767055 +0.001008606658127431
-0.001274299446679052 -0.001836402267022650
+0.002531334371795442 +0.001662689774435618
-0.001738506816189173 -0.001928599222469533
-0.001311932748366888 -0.001104393777809228
-0.001139761930291466 -0.001978537262957178
-0.002807158151982711 -0.003791100201368807
+0.000834325289479648 -0.001888363903226630
-0.001966565182501926 -0.003422042285653704
+0.002276761483878046 -0.000495515306403340
+0.000389676421507100 -0.001084639597637839
+0.003182796717928867 +0.000630104668817631
+0.002258814945115831 +0.001274117962328117
+0.001532025395212008 +0.001981067470544111
+0.002883319072962971 +0.002478041422701941
-0.001056121724484771 +0.000228229476244134
+0.002425059888445780 +0.001624447072477077
-0.001953690586994810 -0.001928630242442245
+0.000482117532713879 -0.001239849081799347
-0.001031878726764111 -0.002510636120410924
-0.001046391667399810 -0.003528171403696189
+0.001197856913357926 -0.002283094208215846
-0.001156453514014258 -0.003341502787777709
+0.002560121818758991 -0.000564441833664448
-0.000477408378304911 -0.001847046865030044
+0.002452578193627578 +0.000014590014237600
+0.000654826323904348 -0.000048765161235720
+0.001048568591002060 -0.000221557919281561
+0.001158870049710780 +0.000499668783817375
-0.001200277899894284 -0.001107715454532482
+0.001576461075698158 -0.000054747364941452
-0.001889536806220678 -0.002380704404012982
+0.001087582540908156 -0.000955958245971231
-0.001235739800334694 -0.001693860432565890
-0.000294107126553388 -0.002047987695955679
+0.000171737918021690 -0.000853448281162651
-0.001338363079695350 -0.001951522500781165
+0.000893212449483189 -0.000253481885540577
-0.001535126782750002 -0.001284960441262406
+0.001198541128253652 +0.000068478581518498
-0.000255724502927562 +0.000004603003877635
+0.001005639158027853 +0.000259511438541915
+0.000188578924850933 +0.001325852592605301
-0.000449806572192400 +0.000313718010823367
+0.000236648053997849 +0.000382608016437062
-0.001537809220662590 -0.001150570710507577
+0.000558246104258623 -0.000651134003337839
-0.001381053845552928 -0.001432663640291361
+0.000765561256603982 -0.001063968546285960
-0.000024091996126401 +0.000017243813556931
+0.000454026208679939 -0.000215116661760433
+0.000732169221833659 +0.001086572719218801
-0.000520093491593114 +0.000720808217644787
+0.000653559606844670 +0.000743793210155797
-0.001049641838203379 +0.000308565415665242
+0.000474355668409946 -0.000379094285118396
-0.000934396642065692 -0.000277894045289714
+0.000199871037578051 -0.000546288976687615
-0.000380729793893930 -0.000914672244875708
-0.000052828220376254 -0.000481124936576757
+0.000503743827978988 -0.000517630466513509
-0.000603873662095054 -0.000456298531678990
+0.001162022484051242 +0.000242348357414704
-0.000629164045892293 -0.000072330323622394
+0.001121320023725071 +0.000618620873402547
-0.000500112173507007 +0.000643183600841413
+0.000087594832951571 +0.000585159659568646
-0.000392373657033905 +0.000231687090053290
-0.001082016252613111 -0.000289683386562449
+0.000117890821376315 -0.000741066464690646
-0.001667058775940359 -0.000949177060927846
+0.000543545792246774 -0.000875719607555631
-0.001310988373236235 -0.001276829330019114
+0.000829524899537262 -0.000148325798474683
-0.000187800789069922 -0.000693463950640524
+0.000168594644244854 +0.000493310688601493
+0.000931200370782171 +0.000419312150430894
-0.000971619046176269 +0.000008456052919020
+0.001400837317088856 +0.000941895017444119
-0.001433670556996136 -0.000526391431233276
+0.000950770630159018 +0.000671876361447079
-0.000983063322090120 -0.000544330993368195
-0.000033103823440130 -0.000169897898072561
+0.000489237392785131 -0.000199261473022977
-0.000886077183279406 -0.000684761748937673
+0.001534216520369931 +0.000373862320779226
-0.001165833720044575 -0.000840294338918674
+0.001733559330605481 +0.000471194747247001
-0.000654117559628205 -0.000699431690062351
+0.000844320940555283 +0.000216680074279580
+0.000577044811994955 -0.000107083105058508
-0.000441753237099237 -0.000526014076540758
+0.001540419763702544 +0.000626979930514670
-0.001373749692462571 -0.000839505155217579
+0.001480906707026191 +0.000199179831650764
-0.001278780473022875 -0.000925450827438229
+0.000612726421037334 -0.000593476170197991
+0.000004704626368300 -0.001103078184184973
-0.000440567790604893 -0.000843138815522923
+0.001137837920216966 -0.000541396370427927
-0.001101172787835554 -0.001085738458549226
+0.001625195671804064 +0.000232886518929237
-0.001207426621010976 -0.001249528317150656
+0.001002777890230427 +0.000585513947348452
-0.000493193880542059 -0.001010378595957085
-0.000263936561659572 -0.000620820710360168
+0.000761541073499461 +0.000096611814481673
-0.001257270096136381 -0.001980443301052570
+0.001383292128975866 +0.000652005982206827
-0.001397959892651471 -0.001441255056018872
+0.001028619066189177 -0.000360536017390618
-0.000539623920414928 -0.000117220889727676
+0.000103833510264439 -0.001122096143865853
+0.000604447983152206 +0.000404605000138974
-0.000741576724259785 -0.000760835892119213
+0.001294856417884158 +0.000049408328609266
-0.001092065732383199 -0.000269290830671606
+0.001102046568832119 -0.000187593562683924
-0.000877116876219247 -0.000478759804141755
+0.000272580277722992 -0.000293442929121240
-0.000023623406665611 -0.000745461140540488
-0.000633622158551311 -0.000796120358267590
+0.000942872772959791 -0.000184429278983808
-0.001060409132724816 -0.001197453795289447
+0.001208465850543419 +0.000285134187542165
-0.000720978137578480 -0.000754858468726603
+0.000627128806287795 -0.000144220845874357
-0.000019127796763045 +0.000081025518083349
-0.000250560476868094 -0.000776856401044197
+0.000531313203712271 +0.000254988258232846
-0.000791403474548681 -0.000866811635117821
+0.000700773776735055 -0.000254783076339854
-0.000882908290391718 -0.000569412979848667
+0.000561998049166421 -0.000718543125885409
-0.000570108837195917 -0.000482108464816621
+0.000209164540214055 -0.000699758214438527
+0.000086632277105709 -0.000452776116841598
-0.000348096105616310 -0.000523430045287640
+0.000715516411051693 -0.000198198612392189
-0.000751184737591222 -0.000456983647608837
+0.000872794016711098 -0.000101698839834165
-0.000724645961503025 -0.000379465750876827
+0.000456431016440960 -0.000310189970569040
-0.000287604741477314 -0.000407403585695165
-0.000156800829011145 -0.000565251627540220
+0.000320971624139558 -0.000467686641044553
-0.000622435680479046 -0.000637860346291421
+0.000775779552333483 -0.000426783738206554
-0.000772243734555831 -0.000600171348670203
+0.000865791905348129 -0.000282950921135211
-0.000516231394185058 -0.000589067907031358
+0.000395733329914682 -0.000196187083005438
+0.000088080907636616 -0.000478590020938513
-0.000382543991986835 -0.000444176932896154
+0.000728272144409923 -0.000301631076827252
-0.000916758903652553 -0.000749197995139718
+0.000961454414104492 -0.000245621408733405
-0.000840980676683372 -0.000859771207607612
+0.000626899775281992 -0.000329072982924679
-0.000208612906713707 -0.000765153082780157
-0.000096192405114788 -0.000528657950787065
+0.000570039769343840 -0.000497863248757119
-0.000769055703408084 -0.000795620815726449
+0.001096425210904028 -0.000239320334892729
-0.000971499916428900 -0.000965638702222236
+0.000981501876645369 -0.000098597748819975
-0.000540600710916156 -0.000882194245348622
+0.000181467852692471 -0.000366875285769246
+0.000324739934634170 -0.000537824101770856
-0.000771460540291361 -0.000919472865902766
+0.001042736652758718 -0.000237837594297312
-0.001166745717567274 -0.001221203388012945
+0.001103622627980759 -0.000222981133277697
-0.000728127131401510 -0.001068800737454305
+0.000453318347533870 -0.000440830222457762
+0.000177854714649329 -0.000615608969391143
-0.000483421197870651 -0.000803518944481875
+0.000972601721946730 -0.000220966901419032
-0.001075143783924027 -0.001130961274069941
+0.001187647198949853 -0.000084254890018106
-0.000948966901730848 -0.001172918829484002
+0.000667605508994357 -0.000340934464689486
-0.000153014252176092 -0.000799600464433772
-0.000291638462618198 -0.000915020942807099
+0.000783793517515088 -0.000285689825639928
-0.001024910550668388 -0.001331047399465901
+0.001215206966549020 -0.000143182822308583
-0.000999924514946358 -0.001212174595381094
+0.000866756668540979 -0.000429305990912311
-0.000296911988680200 -0.000735947157371255
-0.000012541964661465 -0.000844596495037825
+0.000579417699601380 -0.000364895684793912
-0.000812111924847725 -0.001144742512196538
+0.001068102179561390 -0.000283907850114024
-0.001037440407736810 -0.001224582037795599
+0.000911303900485129 -0.000458612744052540
-0.000560718217929918 -0.001030867720120963
+0.000222799151767320 -0.000812295620125342
+0.000294431565728895 -0.000596129268827187
-0.000570767896586913 -0.001186115982366921
+0.000941637594020394 -0.000273694583040786
-0.000933069889667174 -0.001280986166318914
+0.000970737506277777 -0.000396269665465246
-0.000664633904129801 -0.000988960692058809
+0.000406066097791224 -0.000833466541528608
+0.000017886565515690 -0.000623330651856785
-0.000326309011711568 -0.001186052887003383
+0.000648350688278492 -0.000485184588722397
-0.000773237293926105 -0.001222543615017835
+0.000871300561312179 -0.000603457996859063
-0.000718898010011458 -0.001042975165034453
+0.000602925838898402 -0.000816773677006143
-0.000230274173934724 -0.000809291612080535
+0.000018592598215739 -0.001019841499320932
+0.000387733747522827 -0.000632707241905128
-0.000523763820588010 -0.001120682186723678
+0.000766249434684531 -0.000641485047671205
-0.000713443235402342 -0.001065177963883304
+0.000696162971050730 -0.000801691435091516
-0.000453578633537116 -0.000972740883751766
+0.000272571163631582 -0.000967650379155894
+0.000070119369435877 -0.000894549753672978
-0.000241391194653868 -0.001081191474088969
+0.000564973966369621 -0.000811767372873001
-0.000593117262628450 -0.001153870872523403
+0.000773567571624554 -0.000757093082716000
-0.000597484272059523 -0.001140838775531294
+0.000560066222880954 -0.000858573501085450
-0.000220227897097307 -0.000989163171820649
+0.000040115514304491 -0.001099594480268852
+0.000336621849064521 -0.000855480590016144
-0.000478415333633499 -0.001211240272538382
+0.000729395787322486 -0.000907670612360389
-0.000685998867815486 -0.001156870221395993
+0.000724395830025537 -0.001009136962481665
-0.000458903669763616 -0.001148378680373752
+0.000327213324352895 -0.001002884215501196
+0.000081011076356427 -0.001185981645343774
-0.000246940416260463 -0.001037434293712119
+0.000637812456795072 -0.001063796400897635
-0.000677869541533677 -0.001266081415092438
+0.000867414730690554 -0.000824721328542648
-0.000677338356924396 -0.001476089565267666
+0.000587959546797575 -0.000827596006595786
-0.000186903938720761 -0.001358238245850414
-0.000048669167246945 -0.001172548543703393
+0.000491950417084677 -0.001022716255505225
-0.000627846258622874 -0.001506123767042688
+0.000910467530980712 -0.000850752424292209
-0.000779544617711576 -0.001550191357324709
+0.000799400378597414 -0.000953925679175040
-0.000377062759500824 -0.001386285175549326
+0.000210275372903830 -0.001183962884930527
+0.000313752749137296 -0.001161627933286216
-0.000478268322709403 -0.001431029481727273
+0.000858188339530240 -0.000993893770758327
-0.000832828112922264 -0.001619150924981659
+0.000926372464911721 -0.000954438625786652
-0.000605518846838976 -0.001636858076841868
+0.000436355178497550 -0.001132630764902693
+0.000085069063490302 -0.001384045177540872
-0.000307623718104898 -0.001503582225259256
+0.000791346602733165 -0.001045948589469243
-0.000810915144300909 -0.001776539009275910
+0.001023920892962120 -0.000935108682455050
-0.000723081694109140 -0.001751523580909909
+0.000624175071326519 -0.001160047953014367
-0.000103297940546774 -0.001472134112742918
-0.000118764996654599 -0.001555930544644978
+0.000614662949093768 -0.001163455424452806
-0.000705536486699202 -0.001847625097016983
+0.000972062933314433 -0.001057360431067762
-0.000767130640466051 -0.001866623157620417
+0.000754452014665462 -0.001226112156323506
-0.000280883233913995 -0.001616415691494325
+0.000109631386632531 -0.001579415618764782
+0.000429058952222296 -0.001292852008433492
-0.000535477943385545 -0.001883806562574900
+0.000901564821048865 -0.001153648807442004
-0.000766264921740719 -0.001938666144254422
+0.000847906632848249 -0.001297111246835342
-0.000447672400371022 -0.001754099979205784
+0.000326377784048169 -0.001609699346344912
+0.000192377528427096 -0.001490499285834889
-0.000311589315599188 -0.001892272650752797
+0.000738440715381785 -0.001337976747710383
-0.000660153700053590 -0.001995879434360517
+0.000859004568638178 -0.001394532226819227
-0.000519735118002104 -0.001883213782848846
+0.000501089708019454 -0.001636798151020474
-0.000001041403114449 -0.001647066877595271
-0.000089166382635143 -0.001926551479393101
+0.000555402591880277 -0.001474637339167834
-0.000532477803215114 -0.002077360084390856
+0.000813370330998824 -0.001505624510745458
-0.000567833292486617 -0.002022783437037579
+0.000643197018120759 -0.001699116046418694
-0.000204554827581883 -0.001860577959708810
+0.000172127106188893 -0.001912157066485697
+0.000319951783017953 -0.001735176877926652
-0.000309537671757198 -0.002040267854657754
+0.000705823343456099 -0.001722893898632612
-0.000579493346384283 -0.002064253982834783
+0.001365254517439232 -0.001626774097379509
-0.001093609832828784 -0.002532760259119934
+0.001742777189917270 -0.001421279174636914
+0.002713653818666758 -0.002318625270391596
+0.001926231855667883 -0.001410255310071251
+0.002529966986751680 +0.001328990155073942
+0.000532162574400842 -0.000333581023934445
