-0.000405326139218840 +0.002869836148615738
+0.001239936782717808 +0.002485412527848359
+0.000993960712999863 -0.000366052668212171
+0.000870468660148355 -0.001892763469554888
+0.001691371302252985 -0.001363188975520306
+0.000404762788292142 -0.001191663748955117
+0.000495267799230775 -0.000023264938059982
-0.001503221490954001 +0.000947789801819787
-0.000876808778544279 +0.000592528328363661
-0.000578047042802773 +0.001011293097129424
-0.000400442939617923 +0.000629260721691576
+0.000344761369048662 +0.000455100126688933
+0.000953305627166235 -0.000097294084104474
+0.000442998321962890 -0.000562316055086538
+0.001241023744871126 -0.000469812343623038
-0.000523366798438190 -0.000330397947970723
-0.000528135265337636 +0.000028237749038764
-0.000621536594786502 +0.000694557068802766
-0.000380656775754929 +0.000429676763387728
+0.000276677156507452 +0.000782345981391197
-0.000319809285835290 +0.000425415835184764
+0.000387787214182311 +0.000037635769360575
-0.000257398190456858 -0.000023431554933392
+0.000398859759128001 -0.000255136602479968
-0.000099602964767826 +0.000148620836640216
+0.000355317467284779 -0.000064211961712506
-0.000084948163793059 +0.000242262118080285
+0.000766627244300377 +0.000139770759226340
+0.000177165350474375 +0.000114300897480429
+0.000567239584111232 +0.000149501655850682
-0.000200067197658827 +0.000189854829569254
+0.000243394950982300 +0.000191390815563549
-0.000612822872740903 +0.000298807311915926
+0.000676807542720544 +0.000395340403494507
-0.000970588082874035 +0.000328082429665158
+0.001327287718855258 +0.000310031515547448
-0.001443199553956914 +0.000310645939210981
+0.002097548550537763 +0.000012286283320627
-0.001896014299207170 +0.000244943658922848
+0.002793465553291143 -0.000228804481436910
-0.002803199510149098 +0.000416319537199232
+0.003416918289185813 -0.000146446247292293
-0.003781576899398444 +0.000952090523570299
+0.005276515315131815 -0.000224372225585273
-0.006179332111568576 +0.000964894354322153
+0.010390780450971311 -0.000243689420158051
-0.016490647073561560 +0.001612723711610871
+0.143048236799972611 +0.000662103959094047
+0.402747074804052030 +0.002575772639992523
+0.539387781130278854 -0.000329958506090494
+0.669455534054137380 +0.002433578921751427
+0.338397126850451924 -0.005629313641857002
-0.319193528634560797 +0.035193241738462236
-0.712567216475289866 +0.152649401478579944
-0.333518732989632305 +0.252772416994308635
-0.084808203177115210 +0.374268591073283030
+0.005233858536405884 +0.362234909013818829
-0.071582253298084847 +0.112450747871344472
+0.051496468045045166 -0.247035975735337254
+0.190304340594444010 -0.253206379251819880
+0.196372213605221502 -0.123785587165194000
+0.056657153087612183 -0.057983470679795063
-0.044172276646054658 -0.028357810378493012
-0.069024046527749489 +0.020034771691624279
-0.021260510895673261 +0.078178237845119014
-0.035497074398720199 +0.081900100133624421
-0.047654407198082033 +0.061770425470336031
-0.023520919827073689 +0.026794302658221841
+0.029269750870465600 -0.020530598204738036
+0.055600201971340038 -0.039602353680427096
+0.026245717366408600 -0.039845667115713572
-0.052376951078388891 -0.008001282663246468
-0.049290735655146099 +0.008844801284610201
+0.008702662274737868 +0.011400738833967940
+0.031236864840147462 +0.020091702910822191
-0.002525938725472545 +0.032438594185931369
-0.012110071173305675 +0.018805797559659658
+0.004169400687970644 -0.009053065884172887
+0.018636508710081236 -0.012930709615461305
+0.014288074744516009 +0.006972910935985377
+0.005244483347334725 +0.007115482209314144
+0.001578008517878413 -0.001519577502940408
+0.031084817418737264 -0.001071046103717344
+0.032935704247673461 -0.000422868562896449
+0.016357935186452191 -0.000866638915257438
-0.016205984468308496 +0.004177116611564261
-0.027023690479253806 +0.008369438879357063
-0.018889268913495901 +0.016482736214813460
+0.002816166805107408 +0.019775867159497064
+0.019455594501748635 +0.017163183086432738
+0.026541417914199304 +0.009003618488831733
+0.032377500779013080 +0.004822230240582939
+0.035042976092501954 -0.000525327648741204
+0.031321833598622936 -0.003285906801207283
+0.023946017759193694 +0.005494896711954833
-0.004181548756711152 +0.008491330596391325
-0.029468560956555260 +0.005993921589192912
-0.042374678295344546 +0.002415663150101628
-0.035791458690124803 +0.003265100675072846
-0.012585125695955835 +0.013100939208363117
-0.011349369588451536 +0.012846675898773311
-0.013328741413084495 +0.004979548296857365
-0.013009132955526664 -0.000512171000870306
-0.002592529830375467 +0.001071156789678556
+0.007582830367041664 +0.002358748649697525
-0.004217673424343999 -0.006005814861997970
-0.007720590041208991 -0.013124972225502641
-0.007828614026468166 -0.014318970945940628
+0.004859107097888950 -0.008358833334721077
+0.010857318635942369 -0.008784707407976921
+0.004509992929695895 -0.013580346696712887
-0.007489983843601722 -0.012387795411793474
-0.000401877841925421 -0.004855832453300398
+0.006280967031717251 +0.004699921960430471
+0.000933043913889536 +0.006093868907853624
-0.003643740461532351 +0.005990789498805245
-0.006513063452847664 +0.003161278127495991
+0.000840582808944043 -0.003626262079394611
-0.000882200381886018 +0.000781836435884304
-0.006034426840590745 -0.001752072040858979
-0.007655263539049453 -0.010873370992543589
-0.006776743208061762 -0.012196137899788510
+0.005709621194416183 -0.004610005229151178
+0.006319815775421710 -0.000292827379603103
+0.011800852731714672 -0.000981847633114163
+0.012337438828739306 +0.001885184469908495
+0.009726340018486684 +0.003480096656704661
+0.004221601787182666 +0.007790363726910448
-0.001744569714494138 +0.007004497823174784
-0.003473529126611509 +0.003760767001535578
-0.009135518124831297 -0.001612282078999189
-0.008474858244909102 -0.004063166808733802
-0.007389702245936538 -0.004682856056678449
-0.003553414952123243 -0.008481393968922387
+0.000100657469491731 -0.005856898445032344
+0.003454664778380047 -0.002013483102031348
+0.008876799383686218 +0.001665570801399739
+0.009295176054311335 +0.003387476313513077
+0.008416979770073819 +0.004742787935405619
+0.000158550325943091 +0.006564357767334836
-0.007199116618099738 +0.002956253119685117
-0.011082386406515861 +0.002567856378020510
-0.010352170028832640 +0.000286479277492038
-0.011867302146197790 -0.001912386545859116
-0.014171260718436558 -0.003580333898800540
-0.009441875904368834 -0.004149735094314027
-0.000247185909651667 -0.004803884358189881
+0.008761439187549193 -0.006128676375646351
+0.016341659298059939 -0.003811331069896637
+0.019197382685592623 -0.001000159087115869
+0.014431668351771166 +0.000527323964580492
+0.011384600339068606 +0.001994392664031851
+0.004654179038717905 +0.003262880651810199
-0.004304594838363617 +0.004815403532892014
-0.013050234433061771 +0.006048310999222263
-0.016266471810245497 +0.006394695502060544
-0.017809580615157167 +0.005331408477311634
-0.015133324808104831 +0.001934785965877623
-0.006567708278661027 -0.001268757324017083
-0.002107417706914217 -0.005319235359049997
+0.004387793151149252 -0.008642115763706097
+0.012697287693386728 -0.008748623786731535
+0.020722449548205096 -0.007884324177542966
+0.017391307290233929 -0.005169302433029755
+0.010340260801669703 -0.002058584258962643
+0.005313866847984395 +0.004183446574296710
-0.006224812041253809 +0.007494289880504067
-0.008749360207459707 +0.009750026039268698
-0.018164031984716916 +0.010493351556402276
-0.006119595548906556 +0.007627180694004889
-0.005638058549525432 +0.004078530839701318
-0.002912911541785116 -0.001474484465893377
+0.015315089886151365 -0.004173686022037206
+0.003043473135709129 -0.008430715230688883
+0.000976069139284802 -0.006607643318836003
+0.002060927194570297 -0.001939546639471897
-0.005127279427540932 -0.002208972962130792
-0.003610937281778928 +0.003746691763779588
-0.001556500007680803 +0.004798590829525783
-0.004968647386151839 -0.000730380119360429
+0.002507055251358817 -0.000710335591815053
+0.002025174058907550 -0.003188656388818429
+0.005771968521263632 -0.004670943699302245
+0.006552693078130157 -0.002781541176430438
+0.001877351774878718 -0.002093099511321306
+0.002449541462929024 -0.000638303687864453
-0.000525009058150366 +0.002453483621820234
-0.005811238563167112 +0.002448105239521520
-0.000625066081413357 +0.005300316722034610
-0.007200773015811811 +0.003278855271218789
-0.001253702049848711 +0.001741913471963250
-0.002426886654148232 +0.001531663699874585
-0.001624495540290003 -0.002855384251816098
+0.000882112200361782 -0.001006257930064230
+0.000071040465878267 -0.002969666359577355
+0.003203248870711693 -0.002817255733708030
+0.002908494079120420 -0.001206463128264293
+0.002668445330847060 -0.002336875172921703
+0.003257055716118141 +0.000433638045840486
+0.000201640922685011 -0.000328371247317426
-0.000071061056194019 +0.001146989069361473
-0.002164638239006580 +0.002232787612459961
-0.003081055196322290 +0.001616536677772492
-0.003730328226495606 +0.002797075467946722
-0.002044068848582209 +0.001163491007895766
-0.001653636785545615 +0.000468260061234176
+0.000839505886293840 -0.000534070584402308
+0.001084378946005486 -0.001505020088289522
+0.002976218814216916 -0.001972392594746652
+0.002198946807340453 -0.001956599150940194
+0.003028966415933037 -0.001431474579796190
+0.001637283517585438 -0.000555180726102808
+0.001219661625561222 +0.000330515126542474
-0.000159598725167243 +0.001226895494951510
-0.000337855599429505 +0.001731622879335596
-0.000868596227052895 +0.001785154268320215
-0.000854855910665786 +0.001806839587309770
-0.000783641283969869 +0.001149194899499001
-0.001244425228806056 +0.000375761504437236
-0.000633327751014684 -0.000124878776523943
-0.001069087456427550 -0.000758921527997248
+0.000201728056738904 -0.000666601618620719
-0.000051888322377311 -0.000738987452982074
-0.000164803006679476 -0.000565978421761033
+0.001167747051542020 -0.000000774836087895
-0.000681072515587042 -0.000038128649904661
+0.001458920098260006 +0.000535286936323017
-0.000972909385444287 +0.000477330404573116
+0.000361205273885684 +0.000096498800904687
-0.000541677114764500 +0.000501424531255789
-0.000852341986758444 -0.000309402661282369
+0.000693316830744180 -0.000084766687536438
-0.001341219545890470 -0.000673516668944372
+0.000810448358580109 -0.000637028899215316
-0.000487563380333421 -0.000324658577595834
+0.000358977957845581 -0.000595878785862829
+0.000611360676545697 +0.000411101842230579
-0.000209136268015406 +0.000103802792481246
+0.001088785072287497 +0.000747029050529326
-0.000652328022949389 +0.000523292091003127
+0.000677860835710118 +0.000696871331831592
-0.001003438443254961 +0.000488888232125315
-0.000227487263384751 -0.000248414597514267
-0.000998793371999586 +0.000130367944744405
-0.000687523675137586 -0.000972858913229777
-0.000182214794198501 -0.000521130460883897
-0.000541224018835216 -0.001011562732724685
+0.001049547522399810 -0.000899496730157845
+0.000128569249570895 -0.000476977766135065
+0.001520407206409814 -0.000618928848444346
+0.000924449900046829 +0.000475889498896996
+0.000848881905363671 +0.000039199907523351
+0.000981347532395126 +0.000836192338123550
-0.000404371337726058 +0.000695906788037265
+0.000065922871254326 +0.000588675018356090
-0.001568990117947097 +0.000730587948415802
-0.000885513022430442 +0.000145481158206111
-0.001455309444990807 +0.000415232405062231
-0.001170893875550410 -0.000327300690632296
-0.000420964339699616 -0.000101313675537754
-0.000375879524737827 -0.000501317485204571
+0.000521975683780825 -0.000523472045028913
+0.000523602423488345 -0.000361220121754235
+0.000930456991388736 -0.000537059993852743
+0.000970678307295523 -0.000027055673327029
+0.000463301316037896 -0.000263223723859681
+0.000490030193068464 +0.000264215434595001
-0.000207870724904861 +0.000143960140788303
-0.000409808689829483 +0.000211058967132755
-0.000506367031301357 +0.000420118069074825
-0.000594501357078608 +0.000058215000236327
-0.000263663177607324 +0.000355375193764858
-0.000449789705556548 -0.000078520061502021
+0.000163950409197656 +0.000061174426694738
+0.000026969969976896 -0.000149246366954654
-0.000022498386233855 -0.000259561691682505
+0.000509504909480684 -0.000005078878731294
-0.000299486679261654 -0.000313892844115032
+0.000388626037713117 +0.000040634223455735
-0.000344709169217849 -0.000108475963059244
+0.000114402304933682 -0.000082448641884583
-0.000149920753958805 +0.000059630691422522
-0.000249132793239634 -0.000160239856347140
+0.000554558308837102 +0.000148431866996738
-0.000188584370784589 -0.000106797610063242
+0.000815629679946568 +0.000106701638903581
+0.000037675802430679 +0.000131607958950426
+0.000353279305759012 +0.000072620006002085
-0.000144747130888232 +0.000398522610072141
-0.000576470520802118 +0.000177068257564616
-0.000473210145238092 +0.000458062769474828
-0.001098211933551728 +0.000186884118380795
-0.000461098797597088 +0.000145640255472048
-0.000831087458834142 +0.000005825625043568
+0.000381348214450064 -0.000434428134663036
-0.000222190059684746 -0.000292647324652426
+0.000691834232791625 -0.000724447332438339
+0.000975419074676485 -0.000323700090829806
-0.000204624434566759 -0.000522369187469622
+0.001576591455751921 +0.000001825396947212
-0.000756589261840914 +0.000137889915571448
+0.000491004182279550 +0.000066999515598022
-0.000273977765734357 +0.000762387864962192
-0.000990989067450140 -0.000013315898230106
+0.000362081004839809 +0.000608813826233723
-0.001318973463209194 +0.000087304350015417
+0.000305292643174027 -0.000092060868806000
-0.000451641007703729 +0.000133178356602895
-0.000107223709335524 -0.000542860940707726
+0.000338460093314008 +0.000012309970730900
-0.000015210585409681 -0.000407483168587436
+0.000328601192628591 -0.000164832701467194
+0.000260378421911944 -0.000037563721717787
+0.000114372101978781 -0.000153482407739894
+0.000001151112024131 +0.000128195291638031
+0.000090184675732505 +0.000035511602220151
-0.000417814480437748 +0.000164986401808148
-0.000028264991602481 +0.000057247182444847
-0.000328895388783015 +0.000214615704695048
-0.000336893115194227 -0.000087819359242005
+0.000167573489944653 +0.000135664125655667
-0.000493970157723251 -0.000100060922895447
+0.000353113204358890 -0.000120080862038914
-0.000184595388450844 +0.000100657143837928
-0.000034691316414533 -0.000299517442427885
+0.000199578465581399 +0.000241141576840239
-0.000346305542473972 -0.000163396641602039
+0.000138913292574684 +0.000064625758499243
-0.000166355255730610 +0.000152840764003015
-0.000194468214739417 -0.000218163704080361
+0.000204967302979454 +0.000232835233578317
-0.000342388485753929 -0.000258885342175632
+0.000315473201393321 +0.000003501599045856
-0.000121281418053279 -0.000057065234467747
+0.000029036611179752 -0.000216150502879351
+0.000192300701084180 +0.000147987686405682
-0.000284889261120219 -0.000171807694443320
+0.000234515104252552 +0.000170089626060829
-0.000306920219238150 +0.000071941810122915
-0.000018379816326136 +0.000043615649484968
-0.000092595610242984 +0.000215184868223559
-0.000333245144451409 -0.000066574573148516
+0.000140981286257119 +0.000126476061285946
-0.000439100060584772 -0.000092708190638143
+0.000207205751438953 -0.000065321942945660
-0.000298203627801761 -0.000055797319761749
+0.000125579655195068 -0.000184405933791386
-0.000052989764752025 -0.000000946360186101
-0.000054831063507156 -0.000152641236599932
+0.000181562497681293 +0.000047710165745186
-0.000279077497677517 -0.000038768993205485
+0.000287709345224714 +0.000076720934662404
-0.000381506355318430 +0.000085976752853976
+0.000158008058155619 +0.000023734812794613
-0.000245487158002105 +0.000170206034462715
-0.000190568247161696 -0.000074820479024789
+0.000079111063697588 +0.000144369655055719
-0.000534941515637738 -0.000107000825308983
+0.000324085531503232 +0.000003197177370832
-0.000553118630082334 -0.000026146577878984
+0.000232326859128773 -0.000174346153133574
-0.000186224632119464 +0.000088821190205482
-0.000118144636884966 -0.000237952629846555
+0.000250190631493121 +0.000093707830299651
-0.000389862940165301 -0.000125129887551931
+0.000387682474364724 -0.000018638718198994
-0.000351071918710010 +0.000054171747086490
+0.000153518893691154 -0.000138584933988023
-0.000085431650744392 +0.000163573956133885
-0.000199469541253660 -0.000163819417314800
+0.000138685322315513 +0.000136700674058778
-0.000387748435989622 -0.000060585680717791
+0.000171280322907838 +0.000015046355942303
-0.000345500049464889 +0.000086057836808776
+0.000038807770078159 -0.000104257638168343
-0.000160802005322275 +0.000166117277629374
-0.000164285743353067 -0.000149841516791554
+0.000018540425510939 +0.000117839008210812
-0.000285651305131365 -0.000087356662647642
+0.000072914472025609 -0.000036251471549931
-0.000247220678538252 +0.000028902161971373
+0.000000292048243542 -0.000171934453034886
-0.000083746235794883 +0.000093074302336275
-0.000132475736519247 -0.000177425966237580
+0.000075452019914951 +0.000061003319419280
-0.000200716257454169 -0.000054394461703156
+0.000075042547800535 -0.000026091036213331
-0.000151636171632062 +0.000091649545919421
-0.000084748886520399 -0.000082304835504122
-0.000062932796510445 +0.000139258892932314
-0.000256030457872123 -0.000064704386084618
-0.000034144590968883 +0.000065920282207596
-0.000264378215847973 -0.000008485913937486
-0.000114129671006342 -0.000058596764248764
-0.000094971302713298 +0.000029717160043230
-0.000211455317181363 -0.000138626032116431
+0.000077457292904524 +0.000014170444472110
-0.000215819423146715 -0.000114618755611215
+0.000104916150149018 -0.000035507293356216
-0.000114166481238078 -0.000017339530194825
-0.000049108318290191 -0.000069115741026294
+0.000030743086808951 +0.000073345593132563
-0.000271036339280680 -0.000058815123205182
+0.000083735004169089 +0.000087741529632724
-0.000364024962923701 -0.000000750164349540
-0.000018261017373881 +0.000012683071404191
-0.000242804823664177 +0.000062857059593978
-0.000215215351631945 -0.000082689049003818
+0.000007342697431788 +0.000069306800376463
-0.000371293477380632 -0.000111771276161318
+0.000169705550816732 +0.000002824609185615
-0.000347613538269613 -0.000046561251158756
+0.000085359482141568 -0.000090483777489554
-0.000145583063809178 +0.000051603529699478
-0.000176803099144579 -0.000130253675165137
+0.000076853654973019 +0.000083964738820098
-0.000380674685031810 -0.000079501401583225
+0.000129616032644483 +0.000019336375875448
-0.000356552347243189 +0.000020326180692518
-0.000005204056658263 -0.000080705974622671
-0.000183631080337843 +0.000087854143056769
-0.000177708829901549 -0.000120850121490638
-0.000024720454881313 +0.000070195363884747
-0.000300138867124055 -0.000072696021065610
+0.000064037447522341 -0.000004741887552751
-0.000350905046883575 +0.000010073575288471
+0.000045999377806073 -0.000082434728111661
-0.000268221910298994 +0.000072161272795065
-0.000120440703636013 -0.000128251912132576
-0.000050673774262168 +0.000074181237140422
-0.000343104707612215 -0.000104887843418967
+0.000126965769308538 -0.000002792255161409
-0.000398388057094523 -0.000006888452274377
+0.000056053828608696 -0.000113145533077201
-0.000195167845718672 +0.000092812111859769
-0.000212919517920976 -0.000155641233881635
+0.000046249964313752 +0.000094148823355728
-0.000387089196652132 -0.000071853128560955
+0.000055121251902851 -0.000012128635851628
-0.000307811447833966 +0.000062944333170764
-0.000142658754127887 -0.000114372089610654
-0.000122817112525719 +0.000110327467293878
-0.000299280793353895 -0.000113513222010288
-0.000048741129769473 +0.000034110425449652
-0.000274995551934413 -0.000035922299062510
-0.000111191249477442 -0.000072215494768024
-0.000162486708753323 +0.000025471025072824
-0.000190450562703399 -0.000112043774417046
-0.000098942311821184 +0.000029008487939339
-0.000197116493060622 -0.000081909832710350
-0.000081204046583633 -0.000000088346276244
-0.000182570693422156 -0.000024578887316468
-0.000094086041957812 -0.000037497481635292
-0.000217168457533841 +0.000020552396255649
-0.000221790300050312 -0.000056982729099842
-0.000160053597828613 +0.000044064430780750
-0.000298393552152019 -0.000050345913434737
-0.000077398329373200 +0.000034765914960821
-0.000252598410774474 -0.000027888791944797
-0.000139817800204390 -0.000057361298459587
-0.000141566502316670 +0.000005171548953760
-0.000274476552699022 -0.000109594798403694
-0.000036561940625388 +0.000025417469489821
-0.000351558434564395 -0.000066059187838063
-0.000058065411942042 -0.000005768577341489
-0.000285698290321766 +0.000003798936232232
-0.000194597284730044 -0.000072157953238447
-0.000119165258053762 +0.000051762750379319
-0.000329161485280319 -0.000098222540970743
-0.000008653960917935 +0.000027186093309118
-0.000372959920135352 -0.000050924523461842
-0.000058570657828801 -0.000050669194209775
-0.000287444899958390 +0.000028994178904975
-0.000233862388260618 -0.000096672253863667
-0.000127039287160004 +0.000063767253383549
-0.000378596774094502 -0.000079659143358972
-0.000039800424082121 +0.000014366726290458
-0.000386135896319384 -0.000018731494621632
-0.000106342723821587 -0.000073551387658547
-0.000266084618602044 +0.000033042910330367
-0.000260230658350963 -0.000114345943538305
-0.000109702685631375 +0.000032549709503449
-0.000383955360645991 -0.000083592906687390
-0.000032073440415448 -0.000018080051384098
-0.000397911130144462 -0.000016085961238313
-0.000075828471878173 -0.000080028046102331
-0.000313704056023517 +0.000040342805773890
-0.000203666971117427 -0.000103196310404728
-0.000204742003014811 +0.000045083538918665
-0.000320734508447628 -0.000070955168732382
-0.000152344240052114 -0.000002118348036261
-0.000337118604659080 -0.000011277781967094
-0.000212226589558869 -0.000065439426302382
-0.000236265041291724 +0.000029702933197456
-0.000344820307402273 -0.000097341993869821
-0.000099582796669368 +0.000017620936715251
-0.000446034813695876 -0.000069303410903630
-0.000049351386668265 -0.000039518437386410
-0.000439349848191334 -0.000004310346187509
-0.000111233153471012 -0.000090401965844256
-0.000346691728682507 +0.000033517212758388
-0.000224186026401866 -0.000089390439223675
-0.000234256184169635 +0.000006527566125602
-0.000503048577535690 -0.000013746475849638
+0.001696780421025631 -0.000075281897175137
+0.002828021316955242 -0.000242662639929223
+0.004257768858076632 +0.000164264410907871
+0.004721725491707189 -0.000316704093553263
+0.001228203336676398 -0.000286592416982679
-0.004589641398210210 +0.000586689805649161
-0.003541321695721115 +0.000994544909942734
-0.002615285463312801 +0.002233899170558335
