+0.001201762146831705 -0.000770529788048843
-0.002537796611174701 -0.001012691407528185
+0.000850539792660678 -0.000241417172890421
-0.002309064339054247 -0.000657793721889307
+0.001208120688221795 +0.000194533561192594
-0.003185946719942752 -0.000452931767616955
+0.000983409088215391 -0.000435885256827625
-0.004220471637972787 -0.001378408143462263
+0.000786678438826884 -0.000978854976132735
-0.003675713436784356 -0.001580750584766758
+0.000863280470978525 -0.000694604821703209
-0.003366095781133770 -0.001265139670208498
+0.001562875047775407 -0.000252937797335699
-0.004244792695485941 -0.001081732903731030
+0.001962880305235195 -0.000302368225770518
-0.005124435229249841 -0.001143446434398586
+0.001787627456403783 -0.000531316038737478
-0.004835050643393055 -0.001461864053965887
+0.002297074258632422 -0.000665614638254255
-0.005060061588401128 -0.001440623799021888
+0.002690213033359680 -0.000554107985777420
-0.005490545295928428 -0.001293303539904552
+0.002822853599387228 -0.000311954916256222
-0.005745578893693214 -0.001396667064546176
+0.002818796400769652 -0.000333950998874180
-0.005893077490004080 -0.001627606185770842
+0.003064136022763335 -0.000430797220595250
-0.006209214929700816 -0.001759069969247248
+0.003523503237459440 -0.000347611594875612
-0.006917915032055695 -0.001772648107276681
+0.004114444825409781 -0.000273064286849502
-0.007642535988770620 -0.001739647723566157
+0.004741274567238871 -0.000193069092210459
-0.008516676495842108 -0.001787956877884004
+0.005547362154883918 -0.000194378226675090
-0.009506276746139648 -0.001833861822017869
+0.006626353149377638 -0.000218540554353501
-0.010638640854278637 -0.001899227703068517
+0.007531440226414956 -0.000175217518012022
-0.012042175118028835 -0.002016742942267961
+0.008893720222688955 -0.000049026818240531
-0.014054498180986365 -0.002185394763933509
+0.012404106363165829 +0.000098452782544679
-0.018539955428948728 -0.002264562281787785
+0.020916984132929591 +0.000328428984664772
-0.036188412094729200 -0.002537075958323742
+0.185706442459864923 +0.000470993191192533
+0.518205933563937293 -0.002887204192182407
+0.687882687075113908 +0.000857780102543580
+0.803014644729442173 -0.002486520690310912
+0.367244607402710310 +0.002007515875623975
-0.460638807407165396 -0.002501286619860858
-0.942900439621231268 +0.001996264699874187
-0.456735304615886351 -0.004307450856973495
-0.132687445295635392 +0.001686869958073103
+0.031878569011768755 -0.006341152032323634
-0.070639824324818593 +0.065641014138441867
+0.081504690300455651 +0.152172556607776122
+0.265522344416630252 +0.251911752510326159
+0.254202543413784565 +0.321633756607449417
+0.064546626226653886 +0.260479784280742033
-0.066734814429900979 +0.050212196367542310
-0.112222142740070030 -0.169927725725758483
-0.052337452698193745 -0.184824735776204896
-0.034597044680348098 -0.127935280074034902
-0.063490977599355500 -0.062184772089044826
-0.011781323365516372 -0.027403266933619948
+0.045003851788400336 +0.026883913664270346
+0.048116616064007238 +0.064627786490985634
-0.009952196939758262 +0.061434252943676763
-0.076662784971592221 +0.052103314276046961
-0.060070279000246772 +0.024265797569669109
+0.029764507058847822 -0.011311260199648740
+0.042181430690106922 -0.023701089729883544
-0.005936023241206980 -0.012968534926162335
-0.010816623894903401 +0.010384975009753199
+0.006258595215553987 +0.020587723272905950
+0.018713562453129117 +0.023059074085564485
+0.020698604273003546 +0.018767893811071537
+0.008394744688486614 +0.010332187971139783
+0.015538700845166901 -0.001230004803887444
+0.027839343020152368 -0.014970262810895418
+0.002314281571270400 -0.012688234256632814
-0.028800680037182665 -0.000899639954426991
-0.038288574795075837 -0.000020318871853590
-0.015484972587685671 +0.000138262782376010
+0.024256411463748524 +0.002367977848133526
+0.036866160733609349 +0.004079073527145313
+0.029290797905598340 +0.007267013364456456
+0.019297078093438658 +0.010804798900209833
+0.015156290655644139 +0.008931622408005664
+0.025368737373138293 +0.003499321030882637
-0.002002529015953497 +0.002087532623618390
-0.028819615943793932 +0.006588101794332911
-0.051874450282227119 +0.016684714063451022
-0.058397728321335142 +0.023281120283391160
-0.040078121251417485 +0.017441459274473846
-0.022302964910473538 +0.001303733165476700
+0.006100367938345765 -0.010358576048172113
+0.008878088218435030 -0.012017755277679031
-0.005135045566163651 -0.007774517986073944
-0.004974373710089446 -0.004714295302294394
+0.001077474185766082 -0.002376586930961725
+0.000377008794626470 +0.000456250600696822
-0.007349556077710422 +0.001203472783065091
-0.020223761227984187 +0.006296006703162455
-0.019705200838586186 +0.006442543292673138
-0.004285642632145014 -0.001231644527657224
-0.002811576096410756 -0.007843700879473510
+0.000720048487909349 -0.012312992318751204
+0.002947455725348186 -0.008832126889809541
+0.006589017112411888 -0.008197039665092536
+0.009110324864405290 -0.013278120360552249
-0.003023774908185803 -0.016246139686906164
-0.008946842877865501 -0.015311172696751212
-0.008647311733146486 -0.006664782845317341
-0.004682375859768100 -0.001319342483830489
-0.006089375311902486 +0.001308192966537110
-0.006616421939298173 +0.003771256289658772
+0.002353556123079961 +0.004478297639391027
+0.005477480828856394 +0.000437413184564892
+0.004279284840577128 -0.000795419215490274
-0.000698562622157756 -0.008636928727238561
+0.002151225793553066 -0.020296353076767866
+0.004273147316038568 -0.020742375563231365
-0.004707060244433544 -0.015601641155172772
-0.014358728598878958 -0.008442597299501243
-0.018595817108517224 -0.004285222454315400
-0.011468948969706232 -0.002288258856848030
-0.007203447242984358 +0.003236768604111359
-0.007078210327731285 +0.007967740042270022
-0.005821244409360162 +0.008785593303889222
+0.006457374328861494 +0.002755599873497112
+0.016748946420778697 -0.001690863994829385
+0.012327165227984969 -0.004309704565399852
+0.001201620544587325 -0.010435995176981527
-0.007007702517796248 -0.016213986522095266
-0.012164795169332596 -0.018450866549295664
-0.018740754857879859 -0.014707382165109514
-0.021674678295650694 -0.007984099688039384
-0.022216455010183808 -0.000267044028903184
-0.016667847323481651 +0.004995603171276992
-0.006223265457480509 +0.008703695785176085
-0.002276079708149286 +0.011048065095122340
-0.001826417217741809 +0.008086735021005894
+0.003047196670072368 +0.002848787305438536
+0.008152866857381601 -0.003424891313732978
+0.005844911963377452 -0.007231545677872933
+0.003816155597166188 -0.009198970793161294
+0.002005644873321249 -0.012250687821068629
+0.000125547015714641 -0.012402767516926349
-0.006546664240434021 -0.009556426114791624
-0.012983197789933041 -0.007297970042008724
-0.018945964209728591 -0.005280010919485982
-0.019662889750607215 -0.002243145132294234
-0.018034695983369764 +0.001730444027863467
-0.019149232821781381 +0.004700761686843896
-0.015808649737434538 +0.006689881534727481
-0.007255683093205639 +0.006738490019810864
+0.005116757985044524 +0.003575212803328855
+0.008580326237052550 -0.000111692411878856
+0.013494634147531655 -0.004290010591146046
+0.012495415189034608 -0.007764885788532641
+0.002887207229202578 -0.010492943507219819
-0.000691276792364000 -0.010314807924545281
-0.011906627878484724 -0.009420001542397196
-0.016624629729496340 -0.007929682911598065
-0.019588531839552142 -0.004487119086888793
-0.004284939970510722 -0.002421961375764454
+0.001870477924403722 -0.000151887118015476
+0.028704787976521890 +0.000941864428293478
+0.040926977521648034 +0.001744777170991230
+0.013695717528298200 +0.001603244604118233
+0.007203564546369737 -0.000186318223641680
+0.005996996943402080 -0.000835298657071588
-0.006902284583548562 -0.003914712465893993
+0.002291044906369971 -0.005965431694530371
+0.004391810136117114 -0.005815662430750207
-0.005199188395186086 -0.002352353391072494
+0.011990778344742270 +0.000808256368903868
+0.009085215635311492 +0.009861463008773936
+0.006962025089863461 +0.014145758241112076
+0.009667342616513511 +0.011347793198518873
-0.006336939486665923 +0.007501632918416417
-0.003148616014709005 +0.003916114962721382
-0.002485751514092315 +0.001099431204403818
-0.010408972328941966 -0.002062156912944431
+0.001696761343801409 -0.003186555198969591
-0.000248504502131042 +0.000807800621540273
-0.000482214440689566 +0.001459203484865673
+0.005577184354280246 +0.003978395061225312
-0.003347468224069930 +0.008487645853891515
-0.001561017890467625 +0.005494766295981893
+0.002263559847315660 +0.003490639527339299
-0.000969274976579261 +0.001890080984556813
+0.002048493457065644 -0.002103471092349248
+0.002071150107639092 -0.002743950888254550
-0.000430500094426046 -0.002797728309595789
+0.001526324045978951 -0.003125127436133324
-0.000884672288040849 -0.001426430228120026
-0.001629934937238705 -0.001288840970194575
-0.001167162513927693 -0.000215656453947106
-0.001696855257881815 +0.000642743041948003
+0.000514072957047997 +0.000276293324006455
+0.000572286115428474 +0.001939896134603796
+0.000665033975045075 +0.001642397295791977
+0.001984685832546755 +0.001187636532208998
+0.002450937578610202 +0.001850191567969115
+0.001998064494212220 +0.000142706428730266
+0.002503229569081521 -0.000460378057725219
-0.000224027071392771 -0.000566486999163165
-0.001352061676572878 -0.001808666829856994
-0.000494030689184318 -0.001529992525210919
-0.002592422049868432 -0.001326445405171853
-0.001566922467742364 -0.000682374587131774
-0.001773550528107800 +0.000960824733978025
-0.003001341879692177 +0.001937585392310823
-0.001372229329401373 +0.002812954832456657
-0.001018443322712693 +0.002596639484578886
-0.000751265503218462 +0.001540009212106720
+0.001494774932392320 +0.000477660206996662
-0.000366463950347675 -0.000594201575870618
-0.000910822388853305 -0.001615486817395573
+0.000484794610741904 -0.001795243535719770
-0.002671979436852612 -0.001715983040403433
-0.000902406698967473 -0.001811016230557196
-0.001964341078567948 -0.000579563775516208
-0.003417916797128300 +0.000073425360655684
-0.000379976143608027 +0.000495108103296326
-0.001435485048641940 +0.001016430931637473
+0.000415788883481065 +0.000660641178780740
+0.001918091193875877 +0.000578588640901052
+0.001743469344464171 +0.000240816096469733
+0.002934534773120073 -0.000514122099977715
+0.002775696234068706 -0.001099608324225082
+0.001385660497540396 -0.001657372600776535
+0.001610232596355026 -0.002168866949927354
+0.000877379384199739 -0.001724459429653262
-0.000663680073099190 -0.001432088749974906
-0.000049137169985201 -0.000823404251140783
-0.001334878888741531 +0.000368681149494882
-0.000667604418084278 +0.000567904444328418
-0.000371603041852333 +0.001575832338763519
-0.000476912256858132 +0.001859151720323200
+0.000970054730321120 +0.001142073989474223
+0.000774298383759405 +0.001212042848632212
+0.001344792771874380 +0.000445065350854120
+0.001033693794242000 +0.000008493281796555
+0.000368046622308286 -0.000072232136116810
-0.000078822656052436 -0.000692915594417835
-0.000344144888075948 -0.000597258843573421
-0.001071559532107925 -0.000339669601567885
-0.001537447763685219 -0.000313490397375420
-0.001406755507653743 +0.000155191424087193
-0.001199613820361331 +0.000394108287480154
-0.000397296611605530 +0.000494128112371387
-0.000454509728541650 +0.000636835107641713
+0.000220691487628032 +0.000277754764067780
+0.000284354558514935 +0.000042788769726622
+0.000212052717664106 -0.000298665243354979
+0.000771219580751418 -0.000636619110310618
+0.000248943627837513 -0.000536639608695568
+0.000071329315177670 -0.000664260115712195
+0.000474702762325091 -0.000598132470265152
-0.000002469336076166 -0.000157069913879443
-0.000376781505807470 -0.000161042122932592
+0.000144077446668056 +0.000009303228236513
-0.000323562766686558 +0.000140654755727897
-0.000114217556213314 -0.000080708878074955
+0.000056510396370268 +0.000080024292102963
-0.000162766650826575 -0.000104962619418534
-0.000034958386220950 -0.000217842307446795
-0.000262879930121980 -0.000093593894776432
-0.000344399434545331 -0.000247251393493525
-0.000633950645158011 -0.000162716641540090
-0.000533519935700993 -0.000081011414611817
-0.000737946035242899 -0.000064721258365431
-0.000719336786381600 +0.000123654460487245
-0.000888446217025881 +0.000293010862323347
-0.000923609246450180 +0.000293534078243153
-0.000366593849878041 +0.000346713650778586
-0.000636613582613533 +0.000167609368181001
-0.000037147601285430 -0.000099658022671419
+0.000172775808632725 -0.000269995417960170
-0.000339681473287712 -0.000599795426484680
-0.000025669380150663 -0.000636888551482607
-0.000335717818845052 -0.000681625076292060
-0.000885084948974596 -0.000688907733997369
-0.000901442639371745 -0.000452903350109199
-0.000871912436786199 -0.000350178634312473
-0.001093329854467991 -0.000156168521293629
-0.000041925817923591 -0.000025612023746527
+0.001320592209105366 +0.000008635065676317
+0.000329968417168056 +0.000021748933807431
+0.001003801924049885 -0.000084200290267555
+0.001213518801709901 -0.000158412841814720
-0.000617058524239605 -0.000299959827968873
+0.000370173578455569 -0.000470833592592714
+0.000485291877292913 -0.000560187058653859
-0.001402593907972519 -0.000555772956475083
+0.000428590233442711 -0.000568544507758875
-0.000037362845054128 -0.000198879976946807
-0.001090927018593264 +0.000223194243260859
+0.001315298423262917 +0.000192961843034251
-0.000773983606761841 +0.000510374699760111
-0.000210848011646891 +0.000402146824351204
+0.000910937202922624 +0.000180494041031970
-0.001448756342113999 +0.000153621239500961
+0.000605122872876451 -0.000194293347780216
+0.000124994576591153 -0.000174074074004793
-0.001147463997237225 -0.000286310077282790
+0.000993919083927300 -0.000397259819048155
-0.000876260711874896 +0.000042263473908059
-0.000902468592247518 -0.000096323190643899
+0.000576127457012160 -0.000047714980664665
-0.001490468243066728 +0.000329170896865322
-0.000008483713854250 -0.000119580885327514
+0.000250862410746899 +0.000006711341245753
-0.000996917736293117 +0.000093069520861119
+0.000827857448485930 -0.000353308735560123
-0.000184078630367658 -0.000087776308024784
-0.000294923698256219 -0.000268537284593192
+0.000612219362243883 -0.000456400816034243
-0.000726191275993285 -0.000182572668712997
-0.000038793516416467 -0.000472372395871688
+0.000014538037458656 -0.000279673547686203
-0.000827286956321019 -0.000107132081603276
+0.000204761383487774 -0.000311957959468962
-0.000276915087793220 +0.000110318637665760
-0.000426467784394920 -0.000010344045164000
+0.000481950551444400 -0.000092759055013793
-0.000416981077921244 +0.000192708602712794
-0.000037678147950343 -0.000188725465249527
+0.000240209530190310 -0.000131101597367723
-0.000579785597405723 -0.000117659942496367
+0.000039397545251198 -0.000411591410919072
-0.000191257346455437 -0.000190990661343885
-0.000669667507768432 -0.000236285648241904
-0.000136389919744542 -0.000238555754866200
-0.000522257460207095 +0.000005172782829021
-0.000698006429974439 -0.000099584644746955
-0.000071137708567660 -0.000032239031962453
-0.000614936286356936 +0.000040782557247184
-0.000438653619207750 -0.000160430611327839
+0.000054626715381131 -0.000070112075364628
-0.000677880860431222 -0.000140441667131804
-0.000057856995655153 -0.000309519209910177
-0.000106842634165221 -0.000170310753392036
-0.000653948537251292 -0.000292891750895820
+0.000066363921212501 -0.000308683516346769
-0.000416010180805613 -0.000186393136305485
-0.000484754571602753 -0.000299489822274374
+0.000059399008168398 -0.000231165705096331
-0.000505761489140767 -0.000182479163750811
-0.000201686034567073 -0.000263665386511672
+0.000043811895007924 -0.000194654562130182
-0.000506310432734876 -0.000212736814187462
+0.000013379466747922 -0.000302850502325954
-0.000135376848858831 -0.000222239320396133
-0.000466291999429728 -0.000279473347574885
+0.000073214133891013 -0.000306351120095922
-0.000416414700139310 -0.000172884906045387
-0.000321306890045937 -0.000261614494499710
-0.000068678545257631 -0.000172407612886484
-0.000526615730639375 -0.000080931908031214
-0.000138698015064302 -0.000198248093329970
-0.000230374087757008 -0.000077448298321576
-0.000410050937517087 -0.000132235555270511
-0.000071795201373837 -0.000226657837635731
-0.000373052234318113 -0.000132499189392419
-0.000356733893911316 -0.000267159217293430
-0.000192624284327779 -0.000270738506533158
-0.000518866113903622 -0.000206451588649652
-0.000358084587499819 -0.000319775102230479
-0.000365498948860003 -0.000221122396735680
-0.000561778050212652 -0.000195680079885554
-0.000277886449833794 -0.000251608978763376
-0.000423484388813241 -0.000129219812422920
-0.000378546956743233 -0.000188211903435531
-0.000192265023597180 -0.000211873038074073
-0.000399105084095908 -0.000163984232468424
-0.000208001976832814 -0.000288165681544464
-0.000227833009173398 -0.000262053576732628
-0.000402405080616351 -0.000285468363950876
-0.000186112021323123 -0.000372169986983363
-0.000365879145092711 -0.000282204660236849
-0.000443697427578696 -0.000333022506120589
-0.000246676599475738 -0.000323961246491763
-0.000493918740297020 -0.000227875937483441
-0.000392339005592704 -0.000298719801953041
-0.000287380924408855 -0.000228432561912958
-0.000476624242444564 -0.000207175530616026
-0.000276964632316959 -0.000274556986935840
-0.000338505737192037 -0.000206265909711216
-0.000395154740388917 -0.000259442977218776
-0.000301698641993188 -0.000291652763188689
-0.000394892201349409 -0.000251727527855902
-0.000415941960353254 -0.000321521079465812
-0.000379432075415331 -0.000302106724432583
-0.000478249330726012 -0.000274570135869808
-0.000481624264677153 -0.000320692611453597
-0.000432979632779416 -0.000259247252656845
-0.000543229584495675 -0.000263989136875687
-0.000449016972752542 -0.000297435328570958
-0.000431790444872029 -0.000243631341258522
-0.000508431963074380 -0.000309354019069690
-0.000392309041253966 -0.000310889801310950
-0.000438656334279457 -0.000302966784128836
-0.000472381516779300 -0.000366606093479623
-0.000429616202896390 -0.000336807998196093
-0.000461731672371420 -0.000354952238118940
-0.000543722347324469 -0.000369116328505856
-0.000456780044702398 -0.000335155817562256
-0.000471668792503098 -0.000350866644317586
-0.000498818517896166 -0.000339713130619693
-0.000428474850927314 -0.000326432539190841
-0.000408972224166881 -0.000343656240006869
-0.000501696776502278 -0.000339326540110531
-0.000436276795348162 -0.000344452120648885
-0.000392475054946834 -0.000374630275995738
-0.000574350129670822 -0.000364935743174181
-0.000435582958067891 -0.000394865036087207
-0.000427768919081088 -0.000396710607229408
-0.000676383568221990 -0.000371442546321554
-0.000350953728731586 -0.000393970552486739
-0.000572532871442005 -0.000361918141201492
-0.000633665731573732 -0.000345348528204654
-0.000337065633913324 -0.000375587820194842
-0.000707633606722095 -0.000334153434739114
-0.000532006975222956 -0.000365072171729913
-0.000380410410038005 -0.000377452617254769
-0.000804281575637850 -0.000362494096726366
-0.000347219735224252 -0.000412570924020110
-0.000575560758760529 -0.000394493930127943
-0.000743353331490351 -0.000397494290986213
-0.000327275945992689 -0.000443486224949432
-0.000760050988982672 -0.000380548986366901
-0.000642057072440610 -0.000432604335303920
-0.000375354577427304 -0.000434497986601816
-0.000900260268289925 -0.000384152068056210
-0.000419225167603475 -0.000459949172397269
-0.000590515082765624 -0.000424510925111775
-0.000783616570663982 -0.000406925769108453
-0.000383645244065270 -0.000491965662909911
-0.000720723370425835 -0.000410109234055335
-0.000689336624868784 -0.000469389293956896
-0.000399764199255730 -0.000486443044745488
-0.000888310187269212 -0.000427145182838637
-0.000485088096701579 -0.000504579245480186
-0.000626944777569857 -0.000464755333438526
-0.000796843465396518 -0.000439975246288334
-0.000482511356432128 -0.000522084086044397
-0.000709683131748288 -0.000424676726649380
-0.000772395513007596 -0.000492122867170295
-0.000447226099667178 -0.000500615417842557
-0.000911843585962619 -0.000451123899835440
-0.000567765400425533 -0.000528829354031713
-0.000691064005590809 -0.000508459449010362
-0.000797649876173256 -0.000477928665206024
-0.000667146685915255 -0.000566234247062884
-0.000676752931213506 -0.000473917334441473
-0.000924496998987449 -0.000529825157189234
-0.000516260691675227 -0.000527008221748063
-0.000946230606041959 -0.000494332636303078
-0.000676916342234421 -0.000534927086769181
-0.000756675070033113 -0.000542658513760024
-0.000786935217794917 -0.000497089669573075
-0.000824884176433773 -0.000598539457385034
-0.000603040750145733 -0.000515957307087415
-0.001032104895493814 -0.000582859964489553
-0.000546231629464221 -0.000582324302154052
-0.000973212740285087 -0.000570697606272069
-0.000736104230220084 -0.000587314547377241
-0.000868075782509400 -0.000619171208531101
-0.000743984894321568 -0.000551627451159402
-0.001026553859447671 -0.000647354887820041
-0.000558407716483121 -0.000564362043564695
-0.001160847820626365 -0.000623421312693904
-0.000572638570394243 -0.000598364933091671
-0.001052880593760287 -0.000627964305725592
-0.000713052000144395 -0.000590780058063342
-0.001023332426673807 -0.000678539940989127
-0.000641593278899346 -0.000579883495087750
-0.001219348558337747 -0.000698205420754344
-0.000497556760347814 -0.000614562723023399
-0.001314607348488735 -0.000679889885771090
-0.000566419915557019 -0.000639903732543066
-0.001227157276364165 -0.000697585787524003
-0.000673009545227816 -0.000615493517851137
-0.001254532131247060 -0.000741511056165121
-0.000576010085310445 -0.000606511856900400
-0.001439514508535671 -0.000748265385950945
-0.000450393483030526 -0.000641360004246818
-0.001514827875922633 -0.000746007675515006
-0.000494081214560040 -0.000655434485683260
-0.001477653747740195 -0.000787402840126016
-0.000530139570387616 -0.000633369407378806
-0.001570664479538658 -0.000831565516842957
-0.000399981079974040 -0.000637986121672414
-0.001762591967433040 -0.000830816581390587
-0.000283058767221941 -0.000671150387259124
-0.001836695292617179 -0.000833866413188505
-0.000322519772866435 -0.000673573836059501
-0.001788651199324073 -0.000880637885157535
+0.001323852236698792 -0.000660300224291800
-0.001867665011032828 -0.000878637916611925
+0.001933453918696645 -0.000543898514838341
-0.000913359295693905 -0.001045023437526243
-0.000779460999147661 -0.000338792245523412
-0.004491875014405301 -0.001114824773171338
-0.000035673616242327 -0.000529153849361114
-0.004501356199409697 -0.001117440474610890
