00000 +0.288
00010 +0.296
00020 +0.313
00030 +0.328
00040 +0.333
00050 +0.327
00060 +0.314
00070 +0.297
00080 +0.283
00090 +0.281
00100 +0.300
00110 +0.341
00120 +0.394
00130 +0.440
00140 +0.465
00150 +0.467
00160 +0.452
00170 +0.427
00180 +0.403
00190 +0.387
00200 +0.387
00210 +0.405
00220 +0.438
00230 +0.478
00240 +0.510
00250 +0.527
00260 +0.525
00270 +0.508
00280 +0.484
00290 +0.462
00300 +0.448
00310 +0.450
00320 +0.470
00330 +0.504
00340 +0.545
00350 +0.582
00360 +0.606
00370 +0.613
00380 +0.608
00390 +0.597
00400 +0.591
00410 +0.599
00420 +0.630
00430 +0.686
00440 +0.764
00450 +0.850
00460 +0.932
00470 +0.995
00480 +1.039
00490 +1.069
00500 +1.098
00510 +1.142
00520 +1.210
00530 +1.307
00540 +1.422
00550 +1.536
00560 +1.626
00570 +1.675
00580 +1.684
00590 +1.667
00600 +1.641
00610 +1.623
00620 +1.623
00630 +1.641
00640 +1.670
00650 +1.696
00660 +1.705
00670 +1.688
00680 +1.648
00690 +1.593
00700 +1.536
00710 +1.488
00720 +1.460
00730 +1.453
00740 +1.466
00750 +1.490
00760 +1.513
00770 +1.523
00780 +1.516
00790 +1.493
00800 +1.464
00810 +1.443
00820 +1.442
00830 +1.470
00840 +1.528
00850 +1.607
00860 +1.692
00870 +1.764
00880 +1.809
00890 +1.827
00900 +1.828
00910 +1.827
00920 +1.839
00930 +1.870
00940 +1.918
00950 +1.972
00960 +2.019
00970 +2.046
00980 +2.047
00990 +2.025
01000 +1.990
01010 +1.954
01020 +1.929
01030 +1.920
01040 +1.929
01050 +1.949
01060 +1.973
01070 +1.990
01080 +1.994
01090 +1.982
01100 +1.958
01110 +1.931
01120 +1.908
01130 +1.898
01140 +1.905
01150 +1.928
01160 +1.961
01170 +1.997
01180 +2.027
01190 +2.045
01200 +2.051
01210 +2.049
01220 +2.046
01230 +2.052
01240 +2.075
01250 +2.115
01260 +2.172
01270 +2.238
01280 +2.304
01290 +2.360
01300 +2.401
01310 +2.428
01320 +2.448
01330 +2.469
01340 +2.500
01350 +2.546
01360 +2.607
01370 +2.676
01380 +2.742
01390 +2.794
01400 +2.825
01410 +2.834
01420 +2.824
01430 +2.805
01440 +2.789
01450 +2.782
01460 +2.786
01470 +2.797
01480 +2.808
01490 +2.808
01500 +2.789
01510 +2.747
01520 +2.684
01530 +2.609
01540 +2.534
01550 +2.469
01560 +2.421
01570 +2.391
01580 +2.373
01590 +2.358
01600 +2.334
01610 +2.295
01620 +2.240
01630 +2.178
01640 +2.124
01650 +2.090
01660 +2.086
01670 +2.109
01680 +2.150
01690 +2.196
01700 +2.232
01710 +2.249
01720 +2.245
01730 +2.228
01740 +2.210
01750 +2.202
01760 +2.213
01770 +2.243
01780 +2.285
01790 +2.328
01800 +2.361
01810 +2.376
01820 +2.369
01830 +2.346
01840 +2.317
01850 +2.293
01860 +2.283
01870 +2.292
01880 +2.315
01890 +2.345
01900 +2.371
01910 +2.384
01920 +2.380
01930 +2.359
01940 +2.329
01950 +2.303
01960 +2.291
01970 +2.299
01980 +2.327
01990 +2.368
02000 +2.413
02010 +2.452
02020 +2.477
02030 +2.488
02040 +2.489
02050 +2.491
02060 +2.504
02070 +2.535
02080 +2.584
02090 +2.645
02100 +2.710
02110 +2.767
02120 +2.808
02130 +2.830
02140 +2.835
02150 +2.832
02160 +2.828
02170 +2.833
02180 +2.851
02190 +2.879
02200 +2.910
02210 +2.936
02220 +2.948
02230 +2.943
02240 +2.920
02250 +2.885
02260 +2.847
02270 +2.816
02280 +2.799
02290 +2.796
02300 +2.804
02310 +2.814
02320 +2.819
02330 +2.812
02340 +2.791
02350 +2.760
02360 +2.728
02370 +2.705
02380 +2.699
02390 +2.713
02400 +2.746
02410 +2.789
02420 +2.835
02430 +2.875
02440 +2.906
02450 +2.929
02460 +2.948
02470 +2.974
02480 +3.012
02490 +3.068
02500 +3.140
02510 +3.222
02520 +3.304
02530 +3.379
02540 +3.439
02550 +3.483
02560 +3.513
02570 +3.536
02580 +3.561
02590 +3.594
02600 +3.636
02610 +3.684
02620 +3.731
02630 +3.768
02640 +3.786
02650 +3.783
02660 +3.759
02670 +3.720
02680 +3.677
02690 +3.638
02700 +3.609
02710 +3.588
02720 +3.571
02730 +3.548
02740 +3.513
02750 +3.462
02760 +3.397
02770 +3.326
02780 +3.262
02790 +3.214
02800 +3.191
02810 +3.191
02820 +3.209
02830 +3.239
02840 +3.271
02850 +3.301
02860 +3.327
02870 +3.351
02880 +3.377
02890 +3.409
02900 +3.451
02910 +3.503
02920 +3.560
02930 +3.618
02940 +3.667
02950 +3.703
02960 +3.721
02970 +3.720
02980 +3.705
02990 +3.681
03000 +3.656
03010 +3.635
03020 +3.619
03030 +3.605
03040 +3.587
03050 +3.559
03060 +3.515
03070 +3.455
03080 +3.382
03090 +3.303
03100 +3.228
03110 +3.164
03120 +3.113
03130 +3.076
03140 +3.045
03150 +3.014
03160 +2.978
03170 +2.936
03180 +2.890
03190 +2.846
03200 +2.813
03210 +2.798
03220 +2.803
03230 +2.827
03240 +2.864
03250 +2.908
03260 +2.954
03270 +2.999
03280 +3.042
03290 +3.085
03300 +3.134
03310 +3.193
03320 +3.264
03330 +3.347
03340 +3.439
03350 +3.535
03360 +3.629
03370 +3.716
03380 +3.792
03390 +3.857
03400 +3.913
03410 +3.963
03420 +4.011
03430 +4.060
03440 +4.110
03450 +4.158
03460 +4.199
03470 +4.226
03480 +4.233
03490 +4.218
03500 +4.181
03510 +4.127
03520 +4.064
03530 +3.998
03540 +3.936
03550 +3.877
03560 +3.816
03570 +3.748
03580 +3.665
03590 +3.567
03600 +3.455
03610 +3.338
03620 +3.228
03630 +3.135
03640 +3.064
03650 +3.015
03660 +2.981
03670 +2.956
03680 +2.933
03690 +2.909
03700 +2.886
03710 +2.870
03720 +2.868
03730 +2.885
03740 +2.921
03750 +2.975
03760 +3.040
03770 +3.109
03780 +3.176
03790 +3.236
03800 +3.288
03810 +3.333
03820 +3.373
03830 +3.411
03840 +3.449
03850 +3.486
03860 +3.520
03870 +3.547
03880 +3.561
03890 +3.558
03900 +3.532
03910 +3.483
03920 +3.412
03930 +3.324
03940 +3.225
03950 +3.121
03960 +3.016
03970 +2.911
03980 +2.803
03990 +2.688
04000 +2.564
04010 +2.430
04020 +2.294
04030 +2.163
04040 +2.050
04050 +1.964
04060 +1.908
04070 +1.883
04080 +1.881
04090 +1.895
04100 +1.920
04110 +1.953
04120 +1.995
04130 +2.051
04140 +2.124
04150 +2.216
04160 +2.327
04170 +2.452
04180 +2.586
04190 +2.722
04200 +2.855
04210 +2.980
04220 +3.098
04230 +3.209
04240 +3.316
04250 +3.423
04260 +3.530
04270 +3.638
04280 +3.745
04290 +3.847
04300 +3.940
04310 +4.022
04320 +4.089
04330 +4.142
04340 +4.184
04350 +4.219
04360 +4.250
04370 +4.282
04380 +4.315
04390 +4.348
04400 +4.377
04410 +4.400
04420 +4.415
04430 +4.420
04440 +4.418
04450 +4.414
04460 +4.411
04470 +4.416
04480 +4.430
04490 +4.454
04500 +4.484
04510 +4.518
04520 +4.551
04530 +4.582
04540 +4.610
04550 +4.637
04560 +4.669
04570 +4.708
04580 +4.758
04590 +4.818
04600 +4.886
04610 +4.959
04620 +5.031
04630 +5.098
04640 +5.159
04650 +5.213
04660 +5.262
04670 +5.311
04680 +5.361
04690 +5.416
04700 +5.474
04710 +5.533
04720 +5.588
04730 +5.634
04740 +5.667
04750 +5.688
04760 +5.697
04770 +5.699
04780 +5.698
04790 +5.700
04800 +5.706
04810 +5.716
04820 +5.726
04830 +5.733
04840 +5.733
04850 +5.723
04860 +5.705
04870 +5.683
04880 +5.664
04890 +5.652
04900 +5.652
04910 +5.664
04920 +5.684
04930 +5.709
04940 +5.731
04950 +5.747
04960 +5.756
04970 +5.760
04980 +5.761
04990 +5.766
05000 +5.777
05010 +5.794
05020 +5.817
05030 +5.838
05040 +5.852
05050 +5.853
05060 +5.836
05070 +5.803
05080 +5.755
05090 +5.699
05100 +5.639
05110 +5.582
05120 +5.529
05130 +5.477
05140 +5.420
05150 +5.353
05160 +5.272
05170 +5.176
05180 +5.070
05190 +4.962
05200 +4.860
05210 +4.772
05220 +4.702
05230 +4.648
05240 +4.603
05250 +4.560
05260 +4.514
05270 +4.462
05280 +4.409
05290 +4.359
05300 +4.322
05310 +4.304
05320 +4.307
05330 +4.329
05340 +4.362
05350 +4.401
05360 +4.436
05370 +4.465
05380 +4.489
05390 +4.511
05400 +4.536
05410 +4.571
05420 +4.620
05430 +4.681
05440 +4.751
05450 +4.822
05460 +4.887
05470 +4.942
05480 +4.983
05490 +5.015
05500 +5.041
05510 +5.069
05520 +5.105
05530 +5.151
05540 +5.206
05550 +5.264
05560 +5.318
05570 +5.362
05580 +5.393
05590 +5.412
05600 +5.424
05610 +5.436
05620 +5.456
05630 +5.487
05640 +5.531
05650 +5.582
05660 +5.634
05670 +5.680
05680 +5.716
05690 +5.740
05700 +5.757
05710 +5.771
05720 +5.789
05730 +5.817
05740 +5.857
05750 +5.904
05760 +5.954
05770 +6.000
05780 +6.036
05790 +6.058
05800 +6.068
05810 +6.070
05820 +6.068
05830 +6.070
05840 +6.079
05850 +6.095
05860 +6.117
05870 +6.137
05880 +6.148
05890 +6.147
05900 +6.131
05910 +6.103
05920 +6.068
05930 +6.035
05940 +6.010
05950 +5.998
05960 +5.997
05970 +6.003
05980 +6.007
05990 +6.004
06000 +5.988
06010 +5.961
06020 +5.928
06030 +5.897
06040 +5.875
06050 +5.868
06060 +5.878
06070 +5.898
06080 +5.921
06090 +5.939
06100 +5.944
06110 +5.936
06120 +5.918
06130 +5.895
06140 +5.877
06150 +5.870
06160 +5.876
06170 +5.892
06180 +5.911
06190 +5.925
06200 +5.926
06210 +5.911
06220 +5.880
06230 +5.839
06240 +5.796
06250 +5.760
06260 +5.738
06270 +5.729
06280 +5.730
06290 +5.733
06300 +5.728
06310 +5.710
06320 +5.679
06330 +5.639
06340 +5.597
06350 +5.566
06360 +5.552
06370 +5.560
06380 +5.585
06390 +5.620
06400 +5.652
06410 +5.676
06420 +5.687
06430 +5.687
06440 +5.685
06450 +5.690
06460 +5.709
06470 +5.747
06480 +5.802
06490 +5.865
06500 +5.926
06510 +5.976
06520 +6.009
06530 +6.026
06540 +6.032
06550 +6.035
06560 +6.044
06570 +6.063
06580 +6.094
06590 +6.131
06600 +6.167
06610 +6.191
06620 +6.199
06630 +6.188
06640 +6.161
06650 +6.125
06660 +6.089
06670 +6.062
06680 +6.049
06690 +6.049
06700 +6.056
06710 +6.061
06720 +6.055
06730 +6.035
06740 +6.001
06750 +5.958
06760 +5.917
06770 +5.886
06780 +5.873
06790 +5.879
06800 +5.899
06810 +5.924
06820 +5.943
06830 +5.950
06840 +5.942
06850 +5.924
06860 +5.902
06870 +5.888
06880 +5.887
06890 +5.903
06900 +5.933
06910 +5.969
06920 +6.000
06930 +6.020
06940 +6.024
06950 +6.013
06960 +5.992
06970 +5.971
06980 +5.956
06990 +5.954
07000 +5.966
07010 +5.985
07020 +6.006
07030 +6.019
07040 +6.019
07050 +6.003
07060 +5.975
07070 +5.941
07080 +5.911
07090 +5.892
07100 +5.889
07110 +5.902
07120 +5.922
07130 +5.943
07140 +5.954
07150 +5.951
07160 +5.934
07170 +5.908
07180 +5.882
07190 +5.865
07200 +5.863
07210 +5.879
07220 +5.906
07230 +5.937
07240 +5.960
07250 +5.969
07260 +5.961
07270 +5.940
07280 +5.913
07290 +5.888
07300 +5.875
07310 +5.876
07320 +5.890
07330 +5.910
07340 +5.928
07350 +5.933
07360 +5.923
07370 +5.897
07380 +5.860
07390 +5.821
07400 +5.789
07410 +5.771
07420 +5.770
07430 +5.784
07440 +5.803
07450 +5.818
07460 +5.821
07470 +5.808
07480 +5.783
07490 +5.751
07500 +5.723
07510 +5.710
07520 +5.717
07530 +5.744
07540 +5.784
07550 +5.825
07560 +5.856
07570 +5.869
07580 +5.864
07590 +5.848
07600 +5.830
07610 +5.822
07620 +5.832
07630 +5.863
07640 +5.907
07650 +5.955
07660 +5.994
07670 +6.015
07680 +6.015
07690 +5.999
07700 +5.974
07710 +5.954
07720 +5.947
07730 +5.958
07740 +5.987
07750 +6.024
07760 +6.057
07770 +6.077
07780 +6.078
07790 +6.060
07800 +6.031
07810 +6.000
07820 +5.980
07830 +5.978
07840 +5.996
07850 +6.029
07860 +6.067
07870 +6.097
07880 +6.109
07890 +6.100
07900 +6.074
07910 +6.040
07920 +6.010
07930 +5.993
07940 +5.995
07950 +6.015
07960 +6.041
07970 +6.062
07980 +6.066
07990 +6.046
08000 +6.004
08010 +5.947
08020 +5.887
08030 +5.836
08040 +5.801
08050 +5.786
08060 +5.782
08070 +5.780
08080 +5.768
08090 +5.737
08100 +5.685
08110 +5.617
08120 +5.543
08130 +5.476
08140 +5.427
08150 +5.402
08160 +5.399
08170 +5.410
08180 +5.422
08190 +5.426
08200 +5.414
08210 +5.387
08220 +5.354
08230 +5.326
08240 +5.315
08250 +5.331
08260 +5.375
08270 +5.441
08280 +5.516
08290 +5.586
08300 +5.640
08310 +5.675
08320 +5.694
08330 +5.708
08340 +5.729
08350 +5.769
08360 +5.833
08370 +5.916
08380 +6.008
08390 +6.093
08400 +6.159
08410 +6.200
08420 +6.216
08430 +6.216
08440 +6.214
08450 +6.222
08460 +6.247
08470 +6.292
08480 +6.348
08490 +6.404
08500 +6.446
08510 +6.465
08520 +6.460
08530 +6.435
08540 +6.403
08550 +6.376
08560 +6.365
08570 +6.376
08580 +6.408
08590 +6.450
08600 +6.490
08610 +6.514
08620 +6.518
08630 +6.500
08640 +6.470
08650 +6.440
08660 +6.423
08670 +6.429
08680 +6.459
08690 +6.508
08700 +6.560
08710 +6.602
08720 +6.622
08730 +6.617
08740 +6.591
08750 +6.556
08760 +6.527
08770 +6.514
08780 +6.524
08790 +6.554
08800 +6.592
08810 +6.625
08820 +6.637
08830 +6.623
08840 +6.585
08850 +6.532
08860 +6.477
08870 +6.435
08880 +6.415
08890 +6.418
08900 +6.439
08910 +6.464
08920 +6.478
08930 +6.472
08940 +6.443
08950 +6.397
08960 +6.345
08970 +6.303
08980 +6.283
08990 +6.291
09000 +6.326
09010 +6.376
09020 +6.427
09030 +6.463
09040 +6.477
09050 +6.471
09060 +6.453
09070 +6.438
09080 +6.440
09090 +6.469
09100 +6.526
09110 +6.604
09120 +6.685
09130 +6.754
09140 +6.799
09150 +6.816
09160 +6.812
09170 +6.800
09180 +6.795
09190 +6.810
09200 +6.850
09210 +6.911
09220 +6.980
09230 +7.039
09240 +7.076
09250 +7.083
09260 +7.063
09270 +7.028
09280 +6.993
09290 +6.971
09300 +6.972
09310 +6.996
09320 +7.034
09330 +7.071
09340 +7.092
09350 +7.088
09360 +7.056
09370 +7.004
09380 +6.945
09390 +6.893
09400 +6.859
09410 +6.850
09420 +6.861
09430 +6.879
09440 +6.889
09450 +6.879
09460 +6.843
09470 +6.783
09480 +6.710
09490 +6.636
09500 +6.576
09510 +6.539
09520 +6.523
09530 +6.523
09540 +6.523
09550 +6.511
09560 +6.477
09570 +6.419
09580 +6.343
09590 +6.261
09600 +6.185
09610 +6.127
09620 +6.092
09630 +6.077
09640 +6.071
09650 +6.062
09660 +6.038
09670 +5.993
09680 +5.927
09690 +5.848
09700 +5.768
09710 +5.699
09720 +5.649
09730 +5.621
09740 +5.610
09750 +5.606
09760 +5.596
09770 +5.569
09780 +5.520
09790 +5.453
09800 +5.376
09810 +5.301
09820 +5.241
09830 +5.203
09840 +5.190
09850 +5.194
09860 +5.202
09870 +5.201
09880 +5.181
09890 +5.138
09900 +5.078
09910 +5.014
09920 +4.961
09930 +4.931
09940 +4.930
09950 +4.957
09960 +4.999
09970 +5.041
09980 +5.067
09990 +5.069
10000 +5.050
10010 +5.020
10020 +4.994
10030 +4.987
10040 +5.010
10050 +5.063
10060 +5.136
10070 +5.214
10080 +5.279
10090 +5.320
10100 +5.333
10110 +5.325
10120 +5.310
10130 +5.304
10140 +5.318
10150 +5.359
10160 +5.422
10170 +5.493
10180 +5.557
10190 +5.598
10200 +5.608
10210 +5.590
10220 +5.552
10230 +5.511
10240 +5.481
10250 +5.474
10260 +5.491
10270 +5.523
10280 +5.557
10290 +5.575
10300 +5.565
10310 +5.523
10320 +5.455
10330 +5.375
10340 +5.300
10350 +5.244
10360 +5.214
10370 +5.209
10380 +5.217
10390 +5.221
10400 +5.205
10410 +5.160
10420 +5.089
10430 +5.000
10440 +4.911
10450 +4.838
10460 +4.792
10470 +4.777
10480 +4.786
10490 +4.803
10500 +4.812
10510 +4.799
10520 +4.760
10530 +4.701
10540 +4.633
10550 +4.574
10560 +4.537
10570 +4.531
10580 +4.554
10590 +4.595
10600 +4.639
10610 +4.668
10620 +4.672
10630 +4.650
10640 +4.610
10650 +4.565
10660 +4.532
10670 +4.526
10680 +4.550
10690 +4.601
10700 +4.664
10710 +4.721
10720 +4.757
10730 +4.765
10740 +4.746
10750 +4.712
10760 +4.681
10770 +4.672
10780 +4.694
10790 +4.751
10800 +4.831
10810 +4.917
10820 +4.991
10830 +5.039
10840 +5.058
10850 +5.056
10860 +5.048
10870 +5.055
10880 +5.092
10890 +5.166
10900 +5.270
10910 +5.391
10920 +5.510
10930 +5.608
10940 +5.678
10950 +5.720
10960 +5.746
10970 +5.772
10980 +5.818
10990 +5.896
11000 +6.006
11010 +6.141
11020 +6.283
11030 +6.412
11040 +6.512
11050 +6.578
11060 +6.614
11070 +6.635
11080 +6.661
11090 +6.709
11100 +6.790
11110 +6.902
11120 +7.031
11130 +7.157
11140 +7.258
11150 +7.323
11160 +7.348
11170 +7.345
11180 +7.336
11190 +7.343
11200 +7.384
11210 +7.464
11220 +7.574
11230 +7.694
11240 +7.799
11250 +7.871
11260 +7.903
11270 +7.903
11280 +7.889
11290 +7.887
11300 +7.918
11310 +7.989
11320 +8.097
11330 +8.224
11340 +8.347
11350 +8.442
11360 +8.499
11370 +8.518
11380 +8.514
11390 +8.507
11400 +8.518
11410 +8.561
11420 +8.637
11430 +8.736
11440 +8.836
11450 +8.917
11460 +8.960
11470 +8.961
11480 +8.924
11490 +8.868
11500 +8.813
11510 +8.778
11520 +8.773
11530 +8.795
11540 +8.831
11550 +8.862
11560 +8.867
11570 +8.832
11580 +8.759
11590 +8.658
11600 +8.552
11610 +8.463
11620 +8.409
11630 +8.397
11640 +8.422
11650 +8.464
11660 +8.503
11670 +8.519
11680 +8.506
11690 +8.469
11700 +8.426
11710 +8.401
11720 +8.414
11730 +8.477
11740 +8.587
11750 +8.726
11760 +8.874
11770 +9.006
11780 +9.110
11790 +9.182
11800 +9.233
11810 +9.283
11820 +9.351
11830 +9.450
11840 +9.584
11850 +9.742
11860 +9.907
11870 +10.055
11880 +10.171
11890 +10.245
11900 +10.281
11910 +10.294
11920 +10.302
11930 +10.323
11940 +10.367
11950 +10.434
11960 +10.512
11970 +10.582
11980 +10.628
11990 +10.636
12000 +10.602
12010 +10.535
12020 +10.452
12030 +10.373
12040 +10.313
12050 +10.280
12060 +10.270
12070 +10.271
12080 +10.264
12090 +10.234
12100 +10.171
12110 +10.076
12120 +9.960
12130 +9.843
12140 +9.743
12150 +9.674
12160 +9.640
12170 +9.634
12180 +9.641
12190 +9.641
12200 +9.621
12210 +9.572
12220 +9.501
12230 +9.421
12240 +9.352
12250 +9.312
12260 +9.310
12270 +9.346
12280 +9.407
12290 +9.476
12300 +9.532
12310 +9.562
12320 +9.564
12330 +9.546
12340 +9.523
12350 +9.517
12360 +9.540
12370 +9.598
12380 +9.685
12390 +9.786
12400 +9.879
12410 +9.948
12420 +9.981
12430 +9.981
12440 +9.960
12450 +9.936
12460 +9.927
12470 +9.946
12480 +9.994
12490 +10.062
12500 +10.131
12510 +10.181
12520 +10.199
12530 +10.177
12540 +10.124
12550 +10.055
12560 +9.991
12570 +9.949
12580 +9.939
12590 +9.957
12600 +9.991
12610 +10.022
12620 +10.030
12630 +10.004
12640 +9.944
12650 +9.860
12660 +9.773
12670 +9.703
12680 +9.664
12690 +9.660
12700 +9.684
12710 +9.719
12720 +9.743
12730 +9.741
12740 +9.705
12750 +9.639
12760 +9.559
12770 +9.485
12780 +9.436
12790 +9.423
12800 +9.443
12810 +9.484
12820 +9.527
12830 +9.554
12840 +9.550
12850 +9.513
12860 +9.454
12870 +9.388
12880 +9.338
12890 +9.319
12900 +9.337
12910 +9.386
12920 +9.451
12930 +9.514
12940 +9.555
12950 +9.566
12960 +9.549
12970 +9.516
12980 +9.486
12990 +9.480
13000 +9.511
13010 +9.580
13020 +9.679
13030 +9.789
13040 +9.891
13050 +9.968
13060 +10.011
13070 +10.026
13080 +10.028
13090 +10.040
13100 +10.079
13110 +10.158
13120 +10.273
13130 +10.411
13140 +10.548
13150 +10.662
13160 +10.737
13170 +10.769
13180 +10.769
13190 +10.759
13200 +10.763
13210 +10.799
13220 +10.873
13230 +10.977
13240 +11.090
13250 +11.186
13260 +11.243
13270 +11.251
13280 +11.215
13290 +11.154
13300 +11.095
13310 +11.062
13320 +11.071
13330 +11.118
13340 +11.188
13350 +11.257
13360 +11.299
13370 +11.297
13380 +11.248
13390 +11.165
13400 +11.074
13410 +11.001
13420 +10.969
13430 +10.982
13440 +11.033
13450 +11.099
13460 +11.154
13470 +11.173
13480 +11.144
13490 +11.073
13500 +10.978
13510 +10.889
13520 +10.831
13530 +10.821
13540 +10.857
13550 +10.923
13560 +10.990
13570 +11.030
13580 +11.024
13590 +10.967
13600 +10.874
13610 +10.772
13620 +10.694
13630 +10.661
13640 +10.681
13650 +10.744
13660 +10.824
13670 +10.892
13680 +10.922
13690 +10.903
13700 +10.842
13710 +10.762
13720 +10.698
13730 +10.676
13740 +10.713
13750 +10.805
13760 +10.931
13770 +11.063
13780 +11.169
13790 +11.230
13800 +11.243
13810 +11.224
13820 +11.202
13830 +11.210
13840 +11.269
13850 +11.384
13860 +11.541
13870 +11.711
13880 +11.862
13890 +11.964
13900 +12.002
13910 +11.986
13920 +11.939
13930 +11.899
13940 +11.896
13950 +11.945
13960 +12.041
13970 +12.160
13980 +12.266
13990 +12.326
14000 +12.318
14010 +12.242
14020 +12.122
14030 +11.996
14040 +11.901
14050 +11.862
14060 +11.880
14070 +11.936
14080 +11.996
14090 +12.024
14100 +11.994
14110 +11.900
14120 +11.759
14130 +11.607
14140 +11.480
14150 +11.408
14160 +11.398
14170 +11.438
14180 +11.499
14190 +11.545
14200 +11.548
14210 +11.495
14220 +11.392
14230 +11.267
14240 +11.152
14250 +11.077
14260 +11.057
14270 +11.087
14280 +11.147
14290 +11.206
14300 +11.236
14310 +11.215
14320 +11.140
14330 +11.027
14340 +10.905
14350 +10.804
14360 +10.746
14370 +10.739
14380 +10.772
14390 +10.821
14400 +10.858
14410 +10.857
14420 +10.806
14430 +10.712
14440 +10.597
14450 +10.493
14460 +10.428
14470 +10.417
14480 +10.461
14490 +10.541
14500 +10.631
14510 +10.703
14520 +10.739
14530 +10.736
14540 +10.708
14550 +10.684
14560 +10.692
14570 +10.753
14580 +10.872
14590 +11.038
14600 +11.225
14610 +11.402
14620 +11.544
14630 +11.635
14640 +11.679
14650 +11.693
14660 +11.704
14670 +11.735
14680 +11.799
14690 +11.893
14700 +11.997
14710 +12.083
14720 +12.123
14730 +12.097
14740 +12.004
14750 +11.860
14760 +11.695
14770 +11.538
14780 +11.414
14790 +11.327
14800 +11.268
14810 +11.216
14820 +11.142
14830 +11.026
14840 +10.860
14850 +10.653
14860 +10.429
14870 +10.216
14880 +10.038
14890 +9.910
14900 +9.828
14910 +9.776
14920 +9.731
14930 +9.669
14940 +9.575
14950 +9.450
14960 +9.307
14970 +9.168
14980 +9.060
14990 +9.000
15000 +8.994
15010 +9.034
15020 +9.102
15030 +9.176
15040 +9.235
15050 +9.268
15060 +9.276
15070 +9.273
15080 +9.280
15090 +9.317
15100 +9.400
15110 +9.529
15120 +9.694
15130 +9.875
15140 +10.047
15150 +10.188
15160 +10.289
15170 +10.353
15180 +10.394
15190 +10.437
15200 +10.504
15210 +10.608
15220 +10.747
15230 +10.905
15240 +11.057
15250 +11.177
15260 +11.245
15270 +11.256
15280 +11.222
15290 +11.169
15300 +11.126
15310 +11.115
15320 +11.143
15330 +11.203
15340 +11.272
15350 +11.324
15360 +11.334
15370 +11.293
15380 +11.206
15390 +11.096
15400 +10.991
15410 +10.920
15420 +10.898
15430 +10.926
15440 +10.990
15450 +11.064
15460 +11.119
15470 +11.136
15480 +11.107
15490 +11.044
15500 +10.972
15510 +10.923
15520 +10.922
15530 +10.980
15540 +11.092
15550 +11.231
15560 +11.364
15570 +11.456
15580 +11.488
15590 +11.459
15600 +11.393
15610 +11.327
15620 +11.296
15630 +11.323
15640 +11.408
15650 +11.528
15660 +11.646
15670 +11.721
15680 +11.725
15690 +11.655
15700 +11.532
15710 +11.396
15720 +11.290
15730 +11.242
15740 +11.261
15750 +11.331
15760 +11.422
15770 +11.495
15780 +11.519
15790 +11.481
15800 +11.394
15810 +11.287
15820 +11.200
15830 +11.166
15840 +11.204
15850 +11.311
15860 +11.466
15870 +11.637
15880 +11.785
15890 +11.883
15900 +11.922
15910 +11.917
15920 +11.900
15930 +11.912
15940 +11.984
15950 +12.131
15960 +12.343
15970 +12.592
15980 +12.834
15990 +13.026
16000 +13.139
16010 +13.172
16020 +13.154
16030 +13.133
16040 +13.155
16050 +13.248
16060 +13.414
16070 +13.628
16080 +13.845
16090 +14.014
16100 +14.096
16110 +14.079
16120 +13.992
16130 +13.883
16140 +13.806
16150 +13.798
16160 +13.871
16170 +14.008
16180 +14.173
16190 +14.316
16200 +14.393
16210 +14.382
16220 +14.294
16230 +14.168
16240 +14.054
16250 +13.997
16260 +14.024
16270 +14.134
16280 +14.301
16290 +14.474
16300 +14.597
16310 +14.623
16320 +14.541
16330 +14.377
16340 +14.187
16350 +14.034
16360 +13.961
16370 +13.981
16380 +14.071
16390 +14.175
16400 +14.224
16410 +14.161
16420 +13.969
16430 +13.682
16440 +13.367
16450 +13.093
16460 +12.909
16470 +12.831
16480 +12.839
16490 +12.885
16500 +12.908
16510 +12.855
16520 +12.707
16530 +12.485
16540 +12.240
16550 +12.028
16560 +11.895
16570 +11.862
16580 +11.926
16590 +12.056
16600 +12.205
16610 +12.325
16620 +12.377
16630 +12.354
16640 +12.276
16650 +12.187
16660 +12.132
16670 +12.151
16680 +12.262
16690 +12.458
16700 +12.708
16710 +12.961
16720 +13.160
16730 +13.262
16740 +13.257
16750 +13.175
16760 +13.073
16770 +13.012
16780 +13.036
16790 +13.158
16800 +13.359
16810 +13.588
16820 +13.773
16830 +13.852
16840 +13.797
16850 +13.632
16860 +13.422
16870 +13.238
16880 +13.139
16890 +13.149
16900 +13.260
16910 +13.428
16920 +13.588
16930 +13.674
16940 +13.647
16950 +13.510
16960 +13.311
16970 +13.115
16980 +12.981
16990 +12.948
17000 +13.022
17010 +13.179
17020 +13.369
17030 +13.524
17040 +13.586
17050 +13.527
17060 +13.362
17070 +13.147
17080 +12.949
17090 +12.823
17100 +12.800
17110 +12.875
17120 +13.010
17130 +13.134
17140 +13.168
17150 +13.060
17160 +12.813
17170 +12.481
17180 +12.145
17190 +11.875
17200 +11.718
17210 +11.682
17220 +11.733
17230 +11.808
17240 +11.828
17250 +11.735
17260 +11.521
17270 +11.226
17280 +10.920
17290 +10.675
17300 +10.538
17310 +10.527
17320 +10.625
17330 +10.784
17340 +10.936
17350 +11.021
17360 +11.004
17370 +10.897
17380 +10.746
17390 +10.613
17400 +10.552
17410 +10.597
17420 +10.754
17430 +11.001
17440 +11.288
17450 +11.548
17460 +11.722
17470 +11.777
17480 +11.726
17490 +11.619
17500 +11.522
17510 +11.497
17520 +11.579
17530 +11.775
17540 +12.052
17550 +12.345
17560 +12.571
17570 +12.660
17580 +12.592
17590 +12.409
17600 +12.193
17610 +12.028
17620 +11.976
17630 +12.062
17640 +12.271
17650 +12.550
17660 +12.814
17670 +12.979
17680 +12.996
17690 +12.879
17700 +12.694
17710 +12.528
17720 +12.455
17730 +12.520
17740 +12.730
17750 +13.059
17760 +13.445
17770 +13.806
17780 +14.061
17790 +14.166
17800 +14.132
17810 +14.024
17820 +13.925
17830 +13.908
17840 +14.018
17850 +14.264
17860 +14.606
17870 +14.950
17880 +15.165
17890 +15.133
17900 +14.829
17910 +14.343
17920 +13.816
17930 +13.375
17940 +13.096
17950 +12.999
17960 +13.043
17970 +13.133
17980 +13.142
17990 +12.966
18000 +12.586
18010 +12.078
18020 +11.556
18030 +11.127
18040 +10.857
18050 +10.774
18060 +10.852
18070 +11.022
18080 +11.182
18090 +11.232
18100 +11.121
18110 +10.872
18120 +10.562
18130 +10.281
18140 +10.107
18150 +10.085
18160 +10.222
18170 +10.489
18180 +10.820
18190 +11.129
18200 +11.334
18210 +11.388
18220 +11.304
18230 +11.142
18240 +10.987
18250 +10.920
18260 +11.002
18270 +11.258
18280 +11.671
18290 +12.170
18300 +12.632
18310 +12.920
18320 +12.951
18330 +12.756
18340 +12.459
18350 +12.209
18360 +12.127
18370 +12.284
18380 +12.692
18390 +13.294
18400 +13.958
18410 +14.493
18420 +14.730
18430 +14.633
18440 +14.329
18450 +14.017
18460 +13.861
18470 +13.966
18480 +14.371
18490 +15.059
18500 +15.944
18510 +16.870
18520 +17.616
18530 +17.993
18540 +17.989
18550 +17.781
18560 +17.591
18570 +17.588
18580 +17.863
18590 +18.453
18600 +19.342
18610 +20.432
18620 +21.471
18630 +22.016
18640 +21.734
18650 +20.819
18660 +19.742
18670 +18.840
18680 +18.271
18690 +18.089
18700 +18.285
18710 +18.765
18720 +19.305
18730 +19.546
18740 +19.200
18750 +18.351
18760 +17.341
18770 +16.470
18780 +15.909
18790 +15.737
18800 +15.975
18810 +16.581
18820 +17.423
18830 +18.241
18840 +18.687
18850 +18.562
18860 +18.031
18870 +17.437
18880 +17.048
18890 +17.013
18900 +17.400
18910 +18.222
18920 +19.433
18930 +20.883
18940 +22.198
18950 +22.795
18960 +22.422
18970 +21.518
18980 +20.621
18990 +20.023
19000 +19.847
19010 +20.154
19020 +20.970
19030 +22.232
19040 +23.615
19050 +24.291
19060 +23.587
19070 +22.080
19080 +20.610
19090 +19.542
19100 +18.995
19110 +19.031
19120 +19.700
19130 +21.050
19140 +23.120
19150 +25.860
19160 +28.538
19170 +28.817
19180 +26.692
19190 +24.430
19200 +22.698
19210 +21.505
19220 +20.790
19230 +20.499
19240 +20.588
19250 +21.034
19260 +21.848
19270 +23.071
19280 +24.698
19290 +26.336
19300 +26.602
19310 +24.829
19320 +22.552
19330 +20.749
19340 +19.586
19350 +19.018
19360 +18.991
19370 +19.493
19380 +20.583
19390 +22.416
19400 +25.146
19410 +27.609
19420 +25.786
19430 +22.277
19440 +19.769
19450 +18.339
19460 +17.782
19470 +17.961
19480 +18.833
19490 +20.455
19500 +22.822
19510 +24.613
19520 +22.721
19530 +19.397
19540 +16.914
19550 +15.445
19560 +14.809
19570 +14.822
19580 +15.359
19590 +16.366
19600 +17.836
19610 +19.662
19620 +21.111
19630 +20.668
19640 +18.705
19650 +16.820
19660 +15.553
19670 +14.874
19680 +14.654
19690 +14.793
19700 +15.248
19710 +16.032
19720 +17.204
19730 +18.810
19740 +20.589
19750 +21.297
19760 +19.955
19770 +17.951
19780 +16.379
19790 +15.414
19800 +14.997
19810 +15.087
19820 +15.719
19830 +17.050
19840 +19.379
19850 +22.549
19860 +22.178
19870 +18.184
19880 +15.246
19890 +13.604
19900 +12.892
19910 +12.873
19920 +13.457
19930 +14.659
19940 +16.393
19950 +17.359
19960 +15.189
19970 +11.903
19980 +9.539
19990 +8.286
20000 +7.882
20010 +8.062
20020 +8.659
20030 +9.554
20040 +10.478
20050 +10.602
20060 +8.973
20070 +6.368
20080 +4.239
20090 +3.185
20100 +3.081
20110 +3.578
20120 +4.418
20130 +5.445
20140 +6.425
20150 +6.742
20160 +5.476
20170 +2.808
20180 +0.167
20190 -1.119
20200 -0.775
20210 +0.526
20220 +2.249
20230 +4.205
20240 +6.196
20250 +7.283
20260 +5.727
20270 +2.141
20280 -1.256
20290 -2.148
20300 -0.364
20310 +1.955
20320 +3.623
20330 +4.197
20340 +3.817
20350 +2.961
20360 +2.019
20370 +1.195
20380 +0.582
20390 +0.227
20400 +0.152
20410 +0.356
20420 +0.820
20430 +1.504
20440 +2.353
20450 +3.278
20460 +4.125
20470 +4.656
20480 +4.628
20490 +4.029
20500 +3.181
20510 +2.524
20520 +2.352
20530 +2.726
20540 +3.537
20550 +4.626
20560 +5.823
20570 +6.900
20580 +7.491
20590 +7.235
20600 +6.221
20610 +5.007
20620 +4.148
20630 +3.911
20640 +4.274
20650 +5.075
20660 +6.141
20670 +7.299
20680 +8.274
20690 +8.596
20700 +7.896
20710 +6.494
20720 +5.125
20730 +4.319
20740 +4.217
20750 +4.695
20760 +5.557
20770 +6.625
20780 +7.680
20790 +8.315
20800 +7.977
20810 +6.608
20820 +4.899
20830 +3.595
20840 +3.060
20850 +3.257
20860 +3.959
20870 +4.937
20880 +5.974
20890 +6.735
20900 +6.649
20910 +5.310
20920 +3.147
20930 +1.102
20940 -0.023
20950 -0.019
20960 +0.734
20970 +1.825
20980 +3.062
20990 +4.392
21000 +5.450
21010 +4.640
21020 +4.752
21030 +5.705
21040 +6.554
21050 +7.189
21060 +7.582
21070 +7.714
21080 +7.589
21090 +7.238
21100 +6.717
21110 +6.094
21120 +5.444
21130 +4.843
21140 +4.380
21150 +4.149
21160 +4.231
21170 +4.647
21180 +5.312
21190 +6.020
21200 +6.498
21210 +6.539
21220 +6.144
21230 +5.496
21240 +4.829
21250 +4.355
21260 +4.237
21270 +4.562
21280 +5.301
21290 +6.287
21300 +7.236
21310 +7.803
21320 +7.758
21330 +7.171
21340 +6.334
21350 +5.560
21360 +5.100
21370 +5.120
21380 +5.664
21390 +6.634
21400 +7.802
21410 +8.821
21420 +9.271
21430 +8.921
21440 +7.969
21450 +6.849
21460 +5.944
21470 +5.516
21480 +5.690
21490 +6.423
21500 +7.540
21510 +8.762
21520 +9.665
21530 +9.756
21540 +8.910
21550 +7.563
21560 +6.278
21570 +5.455
21580 +5.296
21590 +5.788
21600 +6.756
21610 +7.932
21620 +8.935
21630 +9.256
21640 +8.610
21650 +7.312
21660 +5.946
21670 +4.950
21680 +4.542
21690 +4.731
21700 +5.373
21710 +6.246
21720 +7.077
21730 +7.532
21740 +7.327
21750 +6.470
21760 +5.282
21770 +4.166
21780 +3.440
21790 +3.279
21800 +3.680
21810 +4.496
21820 +5.492
21830 +6.351
21840 +6.676
21850 +6.199
21860 +5.074
21870 +3.760
21880 +2.723
21890 +2.300
21900 +2.609
21910 +3.518
21920 +4.739
21930 +5.882
21940 +6.440
21950 +6.031
21960 +4.821
21970 +3.363
21980 +2.185
21990 +1.666
22000 +1.940
22010 +2.847
22020 +4.051
22030 +5.162
22040 +5.769
22050 +5.608
22060 +4.795
22070 +3.723
22080 +2.796
22090 +2.314
22100 +2.420
22110 +3.072
22120 +4.090
22130 +5.240
22140 +6.258
22150 +6.852
22160 +6.818
22170 +6.209
22180 +5.328
22190 +4.540
22200 +4.144
22210 +4.304
22220 +5.011
22230 +6.125
22240 +7.446
22250 +8.691
22260 +9.434
22270 +9.263
22280 +8.239
22290 +6.906
22300 +5.830
22310 +5.372
22320 +5.634
22330 +6.494
22340 +7.749
22350 +9.162
22360 +10.356
22370 +10.680
22380 +9.729
22390 +8.042
22400 +6.470
22410 +5.540
22420 +5.394
22430 +5.894
22440 +6.809
22450 +7.916
22460 +8.951
22470 +9.485
22480 +9.065
22490 +7.772
22500 +6.235
22510 +5.047
22520 +4.492
22530 +4.571
22540 +5.126
22550 +5.973
22560 +6.931
22570 +7.734
22580 +7.955
22590 +7.221
22600 +5.732
22610 +4.162
22620 +3.113
22630 +2.843
22640 +3.273
22650 +4.172
22660 +5.320
22670 +6.454
22680 +7.077
22690 +6.512
22700 +4.748
22710 +2.683
22720 +1.249
22730 +0.904
22740 +1.509
22750 +2.669
22760 +4.061
22770 +5.379
22780 +6.092
22790 +5.537
22800 +3.802
22810 +1.822
22820 +0.499
22830 +0.265
22840 +0.968
22850 +2.207
22860 +3.678
22870 +5.144
22880 +6.257
22890 +6.478
22900 +5.557
22910 +4.000
22920 +2.590
22930 +1.893
22940 +2.103
22950 +3.068
22960 +4.533
22970 +6.312
22980 +8.230
22990 +9.853
23000 +10.203
23010 +8.802
23020 +6.682
23030 +4.957
23040 +4.234
23050 +4.644
23060 +5.936
23070 +7.832
23080 +10.247
23090 +13.230
23100 +16.192
23110 +15.604
23120 +11.787
23130 +8.459
23140 +6.543
23150 +6.121
23160 +6.791
23170 +8.078
23180 +9.765
23190 +11.887
23200 +14.621
23210 +17.384
23220 +15.952
23230 +11.622
23240 +8.450
23250 +6.896
23260 +6.554
23270 +6.914
23280 +7.671
23290 +8.722
23300 +10.075
23310 +11.683
23320 +12.827
23330 +11.647
23340 +8.750
23350 +6.418
23360 +5.286
23370 +5.082
23380 +5.435
23390 +6.144
23400 +7.155
23410 +8.479
23420 +9.905
23430 +10.005
23440 +7.318
23450 +4.277
23460 +2.745
23470 +2.550
23480 +3.049
23490 +3.896
23500 +5.008
23510 +6.405
23520 +7.871
23530 +7.679
23540 +4.192
23550 +0.809
23560 -0.296
23570 +0.100
23580 +1.003
23590 +2.085
23600 +3.319
23610 +4.741
23620 +6.085
23630 +5.593
23640 +1.765
23650 -2.000
23660 -3.010
23670 -2.236
23680 -1.029
23690 +0.263
23700 +1.668
23710 +3.320
23720 +5.282
23730 +6.237
23740 +1.892
23750 -5.988
23760 -12.234
23770 -9.221
23780 -5.956
23790 -3.520
23800 -1.273
23810 +1.378
23820 +5.566
23830 +16.692
23840 +6.453
23850 -1.837
23860 -5.993
23870 -7.184
23880 -6.571
23890 -5.118
23900 -3.045
23910 -0.179
23920 +3.483
23930 +5.623
23940 +3.792
23950 +1.503
23960 -0.037
23970 -0.988
23980 -1.551
23990 -1.848
