+0.000467313205811442 -0.000677811800222241
+0.000518826705244625 +0.000199313442339759
+0.000521341545473246 +0.000174393870399090
+0.000570134655422943 -0.000299268787866167
+0.000525694422806009 +0.000554479638476067
+0.000549739136999239 -0.000793589292287025
+0.000550453063401359 -0.000131847196869598
+0.000583320337881200 +0.000530128947506855
+0.000587394793661025 -0.001539045001266851
+0.000650428477243953 +0.001442374692631225
+0.000736448920726894 -0.000573417979999985
+0.000720057612055371 +0.000620874920334708
+0.000794720592783666 -0.000346179567155498
+0.000720182132158376 +0.000653602918554527
+0.000764703394874481 -0.001513871483443289
+0.000728683326869645 +0.001855157398544818
+0.000724225252213547 -0.002523539262323054
+0.000780954936490626 +0.002521778442540826
+0.000650158363191874 -0.002653093818150556
+0.000809159803072509 +0.002270721431445631
+0.000751474704085133 -0.001692797937796314
+0.000744189966139505 +0.001155632934604322
+0.000857545326222990 -0.001317260478300685
+0.000797001755561614 +0.001453559208834286
+0.000840472665921681 -0.001934779856333833
+0.000876245927970273 +0.002769072368386827
+0.000783288884459531 -0.003723642838334203
+0.000834788529711976 +0.004339213398397190
+0.000741355767922326 -0.005793313142976210
+0.000832312357706139 +0.006599454778628099
+0.000737964644144822 -0.007522171775470971
+0.000811597667808876 +0.007465243676633019
+0.000795950484859548 -0.007912273479092187
+0.000833673651789213 +0.007661208311388255
+0.000841957603207263 -0.007926830700736992
+0.000867145439969849 +0.008067252753582367
+0.000854009238919961 -0.009852637586799388
+0.000841700565127140 +0.011887519056056131
+0.000852241050944898 -0.015960864749238163
+0.000914329972209728 +0.022535628053868322
+0.000816704910987102 -0.036093251210846666
+0.001078415653647367 +0.114172181272331530
+0.000973105479193945 +1.161504270532002669
+0.000974135613188362 +1.011044289083384395
+0.000841697770998095 +0.094522262004019114
+0.001032485654432541 -0.448402302514176732
+0.000974226106210452 -0.274298408674119587
+0.000950887449009133 -0.406551898218350971
+0.000976922334201115 -0.264716561560765007
+0.000993281124667109 -0.151755457327293758
+0.000951189429008072 +0.152052963412181552
+0.000954450762233920 +0.455727601140541616
+0.000457494827088958 +0.336133847960110255
+0.000740390779098828 -0.083778434523672007
+0.000869814871407164 -0.148596367593886058
+0.001060365685063304 -0.145075182421248006
+0.000735540886599722 -0.125188219527403499
+0.000842908021490421 -0.058522154037730895
+0.001151479317096502 +0.069224864680861448
+0.001862876697375070 +0.002028805605335787
+0.001324758711225581 -0.081869091505723135
+0.002065850688042581 -0.041428013781543704
+0.000691464294958844 -0.028982065819668026
+0.022894926659331658 -0.061129949803859024
+0.063970697153291262 +0.007111349939397369
+0.090707305350277628 +0.018578663326022614
+0.086130434648232779 +0.023823863598964573
+0.064218320204135412 +0.005079919256919981
+0.062715065324722069 -0.046086209556009741
+0.052254125160876463 -0.066488848773541318
+0.033410654013710697 -0.028968555888337019
+0.018679474639015922 +0.000697360467754487
+0.008065796626581521 +0.004431566962650026
+0.012746522195542901 +0.016754992503056246
+0.028822326644060228 +0.039598718887345910
+0.023788584374005765 +0.005174284126230538
+0.017717726821630864 -0.003578999297548442
+0.033269718120788709 -0.022600371088321365
+0.042735448167039072 -0.016013256407669079
+0.043098275733991068 -0.009094665323514181
+0.031376730667601632 -0.013482041227181822
+0.016120815780361973 -0.031903101568506231
+0.001446130868420034 -0.030795805656511840
+0.002303287002604142 +0.013126954704796200
+0.002433365477669626 +0.022456148256438269
+0.001022597682087687 -0.001257698398303564
+0.008010755404356048 -0.000436750905086041
+0.021561618349004011 -0.006973086972058423
+0.026010794873429239 -0.005838425970169484
+0.023596757927428651 -0.028871561537352659
+0.014728393423784798 -0.037842261498264557
-0.000729118926697481 -0.018115083730378893
-0.010257953975869826 -0.006354160678832004
-0.010331916587561591 -0.000194070437824853
-0.009202407609689607 +0.014291904141553114
-0.008445334831741792 +0.018514030048945862
-0.004831037584065247 +0.031048870943800468
+0.000070799012238524 +0.033247505117556767
+0.002387555281266858 +0.011279476500342379
+0.004559110113872439 +0.007002116633045739
+0.004734104924178860 +0.001507584850884164
+0.002448235527701577 -0.007008743643691909
-0.000526278799207085 -0.008939154881236627
-0.002780596800765646 -0.004344151831729927
-0.004988794977680663 +0.005370264528641925
-0.006318558596732137 -0.001075250985758586
-0.006958862168006294 +0.005022691469406704
-0.005570953451732237 -0.001155065035275293
-0.001819058968155918 +0.005441713596718821
+0.000967737946461746 +0.006923423901017911
+0.002463637355377262 -0.001424119917535022
+0.001530744360569490 -0.001490118986970435
+0.000353054075062230 -0.005524113960112589
-0.000926203860709035 +0.003304269613983766
-0.002685929977452804 -0.006919632174521625
-0.004202359632298206 -0.006387562296362794
-0.005217152160938356 -0.005121041066764762
-0.003177014219984764 +0.003811557696203086
+0.000674471952526438 +0.010590422271707842
+0.004341564342446673 -0.007661147050825795
+0.006626044460834197 -0.000708350881578194
+0.008526869202122159 -0.010806092483347102
+0.009270959862317470 -0.000850189809494779
+0.008709374651474358 -0.000751865750237167
+0.006289871314470299 +0.001453833398798720
+0.003280111483409115 +0.020176275106950737
+0.000723413221980677 +0.009646642737502433
-0.000295194716128017 +0.020609621511117129
-0.000520357274187472 +0.005191075121393731
-0.000509682956573655 +0.005645811436451757
+0.000184116299339474 -0.001210247680773697
+0.001863914695403311 -0.017607159776600208
+0.003041843896155891 -0.017438078353160961
+0.002600018353774566 -0.043456016284992072
+0.002168819153092994 -0.032574270302985958
+0.001857021463534735 -0.039476183535903223
+0.001322718871186106 -0.030508826326950116
+0.001485066836123611 -0.013138088670565666
+0.001146245390902570 -0.002241346498242864
+0.001831200555874660 +0.033018650811850181
+0.003408295049109787 +0.033394220677192547
+0.005218032548726895 +0.038362351278776588
+0.006030533905118764 +0.026006007062195708
+0.005088084283010153 +0.017232422266034830
+0.004703547774907091 +0.006383680693694318
+0.004995188215660961 -0.009516555874637008
+0.005138956934486142 -0.004136795577054611
+0.004982549924628920 -0.017217351850135672
+0.005057217556806045 +0.000948362274299136
+0.004942617403100707 +0.005283898454589387
+0.004646693465513872 +0.019653683813551197
+0.004862852833661562 +0.038067567648176481
+0.004698080554124994 +0.034395017073256581
+0.004881070574066762 +0.040735826216686831
+0.004696750482881313 +0.022362362930137832
+0.004556705622060670 +0.015832107123686393
+0.003759902183545489 -0.005687267691279090
+0.002273832935741999 -0.015898277328457083
+0.001670090456227733 -0.021568127603107598
+0.000975172410020616 -0.031165591501898265
+0.001042765577235107 -0.021030019339512526
+0.000804720176091050 -0.026007737111771248
+0.001009885588156547 -0.011787788331622187
+0.002291401627951110 +0.011886872470814824
+0.002767243014166762 +0.021253507717443439
+0.003091826513849626 +0.027784890277229711
+0.002329921512678935 +0.022120981039509727
+0.000970844696623488 +0.006423071225412334
+0.000199719276568725 -0.012926459081176745
-0.000486578519304163 -0.012836399349506956
-0.001813611020239849 -0.026019109996730239
-0.002698661371499031 -0.014486829412843155
-0.002508354808693511 +0.001564923089484615
-0.001698451514914223 -0.003404943881251317
+0.000035006776295093 +0.013419154674795417
+0.001176429715964301 -0.000223464675662005
+0.002926561847737560 +0.005035221362724329
+0.004996062914308179 +0.000682172682881441
+0.006428288474674393 -0.002176065989932578
+0.006979030897576774 +0.007583562929967397
+0.006178837050343527 -0.003004437175013253
+0.005357470296717591 +0.002461827561062856
+0.004523471808300986 +0.000099871600020458
+0.003741260037611394 -0.003248364143033845
+0.003286708028048004 +0.001913393278413708
+0.003130062560697543 +0.001363519195443079
+0.004253867672425740 +0.005060013753986481
+0.006076757456650838 +0.004870599127099318
+0.006603162161399301 +0.003364238931490184
+0.007074520652839745 -0.001133835412002937
+0.006763078252562328 -0.004837669460905743
+0.005965301898511166 -0.009180475784489061
+0.004500492758485774 -0.007449745064498781
+0.001409260439175927 -0.009106062142525278
-0.001250188033666702 -0.006034083314243205
-0.003062551726149287 -0.003341841153258573
-0.003959466828616628 -0.002795901290306605
-0.004499737964181887 +0.000349436068286954
-0.003605127597163266 -0.001259744505513728
-0.001137950334806926 +0.001134397465055678
+0.001418713426543180 -0.000907566072478287
+0.002525812620076963 +0.000203254078049718
+0.001805381242354053 -0.002921350563181994
-0.000092793505014827 -0.004906229209505175
-0.002902218423435943 -0.002016281164760795
-0.004814483569077344 -0.004619902984052621
-0.006747374335659502 +0.002034987676470926
-0.007871712747331734 +0.000306268688718260
-0.006941501135695445 +0.005934309748363091
-0.004006639625562665 +0.006438861431639878
-0.000532610375368266 +0.006776792794191532
+0.001026389322990976 +0.008908863678581945
+0.001151555220366235 +0.003857678606738062
+0.000774492743923864 +0.007646312450258214
-0.000230371655661529 +0.000738336394090313
-0.000897414453256384 +0.003294535917702224
-0.000897130280490954 -0.001334324141950916
-0.001270412901681102 -0.002581142914255246
-0.001094940403014616 +0.000100875140671736
-0.000861634948965063 -0.006207792963994324
-0.000690094100948980 +0.001683673618959587
-0.000503533001129480 -0.004991676733006998
-0.000105227747076256 +0.001195865724273603
+0.000362232305955770 +0.000081430473431797
+0.000555524462552884 -0.000076218225144442
+0.000289506096571984 +0.005616669883570001
-0.000406538913648689 -0.001438216188094522
-0.001002170564811049 +0.006563209152795320
-0.001723703298625711 -0.002464169855226536
-0.001893544264552553 +0.001048327413808944
-0.001923028193903185 -0.002299531862167942
-0.001736309565975713 -0.006408587377315774
-0.001047211663833723 -0.001155261727270559
-0.000772144126440254 -0.009658687273372324
-0.000253826593072233 +0.000144622381228532
-0.000186994468063282 -0.006265276084464505
-0.000183497022853091 +0.000398616284488432
-0.000204327153058407 +0.001499568990884824
-0.000562944683055857 +0.000097076172675459
-0.000693913639657830 +0.008036048748399111
-0.001075271615487941 -0.001445610331295438
-0.001042701144469731 +0.006817423077318820
-0.000941804649271065 -0.003604291368941848
-0.000662417050759043 -0.001853006666686721
-0.000188007303558408 -0.003963413289764840
+0.000165000090300092 -0.009968870153457673
+0.000729385697324612 -0.001643682168301860
+0.000900700263756514 -0.010471989586860474
+0.001114954430413786 +0.001270050366496244
+0.001039180687412451 -0.003271901840008327
+0.000913320814878996 +0.002587425021784657
+0.000965526276303576 +0.006148523802811442
+0.000742741593718576 +0.001683269767531848
+0.000743074725048210 +0.010254409495321422
+0.000461570491411682 -0.001256823035684073
+0.000370451305807758 +0.005644670883204754
+0.000255992450996000 -0.003095817208717749
+0.000055998376668009 -0.003379504982434570
+0.000062203484836961 -0.001912454880170029
-0.000195459851284445 -0.008400441174223436
-0.000123969604649986 +0.002013299944354037
-0.000167823948698611 -0.005204543877689092
-0.000141973296728415 +0.004734165115731736
-0.000116249522635170 +0.001980059710811459
-0.000264795476411973 +0.003464931451510284
-0.000187390478935417 +0.006853624492805381
-0.000438525734155262 -0.000533867134150245
-0.000526545374478261 +0.006141224596383204
-0.000735870661465898 -0.003608417820072922
-0.000881569816805726 +0.001389812880248370
-0.000849836149665125 -0.002786144520335503
-0.000965072930095395 -0.003341377225455343
-0.000797290983829671 +0.001069423571012174
-0.000816103906552617 -0.004266142230304348
-0.000594879095907054 +0.004221794737627064
-0.000404082431826141 -0.001405728133611957
-0.000318523361948253 +0.003719819200462200
-0.000149397584940594 +0.001794527793877432
-0.000266305168424242 +0.000087646635358350
-0.000200771087910885 +0.003034532414399325
-0.000388728379153571 -0.003059167411594135
-0.000466142117201760 +0.001968189992772006
-0.000481055366931230 -0.003128428612939462
-0.000492323015060768 -0.000129104447206306
-0.000179675400277553 -0.000303591898206096
-0.000013376385993346 -0.000921404142900276
+0.000398609611554096 +0.002597980417765892
+0.000654370552108512 -0.000343671737710459
+0.000876386486658364 +0.002934502315172383
+0.001053892611701062 -0.000165562474054185
+0.000925781817827698 +0.000752111242822919
+0.000874803539451149 -0.000609309383895883
+0.000567594496561809 -0.001506967150650080
+0.000370481947826941 -0.000166724609130006
+0.000164085773387547 -0.001704760674541782
+0.000067449551176440 +0.000825949937082509
+0.000227876076007850 -0.000307803851812191
+0.000384666041539532 +0.001159181714502838
+0.000772918515876562 +0.000743599304113440
+0.001004231230229248 +0.000544358646887899
+0.001213754639396143 +0.000508208911908052
+0.001263474773016803 -0.000653254799573705
+0.001113456728443598 -0.000763642247272350
+0.000927586996541014 -0.001902132350232011
+0.000533326350121892 -0.001866302499868577
+0.000271921987429394 -0.002550450886431632
-0.000003085209550773 -0.001382920458222414
-0.000143218715780034 -0.001928093533380804
-0.000099783686472653 +0.000159594315854134
-0.000054546793189560 -0.000233113975296441
+0.000189810507609699 +0.000883515094352749
+0.000334902517365741 +0.001361851481184173
+0.000486783481130957 -0.000108699188808598
+0.000564743057323086 +0.001883059382726465
+0.000442283491097787 -0.001596603221417366
+0.000381159261171332 +0.000952756766917325
+0.000143862125815200 -0.001700214299173684
+0.000001542717008692 -0.000886404779879557
-0.000140445598429642 +0.000026030351011095
-0.000221433966692958 -0.002248870866207273
-0.000094950749516778 +0.002297187134662888
-0.000030794745152961 -0.001763730043197459
+0.000235487582357058 +0.003150172898418818
+0.000330358667997924 +0.000541959042572651
+0.000421045554642643 +0.001486116277948004
+0.000430879473999276 +0.003083281182622563
+0.000274922369405930 -0.001359154572829074
+0.000204679691736469 +0.003787816658312968
-0.000074683932956650 -0.002816052085248173
-0.000128340726509080 +0.001790930597651941
-0.000221557539028198 -0.001530546372812219
-0.000182395602945125 -0.001607559119804838
-0.000020244443015420 +0.001399919722355940
+0.000023038323486269 -0.003838114503278657
+0.000238916941086038 +0.003462237069072605
+0.000198205261960231 -0.002969022995020510
+0.000257588458340145 +0.002791571675012689
+0.000185723918136924 +0.000443728797826666
+0.000032532822188090 -0.000276989828375203
+0.000000860134570126 +0.003722572885127973
-0.000219060592912339 -0.003305400033833577
-0.000206594048135891 +0.004099196474207985
-0.000318981678199695 -0.003723700739026644
-0.000271782291460485 +0.001028319856883945
-0.000166146640057513 -0.001100373578583015
-0.000126508211533904 -0.003099671431226397
+0.000104014643507459 +0.002421533696450474
+0.000092467386675593 -0.004901116287718206
+0.000252467031085688 +0.003910095428636066
+0.000220406161978756 -0.002848818037171131
+0.000204492840456069 +0.002023612805264576
+0.000226640748162205 +0.001393292580789799
+0.000088677678593434 -0.001738170129380913
+0.000195463941886626 +0.004351812870454163
+0.000083251733169321 -0.004223783300914004
+0.000195564025548874 +0.003642378296684106
+0.000221693665590043 -0.003345901146985251
+0.000253262127501888 -0.000103041625277338
+0.000414674216063167 +0.000164732938238733
+0.000348403861850586 -0.003787490648553675
+0.000512759939047875 +0.003395574151093960
+0.000415812334186739 -0.004457234279726847
+0.000453669575710574 +0.003659886635659804
+0.000420410262117969 -0.001737064138648658
+0.000304079599308920 +0.000705547905886235
+0.000363266559744528 +0.002026842326163181
+0.000191324267433320 -0.002965831614480746
+0.000285140331060592 +0.003818130053113766
+0.000189591385165409 -0.004249508772663150
+0.000213083987591644 +0.002364156306141111
+0.000249463580418527 -0.002155688684593513
+0.000165252191699278 -0.000964494225269502
+0.000288795420937322 +0.001468732043827881
+0.000156422192186391 -0.003399879071401364
+0.000241534519410415 +0.003597727674838592
+0.000158605576579523 -0.003105564856296101
+0.000113666086322589 +0.002581119157020809
+0.000129763343809135 -0.000537857094798335
-0.000020815793574837 -0.000541232774142673
+0.000058091360034127 +0.002130619425299091
-0.000079804782371480 -0.003002814141768680
-0.000016433200055170 +0.002900671932371101
-0.000026421531255289 -0.002769595622140784
-0.000033063858305610 +0.001441991148709288
+0.000088755895235231 -0.000277465322529533
+0.000028946215159531 -0.000862557304091551
+0.000178044652781863 +0.002183158537598864
+0.000123696484733914 -0.002172420922813222
+0.000173255315286775 +0.002607807389106317
+0.000173173139927417 -0.001651322859743896
+0.000087704711500385 +0.000934481194711984
+0.000142406585808603 +0.000031849891525318
+0.000009592876865465 -0.001161552379224219
+0.000071278677942790 +0.001434476987750987
+0.000015933486864250 -0.001897354922616867
+0.000039918834011700 +0.001574519305001711
+0.000117065717045113 -0.000912176327272023
+0.000095491520725797 +0.000603431439902517
+0.000238209934753642 +0.000599450210672717
+0.000204004281017423 -0.000536188572536817
+0.000288933694360592 +0.001209273269338576
+0.000280750177283259 -0.001000343434608162
+0.000241864395659679 +0.000586891440200156
+0.000270966917632314 -0.000686120493951772
+0.000157915321954388 -0.000399431771326152
+0.000203045588161452 -0.000131691965303674
+0.000131209796018617 -0.000702286412433350
+0.000155000829035019 +0.000138152514544933
+0.000193983662588761 -0.000182774864076444
+0.000180184496660233 +0.000101064772180116
+0.000290944618334987 +0.000339226152357841
+0.000257485076758183 +0.000069230439169402
+0.000336387612847753 +0.000086136752191403
+0.000321941231226279 +0.000192419188870695
+0.000300031756095603 -0.000740723289276288
+0.000324098066086337 +0.000230852533883007
+0.000232721482395536 -0.001167540936093584
+0.000279734275848157 -0.000154243158058717
+0.000219034019600324 -0.000526088492940865
+0.000252097440093664 -0.000887188523725641
+0.000286929347487369 +0.000747321955819693
+0.000275771360470615 -0.001336653745392959
+0.000373466673810686 +0.001421208902857475
+0.000328989497707158 -0.000859653492185904
+0.000394347633964700 +0.000646211486723831
+0.000360374905556814 +0.000433412730036250
+0.000331624567016123 -0.001096939710389155
+0.000345684189700748 +0.001568063508967238
+0.000250762021217363 -0.002263149590020963
+0.000303876469519646 +0.001457949370403807
+0.000233304024580910 -0.001615293286884381
+0.000274844031805159 -0.000064358151388333
+0.000297564496376558 +0.000529775389947196
+0.000283059507961681 -0.001888610297144780
+0.000377714076562695 +0.002413069413459958
+0.000312768339957876 -0.002418431383785974
+0.000389227262215622 +0.002310051572229244
+0.000331798967709459 -0.000970531858259939
+0.000314042348178308 +0.000108940487205354
+0.000318945127645491 +0.001449706866896903
+0.000217368377328624 -0.002436745067614612
+0.000282831264621114 +0.002842913238634545
+0.000186315162901385 -0.003115997799286238
+0.000251358728515825 +0.001897683497775878
+0.000245003886312865 -0.001195734129933139
+0.000241998400269128 -0.000783436257817105
+0.000331057625173512 +0.001830958308972511
+0.000254122304299234 -0.003065666433100941
+0.000358915358847493 +0.003430340835645363
+0.000274259531910626 -0.002971027446390458
+0.000302399755273479 +0.002129029093495070
+0.000291169636677514 -0.000414730379487270
+0.000219146575818736 -0.001090267665983215
+0.000300496207549083 +0.002521427083723014
+0.000194352933145038 -0.003528770991511207
+0.000301383124761906 +0.003366414695896199
+0.000257332728903779 -0.003129807803533069
+0.000297369979484382 +0.001389843274506286
+0.000358293093869495 -0.000209597878079875
+0.000298295717587716 -0.001817460965029591
+0.000417940035674163 +0.002827496587935347
+0.000315837502904414 -0.003641854035014070
+0.000397360408718605 +0.003459534034065240
+0.000350698062609539 -0.002579295083650327
+0.000330899049897311 +0.001142881604641053
+0.000390064979879778 +0.000517903013682198
+0.000293098772453545 -0.002223414549601889
+0.000415087447033191 +0.003103497839261952
+0.000331041327873013 -0.003840140916790291
+0.000414657347721275 +0.003028171332396983
+0.000422379261373124 -0.002381077432964821
+0.000398483436660595 +0.000385619046846555
+0.000496443274898999 +0.000852044528511970
+0.000391389496999702 -0.002584065448964341
+0.000498907064035825 +0.003106258833032239
+0.000409986669507136 -0.003450153056397392
+0.000436267260925334 +0.002563332172431422
+0.000444570520197698 -0.001616066428378556
+0.000369125229495525 -0.000189484752353536
+0.000467207142832659 +0.001289443338970839
+0.000358957629269145 -0.002791277893869732
+0.000459366321200042 +0.002878858143044130
+0.000413536342756797 -0.003155879351526726
+0.000431075108813623 +0.001971057144323978
+0.000484849579760550 -0.001141077082084132
+0.000409833331466182 -0.000545265191506770
+0.000514370784308860 +0.001456126935190774
+0.000416361945928690 -0.002538350721247675
+0.000481939893222641 +0.002485841113301935
+0.000447366412420029 -0.002444510569911971
+0.000419849493946985 +0.001262980111781609
+0.000477078098032005 -0.000524976376197667
+0.000383938639696703 -0.000978373717722544
+0.000481285855340862 +0.001497895992567002
+0.000406351240099683 -0.002299965998438958
+0.000459161098070656 +0.002006547562857536
+0.000469095845249313 -0.001760874867923712
+0.000434868650127862 +0.000820200280401217
+0.000519534795473493 -0.000134510203171161
+0.000435916064225778 -0.000251684712531865
+0.000518550463561472 +0.004140821810047633
+0.000464883096831932 -0.003741730941735100
+0.000476397346822237 +0.002779574904551865
+0.000500843018602951 -0.002108892174290163
+0.000438635578864946 -0.001028146771330823
+0.000509299880952827 +0.000312262471362585
+0.000457099244480601 +0.000037278763656295
+0.000455949386630563 -0.000489475725070485
+0.000527453060478748 +0.001350372352715209
+0.000481684772971584 +0.000699681690305765
+0.000521213855751587 -0.000693808184634119
+0.000480659813077357 +0.000849122479351773
