+0.000243197087344892 -0.000046916560385982
+0.000176707450185471 +0.002315900518993286
+0.000309968571858677 -0.001023887089612065
+0.000238885477370538 +0.002239755727772338
+0.000228485131686273 -0.001270921672540270
+0.000127338888192568 +0.003025603847535701
+0.000112002012359513 -0.001209352916326783
+0.000242400758320077 +0.003175815921482181
+0.000292753183841760 -0.001237284437629950
+0.000412348555905666 +0.002993617611807753
+0.000579608207689635 -0.000940474338927771
+0.000598165280404836 +0.002858683891527537
+0.000434765476429174 -0.001335458674147146
+0.000122424341174882 +0.003384003850511755
+0.000223531624575689 -0.001131675391838460
+0.000074170766444148 +0.003222364375567083
+0.000324795986265754 -0.001519155583633005
+0.000290750379735519 +0.003245158153280615
+0.000298920351630868 -0.001652543142935226
+0.000347983405331254 +0.003691825427564306
+0.000295942789197957 -0.001569255710351620
+0.000355292978673110 +0.003770860148501782
+0.000239618683141534 -0.001607519912013453
+0.000296500338716400 +0.004094370166656005
+0.000284489440538703 -0.001882691719561302
+0.000335717287036833 +0.004192026837465144
+0.000347793016202478 -0.002390327467605410
+0.000289426752257616 +0.004781420170859724
+0.000308281314686116 -0.002631011442210781
+0.000301413176650915 +0.004953392794743163
+0.000434272227235353 -0.003127149918737212
+0.000293950637307003 +0.004862506898078162
+0.000425035953481974 -0.003056389170960522
+0.000388483637881420 +0.005308341950071481
+0.000395585409899084 -0.003587745585897303
+0.000342628446595342 +0.006101971095260533
+0.000284309449589145 -0.004271123242899949
+0.000296302294014008 +0.007691098449534172
+0.000276966016246843 -0.006290835613382329
+0.000390862763590729 +0.010115721412192202
+0.000331647990805665 -0.011221629025603180
+0.000392403150950675 +0.018220256340486591
+0.000391815824228886 -0.028647685649925848
+0.000459008751036089 +0.125079910236629621
+0.000505194926121344 +0.654225124066705854
+0.000380391664911947 +1.001456655540973184
+0.000365108877804569 +0.889548294531375183
+0.000342287750249989 -0.300949124995277706
+0.000599564862081965 -0.799884846863278320
+0.000879845189865326 -0.375636853598126930
+0.000567916591378585 -0.107736694572874409
+0.000886940359019146 -0.208010519392103410
+0.000555347859689601 -0.143481861822106677
+0.000667021473598539 +0.068806339624030030
+0.000257303968718046 +0.266372958802292392
+0.000236598113330761 +0.186132378085857836
+0.000315564336707241 -0.017708161755516955
+0.000723040077719052 -0.145468852885201783
+0.003055219893585740 -0.080791096514030269
+0.002371649779665969 +0.019729612538867888
+0.002199408580731299 +0.023119044184973774
-0.001583094844087945 -0.007328336480285799
+0.020948689910759332 -0.005734632647088336
+0.085292075570498976 -0.025088306322558516
+0.165928136865273523 +0.005142477211723551
+0.257240012027801668 +0.033713396415969099
+0.232441954847614651 +0.002186150621817117
+0.075092498778499953 -0.030147757142177538
-0.057743247993955735 +0.026424398099132752
-0.062019575482043815 +0.043432577592364491
-0.032699541800814802 -0.020333012988626123
-0.024821514762398487 -0.027029682275211506
-0.033820482986793965 -0.029168940883587995
-0.010605612585421025 -0.022124973621358620
+0.029193235956035513 +0.027176618672509631
+0.038494857334412852 +0.050350258450636079
+0.015344413161821245 +0.051782891300337225
+0.004977461601666872 +0.014057181276078044
+0.018827969538390728 -0.021807885791830697
+0.032469472704242691 -0.033861971229936720
+0.018380058605563507 -0.012977976327903692
+0.001920796487006191 +0.045903779017340829
-0.004344152590603202 +0.071335037296801129
-0.001206944242137159 +0.052129588119870750
+0.013284451220437130 +0.029870093517246728
+0.020123504208822786 -0.010536666013139497
+0.009815229034833065 -0.038079968972228588
+0.016734277548277846 -0.038015569876393582
+0.029165985190303542 -0.056089547667775033
+0.014779212552914402 -0.054896816640470719
-0.012783593254919561 -0.037682126741078903
-0.026057804517928915 -0.028017502769575250
-0.020642632304657391 -0.017256791460053773
-0.012822623414539202 +0.013371894234134830
-0.006553283059775143 +0.019538441421572142
-0.001894755821402704 +0.002126636975691091
+0.011703362793668893 -0.012480401433840216
+0.027069071717798942 -0.005808431933315671
+0.032098620061278137 +0.016034535273156889
+0.026188869398032978 +0.000601875824426953
+0.014300388200304008 -0.008326914954402076
+0.004464002011929161 -0.002769907364229848
-0.000746937786402216 +0.019113064681703283
-0.002492663854195089 +0.031402693897582434
-0.007903901086298851 +0.002651798775063190
-0.011452614881939025 -0.000918821213827307
-0.007146728423093589 +0.005525129826495724
-0.000936506581162927 +0.018202891375930813
+0.000160810423561423 +0.002458295762227281
+0.000026604701451517 -0.007727359775959231
+0.001953860458117811 -0.006841200630055444
+0.003073092133086716 -0.003472715859313441
+0.001026935742504178 +0.005495205652197559
-0.004833608657607888 -0.006809305458969661
-0.007592570823985659 +0.006463067850542566
-0.006440868568453422 +0.009412029292316118
-0.005683841641784907 +0.017908314735688803
-0.005421102597889857 +0.017316655274665891
-0.008845273747303498 +0.006196063934122787
-0.011089234013998186 +0.019684045874342242
-0.008548995880430753 +0.000501732305101618
-0.003299470615355912 -0.005047227574122853
+0.000538956017354464 -0.020135968196447095
+0.001102766316963104 -0.013566072834772541
+0.000657227667202672 -0.001391779682575209
+0.001392141706762825 -0.004654604242830273
+0.004864595467784318 +0.006310635311113262
+0.003746409529893887 +0.013428765968378286
-0.001381834020298669 +0.030095540609428560
-0.004673724394495340 +0.017400890695940911
-0.003491062009179910 +0.009350815895369770
-0.000762121277414106 +0.009756631113423155
-0.001416988624996172 +0.011568020350592621
-0.001855312094856629 +0.005281976451013642
-0.002326036876889494 -0.012823392607480288
+0.000580229447523392 -0.013945205273485736
+0.003104358352322555 -0.021414371053643994
+0.003703289694983052 -0.013328589318457549
+0.004162065708362955 -0.012551443670357716
+0.004075764068384457 -0.001731688615312308
+0.002926544105494124 +0.017287262040915401
-0.001481717608688276 +0.023493545936463682
-0.005133049698632527 +0.021757469261499355
-0.006718424860910137 +0.013563018371628301
-0.006033908915824263 +0.018863019818535148
-0.002538549384295175 +0.014349314788141528
+0.001092872089634720 +0.001094434080356197
+0.004042974668902088 -0.009917405482172324
+0.005240285693843112 -0.015238667228959467
+0.006394610561926002 -0.014305195271491638
+0.005875860596866339 -0.011636378929279500
+0.004789012359938821 -0.013377880427215761
+0.002206594713761706 -0.009006788405495268
-0.000169679730318278 +0.011987908074971928
-0.001015813929487786 +0.013333009550062913
-0.002606510794327793 +0.017829191475964491
-0.004349933876214032 +0.014091163323547744
-0.004791412577887198 +0.027135463984427372
-0.003000889514464054 +0.023557983995330066
-0.001286830703341982 +0.007524867993601316
+0.000730438427532505 -0.004873731273804132
+0.002504685596891982 -0.021925921698349934
+0.004069726335139883 -0.018872473806245148
+0.004850683153132756 -0.020403023875362039
+0.004380249838541794 -0.011407107399292720
+0.004685321405948590 -0.003078987812064415
+0.004444440724080074 -0.011510657851918592
+0.003086730249838115 -0.011639822525886297
+0.001822740921549976 +0.013408715151096189
+0.002224377403020441 +0.006778537520385651
+0.001122950785398499 -0.001594755326104496
-0.001574611586311853 +0.006233070792851783
-0.004113615241547600 -0.008203685499959687
-0.005568525682749906 -0.008204050114780814
-0.005419534414300523 -0.002653527565882052
-0.005909328831371886 -0.007960808160080608
-0.004011208680039121 +0.005520868016340441
+0.001384986153931108 +0.000844532852302876
+0.007024527803454243 +0.009370687084613513
+0.009847084942496077 +0.007153732570689391
+0.009078339934342962 +0.000456743491624480
+0.007365436388916216 +0.004454619981960381
+0.002794250155868694 -0.005746937003671612
-0.001516782585688560 -0.003546476945739119
-0.005474090685547687 -0.005244449321047781
-0.004901459546340689 -0.003423968730553741
-0.005776107324407472 -0.005362481327092205
-0.004288148082772146 -0.001371636618277898
+0.001543012811430130 +0.000283902848007612
+0.002540840623322300 -0.001017874542264203
+0.000513620710562649 +0.005945339631960971
-0.000003632948987657 +0.002512071894362874
-0.002694650444797782 +0.005715293035715389
-0.004002246266815376 +0.002109374357609807
-0.002907667926791632 +0.003418893377717842
-0.002117438176815926 -0.000205077414577445
-0.000224099703766786 -0.003832938638208957
+0.001831203159508257 -0.000039008349367002
+0.002331972387094365 -0.003929286593076346
+0.003391481578008817 +0.000933469943508523
+0.002407849149768319 -0.001543270780605691
+0.001845222107568183 +0.001810628287544682
+0.001137759892116267 +0.001656755493177748
-0.000846366740575820 +0.000437657495604422
-0.000850420060148680 +0.002901819497646518
-0.002656800824861254 -0.000878798506561838
-0.003109902770954490 +0.002897079789917736
-0.002280628647774739 +0.000706022250578194
-0.002487861386542444 -0.001022558103136174
-0.001524774639439260 -0.000622421348345848
-0.000140297370061179 -0.001659006876097262
+0.000986851313832557 -0.001595462903655686
+0.001801037930017171 -0.000600800875616370
+0.002170644896316442 +0.000336296731134794
+0.001786527843147719 +0.001268717817649906
+0.001260699459949675 +0.003337314388864255
+0.000313468089091952 +0.002429679579487966
-0.000445036024455910 +0.004151757415000047
-0.000907938975052936 +0.001597431775385978
-0.001457121363367211 +0.001135736354218703
-0.001120831849413738 +0.000357862730184932
-0.000774613275332545 -0.001792201697535253
-0.000098683281175137 -0.001871339562320932
+0.000451644815384232 -0.002356049680206617
+0.000704153080471494 -0.001822027773639301
+0.000909910838558603 -0.001652166098240638
+0.000861923742503724 +0.000652515489424406
+0.000605106336330872 +0.000013553702543133
+0.000070706096539057 +0.002537421860495849
-0.000052977707624851 +0.001256763137510657
-0.000412837808169298 +0.001241081943766027
-0.000353417763644506 +0.002169509936754166
-0.000262151108178534 -0.001290169291244761
-0.000070785451450054 +0.000539965858001426
+0.000363253538291861 -0.003394312757958086
+0.000495766015975296 -0.001835954059940712
+0.000699057600928582 -0.002752603650982052
+0.000671985704000661 -0.002690202315557499
+0.000522794915989053 -0.000367567855246831
+0.000212660251690615 -0.001144081939994816
+0.000214407175245572 +0.002407888498549578
-0.000265453537564668 +0.000838764826322566
-0.000494286192556127 +0.003738690736913506
-0.000495323885130603 +0.002292887863095240
-0.000654723121924407 +0.002428166029992759
-0.000160379647962180 +0.001958627903011073
-0.000115350318196216 -0.000790986927313989
+0.000358898060502869 +0.000689596787459558
+0.000541848671892319 -0.003426198741551667
+0.000672511225747095 -0.000816266841488376
+0.000783048568592814 -0.002702250730500321
+0.000557367624041806 -0.001508340352292267
+0.000459650233664951 -0.000081810342649633
+0.000026493528330535 -0.001311310483178862
-0.000096507236215958 +0.002208273266199095
-0.000449858249665133 -0.000330998085241664
-0.000536181565785911 +0.002388451871902973
-0.000705031621641733 +0.000898285244932100
-0.000734252149592181 +0.000674860930680481
-0.000432558914802124 +0.001001231511834080
-0.000466427983735542 -0.001155646896768131
+0.000086358020291563 +0.000318143939174380
+0.000205811937376962 -0.001988581140246918
+0.000590463476933734 -0.000132897220291165
+0.000697239574053844 -0.001055806494558945
+0.000621838931080640 -0.000257568239342658
+0.000682386125999430 +0.000305069326861694
+0.000291404608103648 -0.000362120048127856
+0.000242710444719739 +0.001063927116193950
-0.000065876703961808 -0.000283878986995667
-0.000159954251145102 +0.000794219593941302
-0.000331862711280144 -0.000513799245356606
-0.000464723145540617 +0.000323001523355901
-0.000390453061374651 +0.000282877463702879
-0.000430897388026003 -0.000564006287199732
-0.000230818109988481 +0.000835138427668377
-0.000215355975161421 -0.000173374395624308
+0.000080050299351103 +0.001045732567796851
+0.000115815403606154 +0.000334357791257081
+0.000206827695495277 +0.000619912427642229
+0.000281642527300841 +0.000807773142810105
+0.000187687342796635 +0.000041355392613410
+0.000286056477055937 +0.000459795225168244
+0.000131298962205692 -0.000299775270726577
+0.000170279429089546 -0.000406358213877446
+0.000130562625330498 -0.000562306350747385
+0.000056901215462409 -0.000845815746770547
-0.000016501544075501 -0.000393797875343445
-0.000103254930398224 +0.000486317520840342
-0.000132855690714332 -0.000662335216557290
-0.000282356169039084 +0.001321642473745048
-0.000248588711200844 +0.000530976215864345
-0.000232874446011564 +0.000370264043934363
-0.000106592899691327 +0.001313505748072771
-0.000032357498207690 -0.000035045938666830
+0.000104309427064985 +0.000311890753300536
+0.000209923527914891 -0.000380201501851785
+0.000298094773783403 -0.000374861607893336
+0.000281217585864663 -0.000871076688989532
+0.000259017434368245 -0.000113413679329950
+0.000260806790367669 -0.000733725009009839
+0.000171366662227614 +0.000345105388340261
+0.000171306096157437 +0.000397608772019886
+0.000085186976482224 -0.000031752105330449
+0.000035298222254084 +0.001657728027823269
-0.000056705246242960 -0.000596324848718854
-0.000248527939721147 +0.001336432578860340
-0.000189447079016844 -0.000062611424736334
-0.000260465086048158 -0.000306748253954908
-0.000244797885001486 +0.000694906793313618
-0.000096504086777441 -0.001117035638178138
+0.000142455728246009 +0.000743251049126925
+0.000148987899449886 -0.000798826707003394
+0.000392385296659199 +0.000536387416210329
+0.000417971002351766 +0.000101375619033568
+0.000229228200685619 +0.000142460557015330
+0.000319569499446146 +0.000865675188224019
-0.000010071890489778 -0.000211319412161981
+0.000002397913020372 +0.000937224210505620
-0.000102627085816709 -0.000558833932483654
-0.000176856926367111 +0.000488597465954115
-0.000050065325848392 -0.000536765803623593
-0.000106850784704390 -0.000269839242187686
+0.000030076091739314 +0.000056434464174313
+0.000055579278563759 -0.000748460582445232
+0.000100557868782391 +0.000673213975017604
+0.000110792331222666 -0.000526460180616148
+0.000170138895386222 +0.000821753461615594
+0.000058582051372394 +0.000051707382928059
+0.000097056218141185 +0.000528579189765951
+0.000099720123041864 +0.000612039484339908
-0.000055652160022689 -0.000131853455728873
+0.000124465625831536 +0.000842591548075630
-0.000035232841429696 -0.000593219107341197
+0.000082572324918382 +0.000426194871188230
+0.000111736654948749 -0.000375649761989012
+0.000056127307715362 -0.000214667238248732
+0.000198339383497586 +0.000209269825190306
+0.000056264096069370 -0.000439517434409998
+0.000122349017775927 +0.000618323269545145
+0.000037631657440881 -0.000035849955558283
-0.000003715389446367 +0.000532211585056212
-0.000028804145058120 +0.000436653066052055
-0.000065646678268351 +0.000359487679985815
-0.000041930151210542 +0.000413056762002897
-0.000042591879497490 +0.000202558603321561
+0.000049475091273438 +0.000193312908523206
+0.000041421656029004 -0.000033840225011799
+0.000152233982196591 +0.000075008846777236
+0.000149425243692577 -0.000175741339575469
+0.000168122797574584 +0.000056653122323392
+0.000184608159523189 -0.000018033270096092
+0.000113463250430296 +0.000036169892179084
+0.000114348966564804 +0.000230666530656386
+0.000032907402108094 +0.000144032348363889
+0.000016553940082278 +0.000261183887869403
-0.000022156110712380 +0.000313684209718631
-0.000020997149666985 +0.000164322069242573
-0.000023799763659418 +0.000258808043821407
+0.000012037996680164 +0.000236795118879511
+0.000047412083551911 -0.000033893459017263
+0.000056073026720324 +0.000412712922740533
+0.000123652657021673 -0.000155115854552865
+0.000113079853675982 +0.000376799874790546
+0.000139710510795090 +0.000089547538511509
+0.000136910732734033 +0.000115261747262785
+0.000119491063374908 +0.000452145784262725
+0.000106176650225066 -0.000121249787820063
+0.000091108267335787 +0.000562332875590880
+0.000062674166064091 -0.000099143591388374
+0.000062589135748665 +0.000339774844039221
+0.000055783574757752 +0.000112114169104459
+0.000029213296208089 +0.000024064577192195
+0.000073094874057755 +0.000405662684390554
+0.000022978080829974 -0.000188738946149208
+0.000071075481563942 +0.000633415144208159
+0.000053376084759529 -0.000153926296717452
+0.000052884870276466 +0.000608113635232510
+0.000095489737412689 +0.000115357829558104
+0.000055677276106345 +0.000276984539347376
+0.000114728792965585 +0.000475022845233736
+0.000085249718474360 -0.000157579413434965
+0.000121808039361636 +0.000634955860330309
+0.000110791765333285 -0.000315854355105739
+0.000119456297592363 +0.000422627090718735
+0.000126798265484447 -0.000039086834710620
+0.000099579177392722 +0.000005233899721661
+0.000126609135697889 +0.000440503171604404
+0.000063602170771655 -0.000249442907114640
+0.000106790836762625 +0.000739867515488928
+0.000041086318809973 -0.000172401294737847
+0.000061815067977480 +0.000655537244423566
+0.000061446912530762 +0.000167250922584749
+0.000031690782029704 +0.000271283567575328
+0.000102224017520869 +0.000460770657302814
+0.000048888399202100 -0.000040526439621656
+0.000131815136314629 +0.000508135271876265
+0.000105192940666953 -0.000098913373501520
+0.000134924750848357 +0.000365008097139495
+0.000153882737080539 +0.000103579274436666
+0.000123430369853034 +0.000149088659038009
+0.000160627875672913 +0.000404912219299208
+0.000100648461503239 +0.000011296776576698
+0.000128509328344809 +0.000593306146785435
+0.000075245393270801 +0.000007166807055880
+0.000084996966133317 +0.000561467682371864
+0.000065978985396013 +0.000128377464824369
+0.000055017326389544 +0.000347503557139960
+0.000090889209175900 +0.000287635764634313
+0.000058281665353656 +0.000119170654735207
+0.000122901663237748 +0.000377490163753893
+0.000097956542717692 +0.000104098499334951
+0.000139047938165681 +0.000268368222920496
+0.000137558714066078 +0.000343371903501821
+0.000132449711930704 +0.000111864982219239
+0.000153803344057867 +0.000489837737339254
+0.000116072098370833 +0.000154276109851770
+0.000141108383172433 +0.000410790182667042
+0.000106403548443878 +0.000255558055859933
+0.000119269040854316 +0.000323993747564292
+0.000108082472327355 +0.000219277956442563
+0.000103996584619837 +0.000354678947479311
+0.000117585476907390 +0.000115213951418253
+0.000104068460739911 +0.000418576012469646
+0.000125341533526007 +0.000110270285102157
+0.000115286631292545 +0.000440430180263001
+0.000130515924562565 +0.000188201860126966
+0.000128814509006517 +0.000471518153876789
+0.000133605378093079 +0.000222042487350707
+0.000129787928313575 +0.000500701993641939
+0.000139737942387967 +0.000250795714547336
+0.000127699615939791 +0.000405482742736711
+0.000133757077141186 +0.000334636128407340
+0.000140224105517543 +0.000278359577809667
+0.000129737851293439 +0.000325204905106763
+0.000147050022270671 +0.000344001903090852
+0.000142662765875986 +0.000145118144666813
+0.000145984044212616 +0.000586925021014303
+0.000147988120979418 -0.000045034176573436
+0.000145357820398488 +0.000767788148172549
+0.000138390988691022 -0.000039284611840979
+0.000138532554934336 +0.000710884616803616
+0.000135357630122512 +0.000156052604281235
+0.000124628393366042 +0.000504857034381826
+0.000150048976909304 +0.000347614071914954
+0.000121822423455423 +0.000346738966983260
+0.000164950097515325 +0.000398847340710999
+0.000145783069619939 +0.000353731350322200
+0.000162383115197028 +0.000289030686821430
+0.000179978330444183 +0.000528048616790652
+0.000155992247848458 +0.000075246592217522
+0.000187898601699345 +0.000769580016009170
+0.000160067653633831 -0.000090188771755038
+0.000171079602892914 +0.000902549372699393
+0.000162708126324088 -0.000089097051986019
+0.000154942017870952 +0.000852373408933716
+0.000162298425010319 +0.000045582240465553
+0.000146451219218554 +0.000689677154621465
+0.000170698916119249 +0.000218139699547107
+0.000144836647757703 +0.000547000606852519
+0.000185938225289384 +0.000307652541212514
+0.000155512035885260 +0.000542447194420880
+0.000189126125482517 +0.000246528689857622
+0.000180231274248260 +0.000711277230035407
+0.000177249839541458 +0.000052408692697143
+0.000201048007901885 +0.000952244212829710
+0.000170781039175156 -0.000135032951605097
+0.000199588893777886 +0.001074511648950514
+0.000181288827835973 -0.000155874309350556
+0.000183246522964957 +0.001001519287136394
+0.000196294591705485 -0.000032837610499499
+0.000173584778203987 +0.000867050352885747
+0.000205280969428222 +0.000071626407469228
+0.000174654859144380 +0.000837572490203740
+0.000208803797508662 +0.000067265155812431
+0.000181636200507634 +0.000924631747460188
+0.000206233335042494 -0.000002671596495083
+0.000192521925175939 +0.001044931694225445
+0.000200165348704700 -0.000081335303730286
+0.000205221996321634 +0.001140804545202726
+0.000199281626583128 -0.000153447649113717
+0.000211714253436906 +0.001199909617160256
+0.000210746137703832 -0.000197514857436293
+0.000211559467677704 +0.001211330581345168
+0.000225759417142645 -0.000194948362349592
+0.000211881164286682 +0.001207029878070894
+0.000233062466092777 -0.000188656783877857
+0.000213310476968798 +0.001259203257403037
+0.000233601174694382 -0.000239363938378084
+0.000212963268246737 +0.001381949973975212
+0.000232095728138208 -0.000327153248332952
+0.000212980098040760 +0.001497018201834512
+0.000230547045613716 -0.000376622687283154
+0.000218815588798648 +0.001530567394690208
+0.000232995080333106 -0.000371061523504912
+0.000227298839920120 +0.001523652874235899
+0.000243306035195460 -0.000381329709943649
+0.000234488031754909 +0.001574714273036728
+0.000255515673521613 -0.000478348049252172
+0.000241880188531598 +0.001748004243125841
+0.000258594700699113 -0.000761142322266678
+0.000252484234224362 +0.003211228223793117
+0.000250815449521404 +0.000440245445556999
+0.000266210977630658 +0.003989571674375697
+0.000223719989211898 -0.001232749305129622
+0.000353598527392811 +0.001012975633777580
+0.000222675832832053 -0.001730687028508007
+0.000136370316973517 +0.001615101211023289
+0.000306234999813493 -0.001208249825836955
+0.000124936538255978 +0.002788680468646423
+0.000339994031914789 -0.000676823523112113
+0.000154411693424146 +0.002519470726963602
