00000 -1.812
00010 -1.466
00020 -0.672
00030 +0.163
00040 +0.797
00050 +1.155
00060 +1.244
00070 +1.114
00080 +0.851
00090 +0.586
00100 +0.477
00110 +0.628
00120 +1.011
00130 +1.493
00140 +1.934
00150 +2.247
00160 +2.403
00170 +2.416
00180 +2.330
00190 +2.207
00200 +2.119
00210 +2.124
00220 +2.240
00230 +2.437
00240 +2.654
00250 +2.833
00260 +2.930
00270 +2.933
00280 +2.853
00290 +2.721
00300 +2.585
00310 +2.490
00320 +2.471
00330 +2.531
00340 +2.641
00350 +2.756
00360 +2.832
00370 +2.839
00380 +2.770
00390 +2.641
00400 +2.488
00410 +2.357
00420 +2.295
00430 +2.323
00440 +2.434
00450 +2.589
00460 +2.739
00470 +2.844
00480 +2.889
00490 +2.880
00500 +2.853
00510 +2.855
00520 +2.933
00530 +3.111
00540 +3.376
00550 +3.686
00560 +3.988
00570 +4.241
00580 +4.425
00590 +4.544
00600 +4.620
00610 +4.690
00620 +4.786
00630 +4.931
00640 +5.121
00650 +5.335
00660 +5.540
00670 +5.706
00680 +5.811
00690 +5.850
00700 +5.835
00710 +5.788
00720 +5.741
00730 +5.722
00740 +5.748
00750 +5.814
00760 +5.902
00770 +5.982
00780 +6.023
00790 +6.006
00800 +5.927
00810 +5.802
00820 +5.661
00830 +5.545
00840 +5.492
00850 +5.516
00860 +5.602
00870 +5.714
00880 +5.807
00890 +5.849
00900 +5.832
00910 +5.774
00920 +5.716
00930 +5.703
00940 +5.767
00950 +5.908
00960 +6.097
00970 +6.287
00980 +6.440
00990 +6.531
01000 +6.557
01010 +6.537
01020 +6.501
01030 +6.483
01040 +6.508
01050 +6.583
01060 +6.692
01070 +6.812
01080 +6.912
01090 +6.972
01100 +6.985
01110 +6.958
01120 +6.912
01130 +6.872
01140 +6.867
01150 +6.910
01160 +6.999
01170 +7.118
01180 +7.242
01190 +7.346
01200 +7.419
01210 +7.459
01220 +7.479
01230 +7.504
01240 +7.559
01250 +7.661
01260 +7.810
01270 +7.993
01280 +8.185
01290 +8.359
01300 +8.500
01310 +8.602
01320 +8.672
01330 +8.728
01340 +8.789
01350 +8.870
01360 +8.974
01370 +9.094
01380 +9.216
01390 +9.323
01400 +9.403
01410 +9.450
01420 +9.469
01430 +9.471
01440 +9.470
01450 +9.482
01460 +9.516
01470 +9.574
01480 +9.649
01490 +9.732
01500 +9.811
01510 +9.876
01520 +9.924
01530 +9.960
01540 +9.991
01550 +10.031
01560 +10.091
01570 +10.177
01580 +10.288
01590 +10.416
01600 +10.546
01610 +10.663
01620 +10.756
01630 +10.821
01640 +10.859
01650 +10.881
01660 +10.897
01670 +10.918
01680 +10.947
01690 +10.980
01700 +11.008
01710 +11.020
01720 +11.010
01730 +10.973
01740 +10.914
01750 +10.842
01760 +10.770
01770 +10.708
01780 +10.662
01790 +10.635
01800 +10.619
01810 +10.606
01820 +10.586
01830 +10.552
01840 +10.502
01850 +10.440
01860 +10.372
01870 +10.309
01880 +10.259
01890 +10.225
01900 +10.207
01910 +10.198
01920 +10.187
01930 +10.166
01940 +10.128
01950 +10.072
01960 +10.002
01970 +9.927
01980 +9.858
01990 +9.801
02000 +9.761
02010 +9.733
02020 +9.709
02030 +9.678
02040 +9.632
02050 +9.568
02060 +9.489
02070 +9.407
02080 +9.334
02090 +9.282
02100 +9.255
02110 +9.251
02120 +9.261
02130 +9.272
02140 +9.277
02150 +9.270
02160 +9.251
02170 +9.228
02180 +9.207
02190 +9.194
02200 +9.195
02210 +9.207
02220 +9.226
02230 +9.246
02240 +9.258
02250 +9.257
02260 +9.242
02270 +9.215
02280 +9.180
02290 +9.145
02300 +9.118
02310 +9.102
02320 +9.098
02330 +9.102
02340 +9.108
02350 +9.111
02360 +9.106
02370 +9.094
02380 +9.077
02390 +9.065
02400 +9.064
02410 +9.081
02420 +9.119
02430 +9.175
02440 +9.243
02450 +9.315
02460 +9.385
02470 +9.449
02480 +9.506
02490 +9.560
02500 +9.617
02510 +9.681
02520 +9.755
02530 +9.838
02540 +9.927
02550 +10.015
02560 +10.097
02570 +10.167
02580 +10.224
02590 +10.268
02600 +10.303
02610 +10.334
02620 +10.365
02630 +10.401
02640 +10.441
02650 +10.482
02660 +10.518
02670 +10.545
02680 +10.555
02690 +10.548
02700 +10.523
02710 +10.485
02720 +10.439
02730 +10.392
02740 +10.347
02750 +10.306
02760 +10.266
02770 +10.220
02780 +10.163
02790 +10.094
02800 +10.012
02810 +9.925
02820 +9.843
02830 +9.775
02840 +9.730
02850 +9.711
02860 +9.714
02870 +9.733
02880 +9.759
02890 +9.784
02900 +9.804
02910 +9.817
02920 +9.827
02930 +9.838
02940 +9.854
02950 +9.878
02960 +9.910
02970 +9.946
02980 +9.979
02990 +10.001
03000 +10.005
03010 +9.988
03020 +9.951
03030 +9.897
03040 +9.836
03050 +9.773
03060 +9.715
03070 +9.662
03080 +9.608
03090 +9.547
03100 +9.468
03110 +9.365
03120 +9.236
03130 +9.087
03140 +8.928
03150 +8.772
03160 +8.632
03170 +8.516
03180 +8.423
03190 +8.345
03200 +8.273
03210 +8.199
03220 +8.123
03230 +8.052
03240 +8.000
03250 +7.981
03260 +8.007
03270 +8.083
03280 +8.200
03290 +8.346
03300 +8.505
03310 +8.664
03320 +8.816
03330 +8.961
03340 +9.104
03350 +9.252
03360 +9.412
03370 +9.589
03380 +9.779
03390 +9.976
03400 +10.170
03410 +10.349
03420 +10.505
03430 +10.636
03440 +10.742
03450 +10.830
03460 +10.912
03470 +10.996
03480 +11.088
03490 +11.187
03500 +11.287
03510 +11.374
03520 +11.438
03530 +11.469
03540 +11.466
03550 +11.433
03560 +11.382
03570 +11.329
03580 +11.287
03590 +11.260
03600 +11.243
03610 +11.225
03620 +11.189
03630 +11.124
03640 +11.027
03650 +10.904
03660 +10.775
03670 +10.660
03680 +10.580
03690 +10.543
03700 +10.542
03710 +10.561
03720 +10.583
03730 +10.594
03740 +10.591
03750 +10.579
03760 +10.574
03770 +10.589
03780 +10.633
03790 +10.706
03800 +10.797
03810 +10.893
03820 +10.976
03830 +11.036
03840 +11.067
03850 +11.069
03860 +11.048
03870 +11.011
03880 +10.968
03890 +10.924
03900 +10.883
03910 +10.841
03920 +10.790
03930 +10.721
03940 +10.626
03950 +10.501
03960 +10.347
03970 +10.172
03980 +9.989
03990 +9.814
04000 +9.658
04010 +9.528
04020 +9.420
04030 +9.323
04040 +9.225
04050 +9.117
04060 +8.996
04070 +8.870
04080 +8.755
04090 +8.668
04100 +8.624
04110 +8.631
04120 +8.680
04130 +8.758
04140 +8.845
04150 +8.927
04160 +8.996
04170 +9.055
04180 +9.112
04190 +9.180
04200 +9.269
04210 +9.383
04220 +9.518
04230 +9.658
04240 +9.788
04250 +9.891
04260 +9.956
04270 +9.979
04280 +9.964
04290 +9.922
04300 +9.868
04310 +9.812
04320 +9.761
04330 +9.712
04340 +9.655
04350 +9.574
04360 +9.459
04370 +9.304
04380 +9.113
04390 +8.900
04400 +8.685
04410 +8.490
04420 +8.331
04430 +8.210
04440 +8.119
04450 +8.040
04460 +7.956
04470 +7.856
04480 +7.742
04490 +7.625
04500 +7.524
04510 +7.459
04520 +7.445
04530 +7.482
04540 +7.559
04550 +7.656
04560 +7.752
04570 +7.833
04580 +7.896
04590 +7.944
04600 +7.993
04610 +8.058
04620 +8.153
04630 +8.282
04640 +8.440
04650 +8.610
04660 +8.774
04670 +8.915
04680 +9.023
04690 +9.099
04700 +9.150
04710 +9.195
04720 +9.248
04730 +9.324
04740 +9.423
04750 +9.535
04760 +9.644
04770 +9.729
04780 +9.779
04790 +9.791
04800 +9.772
04810 +9.742
04820 +9.723
04830 +9.731
04840 +9.775
04850 +9.849
04860 +9.935
04870 +10.014
04880 +10.072
04890 +10.104
04900 +10.115
04910 +10.120
04920 +10.136
04930 +10.179
04940 +10.257
04950 +10.365
04960 +10.489
04970 +10.613
04980 +10.721
04990 +10.803
05000 +10.858
05010 +10.895
05020 +10.925
05030 +10.963
05040 +11.019
05050 +11.096
05060 +11.189
05070 +11.284
05080 +11.367
05090 +11.423
05100 +11.448
05110 +11.442
05120 +11.416
05130 +11.384
05140 +11.363
05150 +11.363
05160 +11.386
05170 +11.424
05180 +11.462
05190 +11.485
05200 +11.483
05210 +11.454
05220 +11.406
05230 +11.354
05240 +11.316
05250 +11.305
05260 +11.327
05270 +11.378
05280 +11.443
05290 +11.507
05300 +11.557
05310 +11.585
05320 +11.595
05330 +11.596
05340 +11.603
05350 +11.629
05360 +11.682
05370 +11.762
05380 +11.859
05390 +11.958
05400 +12.044
05410 +12.106
05420 +12.140
05430 +12.150
05440 +12.147
05450 +12.144
05460 +12.155
05470 +12.186
05480 +12.235
05490 +12.292
05500 +12.340
05510 +12.365
05520 +12.358
05530 +12.320
05540 +12.259
05550 +12.192
05560 +12.137
05570 +12.108
05580 +12.110
05590 +12.133
05600 +12.163
05610 +12.184
05620 +12.181
05630 +12.152
05640 +12.104
05650 +12.051
05660 +12.012
05670 +12.003
05680 +12.030
05690 +12.087
05700 +12.161
05710 +12.232
05720 +12.286
05730 +12.315
05740 +12.320
05750 +12.310
05760 +12.301
05770 +12.308
05780 +12.342
05790 +12.401
05800 +12.476
05810 +12.553
05820 +12.613
05830 +12.645
05840 +12.644
05850 +12.617
05860 +12.576
05870 +12.539
05880 +12.522
05890 +12.534
05900 +12.571
05910 +12.622
05920 +12.668
05930 +12.696
05940 +12.695
05950 +12.670
05960 +12.631
05970 +12.598
05980 +12.589
05990 +12.618
06000 +12.685
06010 +12.778
06020 +12.880
06030 +12.971
06040 +13.041
06050 +13.087
06060 +13.117
06070 +13.148
06080 +13.195
06090 +13.271
06100 +13.379
06110 +13.511
06120 +13.650
06130 +13.778
06140 +13.882
06150 +13.953
06160 +13.995
06170 +14.018
06180 +14.036
06190 +14.064
06200 +14.108
06210 +14.169
06220 +14.235
06230 +14.291
06240 +14.324
06250 +14.322
06260 +14.286
06270 +14.224
06280 +14.149
06290 +14.081
06300 +14.035
06310 +14.016
06320 +14.020
06330 +14.036
06340 +14.047
06350 +14.041
06360 +14.013
06370 +13.969
06380 +13.920
06390 +13.883
06400 +13.873
06410 +13.899
06420 +13.959
06430 +14.039
06440 +14.125
06450 +14.202
06460 +14.260
06470 +14.298
06480 +14.325
06490 +14.352
06500 +14.392
06510 +14.454
06520 +14.540
06530 +14.642
06540 +14.748
06550 +14.842
06560 +14.914
06570 +14.957
06580 +14.974
06590 +14.973
06600 +14.967
06610 +14.969
06620 +14.986
06630 +15.020
06640 +15.063
06650 +15.103
06660 +15.127
06670 +15.126
06680 +15.098
06690 +15.050
06700 +14.995
06710 +14.948
06720 +14.924
06730 +14.927
06740 +14.955
06750 +14.996
06760 +15.035
06770 +15.059
06780 +15.062
06790 +15.047
06800 +15.022
06810 +15.005
06820 +15.007
06830 +15.039
06840 +15.097
06850 +15.173
06860 +15.250
06870 +15.314
06880 +15.354
06890 +15.369
06900 +15.364
06910 +15.350
06920 +15.343
06930 +15.353
06940 +15.382
06950 +15.427
06960 +15.475
06970 +15.510
06980 +15.522
06990 +15.503
07000 +15.457
07010 +15.394
07020 +15.328
07030 +15.275
07040 +15.245
07050 +15.240
07060 +15.253
07070 +15.269
07080 +15.273
07090 +15.256
07100 +15.216
07110 +15.160
07120 +15.102
07130 +15.058
07140 +15.043
07150 +15.062
07160 +15.108
07170 +15.168
07180 +15.224
07190 +15.261
07200 +15.273
07210 +15.262
07220 +15.239
07230 +15.219
07240 +15.216
07250 +15.239
07260 +15.286
07270 +15.345
07280 +15.399
07290 +15.432
07300 +15.434
07310 +15.402
07320 +15.342
07330 +15.270
07340 +15.200
07350 +15.149
07360 +15.120
07370 +15.111
07380 +15.107
07390 +15.093
07400 +15.054
07410 +14.985
07420 +14.888
07430 +14.777
07440 +14.670
07450 +14.587
07460 +14.541
07470 +14.533
07480 +14.551
07490 +14.577
07500 +14.592
07510 +14.583
07520 +14.549
07530 +14.499
07540 +14.451
07550 +14.425
07560 +14.438
07570 +14.492
07580 +14.577
07590 +14.672
07600 +14.756
07610 +14.812
07620 +14.833
07630 +14.825
07640 +14.804
07650 +14.788
07660 +14.795
07670 +14.833
07680 +14.897
07690 +14.969
07700 +15.030
07710 +15.061
07720 +15.052
07730 +15.006
07740 +14.935
07750 +14.860
07760 +14.802
07770 +14.776
07780 +14.785
07790 +14.819
07800 +14.861
07810 +14.888
07820 +14.889
07830 +14.860
07840 +14.810
07850 +14.759
07860 +14.729
07870 +14.738
07880 +14.794
07890 +14.888
07900 +15.000
07910 +15.108
07920 +15.192
07930 +15.246
07940 +15.274
07950 +15.290
07960 +15.315
07970 +15.368
07980 +15.457
07990 +15.577
08000 +15.713
08010 +15.842
08020 +15.947
08030 +16.016
08040 +16.050
08050 +16.060
08060 +16.064
08070 +16.080
08080 +16.120
08090 +16.188
08100 +16.273
08110 +16.360
08120 +16.431
08130 +16.476
08140 +16.489
08150 +16.477
08160 +16.455
08170 +16.440
08180 +16.447
08190 +16.487
08200 +16.555
08210 +16.642
08220 +16.731
08230 +16.807
08240 +16.862
08250 +16.894
08260 +16.914
08270 +16.937
08280 +16.977
08290 +17.047
08300 +17.151
08310 +17.280
08320 +17.420
08330 +17.555
08340 +17.671
08350 +17.762
08360 +17.832
08370 +17.892
08380 +17.956
08390 +18.038
08400 +18.145
08410 +18.275
08420 +18.417
08430 +18.555
08440 +18.674
08450 +18.765
08460 +18.825
08470 +18.861
08480 +18.886
08490 +18.916
08500 +18.961
08510 +19.027
08520 +19.107
08530 +19.191
08540 +19.263
08550 +19.312
08560 +19.332
08570 +19.327
08580 +19.305
08590 +19.283
08600 +19.275
08610 +19.291
08620 +19.332
08630 +19.389
08640 +19.450
08650 +19.499
08660 +19.527
08670 +19.530
08680 +19.514
08690 +19.491
08700 +19.477
08710 +19.483
08720 +19.515
08730 +19.569
08740 +19.630
08750 +19.684
08760 +19.717
08770 +19.722
08780 +19.699
08790 +19.657
08800 +19.611
08810 +19.575
08820 +19.558
08830 +19.561
08840 +19.574
08850 +19.586
08860 +19.580
08870 +19.547
08880 +19.485
08890 +19.400
08900 +19.305
08910 +19.217
08920 +19.148
08930 +19.103
08940 +19.081
08950 +19.070
08960 +19.056
08970 +19.027
08980 +18.977
08990 +18.908
09000 +18.831
09010 +18.760
09020 +18.710
09030 +18.688
09040 +18.695
09050 +18.723
09060 +18.756
09070 +18.783
09080 +18.792
09090 +18.782
09100 +18.759
09110 +18.734
09120 +18.722
09130 +18.731
09140 +18.766
09150 +18.821
09160 +18.885
09170 +18.945
09180 +18.988
09190 +19.012
09200 +19.018
09210 +19.014
09220 +19.013
09230 +19.026
09240 +19.061
09250 +19.116
09260 +19.183
09270 +19.253
09280 +19.313
09290 +19.357
09300 +19.383
09310 +19.396
09320 +19.407
09330 +19.425
09340 +19.462
09350 +19.519
09360 +19.594
09370 +19.677
09380 +19.757
09390 +19.825
09400 +19.875
09410 +19.910
09420 +19.935
09430 +19.962
09440 +19.999
09450 +20.052
09460 +20.122
09470 +20.202
09480 +20.280
09490 +20.348
09500 +20.396
09510 +20.424
09520 +20.436
09530 +20.439
09540 +20.443
09550 +20.456
09560 +20.480
09570 +20.513
09580 +20.545
09590 +20.568
09600 +20.574
09610 +20.558
09620 +20.522
09630 +20.472
09640 +20.416
09650 +20.363
09660 +20.319
09670 +20.283
09680 +20.252
09690 +20.217
09700 +20.172
09710 +20.110
09720 +20.030
09730 +19.935
09740 +19.831
09750 +19.728
09760 +19.632
09770 +19.548
09780 +19.475
09790 +19.407
09800 +19.337
09810 +19.258
09820 +19.166
09830 +19.061
09840 +18.947
09850 +18.832
09860 +18.724
09870 +18.630
09880 +18.552
09890 +18.487
09900 +18.428
09910 +18.369
09920 +18.303
09930 +18.226
09940 +18.140
09950 +18.052
09960 +17.970
09970 +17.902
09980 +17.852
09990 +17.820
10000 +17.802
10010 +17.789
10020 +17.774
10030 +17.751
10040 +17.720
10050 +17.684
10060 +17.649
10070 +17.625
10080 +17.617
10090 +17.628
10100 +17.655
10110 +17.691
10120 +17.728
10130 +17.758
10140 +17.777
10150 +17.786
10160 +17.790
10170 +17.795
10180 +17.812
10190 +17.843
10200 +17.891
10210 +17.949
10220 +18.010
10230 +18.064
10240 +18.105
10250 +18.131
10260 +18.144
10270 +18.152
10280 +18.165
10290 +18.192
10300 +18.235
10310 +18.293
10320 +18.358
10330 +18.421
10340 +18.472
10350 +18.508
10360 +18.531
10370 +18.547
10380 +18.568
10390 +18.603
10400 +18.658
10410 +18.735
10420 +18.826
10430 +18.922
10440 +19.013
10450 +19.093
10460 +19.160
10470 +19.221
10480 +19.284
10490 +19.359
10500 +19.454
10510 +19.569
10520 +19.701
10530 +19.838
10540 +19.971
10550 +20.091
10560 +20.194
10570 +20.281
10580 +20.359
10590 +20.437
10600 +20.522
10610 +20.618
10620 +20.723
10630 +20.831
10640 +20.931
10650 +21.014
10660 +21.075
10670 +21.112
10680 +21.130
10690 +21.139
10700 +21.147
10710 +21.163
10720 +21.189
10730 +21.222
10740 +21.255
10750 +21.278
10760 +21.285
10770 +21.272
10780 +21.243
10790 +21.204
10800 +21.167
10810 +21.139
10820 +21.128
10830 +21.132
10840 +21.147
10850 +21.164
10860 +21.173
10870 +21.169
10880 +21.151
10890 +21.123
10900 +21.095
10910 +21.075
10920 +21.071
10930 +21.085
10940 +21.114
10950 +21.151
10960 +21.186
10970 +21.210
10980 +21.220
10990 +21.215
11000 +21.203
11010 +21.191
11020 +21.187
11030 +21.198
11040 +21.224
11050 +21.261
11060 +21.299
11070 +21.331
11080 +21.348
11090 +21.348
11100 +21.334
11110 +21.313
11120 +21.295
11130 +21.289
11140 +21.303
11150 +21.335
11160 +21.379
11170 +21.425
11180 +21.464
11190 +21.489
11200 +21.500
11210 +21.503
11220 +21.509
11230 +21.529
11240 +21.574
11250 +21.646
11260 +21.741
11270 +21.847
11280 +21.952
11290 +22.045
11300 +22.123
11310 +22.190
11320 +22.253
11330 +22.326
11340 +22.419
11350 +22.536
11360 +22.672
11370 +22.817
11380 +22.958
11390 +23.082
11400 +23.183
11410 +23.262
11420 +23.324
11430 +23.382
11440 +23.446
11450 +23.522
11460 +23.611
11470 +23.704
11480 +23.793
11490 +23.866
11500 +23.915
11510 +23.940
11520 +23.945
11530 +23.940
11540 +23.935
11550 +23.941
11560 +23.961
11570 +23.995
11580 +24.034
11590 +24.072
11600 +24.097
11610 +24.107
11620 +24.102
11630 +24.088
11640 +24.075
11650 +24.072
11660 +24.088
11670 +24.125
11680 +24.180
11690 +24.244
11700 +24.306
11710 +24.360
11720 +24.401
11730 +24.431
11740 +24.457
11750 +24.489
11760 +24.536
11770 +24.603
11780 +24.689
11790 +24.789
11800 +24.892
11810 +24.987
11820 +25.068
11830 +25.132
11840 +25.184
11850 +25.232
11860 +25.286
11870 +25.354
11880 +25.438
11890 +25.535
11900 +25.637
11910 +25.734
11920 +25.818
11930 +25.882
11940 +25.929
11950 +25.965
11960 +25.999
11970 +26.040
11980 +26.095
11990 +26.163
12000 +26.241
12010 +26.319
12020 +26.387
12030 +26.438
12040 +26.469
12050 +26.484
12060 +26.488
12070 +26.493
12080 +26.505
12090 +26.529
12100 +26.564
12110 +26.603
12120 +26.636
12130 +26.654
12140 +26.650
12150 +26.624
12160 +26.581
12170 +26.529
12180 +26.479
12190 +26.439
12200 +26.412
12210 +26.394
12220 +26.378
12230 +26.354
12240 +26.314
12250 +26.255
12260 +26.180
12270 +26.096
12280 +26.015
12290 +25.946
12300 +25.897
12310 +25.868
12320 +25.853
12330 +25.844
12340 +25.832
12350 +25.810
12360 +25.777
12370 +25.739
12380 +25.705
12390 +25.686
12400 +25.689
12410 +25.718
12420 +25.772
12430 +25.842
12440 +25.919
12450 +25.994
12460 +26.063
12470 +26.127
12480 +26.191
12490 +26.264
12500 +26.355
12510 +26.470
12520 +26.611
12530 +26.771
12540 +26.941
12550 +27.111
12560 +27.270
12570 +27.415
12580 +27.545
12590 +27.667
12600 +27.787
12610 +27.914
12620 +28.051
12630 +28.195
12640 +28.339
12650 +28.469
12660 +28.575
12670 +28.647
12680 +28.684
12690 +28.689
12700 +28.673
12710 +28.648
12720 +28.624
12730 +28.606
12740 +28.592
12750 +28.575
12760 +28.543
12770 +28.490
12780 +28.412
12790 +28.313
12800 +28.203
12810 +28.094
12820 +28.000
12830 +27.930
12840 +27.885
12850 +27.858
12860 +27.841
12870 +27.821
12880 +27.790
12890 +27.749
12900 +27.701
12910 +27.657
12920 +27.629
12930 +27.629
12940 +27.660
12950 +27.719
12960 +27.796
12970 +27.880
12980 +27.959
12990 +28.024
13000 +28.077
13010 +28.122
13020 +28.171
13030 +28.236
13040 +28.323
13050 +28.435
13060 +28.564
13070 +28.697
13080 +28.822
13090 +28.926
13100 +29.005
13110 +29.060
13120 +29.103
13130 +29.146
13140 +29.201
13150 +29.276
13160 +29.372
13170 +29.478
13180 +29.585
13190 +29.679
13200 +29.753
13210 +29.807
13220 +29.848
13230 +29.890
13240 +29.951
13250 +30.042
13260 +30.169
13270 +30.332
13280 +30.519
13290 +30.719
13300 +30.923
13310 +31.126
13320 +31.331
13330 +31.549
13340 +31.796
13350 +32.091
13360 +32.445
13370 +32.867
13380 +33.355
13390 +33.904
13400 +34.509
13410 +35.168
13420 +35.886
13430 +36.679
13440 +37.572
13450 +38.601
13460 +39.814
13470 +41.275
13480 +43.077
13490 +45.361
13500 +48.334
13510 +51.932
13520 +53.338
13530 +50.195
13540 +46.755
13550 +44.113
13560 +42.101
13570 +40.528
13580 +39.259
13590 +38.196
13600 +37.267
13610 +36.428
13620 +35.653
13630 +34.939
13640 +34.294
13650 +33.734
13660 +33.272
13670 +32.909
13680 +32.636
13690 +32.432
13700 +32.268
13710 +32.118
13720 +31.965
13730 +31.802
13740 +31.638
13750 +31.489
13760 +31.374
13770 +31.308
13780 +31.295
13790 +31.326
13800 +31.378
13810 +31.425
13820 +31.441
13830 +31.409
13840 +31.328
13850 +31.206
13860 +31.066
13870 +30.930
13880 +30.816
13890 +30.726
13900 +30.649
13910 +30.563
13920 +30.445
13930 +30.278
13940 +30.058
13950 +29.799
13960 +29.524
13970 +29.264
13980 +29.046
13990 +28.881
14000 +28.767
14010 +28.686
14020 +28.614
14030 +28.533
14040 +28.431
14050 +28.311
14060 +28.189
14070 +28.089
14080 +28.033
14090 +28.036
14100 +28.098
14110 +28.206
14120 +28.337
14130 +28.468
14140 +28.577
14150 +28.655
14160 +28.702
14170 +28.729
14180 +28.753
14190 +28.790
14200 +28.843
14210 +28.906
14220 +28.958
14230 +28.971
14240 +28.918
14250 +28.783
14260 +28.564
14270 +28.274
14280 +27.942
14290 +27.599
14300 +27.268
14310 +26.962
14320 +26.675
14330 +26.391
14340 +26.090
14350 +25.760
14360 +25.396
14370 +25.008
14380 +24.618
14390 +24.251
14400 +23.931
14410 +23.667
14420 +23.456
14430 +23.282
14440 +23.122
14450 +22.958
14460 +22.775
14470 +22.575
14480 +22.366
14490 +22.167
14500 +21.997
14510 +21.868
14520 +21.782
14530 +21.728
14540 +21.687
14550 +21.638
14560 +21.566
14570 +21.460
14580 +21.323
14590 +21.165
14600 +21.004
14610 +20.856
14620 +20.731
14630 +20.630
14640 +20.540
14650 +20.445
14660 +20.326
14670 +20.173
14680 +19.983
14690 +19.765
14700 +19.538
14710 +19.324
14720 +19.143
14730 +19.001
14740 +18.895
14750 +18.808
14760 +18.724
14770 +18.628
14780 +18.516
14790 +18.392
14800 +18.272
14810 +18.174
14820 +18.114
14830 +18.099
14840 +18.124
14850 +18.173
14860 +18.230
14870 +18.279
14880 +18.310
14890 +18.323
14900 +18.326
14910 +18.328
14920 +18.344
14930 +18.381
14940 +18.440
14950 +18.512
14960 +18.582
14970 +18.636
14980 +18.661
14990 +18.650
15000 +18.605
15010 +18.533
15020 +18.447
15030 +18.360
15040 +18.282
15050 +18.211
15060 +18.139
15070 +18.048
15080 +17.922
15090 +17.752
15100 +17.536
15110 +17.285
15120 +17.022
15130 +16.775
15140 +16.571
15150 +16.420
15160 +16.315
15170 +16.234
15180 +16.154
15190 +16.060
15200 +15.953
15210 +15.851
15220 +15.783
15230 +15.782
15240 +15.864
15250 +16.025
15260 +16.239
15270 +16.468
15280 +16.679
15290 +16.855
15300 +16.995
15310 +17.111
15320 +17.227
15330 +17.368
15340 +17.550
15350 +17.775
15360 +18.029
15370 +18.284
15380 +18.508
15390 +18.679
15400 +18.787
15410 +18.835
15420 +18.844
15430 +18.838
15440 +18.846
15450 +18.884
15460 +18.953
15470 +19.032
15480 +19.087
15490 +19.082
15500 +18.993
15510 +18.813
15520 +18.561
15530 +18.267
15540 +17.975
15550 +17.726
15560 +17.540
15570 +17.413
15580 +17.314
15590 +17.200
15600 +17.034
15610 +16.799
15620 +16.504
15630 +16.178
15640 +15.870
15650 +15.625
15660 +15.474
15670 +15.417
15680 +15.425
15690 +15.449
15700 +15.443
15710 +15.370
15720 +15.217
15730 +14.995
15740 +14.734
15750 +14.481
15760 +14.276
15770 +14.148
15780 +14.091
15790 +14.073
15800 +14.043
15810 +13.947
15820 +13.739
15830 +13.397
15840 +12.929
15850 +12.380
15860 +11.826
15870 +11.353
15880 +11.014
15890 +10.794
15900 +10.620
15910 +10.393
15920 +10.046
15930 +9.584
15940 +9.122
15950 +8.867
15960 +8.970
15970 +9.383
15980 +9.924
15990 +10.428
16000 +10.805
16010 +11.033
16020 +11.128
16030 +11.133
16040 +11.106
16050 +11.096
16060 +11.124
16070 +11.183
16080 +11.241
16090 +11.267
16100 +11.235
16110 +11.136
16120 +10.975
16130 +10.774
16140 +10.572
16150 +10.413
16160 +10.330
16170 +10.331
16180 +10.392
16190 +10.479
16200 +10.561
16210 +10.633
16220 +10.712
16230 +10.839
16240 +11.066
16250 +11.426
16260 +11.907
16270 +12.459
16280 +13.010
16290 +13.506
16300 +13.926
16310 +14.276
16320 +14.586
16330 +14.886
16340 +15.200
16350 +15.531
16360 +15.856
16370 +16.140
16380 +16.348
16390 +16.463
16400 +16.487
16410 +16.439
16420 +16.348
16430 +16.244
16440 +16.151
16450 +16.084
16460 +16.043
16470 +16.013
16480 +15.974
16490 +15.906
16500 +15.796
16510 +15.647
16520 +15.472
16530 +15.296
16540 +15.147
16550 +15.053
16560 +15.031
16570 +15.081
16580 +15.185
16590 +15.311
16600 +15.427
16610 +15.512
16620 +15.565
16630 +15.605
16640 +15.663
16650 +15.771
16660 +15.952
16670 +16.201
16680 +16.490
16690 +16.774
16700 +17.005
16710 +17.151
16720 +17.205
16730 +17.182
16740 +17.118
16750 +17.050
16760 +17.009
16770 +17.005
16780 +17.029
16790 +17.056
16800 +17.052
16810 +16.989
16820 +16.853
16830 +16.650
16840 +16.401
16850 +16.138
16860 +15.895
16870 +15.700
16880 +15.566
16890 +15.486
16900 +15.436
16910 +15.385
16920 +15.300
16930 +15.162
16940 +14.970
16950 +14.746
16960 +14.530
16970 +14.369
16980 +14.307
16990 +14.363
17000 +14.523
17010 +14.747
17020 +14.979
17030 +15.170
17040 +15.294
17050 +15.356
17060 +15.395
17070 +15.466
17080 +15.615
17090 +15.863
17100 +16.190
17110 +16.544
17120 +16.862
17130 +17.088
17140 +17.193
17150 +17.180
17160 +17.084
17170 +16.959
17180 +16.860
17190 +16.821
17200 +16.851
17210 +16.927
17220 +17.010
17230 +17.057
17240 +17.035
17250 +16.930
17260 +16.753
17270 +16.535
17280 +16.321
17290 +16.156
17300 +16.072
17310 +16.077
17320 +16.155
17330 +16.269
17340 +16.378
17350 +16.446
17360 +16.459
17370 +16.424
17380 +16.377
17390 +16.369
17400 +16.449
17410 +16.645
17420 +16.950
17430 +17.326
17440 +17.718
17450 +18.074
17460 +18.356
17470 +18.551
17480 +18.676
17490 +18.769
17500 +18.877
17510 +19.033
17520 +19.247
17530 +19.502
17540 +19.764
17550 +19.991
17560 +20.148
17570 +20.214
17580 +20.192
17590 +20.105
17600 +19.990
17610 +19.884
17620 +19.817
17630 +19.796
17640 +19.810
17650 +19.832
17660 +19.827
17670 +19.763
17680 +19.618
17690 +19.387
17700 +19.081
17710 +18.730
17720 +18.369
17730 +18.033
17740 +17.743
17750 +17.499
17760 +17.281
17770 +17.050
17780 +16.765
17790 +16.397
17800 +15.942
17810 +15.433
17820 +14.942
17830 +14.565
17840 +14.383
17850 +14.424
17860 +14.646
17870 +14.964
17880 +15.296
17890 +15.587
17900 +15.821
17910 +16.015
17920 +16.210
17930 +16.449
17940 +16.761
17950 +17.143
17960 +17.573
17970 +18.013
17980 +18.426
17990 +18.783
18000 +19.067
18010 +19.274
18020 +19.417
18030 +19.523
18040 +19.622
18050 +19.743
18060 +19.903
18070 +20.101
18080 +20.321
18090 +20.540
18100 +20.728
18110 +20.862
18120 +20.924
18130 +20.914
18140 +20.853
18150 +20.788
18160 +20.778
18170 +20.881
18180 +21.126
18190 +21.508
18200 +22.005
18210 +22.595
18220 +23.282
18230 +24.099
18240 +25.090
18250 +26.278
18260 +27.628
18270 +29.043
18280 +30.408
18290 +31.617
18300 +32.592
18310 +33.273
18320 +33.630
18330 +33.679
18340 +33.487
18350 +33.148
18360 +32.745
18370 +32.317
18380 +31.866
18390 +31.367
18400 +30.792
18410 +30.122
18420 +29.360
18430 +28.522
18440 +27.643
18450 +26.761
18460 +25.914
18470 +25.135
18480 +24.438
18490 +23.820
18500 +23.253
18510 +22.698
18520 +22.116
18530 +21.483
18540 +20.806
18550 +20.138
18560 +19.586
18570 +19.278
18580 +19.303
18590 +19.649
18600 +20.216
18610 +20.890
18620 +21.587
18630 +22.269
18640 +22.931
18650 +23.593
18660 +24.279
18670 +25.006
18680 +25.779
18690 +26.583
18700 +27.396
18710 +28.194
18720 +28.950
18730 +29.637
18740 +30.222
18750 +30.677
18760 +30.981
18770 +31.136
18780 +31.164
18790 +31.098
18800 +30.962
18810 +30.765
18820 +30.501
18830 +30.156
18840 +29.722
18850 +29.201
18860 +28.616
18870 +28.004
18880 +27.416
18890 +26.905
18900 +26.510
18910 +26.252
18920 +26.127
18930 +26.118
18940 +26.205
18950 +26.380
18960 +26.652
18970 +27.042
18980 +27.574
18990 +28.258
19000 +29.083
19010 +30.021
19020 +31.037
19030 +32.099
19040 +33.172
19050 +34.212
19060 +35.156
19070 +35.919
19080 +36.421
19090 +36.630
19100 +36.584
19110 +36.357
19120 +36.021
19130 +35.618
19140 +35.165
19150 +34.663
19160 +34.115
19170 +33.527
19180 +32.915
19190 +32.302
19200 +31.716
19210 +31.182
19220 +30.716
19230 +30.324
19240 +30.000
19250 +29.728
19260 +29.491
19270 +29.276
19280 +29.077
19290 +28.909
19300 +28.800
19310 +28.786
19320 +28.894
19330 +29.130
19340 +29.475
19350 +29.898
19360 +30.360
19370 +30.824
19380 +31.254
19390 +31.614
19400 +31.875
19410 +32.028
19420 +32.080
19430 +32.051
19440 +31.962
19450 +31.827
19460 +31.652
19470 +31.436
19480 +31.179
19490 +30.883
19500 +30.557
19510 +30.216
19520 +29.877
19530 +29.556
19540 +29.263
19550 +29.002
19560 +28.768
19570 +28.554
19580 +28.352
19590 +28.156
19600 +27.966
19610 +27.790
19620 +27.641
19630 +27.536
19640 +27.486
19650 +27.494
19660 +27.554
19670 +27.656
19680 +27.796
19690 +27.974
19700 +28.202
19710 +28.496
19720 +28.862
19730 +29.290
19740 +29.744
19750 +30.175
19760 +30.541
19770 +30.821
19780 +31.018
19790 +31.145
19800 +31.219
19810 +31.252
19820 +31.251
19830 +31.217
19840 +31.148
19850 +31.047
19860 +30.917
19870 +30.767
19880 +30.607
19890 +30.448
19900 +30.302
19910 +30.181
19920 +30.091
19930 +30.038
19940 +30.018
19950 +30.022
19960 +30.034
19970 +30.040
19980 +30.028
19990 +29.999
20000 +29.964
20010 +29.942
20020 +29.953
20030 +30.015
20040 +30.134
20050 +30.303
20060 +30.499
20070 +30.690
20080 +30.844
20090 +30.944
20100 +30.998
20110 +31.039
20120 +31.109
20130 +31.246
20140 +31.470
20150 +31.778
20160 +32.144
20170 +32.520
20180 +32.844
20190 +33.060
20200 +33.154
20210 +33.170
20220 +33.196
20230 +33.316
20240 +33.577
20250 +33.982
20260 +34.505
20270 +35.090
20280 +35.626
20290 +35.924
20300 +35.782
20310 +35.250
20320 +34.698
20330 +34.460
20340 +34.612
20350 +35.086
20360 +35.818
20370 +36.723
20380 +36.989
20390 +31.891
20400 +20.299
20410 +26.993
20420 +30.061
20430 +31.612
20440 +32.586
20450 +33.279
20460 +33.811
20470 +34.240
20480 +34.597
20490 +34.900
20500 +35.157
20510 +35.372
20520 +35.539
20530 +35.642
20540 +35.647
20550 +35.510
20560 +35.228
20570 +34.925
20580 +34.770
20590 +34.779
20600 +34.852
20610 +34.912
20620 +34.918
20630 +34.849
20640 +34.691
20650 +34.448
20660 +34.165
20670 +33.954
20680 +33.928
20690 +34.075
20700 +34.272
20710 +34.420
20720 +34.477
20730 +34.439
20740 +34.315
20750 +34.132
20760 +33.953
20770 +33.905
20780 +34.117
20790 +34.575
20800 +35.089
20810 +35.487
20820 +35.720
20830 +35.812
20840 +35.811
20850 +35.781
20860 +35.826
20870 +36.143
20880 +36.993
20890 +38.380
20900 +39.773
20910 +40.648
20920 +41.035
20930 +41.231
20940 +41.493
20950 +42.068
20960 +43.421
20970 +46.902
20980 +51.715
20990 +44.023
21000 +40.591
21010 +39.322
21020 +38.765
21030 +38.428
21040 +38.039
21050 +37.018
21060 +32.543
21070 +24.926
21080 +32.743
21090 +34.778
21100 +35.517
21110 +35.823
21120 +35.932
21130 +35.927
21140 +35.840
21150 +35.681
21160 +35.443
21170 +35.112
21180 +34.664
21190 +34.066
21200 +33.298
21210 +32.397
21220 +31.536
21230 +31.001
21240 +30.911
21250 +31.065
21260 +31.202
21270 +31.190
21280 +30.995
21290 +30.634
21300 +30.157
21310 +29.654
21320 +29.262
21330 +29.105
21340 +29.193
21350 +29.406
21360 +29.593
21370 +29.653
21380 +29.552
21390 +29.309
21400 +28.975
21410 +28.639
21420 +28.405
21430 +28.357
21440 +28.495
21450 +28.736
21460 +28.960
21470 +29.078
21480 +29.052
21490 +28.890
21500 +28.642
21510 +28.384
21520 +28.212
21530 +28.199
21540 +28.356
21550 +28.623
21560 +28.898
21570 +29.093
21580 +29.158
21590 +29.090
21600 +28.927
21610 +28.739
21620 +28.613
21630 +28.629
21640 +28.815
21650 +29.131
21660 +29.487
21670 +29.793
21680 +29.987
21690 +30.050
21700 +30.005
21710 +29.913
21720 +29.858
21730 +29.927
21740 +30.164
21750 +30.541
21760 +30.976
21770 +31.362
21780 +31.616
21790 +31.695
21800 +31.604
21810 +31.392
21820 +31.142
21830 +30.940
21840 +30.841
21850 +30.832
21860 +30.844
21870 +30.795
21880 +30.629
21890 +30.329
21900 +29.920
21910 +29.462
21920 +29.032
21930 +28.710
21940 +28.547
21950 +28.537
21960 +28.626
21970 +28.735
21980 +28.798
21990 +28.776
22000 +28.661
22010 +28.479
22020 +28.284
22030 +28.143
22040 +28.112
22050 +28.210
22060 +28.405
22070 +28.633
22080 +28.823
22090 +28.920
22100 +28.899
22110 +28.772
22120 +28.579
22130 +28.388
22140 +28.265
22150 +28.249
22160 +28.327
22170 +28.441
22180 +28.516
22190 +28.493
22200 +28.345
22210 +28.080
22220 +27.745
22230 +27.411
22240 +27.154
22250 +27.021
22260 +27.009
22270 +27.072
22280 +27.145
22290 +27.175
22300 +27.132
22310 +27.018
22320 +26.860
22330 +26.705
22340 +26.607
22350 +26.609
22360 +26.718
22370 +26.908
22380 +27.131
22390 +27.338
22400 +27.491
22410 +27.575
22420 +27.597
22430 +27.587
22440 +27.590
22450 +27.651
22460 +27.799
22470 +28.031
22480 +28.312
22490 +28.595
22500 +28.834
22510 +28.997
22520 +29.076
22530 +29.085
22540 +29.063
22550 +29.057
22560 +29.106
22570 +29.224
22580 +29.387
22590 +29.550
22600 +29.665
22610 +29.699
22620 +29.641
22630 +29.510
22640 +29.347
22650 +29.205
22660 +29.133
22670 +29.151
22680 +29.247
22690 +29.387
22700 +29.528
22710 +29.640
22720 +29.710
22730 +29.743
22740 +29.763
22750 +29.807
22760 +29.909
22770 +30.090
22780 +30.348
22790 +30.662
22800 +30.998
22810 +31.325
22820 +31.622
22830 +31.884
22840 +32.121
22850 +32.356
22860 +32.617
22870 +32.929
22880 +33.298
22890 +33.707
22900 +34.123
22910 +34.505
22920 +34.814
22930 +35.022
22940 +35.114
22950 +35.096
22960 +34.990
22970 +34.832
22980 +34.656
22990 +34.478
23000 +34.294
23010 +34.089
23020 +33.849
23030 +33.568
23040 +33.257
23050 +32.944
23060 +32.665
23070 +32.457
23080 +32.341
23090 +32.315
23100 +32.359
23110 +32.441
23120 +32.536
23130 +32.627
23140 +32.712
23150 +32.804
23160 +32.922
23170 +33.089
23180 +33.319
23190 +33.611
23200 +33.948
23210 +34.305
23220 +34.655
23230 +34.975
23240 +35.252
23250 +35.480
23260 +35.659
23270 +35.791
23280 +35.875
23290 +35.906
23300 +35.870
23310 +35.753
23320 +35.545
23330 +35.243
23340 +34.855
23350 +34.403
23360 +33.919
23370 +33.443
23380 +33.013
23390 +32.652
23400 +32.365
23410 +32.137
23420 +31.946
23430 +31.771
23440 +31.604
23450 +31.449
23460 +31.322
23470 +31.243
23480 +31.231
23490 +31.292
23500 +31.416
23510 +31.582
23520 +31.763
23530 +31.936
23540 +32.090
23550 +32.223
23560 +32.342
23570 +32.459
23580 +32.587
23590 +32.726
23600 +32.866
23610 +32.984
23620 +33.051
23630 +33.040
23640 +32.936
23650 +32.736
23660 +32.454
23670 +32.111
23680 +31.736
23690 +31.356
23700 +30.989
23710 +30.639
23720 +30.300
23730 +29.958
23740 +29.605
23750 +29.240
23760 +28.874
23770 +28.528
23780 +28.230
23790 +28.004
23800 +27.864
23810 +27.805
23820 +27.809
23830 +27.851
23840 +27.907
23850 +27.966
23860 +28.029
23870 +28.107
23880 +28.219
23890 +28.384
23900 +28.608
23910 +28.884
23920 +29.193
23930 +29.506
23940 +29.793
23950 +30.033
23960 +30.213
23970 +30.334
23980 +30.404
23990 +30.438
