00000 -8.698
00010 -6.215
00020 -3.072
00030 -1.109
00040 -0.068
00050 +0.328
00060 +0.245
00070 -0.205
00080 -0.870
00090 -1.404
00100 -1.234
00110 -0.129
00120 +1.405
00130 +2.792
00140 +3.789
00150 +4.375
00160 +4.615
00170 +4.594
00180 +4.406
00190 +4.154
00200 +3.958
00210 +3.939
00220 +4.153
00230 +4.544
00240 +4.977
00250 +5.320
00260 +5.497
00270 +5.492
00280 +5.331
00290 +5.063
00300 +4.763
00310 +4.513
00320 +4.392
00330 +4.427
00340 +4.580
00350 +4.761
00360 +4.876
00370 +4.866
00380 +4.715
00390 +4.444
00400 +4.107
00410 +3.781
00420 +3.551
00430 +3.477
00440 +3.560
00450 +3.735
00460 +3.910
00470 +4.010
00480 +4.000
00490 +3.895
00500 +3.746
00510 +3.636
00520 +3.647
00530 +3.829
00540 +4.172
00550 +4.610
00560 +5.061
00570 +5.460
00580 +5.774
00590 +6.007
00600 +6.189
00610 +6.367
00620 +6.584
00630 +6.867
00640 +7.213
00650 +7.598
00660 +7.976
00670 +8.305
00680 +8.551
00690 +8.698
00700 +8.752
00710 +8.736
00720 +8.687
00730 +8.645
00740 +8.638
00750 +8.676
00760 +8.743
00770 +8.806
00780 +8.828
00790 +8.779
00800 +8.648
00810 +8.451
00820 +8.226
00830 +8.024
00840 +7.895
00850 +7.863
00860 +7.924
00870 +8.043
00880 +8.173
00890 +8.276
00900 +8.333
00910 +8.354
00920 +8.370
00930 +8.425
00940 +8.556
00950 +8.775
00960 +9.069
00970 +9.403
00980 +9.738
00990 +10.042
01000 +10.295
01010 +10.496
01020 +10.660
01030 +10.811
01040 +10.976
01050 +11.170
01060 +11.395
01070 +11.639
01080 +11.879
01090 +12.091
01100 +12.254
01110 +12.357
01120 +12.401
01130 +12.400
01140 +12.377
01150 +12.356
01160 +12.354
01170 +12.375
01180 +12.409
01190 +12.437
01200 +12.437
01210 +12.395
01220 +12.306
01230 +12.180
01240 +12.043
01250 +11.925
01260 +11.853
01270 +11.840
01280 +11.881
01290 +11.959
01300 +12.054
01310 +12.148
01320 +12.238
01330 +12.329
01340 +12.438
01350 +12.585
01360 +12.782
01370 +13.031
01380 +13.322
01390 +13.639
01400 +13.968
01410 +14.294
01420 +14.610
01430 +14.912
01440 +15.199
01450 +15.475
01460 +15.742
01470 +16.004
01480 +16.258
01490 +16.500
01500 +16.724
01510 +16.920
01520 +17.075
01530 +17.177
01540 +17.217
01550 +17.191
01560 +17.104
01570 +16.972
01580 +16.817
01590 +16.659
01600 +16.514
01610 +16.391
01620 +16.292
01630 +16.222
01640 +16.184
01650 +16.189
01660 +16.246
01670 +16.363
01680 +16.538
01690 +16.765
01700 +17.034
01710 +17.336
01720 +17.662
01730 +18.006
01740 +18.357
01750 +18.706
01760 +19.038
01770 +19.344
01780 +19.622
01790 +19.876
01800 +20.114
01810 +20.344
01820 +20.568
01830 +20.783
01840 +20.975
01850 +21.128
01860 +21.227
01870 +21.261
01880 +21.234
01890 +21.158
01900 +21.049
01910 +20.919
01920 +20.771
01930 +20.602
01940 +20.404
01950 +20.165
01960 +19.880
01970 +19.552
01980 +19.189
01990 +18.807
02000 +18.419
02010 +18.038
02020 +17.669
02030 +17.318
02040 +16.987
02050 +16.685
02060 +16.419
02070 +16.202
02080 +16.047
02090 +15.962
02100 +15.956
02110 +16.031
02120 +16.187
02130 +16.425
02140 +16.742
02150 +17.129
02160 +17.567
02170 +18.029
02180 +18.479
02190 +18.883
02200 +19.215
02210 +19.463
02220 +19.627
02230 +19.712
02240 +19.723
02250 +19.656
02260 +19.507
02270 +19.269
02280 +18.943
02290 +18.542
02300 +18.082
02310 +17.584
02320 +17.068
02330 +16.546
02340 +16.026
02350 +15.513
02360 +15.009
02370 +14.514
02380 +14.030
02390 +13.555
02400 +13.091
02410 +12.641
02420 +12.210
02430 +11.804
02440 +11.433
02450 +11.107
02460 +10.836
02470 +10.623
02480 +10.466
02490 +10.358
02500 +10.290
02510 +10.253
02520 +10.243
02530 +10.261
02540 +10.312
02550 +10.402
02560 +10.533
02570 +10.703
02580 +10.904
02590 +11.124
02600 +11.350
02610 +11.571
02620 +11.782
02630 +11.982
02640 +12.175
02650 +12.367
02660 +12.563
02670 +12.763
02680 +12.962
02690 +13.150
02700 +13.314
02710 +13.436
02720 +13.502
02730 +13.501
02740 +13.427
02750 +13.282
02760 +13.067
02770 +12.789
02780 +12.453
02790 +12.062
02800 +11.623
02810 +11.143
02820 +10.636
02830 +10.124
02840 +9.636
02850 +9.205
02860 +8.861
02870 +8.621
02880 +8.489
02890 +8.451
02900 +8.485
02910 +8.565
02920 +8.668
02930 +8.781
02940 +8.897
02950 +9.017
02960 +9.144
02970 +9.280
02980 +9.426
02990 +9.576
03000 +9.723
03010 +9.858
03020 +9.973
03030 +10.063
03040 +10.127
03050 +10.170
03060 +10.199
03070 +10.222
03080 +10.245
03090 +10.267
03100 +10.287
03110 +10.295
03120 +10.286
03130 +10.254
03140 +10.197
03150 +10.120
03160 +10.032
03170 +9.945
03180 +9.869
03190 +9.807
03200 +9.759
03210 +9.720
03220 +9.685
03230 +9.650
03240 +9.617
03250 +9.592
03260 +9.584
03270 +9.601
03280 +9.646
03290 +9.717
03300 +9.806
03310 +9.903
03320 +10.000
03330 +10.091
03340 +10.174
03350 +10.249
03360 +10.320
03370 +10.391
03380 +10.462
03390 +10.535
03400 +10.605
03410 +10.669
03420 +10.723
03430 +10.762
03440 +10.786
03450 +10.794
03460 +10.792
03470 +10.784
03480 +10.775
03490 +10.767
03500 +10.760
03510 +10.753
03520 +10.740
03530 +10.717
03540 +10.682
03550 +10.635
03560 +10.581
03570 +10.526
03580 +10.478
03590 +10.442
03600 +10.422
03610 +10.413
03620 +10.411
03630 +10.408
03640 +10.403
03650 +10.396
03660 +10.395
03670 +10.409
03680 +10.448
03690 +10.517
03700 +10.614
03710 +10.733
03720 +10.861
03730 +10.991
03740 +11.116
03750 +11.237
03760 +11.358
03770 +11.486
03780 +11.624
03790 +11.773
03800 +11.928
03810 +12.079
03820 +12.218
03830 +12.335
03840 +12.428
03850 +12.498
03860 +12.549
03870 +12.589
03880 +12.623
03890 +12.657
03900 +12.692
03910 +12.726
03920 +12.754
03930 +12.771
03940 +12.774
03950 +12.763
03960 +12.745
03970 +12.726
03980 +12.716
03990 +12.723
04000 +12.752
04010 +12.801
04020 +12.864
04030 +12.933
04040 +13.001
04050 +13.066
04060 +13.129
04070 +13.196
04080 +13.274
04090 +13.369
04100 +13.482
04110 +13.611
04120 +13.746
04130 +13.879
04140 +14.001
04150 +14.108
04160 +14.199
04170 +14.278
04180 +14.349
04190 +14.419
04200 +14.490
04210 +14.563
04220 +14.634
04230 +14.698
04240 +14.749
04250 +14.782
04260 +14.795
04270 +14.791
04280 +14.773
04290 +14.748
04300 +14.724
04310 +14.706
04320 +14.697
04330 +14.693
04340 +14.690
04350 +14.681
04360 +14.662
04370 +14.632
04380 +14.593
04390 +14.555
04400 +14.525
04410 +14.513
04420 +14.523
04430 +14.553
04440 +14.596
04450 +14.645
04460 +14.690
04470 +14.728
04480 +14.759
04490 +14.790
04500 +14.830
04510 +14.887
04520 +14.966
04530 +15.064
04540 +15.175
04550 +15.289
04560 +15.397
04570 +15.493
04580 +15.576
04590 +15.651
04600 +15.724
04610 +15.803
04620 +15.893
04630 +15.995
04640 +16.105
04650 +16.216
04660 +16.320
04670 +16.410
04680 +16.482
04690 +16.539
04700 +16.586
04710 +16.629
04720 +16.678
04730 +16.735
04740 +16.802
04750 +16.874
04760 +16.944
04770 +17.005
04780 +17.052
04790 +17.084
04800 +17.105
04810 +17.122
04820 +17.146
04830 +17.183
04840 +17.235
04850 +17.302
04860 +17.377
04870 +17.453
04880 +17.522
04890 +17.583
04900 +17.637
04910 +17.689
04920 +17.749
04930 +17.823
04940 +17.916
04950 +18.026
04960 +18.148
04970 +18.276
04980 +18.402
04990 +18.523
05000 +18.637
05010 +18.748
05020 +18.861
05030 +18.981
05040 +19.114
05050 +19.261
05060 +19.420
05070 +19.587
05080 +19.756
05090 +19.920
05100 +20.078
05110 +20.227
05120 +20.371
05130 +20.514
05140 +20.663
05150 +20.820
05160 +20.989
05170 +21.166
05180 +21.346
05190 +21.523
05200 +21.689
05210 +21.842
05220 +21.981
05230 +22.111
05240 +22.238
05250 +22.367
05260 +22.502
05270 +22.644
05280 +22.788
05290 +22.926
05300 +23.054
05310 +23.165
05320 +23.261
05330 +23.345
05340 +23.424
05350 +23.506
05360 +23.595
05370 +23.694
05380 +23.800
05390 +23.909
05400 +24.015
05410 +24.116
05420 +24.210
05430 +24.300
05440 +24.391
05450 +24.489
05460 +24.597
05470 +24.719
05480 +24.853
05490 +24.997
05500 +25.148
05510 +25.302
05520 +25.457
05530 +25.613
05540 +25.770
05550 +25.931
05560 +26.099
05570 +26.278
05580 +26.468
05590 +26.668
05600 +26.877
05610 +27.090
05620 +27.304
05630 +27.516
05640 +27.724
05650 +27.927
05660 +28.127
05670 +28.324
05680 +28.521
05690 +28.719
05700 +28.917
05710 +29.113
05720 +29.302
05730 +29.482
05740 +29.647
05750 +29.796
05760 +29.930
05770 +30.051
05780 +30.164
05790 +30.274
05800 +30.383
05810 +30.494
05820 +30.604
05830 +30.713
05840 +30.818
05850 +30.916
05860 +31.007
05870 +31.095
05880 +31.182
05890 +31.274
05900 +31.374
05910 +31.487
05920 +31.611
05930 +31.746
05940 +31.886
05950 +32.028
05960 +32.165
05970 +32.296
05980 +32.421
05990 +32.541
06000 +32.661
06010 +32.784
06020 +32.910
06030 +33.038
06040 +33.161
06050 +33.270
06060 +33.356
06070 +33.413
06080 +33.437
06090 +33.434
06100 +33.411
06110 +33.375
06120 +33.332
06130 +33.281
06140 +33.220
06150 +33.142
06160 +33.043
06170 +32.920
06180 +32.778
06190 +32.624
06200 +32.467
06210 +32.317
06220 +32.177
06230 +32.049
06240 +31.931
06250 +31.819
06260 +31.707
06270 +31.595
06280 +31.481
06290 +31.368
06300 +31.260
06310 +31.161
06320 +31.074
06330 +30.999
06340 +30.936
06350 +30.881
06360 +30.830
06370 +30.779
06380 +30.724
06390 +30.664
06400 +30.599
06410 +30.532
06420 +30.466
06430 +30.403
06440 +30.345
06450 +30.291
06460 +30.239
06470 +30.184
06480 +30.123
06490 +30.053
06500 +29.975
06510 +29.891
06520 +29.805
06530 +29.721
06540 +29.643
06550 +29.572
06560 +29.508
06570 +29.447
06580 +29.388
06590 +29.328
06600 +29.266
06610 +29.203
06620 +29.140
06630 +29.083
06640 +29.032
06650 +28.990
06660 +28.958
06670 +28.934
06680 +28.916
06690 +28.901
06700 +28.885
06710 +28.868
06720 +28.849
06730 +28.828
06740 +28.807
06750 +28.789
06760 +28.774
06770 +28.763
06780 +28.756
06790 +28.748
06800 +28.737
06810 +28.720
06820 +28.694
06830 +28.658
06840 +28.615
06850 +28.568
06860 +28.519
06870 +28.471
06880 +28.424
06890 +28.378
06900 +28.331
06910 +28.280
06920 +28.223
06930 +28.160
06940 +28.093
06950 +28.023
06960 +27.955
06970 +27.892
06980 +27.836
06990 +27.788
07000 +27.748
07010 +27.713
07020 +27.683
07030 +27.655
07040 +27.630
07050 +27.606
07060 +27.587
07070 +27.573
07080 +27.568
07090 +27.572
07100 +27.587
07110 +27.612
07120 +27.645
07130 +27.683
07140 +27.724
07150 +27.764
07160 +27.803
07170 +27.840
07180 +27.878
07190 +27.919
07200 +27.966
07210 +28.020
07220 +28.081
07230 +28.147
07240 +28.213
07250 +28.275
07260 +28.329
07270 +28.374
07280 +28.412
07290 +28.447
07300 +28.484
07310 +28.527
07320 +28.579
07330 +28.637
07340 +28.700
07350 +28.761
07360 +28.815
07370 +28.860
07380 +28.896
07390 +28.928
07400 +28.961
07410 +29.002
07420 +29.055
07430 +29.120
07440 +29.196
07450 +29.276
07460 +29.354
07470 +29.425
07480 +29.485
07490 +29.536
07500 +29.583
07510 +29.633
07520 +29.693
07530 +29.765
07540 +29.848
07550 +29.937
07560 +30.024
07570 +30.098
07580 +30.154
07590 +30.189
07600 +30.209
07610 +30.221
07620 +30.235
07630 +30.256
07640 +30.286
07650 +30.320
07660 +30.348
07670 +30.361
07680 +30.348
07690 +30.309
07700 +30.249
07710 +30.177
07720 +30.105
07730 +30.040
07740 +29.987
07750 +29.941
07760 +29.894
07770 +29.839
07780 +29.765
07790 +29.672
07800 +29.562
07810 +29.444
07820 +29.328
07830 +29.222
07840 +29.129
07850 +29.049
07860 +28.976
07870 +28.902
07880 +28.820
07890 +28.724
07900 +28.614
07910 +28.495
07920 +28.373
07930 +28.255
07940 +28.148
07950 +28.053
07960 +27.968
07970 +27.886
07980 +27.800
07990 +27.704
08000 +27.593
08010 +27.469
08020 +27.336
08030 +27.202
08040 +27.073
08050 +26.955
08060 +26.847
08070 +26.746
08080 +26.645
08090 +26.539
08100 +26.421
08110 +26.291
08120 +26.151
08130 +26.006
08140 +25.864
08150 +25.730
08160 +25.607
08170 +25.494
08180 +25.388
08190 +25.283
08200 +25.174
08210 +25.057
08220 +24.933
08230 +24.804
08240 +24.675
08250 +24.552
08260 +24.439
08270 +24.338
08280 +24.248
08290 +24.166
08300 +24.088
08310 +24.009
08320 +23.926
08330 +23.837
08340 +23.744
08350 +23.652
08360 +23.566
08370 +23.490
08380 +23.426
08390 +23.373
08400 +23.329
08410 +23.288
08420 +23.244
08430 +23.193
08440 +23.135
08450 +23.071
08460 +23.006
08470 +22.946
08480 +22.895
08490 +22.856
08500 +22.827
08510 +22.804
08520 +22.779
08530 +22.748
08540 +22.706
08550 +22.655
08560 +22.596
08570 +22.537
08580 +22.484
08590 +22.440
08600 +22.406
08610 +22.380
08620 +22.358
08630 +22.331
08640 +22.297
08650 +22.252
08660 +22.199
08670 +22.142
08680 +22.088
08690 +22.043
08700 +22.009
08710 +21.987
08720 +21.975
08730 +21.967
08740 +21.957
08750 +21.942
08760 +21.918
08770 +21.890
08780 +21.861
08790 +21.838
08800 +21.826
08810 +21.828
08820 +21.843
08830 +21.868
08840 +21.896
08850 +21.921
08860 +21.938
08870 +21.946
08880 +21.947
08890 +21.948
08900 +21.954
08910 +21.971
08920 +22.001
08930 +22.041
08940 +22.086
08950 +22.129
08960 +22.162
08970 +22.182
08980 +22.190
08990 +22.188
09000 +22.185
09010 +22.186
09020 +22.194
09030 +22.211
09040 +22.233
09050 +22.253
09060 +22.265
09070 +22.264
09080 +22.247
09090 +22.217
09100 +22.179
09110 +22.142
09120 +22.110
09130 +22.087
09140 +22.074
09150 +22.068
09160 +22.061
09170 +22.050
09180 +22.031
09190 +22.002
09200 +21.967
09210 +21.933
09220 +21.906
09230 +21.892
09240 +21.893
09250 +21.908
09260 +21.932
09270 +21.959
09280 +21.983
09290 +22.000
09300 +22.009
09310 +22.015
09320 +22.022
09330 +22.038
09340 +22.065
09350 +22.105
09360 +22.156
09370 +22.210
09380 +22.261
09390 +22.301
09400 +22.329
09410 +22.345
09420 +22.351
09430 +22.356
09440 +22.364
09450 +22.378
09460 +22.398
09470 +22.420
09480 +22.437
09490 +22.443
09500 +22.431
09510 +22.402
09520 +22.356
09530 +22.301
09540 +22.244
09550 +22.190
09560 +22.142
09570 +22.100
09580 +22.060
09590 +22.015
09600 +21.960
09610 +21.893
09620 +21.814
09630 +21.729
09640 +21.643
09650 +21.565
09660 +21.498
09670 +21.446
09680 +21.405
09690 +21.370
09700 +21.336
09710 +21.297
09720 +21.253
09730 +21.204
09740 +21.156
09750 +21.113
09760 +21.081
09770 +21.063
09780 +21.058
09790 +21.062
09800 +21.070
09810 +21.076
09820 +21.076
09830 +21.069
09840 +21.056
09850 +21.040
09860 +21.026
09870 +21.017
09880 +21.016
09890 +21.020
09900 +21.026
09910 +21.030
09920 +21.025
09930 +21.008
09940 +20.978
09950 +20.936
09960 +20.887
09970 +20.835
09980 +20.784
09990 +20.735
10000 +20.689
10010 +20.641
10020 +20.588
10030 +20.526
10040 +20.450
10050 +20.363
10060 +20.265
10070 +20.163
10080 +20.062
10090 +19.966
10100 +19.876
10110 +19.793
10120 +19.712
10130 +19.630
10140 +19.543
10150 +19.448
10160 +19.347
10170 +19.242
10180 +19.139
10190 +19.042
10200 +18.954
10210 +18.878
10220 +18.811
10230 +18.750
10240 +18.690
10250 +18.628
10260 +18.560
10270 +18.488
10280 +18.415
10290 +18.344
10300 +18.281
10310 +18.229
10320 +18.189
10330 +18.159
10340 +18.134
10350 +18.110
10360 +18.081
10370 +18.046
10380 +18.004
10390 +17.960
10400 +17.919
10410 +17.887
10420 +17.867
10430 +17.859
10440 +17.859
10450 +17.863
10460 +17.864
10470 +17.857
10480 +17.841
10490 +17.819
10500 +17.796
10510 +17.779
10520 +17.773
10530 +17.779
10540 +17.796
10550 +17.818
10560 +17.839
10570 +17.853
10580 +17.857
10590 +17.851
10600 +17.840
10610 +17.829
10620 +17.825
10630 +17.830
10640 +17.844
10650 +17.864
10660 +17.884
10670 +17.897
10680 +17.900
10690 +17.890
10700 +17.870
10710 +17.845
10720 +17.820
10730 +17.802
10740 +17.792
10750 +17.789
10760 +17.790
10770 +17.787
10780 +17.778
10790 +17.758
10800 +17.728
10810 +17.692
10820 +17.658
10830 +17.631
10840 +17.616
10850 +17.614
10860 +17.622
10870 +17.635
10880 +17.648
10890 +17.658
10900 +17.664
10910 +17.669
10920 +17.679
10930 +17.700
10940 +17.734
10950 +17.784
10960 +17.848
10970 +17.920
10980 +17.997
10990 +18.073
11000 +18.149
11010 +18.223
11020 +18.300
11030 +18.381
11040 +18.469
11050 +18.567
11060 +18.671
11070 +18.781
11080 +18.892
11090 +19.001
11100 +19.105
11110 +19.204
11120 +19.297
11130 +19.388
11140 +19.477
11150 +19.568
11160 +19.660
11170 +19.753
11180 +19.844
11190 +19.932
11200 +20.015
11210 +20.091
11220 +20.160
11230 +20.224
11240 +20.284
11250 +20.344
11260 +20.404
11270 +20.465
11280 +20.526
11290 +20.586
11300 +20.645
11310 +20.700
11320 +20.752
11330 +20.803
11340 +20.854
11350 +20.907
11360 +20.963
11370 +21.022
11380 +21.085
11390 +21.149
11400 +21.215
11410 +21.282
11420 +21.350
11430 +21.421
11440 +21.496
11450 +21.575
11460 +21.657
11470 +21.743
11480 +21.830
11490 +21.918
11500 +22.006
11510 +22.095
11520 +22.186
11530 +22.280
11540 +22.377
11550 +22.478
11560 +22.580
11570 +22.684
11580 +22.786
11590 +22.884
11600 +22.980
11610 +23.072
11620 +23.164
11630 +23.258
11640 +23.354
11650 +23.455
11660 +23.557
11670 +23.660
11680 +23.759
11690 +23.852
11700 +23.939
11710 +24.020
11720 +24.099
11730 +24.178
11740 +24.262
11750 +24.351
11760 +24.446
11770 +24.542
11780 +24.636
11790 +24.725
11800 +24.806
11810 +24.879
11820 +24.948
11830 +25.018
11840 +25.092
11850 +25.174
11860 +25.264
11870 +25.360
11880 +25.458
11890 +25.552
11900 +25.638
11910 +25.716
11920 +25.788
11930 +25.856
11940 +25.929
11950 +26.009
11960 +26.099
11970 +26.200
11980 +26.306
11990 +26.413
12000 +26.514
12010 +26.606
12020 +26.688
12030 +26.764
12040 +26.839
12050 +26.920
12060 +27.011
12070 +27.116
12080 +27.232
12090 +27.353
12100 +27.472
12110 +27.582
12120 +27.679
12130 +27.765
12140 +27.845
12150 +27.926
12160 +28.017
12170 +28.121
12180 +28.239
12190 +28.367
12200 +28.498
12210 +28.623
12220 +28.735
12230 +28.831
12240 +28.915
12250 +28.994
12260 +29.077
12270 +29.172
12280 +29.282
12290 +29.408
12300 +29.542
12310 +29.677
12320 +29.803
12330 +29.914
12340 +30.009
12350 +30.092
12360 +30.173
12370 +30.260
12380 +30.363
12390 +30.486
12400 +30.627
12410 +30.779
12420 +30.933
12430 +31.079
12440 +31.210
12450 +31.325
12460 +31.429
12470 +31.534
12480 +31.651
12490 +31.791
12500 +31.957
12510 +32.150
12520 +32.360
12530 +32.575
12540 +32.783
12550 +32.974
12560 +33.149
12570 +33.315
12580 +33.485
12590 +33.675
12600 +33.897
12610 +34.160
12620 +34.459
12630 +34.785
12640 +35.120
12650 +35.448
12660 +35.757
12670 +36.046
12680 +36.326
12690 +36.615
12700 +36.937
12710 +37.309
12720 +37.743
12730 +38.236
12740 +38.774
12750 +39.334
12760 +39.890
12770 +40.423
12780 +40.928
12790 +41.422
12800 +41.939
12810 +42.519
12820 +43.200
12830 +44.012
12840 +44.966
12850 +46.057
12860 +47.260
12870 +48.534
12880 +49.836
12890 +51.151
12900 +52.520
12910 +54.057
12920 +55.921
12930 +58.240
12940 +60.714
12950 +61.554
12960 +59.676
12970 +57.183
12980 +55.136
12990 +53.581
13000 +52.376
13010 +51.367
13020 +50.425
13030 +49.471
13040 +48.488
13050 +47.511
13060 +46.595
13070 +45.784
13080 +45.103
13090 +44.553
13100 +44.118
13110 +43.766
13120 +43.452
13130 +43.131
13140 +42.772
13150 +42.362
13160 +41.918
13170 +41.470
13180 +41.051
13190 +40.686
13200 +40.386
13210 +40.148
13220 +39.953
13230 +39.775
13240 +39.585
13250 +39.360
13260 +39.093
13270 +38.796
13280 +38.491
13290 +38.202
13300 +37.949
13310 +37.741
13320 +37.574
13330 +37.433
13340 +37.298
13350 +37.147
13360 +36.965
13370 +36.748
13380 +36.507
13390 +36.260
13400 +36.026
13410 +35.818
13420 +35.642
13430 +35.494
13440 +35.362
13450 +35.231
13460 +35.083
13470 +34.910
13480 +34.711
13490 +34.495
13500 +34.275
13510 +34.066
13520 +33.877
13530 +33.714
13540 +33.572
13550 +33.444
13560 +33.317
13570 +33.179
13580 +33.023
13590 +32.849
13600 +32.663
13610 +32.476
13620 +32.299
13630 +32.142
13640 +32.009
13650 +31.897
13660 +31.801
13670 +31.708
13680 +31.609
13690 +31.496
13700 +31.370
13710 +31.233
13720 +31.097
13730 +30.971
13740 +30.862
13750 +30.775
13760 +30.707
13770 +30.650
13780 +30.595
13790 +30.531
13800 +30.451
13810 +30.355
13820 +30.246
13830 +30.133
13840 +30.024
13850 +29.927
13860 +29.844
13870 +29.775
13880 +29.712
13890 +29.646
13900 +29.569
13910 +29.474
13920 +29.359
13930 +29.230
13940 +29.094
13950 +28.959
13960 +28.835
13970 +28.724
13980 +28.626
13990 +28.537
14000 +28.447
14010 +28.348
14020 +28.233
14030 +28.100
14040 +27.954
14050 +27.802
14060 +27.655
14070 +27.522
14080 +27.409
14090 +27.314
14100 +27.233
14110 +27.155
14120 +27.068
14130 +26.966
14140 +26.847
14150 +26.717
14160 +26.584
14170 +26.461
14180 +26.357
14190 +26.276
14200 +26.215
14210 +26.167
14220 +26.118
14230 +26.057
14240 +25.978
14250 +25.880
14260 +25.770
14270 +25.660
14280 +25.560
14290 +25.479
14300 +25.418
14310 +25.374
14320 +25.337
14330 +25.294
14340 +25.234
14350 +25.154
14360 +25.053
14370 +24.939
14380 +24.824
14390 +24.720
14400 +24.633
14410 +24.567
14420 +24.515
14430 +24.467
14440 +24.411
14450 +24.335
14460 +24.235
14470 +24.114
14480 +23.981
14490 +23.850
14500 +23.732
14510 +23.635
14520 +23.560
14530 +23.497
14540 +23.435
14550 +23.360
14560 +23.262
14570 +23.140
14580 +22.998
14590 +22.849
14600 +22.707
14610 +22.581
14620 +22.479
14630 +22.395
14640 +22.323
14650 +22.247
14660 +22.157
14670 +22.045
14680 +21.911
14690 +21.764
14700 +21.614
14710 +21.474
14720 +21.355
14730 +21.260
14740 +21.185
14750 +21.121
14760 +21.056
14770 +20.978
14780 +20.879
14790 +20.760
14800 +20.629
14810 +20.496
14820 +20.378
14830 +20.283
14840 +20.215
14850 +20.167
14860 +20.127
14870 +20.079
14880 +20.009
14890 +19.910
14900 +19.787
14910 +19.650
14920 +19.516
14930 +19.400
14940 +19.308
14950 +19.240
14960 +19.184
14970 +19.124
14980 +19.044
14990 +18.935
15000 +18.797
15010 +18.640
15020 +18.480
15030 +18.335
15040 +18.215
15050 +18.122
15060 +18.051
15070 +17.987
15080 +17.916
15090 +17.829
15100 +17.721
15110 +17.600
15120 +17.479
15130 +17.373
15140 +17.296
15150 +17.253
15160 +17.240
15170 +17.244
15180 +17.253
15190 +17.254
15200 +17.241
15210 +17.216
15220 +17.187
15230 +17.166
15240 +17.164
15250 +17.184
15260 +17.225
15270 +17.276
15280 +17.324
15290 +17.359
15300 +17.375
15310 +17.372
15320 +17.357
15330 +17.338
15340 +17.325
15350 +17.323
15360 +17.329
15370 +17.336
15380 +17.338
15390 +17.327
15400 +17.300
15410 +17.261
15420 +17.216
15430 +17.174
15440 +17.144
15450 +17.128
15460 +17.123
15470 +17.124
15480 +17.125
15490 +17.123
15500 +17.117
15510 +17.114
15520 +17.121
15530 +17.147
15540 +17.196
15550 +17.265
15560 +17.347
15570 +17.432
15580 +17.512
15590 +17.582
15600 +17.645
15610 +17.708
15620 +17.781
15630 +17.871
15640 +17.981
15650 +18.105
15660 +18.231
15670 +18.344
15680 +18.434
15690 +18.498
15700 +18.540
15710 +18.572
15720 +18.607
15730 +18.659
15740 +18.730
15750 +18.817
15760 +18.907
15770 +18.983
15780 +19.032
15790 +19.049
15800 +19.042
15810 +19.024
15820 +19.014
15830 +19.029
15840 +19.079
15850 +19.161
15860 +19.262
15870 +19.364
15880 +19.449
15890 +19.510
15900 +19.546
15910 +19.572
15920 +19.604
15930 +19.661
15940 +19.755
15950 +19.888
15960 +20.048
15970 +20.217
15980 +20.373
15990 +20.499
16000 +20.588
16010 +20.647
16020 +20.691
16030 +20.742
16040 +20.818
16050 +20.930
16060 +21.074
16070 +21.234
16080 +21.385
16090 +21.506
16100 +21.582
16110 +21.613
16120 +21.615
16130 +21.612
16140 +21.630
16150 +21.687
16160 +21.787
16170 +21.918
16180 +22.057
16190 +22.178
16200 +22.264
16210 +22.310
16220 +22.327
16230 +22.340
16240 +22.374
16250 +22.450
16260 +22.575
16270 +22.740
16280 +22.927
16290 +23.112
16300 +23.274
16310 +23.405
16320 +23.504
16330 +23.585
16340 +23.669
16350 +23.775
16360 +23.913
16370 +24.084
16380 +24.276
16390 +24.474
16400 +24.656
16410 +24.809
16420 +24.926
16430 +25.011
16440 +25.078
16450 +25.147
16460 +25.236
16470 +25.351
16480 +25.492
16490 +25.645
16500 +25.796
16510 +25.928
16520 +26.031
16530 +26.105
16540 +26.159
16550 +26.209
16560 +26.274
16570 +26.361
16580 +26.472
16590 +26.599
16600 +26.731
16610 +26.857
16620 +26.969
16630 +27.065
16640 +27.148
16650 +27.225
16660 +27.303
16670 +27.387
16680 +27.476
16690 +27.568
16700 +27.659
16710 +27.746
16720 +27.827
16730 +27.901
16740 +27.968
16750 +28.029
16760 +28.083
16770 +28.129
16780 +28.167
16790 +28.196
16800 +28.218
16810 +28.235
16820 +28.251
16830 +28.273
16840 +28.306
16850 +28.352
16860 +28.408
16870 +28.466
16880 +28.517
16890 +28.553
16900 +28.572
16910 +28.579
16920 +28.588
16930 +28.614
16940 +28.676
16950 +28.785
16960 +28.937
16970 +29.116
16980 +29.293
16990 +29.443
17000 +29.556
17010 +29.637
17020 +29.705
17030 +29.788
17040 +29.912
17050 +30.091
17060 +30.322
17070 +30.579
17080 +30.822
17090 +31.013
17100 +31.134
17110 +31.186
17120 +31.188
17130 +31.172
17140 +31.171
17150 +31.213
17160 +31.309
17170 +31.449
17180 +31.602
17190 +31.726
17200 +31.785
17210 +31.763
17220 +31.667
17230 +31.527
17240 +31.387
17250 +31.295
17260 +31.290
17270 +31.387
17280 +31.563
17290 +31.769
17300 +31.942
17310 +32.037
17320 +32.040
17330 +31.976
17340 +31.898
17350 +31.875
17360 +31.964
17370 +32.190
17380 +32.534
17390 +32.936
17400 +33.319
17410 +33.621
17420 +33.810
17430 +33.893
17440 +33.913
17450 +33.933
17460 +34.009
17470 +34.174
17480 +34.426
17490 +34.729
17500 +35.027
17510 +35.260
17520 +35.380
17530 +35.370
17540 +35.248
17550 +35.059
17560 +34.866
17570 +34.728
17580 +34.683
17590 +34.730
17600 +34.836
17610 +34.945
17620 +34.995
17630 +34.941
17640 +34.773
17650 +34.522
17660 +34.254
17670 +34.052
17680 +33.979
17690 +34.056
17700 +34.251
17710 +34.499
17720 +34.728
17730 +34.881
17740 +34.934
17750 +34.908
17760 +34.859
17770 +34.861
17780 +34.966
17790 +35.186
17800 +35.490
17810 +35.825
17820 +36.133
17830 +36.366
17840 +36.501
17850 +36.538
17860 +36.508
17870 +36.455
17880 +36.423
17890 +36.437
17900 +36.498
17910 +36.586
17920 +36.668
17930 +36.709
17940 +36.684
17950 +36.578
17960 +36.397
17970 +36.170
17980 +35.938
17990 +35.747
18000 +35.625
18010 +35.574
18020 +35.570
18030 +35.577
18040 +35.556
18050 +35.481
18060 +35.349
18070 +35.181
18080 +35.022
18090 +34.919
18100 +34.899
18110 +34.953
18120 +35.044
18130 +35.126
18140 +35.161
18150 +35.126
18160 +35.020
18170 +34.861
18180 +34.681
18190 +34.512
18200 +34.370
18210 +34.249
18220 +34.127
18230 +33.980
18240 +33.786
18250 +33.534
18260 +33.227
18270 +32.877
18280 +32.506
18290 +32.142
18300 +31.806
18310 +31.511
18320 +31.256
18330 +31.024
18340 +30.792
18350 +30.540
18360 +30.251
18370 +29.925
18380 +29.579
18390 +29.249
18400 +28.979
18410 +28.809
18420 +28.745
18430 +28.762
18440 +28.810
18450 +28.844
18460 +28.835
18470 +28.786
18480 +28.729
18490 +28.720
18500 +28.817
18510 +29.051
18520 +29.403
18530 +29.818
18540 +30.232
18550 +30.599
18560 +30.905
18570 +31.159
18580 +31.394
18590 +31.655
18600 +31.977
18610 +32.375
18620 +32.831
18630 +33.302
18640 +33.737
18650 +34.093
18660 +34.338
18670 +34.461
18680 +34.461
18690 +34.354
18700 +34.162
18710 +33.915
18720 +33.644
18730 +33.363
18740 +33.070
18750 +32.749
18760 +32.374
18770 +31.926
18780 +31.403
18790 +30.828
18800 +30.255
18810 +29.762
18820 +29.432
18830 +29.297
18840 +29.322
18850 +29.423
18860 +29.516
18870 +29.552
18880 +29.523
18890 +29.463
18900 +29.439
18910 +29.524
18920 +29.764
18930 +30.150
18940 +30.623
18950 +31.112
18960 +31.563
18970 +31.948
18980 +32.269
18990 +32.552
19000 +32.829
19010 +33.135
19020 +33.489
19030 +33.885
19040 +34.291
19050 +34.658
19060 +34.932
19070 +35.062
19080 +35.008
19090 +34.747
19100 +34.282
19110 +33.644
19120 +32.902
19130 +32.161
19140 +31.527
19150 +31.064
19160 +30.757
19170 +30.526
19180 +30.280
19190 +29.962
19200 +29.566
19210 +29.152
19220 +28.838
19230 +28.751
19240 +28.942
19250 +29.342
19260 +29.816
19270 +30.243
19280 +30.557
19290 +30.741
19300 +30.826
19310 +30.880
19320 +30.991
19330 +31.236
19340 +31.637
19350 +32.147
19360 +32.685
19370 +33.166
19380 +33.526
19390 +33.720
19400 +33.721
19410 +33.522
19420 +33.134
19430 +32.590
19440 +31.937
19450 +31.223
19460 +30.482
19470 +29.728
19480 +28.957
19490 +28.157
19500 +27.327
19510 +26.502
19520 +25.782
19530 +25.327
19540 +25.271
19550 +25.586
19560 +26.090
19570 +26.587
19580 +26.959
19590 +27.169
19600 +27.237
19610 +27.225
19620 +27.224
19630 +27.331
19640 +27.607
19650 +28.028
19660 +28.508
19670 +28.943
19680 +29.264
19690 +29.446
19700 +29.503
19710 +29.472
19720 +29.408
19730 +29.367
19740 +29.384
19750 +29.445
19760 +29.490
19770 +29.442
19780 +29.248
19790 +28.891
19800 +28.389
19810 +27.789
19820 +27.162
19830 +26.611
19840 +26.254
19850 +26.175
19860 +26.367
19870 +26.726
19880 +27.116
19890 +27.430
19900 +27.615
19910 +27.671
19920 +27.643
19930 +27.608
19940 +27.660
19950 +27.866
19960 +28.234
19970 +28.696
19980 +29.148
19990 +29.496
20000 +29.685
20010 +29.710
20020 +29.611
20030 +29.462
20040 +29.363
20050 +29.405
20060 +29.630
20070 +30.006
20080 +30.436
20090 +30.801
20100 +31.011
20110 +31.023
20120 +30.855
20130 +30.574
20140 +30.287
20150 +30.118
20160 +30.163
20170 +30.439
20180 +30.864
20190 +31.293
20200 +31.574
20210 +31.600
20220 +31.335
20230 +30.831
20240 +30.220
20250 +29.695
20260 +29.461
20270 +29.620
20280 +30.074
20290 +30.561
20300 +30.785
20310 +30.538
20320 +29.800
20330 +28.789
20340 +27.911
20350 +27.586
20360 +27.917
20370 +28.627
20380 +29.356
20390 +29.867
20400 +30.061
20410 +29.962
20420 +29.693
20430 +29.428
20440 +29.314
20450 +29.413
20460 +29.699
20470 +30.097
20480 +30.527
20490 +30.925
20500 +31.252
20510 +31.484
20520 +31.615
20530 +31.657
20540 +31.636
20550 +31.598
20560 +31.596
20570 +31.684
20580 +31.893
20590 +32.206
20600 +32.546
20610 +32.791
20620 +32.831
20630 +32.626
20640 +32.244
20650 +31.820
20660 +31.493
20670 +31.359
20680 +31.448
20690 +31.719
20700 +32.085
20710 +32.429
20720 +32.637
20730 +32.632
20740 +32.414
20750 +32.073
20760 +31.746
20770 +31.557
20780 +31.575
20790 +31.798
20800 +32.172
20810 +32.609
20820 +32.998
20830 +33.223
20840 +33.199
20850 +32.934
20860 +32.548
20870 +32.210
20880 +32.053
20890 +32.129
20900 +32.419
20910 +32.864
20920 +33.382
20930 +33.855
20940 +34.127
20950 +34.047
20960 +33.613
20970 +33.038
20980 +32.594
20990 +32.441
21000 +32.600
21010 +33.042
21020 +33.740
21030 +34.690
21040 +35.815
21050 +36.585
21060 +35.725
21070 +33.496
21080 +31.790
21090 +31.208
21100 +31.475
21110 +32.409
21120 +33.475
21130 +25.314
21140 +24.561
21150 +26.819
21160 +27.903
21170 +28.530
21180 +28.941
21190 +29.228
21200 +29.435
21210 +29.582
21220 +29.682
21230 +29.741
21240 +29.760
21250 +29.739
21260 +29.675
21270 +29.562
21280 +29.399
21290 +29.196
21300 +28.990
21310 +28.853
21320 +28.840
21330 +28.915
21340 +28.985
21350 +28.985
21360 +28.893
21370 +28.715
21380 +28.476
21390 +28.221
21400 +28.021
21410 +27.948
21420 +28.017
21430 +28.167
21440 +28.310
21450 +28.382
21460 +28.363
21470 +28.259
21480 +28.098
21490 +27.923
21500 +27.784
21510 +27.730
21520 +27.774
21530 +27.884
21540 +28.005
21550 +28.088
21560 +28.104
21570 +28.049
21580 +27.936
21590 +27.795
21600 +27.664
21610 +27.581
21620 +27.568
21630 +27.620
21640 +27.703
21650 +27.776
21660 +27.808
21670 +27.784
21680 +27.707
21690 +27.593
21700 +27.472
21710 +27.377
21720 +27.335
21730 +27.353
21740 +27.415
21750 +27.487
21760 +27.538
21770 +27.547
21780 +27.509
21790 +27.435
21800 +27.347
21810 +27.275
21820 +27.247
21830 +27.277
21840 +27.359
21850 +27.467
21860 +27.567
21870 +27.638
21880 +27.669
21890 +27.669
21900 +27.658
21910 +27.664
21920 +27.714
21930 +27.825
21940 +27.993
21950 +28.191
21960 +28.386
21970 +28.551
21980 +28.675
21990 +28.764
22000 +28.834
22010 +28.908
22020 +29.006
22030 +29.135
22040 +29.287
22050 +29.435
22060 +29.547
22070 +29.600
22080 +29.586
22090 +29.513
22100 +29.397
22110 +29.258
22120 +29.115
22130 +28.983
22140 +28.869
22150 +28.769
22160 +28.667
22170 +28.546
22180 +28.395
22190 +28.209
22200 +27.995
22210 +27.767
22220 +27.546
22230 +27.353
22240 +27.210
22250 +27.122
22260 +27.078
22270 +27.050
22280 +27.010
22290 +26.936
22300 +26.827
22310 +26.693
22320 +26.561
22330 +26.462
22340 +26.425
22350 +26.465
22360 +26.573
22370 +26.714
22380 +26.844
22390 +26.931
22400 +26.960
22410 +26.942
22420 +26.899
22430 +26.863
22440 +26.866
22450 +26.926
22460 +27.042
22470 +27.186
22480 +27.316
22490 +27.391
22500 +27.389
22510 +27.309
22520 +27.169
22530 +27.002
22540 +26.843
22550 +26.725
22560 +26.669
22570 +26.673
22580 +26.706
22590 +26.725
22600 +26.689
22610 +26.579
22620 +26.400
22630 +26.180
22640 +25.957
22650 +25.780
22660 +25.690
22670 +25.703
22680 +25.801
22690 +25.930
22700 +26.029
22710 +26.056
22720 +25.999
22730 +25.878
22740 +25.733
22750 +25.619
22760 +25.585
22770 +25.661
22780 +25.836
22790 +26.062
22800 +26.273
22810 +26.411
22820 +26.446
22830 +26.384
22840 +26.255
22850 +26.108
22860 +25.996
22870 +25.964
22880 +26.029
22890 +26.171
22900 +26.337
22910 +26.462
22920 +26.495
22930 +26.413
22940 +26.227
22950 +25.976
22960 +25.722
22970 +25.530
22980 +25.453
22990 +25.506
23000 +25.653
23010 +25.821
23020 +25.932
23030 +25.930
23040 +25.802
23050 +25.576
23060 +25.316
23070 +25.102
23080 +25.013
23090 +25.086
23100 +25.302
23110 +25.587
23120 +25.847
23130 +26.008
23140 +26.032
23150 +25.930
23160 +25.753
23170 +25.581
23180 +25.496
23190 +25.556
23200 +25.763
23210 +26.069
23220 +26.390
23230 +26.641
23240 +26.765
23250 +26.741
23260 +26.592
23270 +26.380
23280 +26.191
23290 +26.104
23300 +26.169
23310 +26.376
23320 +26.663
23330 +26.942
23340 +27.127
23350 +27.162
23360 +27.038
23370 +26.798
23380 +26.531
23390 +26.342
23400 +26.320
23410 +26.492
23420 +26.810
23430 +27.178
23440 +27.492
23450 +27.671
23460 +27.678
23470 +27.536
23480 +27.322
23490 +27.148
23500 +27.118
23510 +27.280
23520 +27.606
23530 +28.013
23540 +28.399
23550 +28.676
23560 +28.784
23570 +28.713
23580 +28.507
23590 +28.257
23600 +28.071
23610 +28.027
23620 +28.138
23630 +28.358
23640 +28.603
23650 +28.781
23660 +28.813
23670 +28.653
23680 +28.303
23690 +27.827
23700 +27.339
23710 +26.961
23720 +26.766
23730 +26.746
23740 +26.823
23750 +26.892
23760 +26.853
23770 +26.632
23780 +26.201
23790 +25.598
23800 +24.944
23810 +24.405
23820 +24.104
23830 +24.039
23840 +24.103
23850 +24.159
23860 +24.088
23870 +23.807
23880 +23.276
23890 +22.531
23900 +21.724
23910 +21.097
23920 +20.824
23930 +20.846
23940 +20.955
23950 +20.957
23960 +20.728
23970 +20.213
23980 +19.451
23990 +18.667
