00000 +5.129
00010 +4.999
00020 +4.702
00030 +4.387
00040 +4.126
00050 +3.932
00060 +3.799
00070 +3.725
00080 +3.714
00090 +3.774
00100 +3.899
00110 +4.055
00120 +4.177
00130 +4.206
00140 +4.134
00150 +3.990
00160 +3.815
00170 +3.645
00180 +3.507
00190 +3.421
00200 +3.403
00210 +3.454
00220 +3.557
00230 +3.671
00240 +3.751
00250 +3.768
00260 +3.717
00270 +3.620
00280 +3.507
00290 +3.410
00300 +3.358
00310 +3.368
00320 +3.443
00330 +3.567
00340 +3.709
00350 +3.829
00360 +3.901
00370 +3.919
00380 +3.897
00390 +3.864
00400 +3.851
00410 +3.885
00420 +3.982
00430 +4.140
00440 +4.343
00450 +4.558
00460 +4.753
00470 +4.906
00480 +5.013
00490 +5.089
00500 +5.160
00510 +5.254
00520 +5.390
00530 +5.576
00540 +5.802
00550 +6.046
00560 +6.277
00570 +6.466
00580 +6.598
00590 +6.673
00600 +6.708
00610 +6.727
00620 +6.754
00630 +6.804
00640 +6.883
00650 +6.984
00660 +7.091
00670 +7.184
00680 +7.246
00690 +7.269
00700 +7.259
00710 +7.231
00720 +7.206
00730 +7.205
00740 +7.240
00750 +7.317
00760 +7.429
00770 +7.562
00780 +7.697
00790 +7.818
00800 +7.914
00810 +7.987
00820 +8.049
00830 +8.117
00840 +8.210
00850 +8.339
00860 +8.507
00870 +8.706
00880 +8.919
00890 +9.123
00900 +9.298
00910 +9.430
00920 +9.522
00930 +9.584
00940 +9.635
00950 +9.691
00960 +9.761
00970 +9.846
00980 +9.934
00990 +10.011
01000 +10.057
01010 +10.061
01020 +10.021
01030 +9.949
01040 +9.861
01050 +9.775
01060 +9.707
01070 +9.665
01080 +9.650
01090 +9.656
01100 +9.673
01110 +9.689
01120 +9.696
01130 +9.690
01140 +9.675
01150 +9.663
01160 +9.664
01170 +9.693
01180 +9.757
01190 +9.862
01200 +10.003
01210 +10.172
01220 +10.355
01230 +10.539
01240 +10.715
01250 +10.882
01260 +11.047
01270 +11.224
01280 +11.428
01290 +11.674
01300 +11.966
01310 +12.300
01320 +12.657
01330 +13.014
01340 +13.341
01350 +13.617
01360 +13.836
01370 +14.006
01380 +14.143
01390 +14.269
01400 +14.393
01410 +14.517
01420 +14.626
01430 +14.699
01440 +14.713
01450 +14.657
01460 +14.536
01470 +14.372
01480 +14.195
01490 +14.036
01500 +13.921
01510 +13.866
01520 +13.876
01530 +13.943
01540 +14.049
01550 +14.171
01560 +14.293
01570 +14.407
01580 +14.524
01590 +14.666
01600 +14.863
01610 +15.144
01620 +15.527
01630 +16.013
01640 +16.578
01650 +17.181
01660 +17.767
01670 +18.286
01680 +18.716
01690 +19.061
01700 +19.353
01710 +19.622
01720 +19.885
01730 +20.123
01740 +20.294
01750 +20.340
01760 +20.228
01770 +19.966
01780 +19.599
01790 +19.189
01800 +18.791
01810 +18.445
01820 +18.170
01830 +17.969
01840 +17.830
01850 +17.732
01860 +17.649
01870 +17.561
01880 +17.459
01890 +17.351
01900 +17.254
01910 +17.194
01920 +17.198
01930 +17.289
01940 +17.481
01950 +17.775
01960 +18.155
01970 +18.598
01980 +19.077
01990 +19.574
02000 +20.091
02010 +20.658
02020 +21.329
02030 +22.181
02040 +23.304
02050 +24.801
02060 +26.787
02070 +29.350
02080 +32.235
02090 +33.668
02100 +32.023
02110 +29.470
02120 +27.286
02130 +25.546
02140 +24.133
02150 +22.940
02160 +21.899
02170 +20.974
02180 +20.148
02190 +19.419
02200 +18.790
02210 +18.266
02220 +17.848
02230 +17.535
02240 +17.320
02250 +17.184
02260 +17.104
02270 +17.050
02280 +16.999
02290 +16.934
02300 +16.855
02310 +16.772
02320 +16.701
02330 +16.659
02340 +16.656
02350 +16.689
02360 +16.744
02370 +16.792
02380 +16.800
02390 +16.743
02400 +16.609
02410 +16.407
02420 +16.157
02430 +15.884
02440 +15.609
02450 +15.344
02460 +15.091
02470 +14.839
02480 +14.575
02490 +14.289
02500 +13.975
02510 +13.640
02520 +13.296
02530 +12.960
02540 +12.649
02550 +12.376
02560 +12.145
02570 +11.954
02580 +11.794
02590 +11.651
02600 +11.513
02610 +11.372
02620 +11.225
02630 +11.079
02640 +10.944
02650 +10.831
02660 +10.750
02670 +10.708
02680 +10.702
02690 +10.723
02700 +10.757
02710 +10.791
02720 +10.812
02730 +10.818
02740 +10.810
02750 +10.798
02760 +10.795
02770 +10.808
02780 +10.840
02790 +10.880
02800 +10.911
02810 +10.911
02820 +10.864
02830 +10.763
02840 +10.616
02850 +10.442
02860 +10.264
02870 +10.099
02880 +9.958
02890 +9.842
02900 +9.743
02910 +9.651
02920 +9.557
02930 +9.457
02940 +9.352
02950 +9.246
02960 +9.149
02970 +9.066
02980 +9.003
02990 +8.961
03000 +8.936
03010 +8.922
03020 +8.909
03030 +8.891
03040 +8.863
03050 +8.823
03060 +8.774
03070 +8.720
03080 +8.669
03090 +8.623
03100 +8.588
03110 +8.560
03120 +8.537
03130 +8.513
03140 +8.480
03150 +8.435
03160 +8.374
03170 +8.301
03180 +8.221
03190 +8.142
03200 +8.073
03210 +8.018
03220 +7.981
03230 +7.960
03240 +7.951
03250 +7.946
03260 +7.943
03270 +7.938
03280 +7.936
03290 +7.940
03300 +7.957
03310 +7.995
03320 +8.054
03330 +8.133
03340 +8.225
03350 +8.323
03360 +8.416
03370 +8.498
03380 +8.566
03390 +8.620
03400 +8.668
03410 +8.715
03420 +8.768
03430 +8.831
03440 +8.903
03450 +8.980
03460 +9.052
03470 +9.110
03480 +9.150
03490 +9.167
03500 +9.166
03510 +9.154
03520 +9.140
03530 +9.131
03540 +9.133
03550 +9.141
03560 +9.150
03570 +9.149
03580 +9.127
03590 +9.079
03600 +9.005
03610 +8.911
03620 +8.809
03630 +8.710
03640 +8.624
03650 +8.553
03660 +8.494
03670 +8.436
03680 +8.371
03690 +8.292
03700 +8.199
03710 +8.100
03720 +8.010
03730 +7.945
03740 +7.915
03750 +7.927
03760 +7.977
03770 +8.055
03780 +8.149
03790 +8.252
03800 +8.357
03810 +8.466
03820 +8.584
03830 +8.718
03840 +8.874
03850 +9.052
03860 +9.250
03870 +9.461
03880 +9.676
03890 +9.885
03900 +10.080
03910 +10.258
03920 +10.419
03930 +10.568
03940 +10.711
03950 +10.856
03960 +11.007
03970 +11.162
03980 +11.316
03990 +11.460
04000 +11.584
04010 +11.682
04020 +11.750
04030 +11.794
04040 +11.821
04050 +11.844
04060 +11.871
04070 +11.907
04080 +11.950
04090 +11.992
04100 +12.024
04110 +12.041
04120 +12.039
04130 +12.024
04140 +12.005
04150 +11.995
04160 +12.004
04170 +12.036
04180 +12.090
04190 +12.158
04200 +12.232
04210 +12.301
04220 +12.363
04230 +12.417
04240 +12.469
04250 +12.527
04260 +12.599
04270 +12.689
04280 +12.798
04290 +12.918
04300 +13.042
04310 +13.160
04320 +13.266
04330 +13.358
04340 +13.439
04350 +13.515
04360 +13.594
04370 +13.680
04380 +13.776
04390 +13.878
04400 +13.979
04410 +14.072
04420 +14.149
04430 +14.209
04440 +14.253
04450 +14.286
04460 +14.317
04470 +14.352
04480 +14.395
04490 +14.447
04500 +14.503
04510 +14.557
04520 +14.604
04530 +14.642
04540 +14.670
04550 +14.693
04560 +14.718
04570 +14.752
04580 +14.800
04590 +14.864
04600 +14.940
04610 +15.024
04620 +15.108
04630 +15.187
04640 +15.259
04650 +15.327
04660 +15.395
04670 +15.470
04680 +15.559
04690 +15.664
04700 +15.781
04710 +15.906
04720 +16.028
04730 +16.141
04740 +16.241
04750 +16.328
04760 +16.408
04770 +16.488
04780 +16.574
04790 +16.670
04800 +16.773
04810 +16.876
04820 +16.968
04830 +17.042
04840 +17.095
04850 +17.126
04860 +17.143
04870 +17.155
04880 +17.170
04890 +17.193
04900 +17.225
04910 +17.259
04920 +17.289
04930 +17.308
04940 +17.312
04950 +17.303
04960 +17.289
04970 +17.279
04980 +17.282
04990 +17.305
05000 +17.348
05010 +17.408
05020 +17.476
05030 +17.544
05040 +17.606
05050 +17.661
05060 +17.713
05070 +17.768
05080 +17.837
05090 +17.927
05100 +18.040
05110 +18.175
05120 +18.323
05130 +18.473
05140 +18.617
05150 +18.750
05160 +18.872
05170 +18.990
05180 +19.115
05190 +19.256
05200 +19.418
05210 +19.601
05220 +19.797
05230 +19.992
05240 +20.176
05250 +20.339
05260 +20.481
05270 +20.607
05280 +20.727
05290 +20.852
05300 +20.990
05310 +21.142
05320 +21.302
05330 +21.460
05340 +21.603
05350 +21.724
05360 +21.819
05370 +21.893
05380 +21.956
05390 +22.019
05400 +22.094
05410 +22.187
05420 +22.297
05430 +22.418
05440 +22.538
05450 +22.646
05460 +22.734
05470 +22.803
05480 +22.858
05490 +22.910
05500 +22.973
05510 +23.055
05520 +23.161
05530 +23.286
05540 +23.418
05550 +23.542
05560 +23.646
05570 +23.724
05580 +23.779
05590 +23.822
05600 +23.866
05610 +23.926
05620 +24.009
05630 +24.113
05640 +24.227
05650 +24.338
05660 +24.430
05670 +24.497
05680 +24.538
05690 +24.564
05700 +24.589
05710 +24.626
05720 +24.687
05730 +24.774
05740 +24.883
05750 +25.000
05760 +25.116
05770 +25.218
05780 +25.305
05790 +25.378
05800 +25.447
05810 +25.523
05820 +25.619
05830 +25.740
05840 +25.890
05850 +26.060
05860 +26.241
05870 +26.419
05880 +26.582
05890 +26.723
05900 +26.845
05910 +26.955
05920 +27.067
05930 +27.195
05940 +27.346
05950 +27.520
05960 +27.709
05970 +27.896
05980 +28.064
05990 +28.200
06000 +28.301
06010 +28.372
06020 +28.429
06030 +28.491
06040 +28.573
06050 +28.682
06060 +28.814
06070 +28.954
06080 +29.085
06090 +29.191
06100 +29.265
06110 +29.310
06120 +29.341
06130 +29.377
06140 +29.439
06150 +29.538
06160 +29.677
06170 +29.844
06180 +30.025
06190 +30.200
06200 +30.354
06210 +30.483
06220 +30.594
06230 +30.701
06240 +30.824
06250 +30.978
06260 +31.172
06270 +31.399
06280 +31.644
06290 +31.884
06300 +32.095
06310 +32.261
06320 +32.380
06330 +32.461
06340 +32.526
06350 +32.596
06360 +32.686
06370 +32.799
06380 +32.923
06390 +33.038
06400 +33.122
06410 +33.157
06420 +33.142
06430 +33.088
06440 +33.015
06450 +32.949
06460 +32.911
06470 +32.910
06480 +32.943
06490 +32.999
06500 +33.057
06510 +33.101
06520 +33.118
06530 +33.106
06540 +33.076
06550 +33.043
06560 +33.028
06570 +33.046
06580 +33.103
06590 +33.193
06600 +33.301
06610 +33.401
06620 +33.471
06630 +33.492
06640 +33.462
06650 +33.392
06660 +33.305
06670 +33.227
06680 +33.176
06690 +33.157
06700 +33.158
06710 +33.158
06720 +33.126
06730 +33.044
06740 +32.904
06750 +32.720
06760 +32.519
06770 +32.332
06780 +32.186
06790 +32.090
06800 +32.041
06810 +32.016
06820 +31.991
06830 +31.940
06840 +31.852
06850 +31.730
06860 +31.593
06870 +31.468
06880 +31.379
06890 +31.343
06900 +31.358
06910 +31.412
06920 +31.480
06930 +31.535
06940 +31.556
06950 +31.534
06960 +31.475
06970 +31.399
06980 +31.329
06990 +31.285
07000 +31.277
07010 +31.300
07020 +31.336
07030 +31.358
07040 +31.340
07050 +31.268
07060 +31.140
07070 +30.971
07080 +30.790
07090 +30.625
07100 +30.497
07110 +30.411
07120 +30.360
07130 +30.321
07140 +30.269
07150 +30.185
07160 +30.060
07170 +29.903
07180 +29.734
07190 +29.582
07200 +29.468
07210 +29.406
07220 +29.393
07230 +29.413
07240 +29.442
07250 +29.455
07260 +29.437
07270 +29.383
07280 +29.305
07290 +29.222
07300 +29.160
07310 +29.137
07320 +29.157
07330 +29.213
07340 +29.286
07350 +29.350
07360 +29.383
07370 +29.372
07380 +29.317
07390 +29.233
07400 +29.144
07410 +29.072
07420 +29.035
07430 +29.032
07440 +29.054
07450 +29.078
07460 +29.083
07470 +29.049
07480 +28.971
07490 +28.859
07500 +28.734
07510 +28.621
07520 +28.543
07530 +28.508
07540 +28.511
07550 +28.538
07560 +28.566
07570 +28.578
07580 +28.560
07590 +28.513
07600 +28.451
07610 +28.395
07620 +28.365
07630 +28.374
07640 +28.426
07650 +28.509
07660 +28.609
07670 +28.705
07680 +28.781
07690 +28.829
07700 +28.849
07710 +28.855
07720 +28.864
07730 +28.892
07740 +28.949
07750 +29.034
07760 +29.136
07770 +29.240
07780 +29.327
07790 +29.381
07800 +29.396
07810 +29.377
07820 +29.338
07830 +29.301
07840 +29.283
07850 +29.295
07860 +29.333
07870 +29.389
07880 +29.445
07890 +29.485
07900 +29.495
07910 +29.473
07920 +29.430
07930 +29.382
07940 +29.353
07950 +29.355
07960 +29.395
07970 +29.467
07980 +29.556
07990 +29.643
08000 +29.710
08010 +29.744
08020 +29.744
08030 +29.722
08040 +29.697
08050 +29.688
08060 +29.706
08070 +29.751
08080 +29.812
08090 +29.871
08100 +29.906
08110 +29.899
08120 +29.843
08130 +29.746
08140 +29.627
08150 +29.509
08160 +29.410
08170 +29.337
08180 +29.287
08190 +29.245
08200 +29.194
08210 +29.117
08220 +29.005
08230 +28.859
08240 +28.694
08250 +28.530
08260 +28.386
08270 +28.273
08280 +28.191
08290 +28.132
08300 +28.080
08310 +28.017
08320 +27.930
08330 +27.814
08340 +27.675
08350 +27.527
08360 +27.387
08370 +27.269
08380 +27.177
08390 +27.107
08400 +27.047
08410 +26.982
08420 +26.898
08430 +26.788
08440 +26.652
08450 +26.500
08460 +26.347
08470 +26.206
08480 +26.086
08490 +25.988
08500 +25.906
08510 +25.831
08520 +25.750
08530 +25.656
08540 +25.546
08550 +25.422
08560 +25.295
08570 +25.176
08580 +25.073
08590 +24.993
08600 +24.933
08610 +24.890
08620 +24.853
08630 +24.814
08640 +24.765
08650 +24.703
08660 +24.632
08670 +24.558
08680 +24.490
08690 +24.437
08700 +24.402
08710 +24.384
08720 +24.375
08730 +24.367
08740 +24.351
08750 +24.319
08760 +24.272
08770 +24.212
08780 +24.149
08790 +24.091
08800 +24.044
08810 +24.012
08820 +23.990
08830 +23.972
08840 +23.949
08850 +23.915
08860 +23.867
08870 +23.805
08880 +23.737
08890 +23.670
08900 +23.612
08910 +23.566
08920 +23.533
08930 +23.507
08940 +23.485
08950 +23.457
08960 +23.421
08970 +23.374
08980 +23.319
08990 +23.260
09000 +23.204
09010 +23.155
09020 +23.115
09030 +23.083
09040 +23.054
09050 +23.024
09060 +22.985
09070 +22.934
09080 +22.872
09090 +22.800
09100 +22.723
09110 +22.648
09120 +22.577
09130 +22.512
09140 +22.450
09150 +22.386
09160 +22.317
09170 +22.239
09180 +22.151
09190 +22.057
09200 +21.959
09210 +21.864
09220 +21.775
09230 +21.693
09240 +21.618
09250 +21.547
09260 +21.476
09270 +21.404
09280 +21.329
09290 +21.255
09300 +21.182
09310 +21.115
09320 +21.054
09330 +21.001
09340 +20.954
09350 +20.911
09360 +20.870
09370 +20.829
09380 +20.788
09390 +20.748
09400 +20.710
09410 +20.676
09420 +20.645
09430 +20.618
09440 +20.593
09450 +20.566
09460 +20.538
09470 +20.507
09480 +20.474
09490 +20.440
09500 +20.408
09510 +20.379
09520 +20.352
09530 +20.327
09540 +20.300
09550 +20.270
09560 +20.234
09570 +20.193
09580 +20.149
09590 +20.105
09600 +20.064
09610 +20.029
09620 +19.999
09630 +19.972
09640 +19.945
09650 +19.915
09660 +19.879
09670 +19.836
09680 +19.788
09690 +19.740
09700 +19.696
09710 +19.659
09720 +19.631
09730 +19.609
09740 +19.590
09750 +19.569
09760 +19.540
09770 +19.502
09780 +19.457
09790 +19.407
09800 +19.359
09810 +19.319
09820 +19.289
09830 +19.270
09840 +19.258
09850 +19.246
09860 +19.229
09870 +19.202
09880 +19.165
09890 +19.120
09900 +19.076
09910 +19.040
09920 +19.018
09930 +19.012
09940 +19.021
09950 +19.037
09960 +19.053
09970 +19.061
09980 +19.059
09990 +19.048
10000 +19.036
10010 +19.030
10020 +19.038
10030 +19.065
10040 +19.109
10050 +19.165
10060 +19.224
10070 +19.276
10080 +19.316
10090 +19.341
10100 +19.357
10110 +19.368
10120 +19.383
10130 +19.410
10140 +19.451
10150 +19.503
10160 +19.560
10170 +19.611
10180 +19.646
10190 +19.660
10200 +19.652
10210 +19.626
10220 +19.593
10230 +19.563
10240 +19.544
10250 +19.539
10260 +19.544
10270 +19.549
10280 +19.543
10290 +19.514
10300 +19.458
10310 +19.380
10320 +19.287
10330 +19.196
10340 +19.120
10350 +19.065
10360 +19.033
10370 +19.013
10380 +18.994
10390 +18.961
10400 +18.906
10410 +18.829
10420 +18.740
10430 +18.653
10440 +18.582
10450 +18.538
10460 +18.524
10470 +18.532
10480 +18.550
10490 +18.561
10500 +18.554
10510 +18.524
10520 +18.474
10530 +18.416
10540 +18.362
10550 +18.326
10560 +18.314
10570 +18.323
10580 +18.344
10590 +18.360
10600 +18.358
10610 +18.327
10620 +18.267
10630 +18.184
10640 +18.093
10650 +18.008
10660 +17.943
10670 +17.901
10680 +17.878
10690 +17.861
10700 +17.834
10710 +17.785
10720 +17.707
10730 +17.607
10740 +17.496
10750 +17.393
10760 +17.315
10770 +17.269
10780 +17.254
10790 +17.261
10800 +17.273
10810 +17.276
10820 +17.261
10830 +17.230
10840 +17.193
10850 +17.164
10860 +17.158
10870 +17.185
10880 +17.244
10890 +17.328
10900 +17.423
10910 +17.516
10920 +17.596
10930 +17.660
10940 +17.712
10950 +17.759
10960 +17.814
10970 +17.884
10980 +17.974
10990 +18.080
11000 +18.195
11010 +18.309
11020 +18.411
11030 +18.494
11040 +18.557
11050 +18.604
11060 +18.641
11070 +18.677
11080 +18.721
11090 +18.776
11100 +18.840
11110 +18.908
11120 +18.971
11130 +19.022
11140 +19.056
11150 +19.071
11160 +19.074
11170 +19.071
11180 +19.073
11190 +19.086
11200 +19.114
11210 +19.156
11220 +19.207
11230 +19.258
11240 +19.305
11250 +19.342
11260 +19.371
11270 +19.396
11280 +19.424
11290 +19.463
11300 +19.518
11310 +19.590
11320 +19.676
11330 +19.773
11340 +19.872
11350 +19.968
11360 +20.057
11370 +20.136
11380 +20.210
11390 +20.281
11400 +20.357
11410 +20.440
11420 +20.534
11430 +20.635
11440 +20.741
11450 +20.844
11460 +20.939
11470 +21.019
11480 +21.084
11490 +21.136
11500 +21.179
11510 +21.221
11520 +21.267
11530 +21.322
11540 +21.386
11550 +21.455
11560 +21.523
11570 +21.585
11580 +21.633
11590 +21.668
11600 +21.690
11610 +21.707
11620 +21.726
11630 +21.756
11640 +21.802
11650 +21.863
11660 +21.937
11670 +22.017
11680 +22.092
11690 +22.158
11700 +22.210
11710 +22.252
11720 +22.290
11730 +22.335
11740 +22.395
11750 +22.476
11760 +22.578
11770 +22.695
11780 +22.816
11790 +22.930
11800 +23.029
11810 +23.108
11820 +23.173
11830 +23.233
11840 +23.301
11850 +23.387
11860 +23.496
11870 +23.624
11880 +23.763
11890 +23.898
11900 +24.016
11910 +24.111
11920 +24.181
11930 +24.235
11940 +24.288
11950 +24.354
11960 +24.442
11970 +24.553
11980 +24.683
11990 +24.818
12000 +24.943
12010 +25.048
12020 +25.128
12030 +25.188
12040 +25.238
12050 +25.294
12060 +25.370
12070 +25.472
12080 +25.600
12090 +25.744
12100 +25.892
12110 +26.029
12120 +26.145
12130 +26.237
12140 +26.312
12150 +26.383
12160 +26.463
12170 +26.566
12180 +26.697
12190 +26.853
12200 +27.023
12210 +27.194
12220 +27.349
12230 +27.481
12240 +27.587
12250 +27.674
12260 +27.758
12270 +27.854
12280 +27.975
12290 +28.123
12300 +28.295
12310 +28.479
12320 +28.657
12330 +28.816
12340 +28.946
12350 +29.050
12360 +29.138
12370 +29.226
12380 +29.332
12390 +29.467
12400 +29.632
12410 +29.819
12420 +30.016
12430 +30.207
12440 +30.378
12450 +30.523
12460 +30.645
12470 +30.757
12480 +30.877
12490 +31.019
12500 +31.193
12510 +31.399
12520 +31.630
12530 +31.872
12540 +32.110
12550 +32.328
12560 +32.521
12570 +32.692
12580 +32.852
12590 +33.019
12600 +33.210
12610 +33.434
12620 +33.694
12630 +33.982
12640 +34.281
12650 +34.571
12660 +34.834
12670 +35.058
12680 +35.246
12690 +35.415
12700 +35.588
12710 +35.790
12720 +36.032
12730 +36.317
12740 +36.631
12750 +36.949
12760 +37.238
12770 +37.473
12780 +37.644
12790 +37.764
12800 +37.868
12810 +37.992
12820 +38.164
12830 +38.392
12840 +38.665
12850 +38.951
12860 +39.207
12870 +39.393
12880 +39.485
12890 +39.495
12900 +39.463
12910 +39.438
12920 +39.456
12930 +39.531
12940 +39.651
12950 +39.783
12960 +39.881
12970 +39.902
12980 +39.822
12990 +39.654
13000 +39.437
13010 +39.225
13020 +39.057
13030 +38.952
13040 +38.905
13050 +38.893
13060 +38.880
13070 +38.830
13080 +38.717
13090 +38.540
13100 +38.325
13110 +38.111
13120 +37.937
13130 +37.828
13140 +37.790
13150 +37.809
13160 +37.861
13170 +37.911
13180 +37.928
13190 +37.894
13200 +37.812
13210 +37.709
13220 +37.620
13230 +37.574
13240 +37.586
13250 +37.655
13260 +37.762
13270 +37.877
13280 +37.966
13290 +38.000
13300 +37.968
13310 +37.883
13320 +37.775
13330 +37.679
13340 +37.619
13350 +37.603
13360 +37.625
13370 +37.665
13380 +37.696
13390 +37.690
13400 +37.631
13410 +37.522
13420 +37.382
13430 +37.242
13440 +37.130
13450 +37.066
13460 +37.054
13470 +37.084
13480 +37.138
13490 +37.189
13500 +37.213
13510 +37.195
13520 +37.137
13530 +37.060
13540 +36.993
13550 +36.962
13560 +36.981
13570 +37.050
13580 +37.155
13590 +37.270
13600 +37.361
13610 +37.400
13620 +37.375
13630 +37.297
13640 +37.197
13650 +37.109
13660 +37.054
13670 +37.042
13680 +37.061
13690 +37.090
13700 +37.103
13710 +37.073
13720 +36.989
13730 +36.861
13740 +36.713
13750 +36.575
13760 +36.470
13770 +36.411
13780 +36.396
13790 +36.418
13800 +36.457
13810 +36.495
13820 +36.511
13830 +36.497
13840 +36.454
13850 +36.398
13860 +36.349
13870 +36.325
13880 +36.335
13890 +36.380
13900 +36.447
13910 +36.513
13920 +36.546
13930 +36.520
13940 +36.422
13950 +36.260
13960 +36.061
13970 +35.855
13980 +35.662
13990 +35.489
14000 +35.326
14010 +35.155
14020 +34.956
14030 +34.713
14040 +34.426
14050 +34.111
14060 +33.792
14070 +33.492
14080 +33.226
14090 +32.999
14100 +32.807
14110 +32.644
14120 +32.500
14130 +32.368
14140 +32.243
14150 +32.127
14160 +32.022
14170 +31.937
14180 +31.876
14190 +31.845
14200 +31.849
14210 +31.889
14220 +31.966
14230 +32.075
14240 +32.209
14250 +32.355
14260 +32.500
14270 +32.635
14280 +32.755
14290 +32.864
14300 +32.971
14310 +33.083
14320 +33.203
14330 +33.323
14340 +33.424
14350 +33.477
14360 +33.456
14370 +33.349
14380 +33.163
14390 +32.921
14400 +32.646
14410 +32.358
14420 +32.064
14430 +31.764
14440 +31.453
14450 +31.125
14460 +30.780
14470 +30.422
14480 +30.059
14490 +29.702
14500 +29.356
14510 +29.028
14520 +28.719
14530 +28.431
14540 +28.164
14550 +27.919
14560 +27.694
14570 +27.489
14580 +27.299
14590 +27.122
14600 +26.954
14610 +26.794
14620 +26.643
14630 +26.504
14640 +26.383
14650 +26.285
14660 +26.214
14670 +26.169
14680 +26.145
14690 +26.133
14700 +26.121
14710 +26.098
14720 +26.060
14730 +26.010
14740 +25.954
14750 +25.903
14760 +25.866
14770 +25.846
14780 +25.839
14790 +25.833
14800 +25.812
14810 +25.764
14820 +25.682
14830 +25.570
14840 +25.437
14850 +25.299
14860 +25.168
14870 +25.052
14880 +24.955
14890 +24.872
14900 +24.790
14910 +24.698
14920 +24.588
14930 +24.455
14940 +24.303
14950 +24.144
14960 +23.987
14970 +23.846
14980 +23.729
14990 +23.640
15000 +23.571
15010 +23.514
15020 +23.452
15030 +23.373
15040 +23.271
15050 +23.146
15060 +23.009
15070 +22.875
15080 +22.758
15090 +22.671
15100 +22.617
15110 +22.589
15120 +22.569
15130 +22.536
15140 +22.474
15150 +22.375
15160 +22.246
15170 +22.101
15180 +21.963
15190 +21.849
15200 +21.771
15210 +21.728
15220 +21.703
15230 +21.676
15240 +21.623
15250 +21.532
15260 +21.402
15270 +21.245
15280 +21.079
15290 +20.926
15300 +20.801
15310 +20.713
15320 +20.655
15330 +20.612
15340 +20.565
15350 +20.493
15360 +20.385
15370 +20.241
15380 +20.069
15390 +19.888
15400 +19.719
15410 +19.579
15420 +19.481
15430 +19.421
15440 +19.385
15450 +19.349
15460 +19.289
15470 +19.186
15480 +19.038
15490 +18.856
15500 +18.665
15510 +18.499
15520 +18.383
15530 +18.333
15540 +18.339
15550 +18.372
15560 +18.395
15570 +18.373
15580 +18.293
15590 +18.160
15600 +18.002
15610 +17.856
15620 +17.759
15630 +17.731
15640 +17.769
15650 +17.845
15660 +17.919
15670 +17.954
15680 +17.926
15690 +17.833
15700 +17.693
15710 +17.538
15720 +17.405
15730 +17.322
15740 +17.303
15750 +17.339
15760 +17.403
15770 +17.457
15780 +17.467
15790 +17.414
15800 +17.295
15810 +17.131
15820 +16.960
15830 +16.826
15840 +16.772
15850 +16.814
15860 +16.939
15870 +17.105
15880 +17.259
15890 +17.354
15900 +17.369
15910 +17.314
15920 +17.230
15930 +17.179
15940 +17.218
15950 +17.370
15960 +17.617
15970 +17.906
15980 +18.171
15990 +18.359
16000 +18.441
16010 +18.425
16020 +18.347
16030 +18.265
16040 +18.234
16050 +18.286
16060 +18.415
16070 +18.586
16080 +18.750
16090 +18.859
16100 +18.883
16110 +18.814
16120 +18.670
16130 +18.493
16140 +18.336
16150 +18.246
16160 +18.243
16170 +18.320
16180 +18.441
16190 +18.558
16200 +18.629
16210 +18.625
16220 +18.545
16230 +18.416
16240 +18.292
16250 +18.238
16260 +18.301
16270 +18.487
16280 +18.757
16290 +19.052
16300 +19.311
16310 +19.494
16320 +19.588
16330 +19.612
16340 +19.616
16350 +19.663
16360 +19.799
16370 +20.029
16380 +20.318
16390 +20.615
16400 +20.867
16410 +21.039
16420 +21.118
16430 +21.114
16440 +21.065
16450 +21.021
16460 +21.026
16470 +21.101
16480 +21.233
16490 +21.389
16500 +21.528
16510 +21.617
16520 +21.635
16530 +21.581
16540 +21.472
16550 +21.343
16560 +21.241
16570 +21.202
16580 +21.243
16590 +21.349
16600 +21.485
16610 +21.613
16620 +21.700
16630 +21.729
16640 +21.706
16650 +21.662
16660 +21.652
16670 +21.727
16680 +21.909
16690 +22.176
16700 +22.475
16710 +22.751
16720 +22.967
16730 +23.109
16740 +23.184
16750 +23.226
16760 +23.279
16770 +23.385
16780 +23.559
16790 +23.780
16800 +24.007
16810 +24.202
16820 +24.338
16830 +24.405
16840 +24.413
16850 +24.385
16860 +24.358
16870 +24.368
16880 +24.438
16890 +24.561
16900 +24.709
16910 +24.845
16920 +24.939
16930 +24.975
16940 +24.953
16950 +24.890
16960 +24.821
16970 +24.789
16980 +24.838
16990 +24.983
17000 +25.198
17010 +25.433
17020 +25.632
17030 +25.763
17040 +25.818
17050 +25.822
17060 +25.826
17070 +25.899
17080 +26.100
17090 +26.432
17100 +26.833
17110 +27.209
17120 +27.489
17130 +27.646
17140 +27.697
17150 +27.684
17160 +27.670
17170 +27.721
17180 +27.885
17190 +28.160
17200 +28.493
17210 +28.806
17220 +29.036
17230 +29.157
17240 +29.177
17250 +29.132
17260 +29.074
17270 +29.064
17280 +29.157
17290 +29.383
17300 +29.725
17310 +30.125
17320 +30.513
17330 +30.828
17340 +31.045
17350 +31.171
17360 +31.250
17370 +31.350
17380 +31.567
17390 +31.991
17400 +32.666
17410 +33.539
17420 +34.450
17430 +35.194
17440 +35.616
17450 +35.690
17460 +35.517
17470 +35.260
17480 +35.080
17490 +35.083
17500 +35.267
17510 +35.522
17520 +35.694
17530 +35.682
17540 +35.475
17550 +35.132
17560 +34.744
17570 +34.410
17580 +34.225
17590 +34.253
17600 +34.498
17610 +34.894
17620 +35.333
17630 +35.712
17640 +35.971
17650 +36.110
17660 +36.178
17670 +36.258
17680 +36.448
17690 +36.833
17700 +37.468
17710 +38.367
17720 +39.512
17730 +40.873
17740 +42.431
17750 +44.195
17760 +46.223
17770 +48.655
17780 +51.808
17790 +56.445
17800 +63.971
17810 +60.749
17820 +54.766
17830 +51.263
17840 +48.929
17850 +47.230
17860 +45.923
17870 +44.891
17880 +44.087
17890 +43.508
17900 +43.162
17910 +43.048
17920 +43.118
17930 +43.282
17940 +43.427
17950 +43.459
17960 +43.330
17970 +43.046
17980 +42.662
17990 +42.257
18000 +41.919
18010 +41.716
18020 +41.676
18030 +41.778
18040 +41.961
18050 +42.152
18060 +42.280
18070 +42.302
18080 +42.208
18090 +42.025
18100 +41.815
18110 +41.659
18120 +41.626
18130 +41.752
18140 +42.019
18150 +42.355
18160 +42.651
18170 +42.780
18180 +42.651
18190 +42.253
18200 +41.678
18210 +41.082
18220 +40.603
18230 +40.312
18240 +40.196
18250 +40.184
18260 +40.188
18270 +40.128
18280 +39.958
18290 +39.672
18300 +39.314
18310 +38.955
18320 +38.671
18330 +38.509
18340 +38.467
18350 +38.508
18360 +38.575
18370 +38.613
18380 +38.583
18390 +38.470
18400 +38.284
18410 +38.065
18420 +37.866
18430 +37.733
18440 +37.693
18450 +37.746
18460 +37.877
18470 +38.069
18480 +38.310
18490 +38.597
18500 +38.937
18510 +39.343
18520 +39.824
18530 +40.369
18540 +40.931
18550 +41.430
18560 +41.786
18570 +41.947
18580 +41.906
18590 +41.675
18600 +41.273
18610 +40.727
18620 +40.083
18630 +39.403
18640 +38.751
18650 +38.171
18660 +37.672
18670 +37.242
18680 +36.855
18690 +36.488
18700 +36.125
18710 +35.759
18720 +35.397
18730 +35.053
18740 +34.742
18750 +34.473
18760 +34.241
18770 +34.038
18780 +33.854
18790 +33.681
18800 +33.523
18810 +33.385
18820 +33.283
18830 +33.229
18840 +33.232
18850 +33.292
18860 +33.402
18870 +33.550
18880 +33.723
18890 +33.914
18900 +34.119
18910 +34.336
18920 +34.560
18930 +34.778
18940 +34.963
18950 +35.084
18960 +35.114
18970 +35.049
18980 +34.907
18990 +34.718
19000 +34.511
19010 +34.309
19020 +34.123
19030 +33.957
19040 +33.804
19050 +33.651
19060 +33.481
19070 +33.284
19080 +33.058
19090 +32.812
19100 +32.560
19110 +32.321
19120 +32.108
19130 +31.934
19140 +31.800
19150 +31.699
19160 +31.614
19170 +31.524
19180 +31.414
19190 +31.285
19200 +31.149
19210 +31.030
19220 +30.961
19230 +30.971
19240 +31.085
19250 +31.313
19260 +31.640
19270 +32.026
19280 +32.412
19290 +32.737
19300 +32.964
19310 +33.092
19320 +33.157
19330 +33.207
19340 +33.281
19350 +33.393
19360 +33.519
19370 +33.612
19380 +33.617
19390 +33.501
19400 +33.273
19410 +32.978
19420 +32.677
19430 +32.427
19440 +32.263
19450 +32.193
19460 +32.197
19470 +32.235
19480 +32.253
19490 +32.208
19500 +32.080
19510 +31.885
19520 +31.667
19530 +31.478
19540 +31.365
19550 +31.351
19560 +31.436
19570 +31.596
19580 +31.792
19590 +31.979
19600 +32.120
19610 +32.198
19620 +32.228
19630 +32.250
19640 +32.309
19650 +32.438
19660 +32.643
19670 +32.904
19680 +33.182
19690 +33.422
19700 +33.570
19710 +33.588
19720 +33.481
19730 +33.293
19740 +33.090
19750 +32.930
19760 +32.844
19770 +32.832
19780 +32.874
19790 +32.935
19800 +32.975
19810 +32.955
19820 +32.856
19830 +32.688
19840 +32.487
19850 +32.301
19860 +32.164
19870 +32.092
19880 +32.078
19890 +32.106
19900 +32.152
19910 +32.187
19920 +32.187
19930 +32.136
19940 +32.039
19950 +31.918
19960 +31.805
19970 +31.722
19980 +31.680
19990 +31.681
20000 +31.720
20010 +31.790
20020 +31.877
20030 +31.964
20040 +32.029
20050 +32.052
20060 +32.035
20070 +31.991
20080 +31.945
20090 +31.919
20100 +31.936
20110 +32.015
20120 +32.173
20130 +32.418
20140 +32.724
20150 +33.024
20160 +33.224
20170 +33.272
20180 +33.200
20190 +33.089
20200 +33.026
20210 +33.091
20220 +33.361
20230 +33.889
20240 +34.487
20250 +34.387
20260 +33.322
20270 +32.269
20280 +31.673
20290 +31.439
20300 +31.426
20310 +31.542
20320 +31.731
20330 +31.957
20340 +32.196
20350 +32.427
20360 +32.636
20370 +32.808
20380 +32.933
20390 +33.005
20400 +33.024
20410 +33.002
20420 +32.975
20430 +33.006
20440 +33.162
20450 +33.463
20460 +33.845
20470 +34.198
20480 +34.439
20490 +34.533
20500 +34.482
20510 +34.314
20520 +34.085
20530 +33.894
20540 +33.885
20550 +34.163
20560 +34.682
20570 +35.252
20580 +35.689
20590 +35.904
20600 +35.882
20610 +35.647
20620 +35.244
20630 +34.780
20640 +34.479
20650 +34.629
20660 +35.263
20670 +36.054
20680 +36.675
20690 +36.999
20700 +37.008
20710 +36.679
20720 +35.922
20730 +34.593
20740 +32.892
20750 +32.348
20760 +33.555
20770 +34.813
20780 +35.515
20790 +35.682
20800 +35.176
20810 +32.933
20820 +19.455
20830 +31.165
20840 +35.305
20850 +36.410
20860 +36.808
20870 +36.973
20880 +37.045
20890 +37.071
20900 +37.075
20910 +37.068
20920 +37.059
20930 +37.052
20940 +37.055
20950 +37.078
20960 +37.137
20970 +37.256
20980 +37.460
20990 +37.729
21000 +37.885
21010 +37.729
21020 +37.384
21030 +37.058
21040 +36.815
21050 +36.654
21060 +36.581
21070 +36.629
21080 +36.870
21090 +37.394
21100 +38.164
21110 +38.805
21120 +38.888
21130 +38.490
21140 +37.922
21150 +37.364
21160 +36.887
21170 +36.545
21180 +36.430
21190 +36.697
21200 +37.506
21210 +38.803
21220 +40.053
21230 +40.477
21240 +39.931
21250 +38.899
21260 +37.788
21270 +36.788
21280 +36.029
21290 +35.679
21300 +35.954
21310 +37.007
21320 +38.738
21330 +40.633
21340 +41.694
21350 +41.251
21360 +39.894
21370 +38.429
21380 +37.264
21390 +36.656
21400 +36.884
21410 +38.214
21420 +40.802
21430 +44.537
21440 +47.117
21450 +44.782
21460 +41.553
21470 +39.156
21480 +37.549
21490 +36.688
21500 +36.585
21510 +37.127
21520 +37.872
21530 +38.134
21540 +37.565
21550 +36.438
21560 +35.168
21570 +33.996
21580 +33.052
21590 +32.441
21600 +32.258
21610 +32.548
21620 +33.232
21630 +34.076
21640 +34.740
21650 +34.933
21660 +34.599
21670 +33.921
21680 +33.153
21690 +32.521
21700 +32.215
21710 +32.381
21720 +33.064
21730 +34.142
21740 +35.293
21750 +36.050
21760 +36.054
21770 +35.382
21780 +34.417
21790 +33.523
21800 +32.966
21810 +32.933
21820 +33.502
21830 +34.564
21840 +35.800
21850 +36.713
21860 +36.853
21870 +36.229
21880 +35.252
21890 +34.337
21900 +33.763
21910 +33.703
21920 +34.216
21930 +35.224
21940 +36.520
21950 +37.761
21960 +38.500
21970 +38.436
21980 +37.732
21990 +36.823
22000 +36.075
22010 +35.711
22020 +35.835
22030 +36.443
22040 +37.414
22050 +38.478
22060 +39.180
22070 +39.053
22080 +38.092
22090 +36.744
22100 +35.443
22110 +34.448
22120 +33.889
22130 +33.787
22140 +34.045
22150 +34.458
22160 +34.736
22170 +34.599
22180 +33.935
22190 +32.881
22200 +31.706
22210 +30.672
22220 +29.966
22230 +29.667
22240 +29.735
22250 +30.033
22260 +30.377
22270 +30.581
22280 +30.502
22290 +30.102
22300 +29.480
22310 +28.828
22320 +28.341
22330 +28.141
22340 +28.242
22350 +28.574
22360 +29.027
22370 +29.476
22380 +29.799
22390 +29.893
22400 +29.723
22410 +29.358
22420 +28.949
22430 +28.657
22440 +28.576
22450 +28.715
22460 +29.020
22470 +29.397
22480 +29.733
22490 +29.902
22500 +29.802
22510 +29.419
22520 +28.862
22530 +28.315
22540 +27.935
22550 +27.788
22560 +27.848
22570 +28.033
22580 +28.240
22590 +28.358
22600 +28.289
22610 +27.989
22620 +27.512
22630 +27.002
22640 +26.613
22650 +26.428
22660 +26.442
22670 +26.594
22680 +26.806
22690 +27.004
22700 +27.119
22710 +27.105
22720 +26.957
22730 +26.729
22740 +26.514
22750 +26.387
22760 +26.377
22770 +26.468
22780 +26.623
22790 +26.802
22800 +26.965
22810 +27.071
22820 +27.088
22830 +27.005
22840 +26.848
22850 +26.668
22860 +26.519
22870 +26.427
22880 +26.392
22890 +26.401
22900 +26.429
22910 +26.451
22920 +26.439
22930 +26.369
22940 +26.233
22950 +26.048
22960 +25.851
22970 +25.677
22980 +25.543
22990 +25.452
23000 +25.398
23010 +25.373
23020 +25.368
23030 +25.373
23040 +25.375
23050 +25.361
23060 +25.327
23070 +25.275
23080 +25.220
23090 +25.176
23100 +25.158
23110 +25.179
23120 +25.250
23130 +25.375
23140 +25.542
23150 +25.720
23160 +25.868
23170 +25.953
23180 +25.972
23190 +25.946
23200 +25.907
23210 +25.888
23220 +25.914
23230 +26.003
23240 +26.155
23250 +26.345
23260 +26.528
23270 +26.648
23280 +26.674
23290 +26.607
23300 +26.483
23310 +26.348
23320 +26.246
23330 +26.213
23340 +26.273
23350 +26.424
23360 +26.632
23370 +26.835
23380 +26.962
23390 +26.973
23400 +26.876
23410 +26.722
23420 +26.573
23430 +26.492
23440 +26.526
23450 +26.696
23460 +26.988
23470 +27.342
23480 +27.667
23490 +27.875
23500 +27.928
23510 +27.852
23520 +27.719
23530 +27.611
23540 +27.597
23550 +27.718
23560 +27.978
23570 +28.341
23580 +28.729
23590 +29.040
23600 +29.194
23610 +29.167
23620 +29.002
23630 +28.785
23640 +28.607
23650 +28.534
23660 +28.606
23670 +28.822
23680 +29.143
23690 +29.492
23700 +29.769
23710 +29.890
23720 +29.828
23730 +29.633
23740 +29.402
23750 +29.238
23760 +29.222
23770 +29.396
23780 +29.763
23790 +30.283
23800 +30.876
23810 +31.430
23820 +31.830
23830 +32.020
23840 +32.043
23850 +32.018
23860 +32.072
23870 +32.297
23880 +32.741
23890 +33.413
23900 +34.291
23910 +35.315
23920 +36.372
23930 +37.285
23940 +37.868
23950 +38.050
23960 +37.929
23970 +37.680
23980 +37.439
23990 +37.277
