00000 +0.487
00010 +0.596
00020 +0.855
00030 +1.137
00040 +1.357
00050 +1.492
00060 +1.548
00070 +1.551
00080 +1.536
00090 +1.547
00100 +1.627
00110 +1.801
00120 +2.046
00130 +2.305
00140 +2.520
00150 +2.661
00160 +2.728
00170 +2.742
00180 +2.727
00190 +2.713
00200 +2.726
00210 +2.781
00220 +2.880
00230 +3.006
00240 +3.128
00250 +3.218
00260 +3.259
00270 +3.253
00280 +3.213
00290 +3.158
00300 +3.110
00310 +3.090
00320 +3.106
00330 +3.159
00340 +3.233
00350 +3.305
00360 +3.354
00370 +3.368
00380 +3.347
00390 +3.305
00400 +3.262
00410 +3.239
00420 +3.254
00430 +3.315
00440 +3.419
00450 +3.548
00460 +3.680
00470 +3.794
00480 +3.884
00490 +3.954
00500 +4.019
00510 +4.099
00520 +4.212
00530 +4.365
00540 +4.553
00550 +4.760
00560 +4.964
00570 +5.144
00580 +5.288
00590 +5.394
00600 +5.471
00610 +5.534
00620 +5.596
00630 +5.669
00640 +5.753
00650 +5.846
00660 +5.935
00670 +6.011
00680 +6.061
00690 +6.082
00700 +6.076
00710 +6.050
00720 +6.016
00730 +5.985
00740 +5.966
00750 +5.962
00760 +5.971
00770 +5.985
00780 +5.996
00790 +5.993
00800 +5.973
00810 +5.937
00820 +5.891
00830 +5.849
00840 +5.820
00850 +5.815
00860 +5.835
00870 +5.879
00880 +5.937
00890 +5.998
00900 +6.051
00910 +6.092
00920 +6.121
00930 +6.145
00940 +6.172
00950 +6.207
00960 +6.253
00970 +6.307
00980 +6.363
00990 +6.411
01000 +6.445
01010 +6.460
01020 +6.457
01030 +6.440
01040 +6.413
01050 +6.383
01060 +6.355
01070 +6.332
01080 +6.314
01090 +6.300
01100 +6.287
01110 +6.272
01120 +6.253
01130 +6.229
01140 +6.199
01150 +6.165
01160 +6.133
01170 +6.107
01180 +6.093
01190 +6.095
01200 +6.119
01210 +6.164
01220 +6.228
01230 +6.306
01240 +6.392
01250 +6.484
01260 +6.580
01270 +6.687
01280 +6.812
01290 +6.965
01300 +7.150
01310 +7.368
01320 +7.609
01330 +7.857
01340 +8.096
01350 +8.312
01360 +8.500
01370 +8.663
01380 +8.809
01390 +8.948
01400 +9.086
01410 +9.227
01420 +9.366
01430 +9.493
01440 +9.599
01450 +9.678
01460 +9.726
01470 +9.748
01480 +9.752
01490 +9.750
01500 +9.754
01510 +9.771
01520 +9.808
01530 +9.864
01540 +9.934
01550 +10.010
01560 +10.084
01570 +10.152
01580 +10.216
01590 +10.282
01600 +10.363
01610 +10.472
01620 +10.616
01630 +10.798
01640 +11.008
01650 +11.229
01660 +11.439
01670 +11.622
01680 +11.769
01690 +11.884
01700 +11.978
01710 +12.067
01720 +12.162
01730 +12.268
01740 +12.382
01750 +12.491
01760 +12.581
01770 +12.640
01780 +12.665
01790 +12.660
01800 +12.637
01810 +12.609
01820 +12.591
01830 +12.592
01840 +12.614
01850 +12.650
01860 +12.689
01870 +12.720
01880 +12.733
01890 +12.724
01900 +12.698
01910 +12.664
01920 +12.635
01930 +12.622
01940 +12.633
01950 +12.669
01960 +12.721
01970 +12.780
01980 +12.832
01990 +12.866
02000 +12.880
02010 +12.877
02020 +12.869
02030 +12.868
02040 +12.888
02050 +12.935
02060 +13.007
02070 +13.093
02080 +13.176
02090 +13.239
02100 +13.272
02110 +13.273
02120 +13.252
02130 +13.223
02140 +13.204
02150 +13.205
02160 +13.227
02170 +13.264
02180 +13.299
02190 +13.318
02200 +13.310
02210 +13.272
02220 +13.212
02230 +13.141
02240 +13.075
02250 +13.026
02260 +12.999
02270 +12.993
02280 +12.997
02290 +12.999
02300 +12.985
02310 +12.947
02320 +12.883
02330 +12.801
02340 +12.710
02350 +12.626
02360 +12.559
02370 +12.513
02380 +12.486
02390 +12.468
02400 +12.445
02410 +12.403
02420 +12.337
02430 +12.246
02440 +12.142
02450 +12.039
02460 +11.954
02470 +11.899
02480 +11.876
02490 +11.877
02500 +11.887
02510 +11.889
02520 +11.873
02530 +11.834
02540 +11.779
02550 +11.722
02560 +11.677
02570 +11.655
02580 +11.659
02590 +11.683
02600 +11.714
02610 +11.736
02620 +11.737
02630 +11.710
02640 +11.656
02650 +11.586
02660 +11.511
02670 +11.443
02680 +11.389
02690 +11.349
02700 +11.314
02710 +11.275
02720 +11.219
02730 +11.137
02740 +11.030
02750 +10.904
02760 +10.772
02770 +10.650
02780 +10.553
02790 +10.492
02800 +10.470
02810 +10.485
02820 +10.532
02830 +10.605
02840 +10.700
02850 +10.819
02860 +10.966
02870 +11.144
02880 +11.355
02890 +11.596
02900 +11.858
02910 +12.127
02920 +12.389
02930 +12.631
02940 +12.842
02950 +13.017
02960 +13.158
02970 +13.269
02980 +13.359
02990 +13.436
03000 +13.505
03010 +13.566
03020 +13.617
03030 +13.651
03040 +13.660
03050 +13.640
03060 +13.589
03070 +13.512
03080 +13.415
03090 +13.308
03100 +13.199
03110 +13.091
03120 +12.985
03130 +12.876
03140 +12.758
03150 +12.626
03160 +12.477
03170 +12.313
03180 +12.142
03190 +11.972
03200 +11.813
03210 +11.674
03220 +11.556
03230 +11.460
03240 +11.383
03250 +11.319
03260 +11.264
03270 +11.217
03280 +11.180
03290 +11.156
03300 +11.150
03310 +11.166
03320 +11.204
03330 +11.262
03340 +11.336
03350 +11.418
03360 +11.500
03370 +11.575
03380 +11.640
03390 +11.693
03400 +11.736
03410 +11.772
03420 +11.804
03430 +11.836
03440 +11.865
03450 +11.890
03460 +11.905
03470 +11.902
03480 +11.878
03490 +11.829
03500 +11.756
03510 +11.663
03520 +11.557
03530 +11.444
03540 +11.328
03550 +11.208
03560 +11.081
03570 +10.941
03580 +10.782
03590 +10.599
03600 +10.391
03610 +10.162
03620 +9.921
03630 +9.675
03640 +9.433
03650 +9.199
03660 +8.973
03670 +8.749
03680 +8.522
03690 +8.288
03700 +8.045
03710 +7.799
03720 +7.561
03730 +7.345
03740 +7.162
03750 +7.021
03760 +6.921
03770 +6.858
03780 +6.822
03790 +6.803
03800 +6.795
03810 +6.797
03820 +6.813
03830 +6.846
03840 +6.900
03850 +6.975
03860 +7.064
03870 +7.158
03880 +7.245
03890 +7.314
03900 +7.359
03910 +7.378
03920 +7.374
03930 +7.354
03940 +7.327
03950 +7.301
03960 +7.281
03970 +7.264
03980 +7.248
03990 +7.225
04000 +7.192
04010 +7.149
04020 +7.100
04030 +7.056
04040 +7.031
04050 +7.035
04060 +7.074
04070 +7.148
04080 +7.249
04090 +7.367
04100 +7.495
04110 +7.626
04120 +7.763
04130 +7.909
04140 +8.072
04150 +8.257
04160 +8.466
04170 +8.693
04180 +8.930
04190 +9.165
04200 +9.388
04210 +9.592
04220 +9.776
04230 +9.942
04240 +10.097
04250 +10.245
04260 +10.391
04270 +10.535
04280 +10.673
04290 +10.798
04300 +10.902
04310 +10.981
04320 +11.034
04330 +11.065
04340 +11.080
04350 +11.088
04360 +11.099
04370 +11.117
04380 +11.143
04390 +11.173
04400 +11.202
04410 +11.225
04420 +11.238
04430 +11.244
04440 +11.247
04450 +11.256
04460 +11.279
04470 +11.321
04480 +11.384
04490 +11.465
04500 +11.557
04510 +11.652
04520 +11.743
04530 +11.828
04540 +11.908
04550 +11.988
04560 +12.074
04570 +12.172
04580 +12.285
04590 +12.412
04600 +12.546
04610 +12.677
04620 +12.796
04630 +12.897
04640 +12.976
04650 +13.039
04660 +13.089
04670 +13.137
04680 +13.188
04690 +13.243
04700 +13.298
04710 +13.345
04720 +13.374
04730 +13.378
04740 +13.353
04750 +13.305
04760 +13.242
04770 +13.175
04780 +13.115
04790 +13.070
04800 +13.039
04810 +13.017
04820 +12.995
04830 +12.966
04840 +12.925
04850 +12.876
04860 +12.826
04870 +12.786
04880 +12.767
04890 +12.777
04900 +12.817
04910 +12.880
04920 +12.957
04930 +13.036
04940 +13.110
04950 +13.176
04960 +13.235
04970 +13.296
04980 +13.366
04990 +13.455
05000 +13.565
05010 +13.693
05020 +13.829
05030 +13.961
05040 +14.077
05050 +14.169
05060 +14.238
05070 +14.289
05080 +14.332
05090 +14.379
05100 +14.438
05110 +14.509
05120 +14.585
05130 +14.656
05140 +14.708
05150 +14.734
05160 +14.733
05170 +14.710
05180 +14.679
05190 +14.653
05200 +14.643
05210 +14.654
05220 +14.682
05230 +14.717
05240 +14.748
05250 +14.767
05260 +14.770
05270 +14.762
05280 +14.749
05290 +14.745
05300 +14.759
05310 +14.797
05320 +14.858
05330 +14.936
05340 +15.018
05350 +15.095
05360 +15.159
05370 +15.205
05380 +15.238
05390 +15.266
05400 +15.300
05410 +15.348
05420 +15.415
05430 +15.499
05440 +15.589
05450 +15.673
05460 +15.741
05470 +15.784
05480 +15.804
05490 +15.810
05500 +15.814
05510 +15.830
05520 +15.866
05530 +15.925
05540 +15.997
05550 +16.071
05560 +16.135
05570 +16.179
05580 +16.205
05590 +16.219
05600 +16.233
05610 +16.262
05620 +16.313
05630 +16.391
05640 +16.490
05650 +16.599
05660 +16.707
05670 +16.805
05680 +16.890
05690 +16.963
05700 +17.032
05710 +17.107
05720 +17.196
05730 +17.306
05740 +17.434
05750 +17.575
05760 +17.719
05770 +17.854
05780 +17.972
05790 +18.069
05800 +18.146
05810 +18.212
05820 +18.275
05830 +18.345
05840 +18.428
05850 +18.521
05860 +18.619
05870 +18.707
05880 +18.775
05890 +18.817
05900 +18.831
05910 +18.825
05920 +18.812
05930 +18.806
05940 +18.816
05950 +18.847
05960 +18.891
05970 +18.938
05980 +18.977
05990 +18.998
06000 +19.001
06010 +18.990
06020 +18.977
06030 +18.974
06040 +18.991
06050 +19.033
06060 +19.096
06070 +19.172
06080 +19.249
06090 +19.318
06100 +19.373
06110 +19.416
06120 +19.451
06130 +19.487
06140 +19.533
06150 +19.596
06160 +19.677
06170 +19.772
06180 +19.872
06190 +19.966
06200 +20.044
06210 +20.100
06220 +20.135
06230 +20.154
06240 +20.167
06250 +20.187
06260 +20.221
06270 +20.268
06280 +20.324
06290 +20.376
06300 +20.413
06310 +20.425
06320 +20.412
06330 +20.380
06340 +20.341
06350 +20.311
06360 +20.300
06370 +20.313
06380 +20.344
06390 +20.382
06400 +20.416
06410 +20.436
06420 +20.439
06430 +20.430
06440 +20.418
06450 +20.415
06460 +20.431
06470 +20.470
06480 +20.531
06490 +20.605
06500 +20.681
06510 +20.751
06520 +20.808
06530 +20.851
06540 +20.884
06550 +20.915
06560 +20.953
06570 +21.004
06580 +21.073
06590 +21.157
06600 +21.248
06610 +21.336
06620 +21.410
06630 +21.464
06640 +21.498
06650 +21.518
06660 +21.535
06670 +21.560
06680 +21.602
06690 +21.663
06700 +21.737
06710 +21.812
06720 +21.877
06730 +21.922
06740 +21.946
06750 +21.955
06760 +21.960
06770 +21.974
06780 +22.008
06790 +22.065
06800 +22.139
06810 +22.220
06820 +22.296
06830 +22.358
06840 +22.402
06850 +22.433
06860 +22.458
06870 +22.488
06880 +22.533
06890 +22.595
06900 +22.672
06910 +22.757
06920 +22.841
06930 +22.914
06940 +22.970
06950 +23.010
06960 +23.036
06970 +23.056
06980 +23.079
06990 +23.113
07000 +23.161
07010 +23.220
07020 +23.282
07030 +23.339
07040 +23.382
07050 +23.407
07060 +23.416
07070 +23.415
07080 +23.417
07090 +23.432
07100 +23.468
07110 +23.524
07120 +23.594
07130 +23.667
07140 +23.733
07150 +23.786
07160 +23.826
07170 +23.861
07180 +23.902
07190 +23.960
07200 +24.042
07210 +24.147
07220 +24.266
07230 +24.391
07240 +24.509
07250 +24.616
07260 +24.711
07270 +24.798
07280 +24.885
07290 +24.982
07300 +25.092
07310 +25.217
07320 +25.351
07330 +25.486
07340 +25.614
07350 +25.728
07360 +25.825
07370 +25.906
07380 +25.979
07390 +26.050
07400 +26.127
07410 +26.216
07420 +26.315
07430 +26.418
07440 +26.517
07450 +26.604
07460 +26.674
07470 +26.729
07480 +26.774
07490 +26.819
07500 +26.874
07510 +26.946
07520 +27.035
07530 +27.135
07540 +27.237
07550 +27.330
07560 +27.408
07570 +27.472
07580 +27.527
07590 +27.582
07600 +27.647
07610 +27.729
07620 +27.828
07630 +27.937
07640 +28.046
07650 +28.145
07660 +28.225
07670 +28.288
07680 +28.337
07690 +28.380
07700 +28.426
07710 +28.483
07720 +28.553
07730 +28.632
07740 +28.713
07750 +28.786
07760 +28.844
07770 +28.885
07780 +28.910
07790 +28.928
07800 +28.949
07810 +28.982
07820 +29.036
07830 +29.110
07840 +29.199
07850 +29.292
07860 +29.378
07870 +29.451
07880 +29.508
07890 +29.556
07900 +29.607
07910 +29.673
07920 +29.763
07930 +29.880
07940 +30.017
07950 +30.160
07960 +30.293
07970 +30.406
07980 +30.495
07990 +30.564
08000 +30.627
08010 +30.697
08020 +30.785
08030 +30.896
08040 +31.023
08050 +31.155
08060 +31.277
08070 +31.376
08080 +31.450
08090 +31.502
08100 +31.544
08110 +31.591
08120 +31.658
08130 +31.754
08140 +31.880
08150 +32.029
08160 +32.190
08170 +32.349
08180 +32.499
08190 +32.637
08200 +32.772
08210 +32.919
08220 +33.094
08230 +33.313
08240 +33.584
08250 +33.905
08260 +34.262
08270 +34.636
08280 +35.006
08290 +35.358
08300 +35.691
08310 +36.018
08320 +36.355
08330 +36.720
08340 +37.119
08350 +37.539
08360 +37.945
08370 +38.288
08380 +38.523
08390 +38.624
08400 +38.596
08410 +38.470
08420 +38.282
08430 +38.062
08440 +37.825
08450 +37.574
08460 +37.301
08470 +36.998
08480 +36.663
08490 +36.305
08500 +35.936
08510 +35.573
08520 +35.233
08530 +34.930
08540 +34.672
08550 +34.459
08560 +34.288
08570 +34.146
08580 +34.020
08590 +33.899
08600 +33.777
08610 +33.654
08620 +33.537
08630 +33.439
08640 +33.371
08650 +33.340
08660 +33.348
08670 +33.385
08680 +33.436
08690 +33.482
08700 +33.507
08710 +33.504
08720 +33.476
08730 +33.434
08740 +33.395
08750 +33.371
08760 +33.369
08770 +33.386
08780 +33.410
08790 +33.423
08800 +33.408
08810 +33.358
08820 +33.276
08830 +33.175
08840 +33.073
08850 +32.986
08860 +32.927
08870 +32.900
08880 +32.898
08890 +32.909
08900 +32.916
08910 +32.908
08920 +32.883
08930 +32.844
08940 +32.805
08950 +32.781
08960 +32.783
08970 +32.821
08980 +32.892
08990 +32.985
09000 +33.084
09010 +33.170
09020 +33.232
09030 +33.264
09040 +33.273
09050 +33.269
09060 +33.267
09070 +33.277
09080 +33.305
09090 +33.342
09100 +33.374
09110 +33.383
09120 +33.356
09130 +33.285
09140 +33.175
09150 +33.041
09160 +32.899
09170 +32.767
09180 +32.654
09190 +32.562
09200 +32.483
09210 +32.406
09220 +32.316
09230 +32.206
09240 +32.075
09250 +31.930
09260 +31.786
09270 +31.654
09280 +31.548
09290 +31.471
09300 +31.421
09310 +31.388
09320 +31.359
09330 +31.321
09340 +31.265
09350 +31.192
09360 +31.108
09370 +31.022
09380 +30.946
09390 +30.888
09400 +30.851
09410 +30.828
09420 +30.810
09430 +30.782
09440 +30.733
09450 +30.658
09460 +30.557
09470 +30.438
09480 +30.314
09490 +30.195
09500 +30.090
09510 +29.999
09520 +29.919
09530 +29.839
09540 +29.748
09550 +29.638
09560 +29.507
09570 +29.360
09580 +29.205
09590 +29.056
09600 +28.922
09610 +28.809
09620 +28.717
09630 +28.640
09640 +28.569
09650 +28.493
09660 +28.407
09670 +28.308
09680 +28.202
09690 +28.098
09700 +28.004
09710 +27.930
09720 +27.878
09730 +27.848
09740 +27.833
09750 +27.822
09760 +27.808
09770 +27.785
09780 +27.751
09790 +27.710
09800 +27.670
09810 +27.641
09820 +27.628
09830 +27.636
09840 +27.662
09850 +27.699
09860 +27.739
09870 +27.773
09880 +27.795
09890 +27.805
09900 +27.808
09910 +27.812
09920 +27.826
09930 +27.857
09940 +27.908
09950 +27.977
09960 +28.056
09970 +28.138
09980 +28.213
09990 +28.279
10000 +28.335
10010 +28.388
10020 +28.445
10030 +28.516
10040 +28.607
10050 +28.720
10060 +28.852
10070 +28.995
10080 +29.141
10090 +29.282
10100 +29.413
10110 +29.536
10120 +29.654
10130 +29.775
10140 +29.907
10150 +30.053
10160 +30.216
10170 +30.389
10180 +30.564
10190 +30.731
10200 +30.879
10210 +31.003
10220 +31.102
10230 +31.178
10240 +31.241
10250 +31.299
10260 +31.357
10270 +31.416
10280 +31.469
10290 +31.507
10300 +31.520
10310 +31.499
10320 +31.442
10330 +31.354
10340 +31.244
10350 +31.127
10360 +31.014
10370 +30.910
10380 +30.815
10390 +30.723
10400 +30.622
10410 +30.506
10420 +30.368
10430 +30.211
10440 +30.043
10450 +29.876
10460 +29.722
10470 +29.588
10480 +29.476
10490 +29.382
10500 +29.295
10510 +29.207
10520 +29.111
10530 +29.005
10540 +28.892
10550 +28.781
10560 +28.681
10570 +28.602
10580 +28.547
10590 +28.513
10600 +28.493
10610 +28.480
10620 +28.464
10630 +28.442
10640 +28.411
10650 +28.377
10660 +28.347
10670 +28.327
10680 +28.323
10690 +28.336
10700 +28.363
10710 +28.396
10720 +28.430
10730 +28.458
10740 +28.479
10750 +28.494
10760 +28.506
10770 +28.522
10780 +28.547
10790 +28.585
10800 +28.636
10810 +28.697
10820 +28.764
10830 +28.834
10840 +28.902
10850 +28.968
10860 +29.034
10870 +29.103
10880 +29.178
10890 +29.264
10900 +29.364
10910 +29.476
10920 +29.601
10930 +29.735
10940 +29.877
10950 +30.024
10960 +30.176
10970 +30.331
10980 +30.490
10990 +30.654
11000 +30.823
11010 +30.997
11020 +31.179
11030 +31.366
11040 +31.557
11050 +31.747
11060 +31.932
11070 +32.104
11080 +32.254
11090 +32.379
11100 +32.478
11110 +32.554
11120 +32.613
11130 +32.660
11140 +32.699
11150 +32.729
11160 +32.747
11170 +32.747
11180 +32.724
11190 +32.678
11200 +32.614
11210 +32.540
11220 +32.466
11230 +32.399
11240 +32.344
11250 +32.300
11260 +32.263
11270 +32.228
11280 +32.187
11290 +32.136
11300 +32.074
11310 +32.004
11320 +31.933
11330 +31.866
11340 +31.808
11350 +31.760
11360 +31.720
11370 +31.683
11380 +31.641
11390 +31.590
11400 +31.524
11410 +31.445
11420 +31.357
11430 +31.266
11440 +31.179
11450 +31.100
11460 +31.031
11470 +30.968
11480 +30.909
11490 +30.846
11500 +30.775
11510 +30.694
11520 +30.604
11530 +30.509
11540 +30.415
11550 +30.327
11560 +30.248
11570 +30.178
11580 +30.115
11590 +30.052
11600 +29.985
11610 +29.906
11620 +29.813
11630 +29.706
11640 +29.590
11650 +29.469
11660 +29.348
11670 +29.230
11680 +29.115
11690 +29.001
11700 +28.882
11710 +28.753
11720 +28.610
11730 +28.451
11740 +28.279
11750 +28.100
11760 +27.919
11770 +27.742
11780 +27.574
11790 +27.416
11800 +27.266
11810 +27.122
11820 +26.977
11830 +26.828
11840 +26.674
11850 +26.516
11860 +26.360
11870 +26.212
11880 +26.079
11890 +25.965
11900 +25.871
11910 +25.795
11920 +25.730
11930 +25.667
11940 +25.600
11950 +25.526
11960 +25.446
11970 +25.367
11980 +25.297
11990 +25.241
12000 +25.202
12010 +25.179
12020 +25.163
12030 +25.143
12040 +25.108
12050 +25.051
12060 +24.972
12070 +24.875
12080 +24.768
12090 +24.661
12100 +24.559
12110 +24.462
12120 +24.364
12130 +24.256
12140 +24.128
12150 +23.972
12160 +23.787
12170 +23.577
12180 +23.353
12190 +23.126
12200 +22.906
12210 +22.696
12220 +22.497
12230 +22.300
12240 +22.098
12250 +21.883
12260 +21.650
12270 +21.403
12280 +21.150
12290 +20.903
12300 +20.671
12310 +20.462
12320 +20.276
12330 +20.109
12340 +19.951
12350 +19.793
12360 +19.628
12370 +19.457
12380 +19.284
12390 +19.119
12400 +18.972
12410 +18.851
12420 +18.755
12430 +18.681
12440 +18.619
12450 +18.559
12460 +18.495
12470 +18.422
12480 +18.345
12490 +18.269
12500 +18.204
12510 +18.156
12520 +18.125
12530 +18.109
12540 +18.100
12550 +18.090
12560 +18.071
12570 +18.041
12580 +18.002
12590 +17.959
12600 +17.919
12610 +17.890
12620 +17.872
12630 +17.865
12640 +17.861
12650 +17.855
12660 +17.841
12670 +17.817
12680 +17.786
12690 +17.753
12700 +17.726
12710 +17.708
12720 +17.701
12730 +17.701
12740 +17.704
12750 +17.703
12760 +17.695
12770 +17.681
12780 +17.665
12790 +17.653
12800 +17.649
12810 +17.655
12820 +17.669
12830 +17.687
12840 +17.703
12850 +17.712
12860 +17.714
12870 +17.713
12880 +17.713
12890 +17.721
12900 +17.741
12910 +17.772
12920 +17.811
12930 +17.853
12940 +17.890
12950 +17.920
12960 +17.943
12970 +17.963
12980 +17.988
12990 +18.025
13000 +18.079
13010 +18.150
13020 +18.234
13030 +18.324
13040 +18.409
13050 +18.486
13060 +18.553
13070 +18.615
13080 +18.680
13090 +18.759
13100 +18.860
13110 +18.983
13120 +19.122
13130 +19.268
13140 +19.407
13150 +19.530
13160 +19.634
13170 +19.724
13180 +19.810
13190 +19.904
13200 +20.015
13210 +20.147
13220 +20.294
13230 +20.443
13240 +20.581
13250 +20.694
13260 +20.780
13270 +20.841
13280 +20.888
13290 +20.935
13300 +20.995
13310 +21.074
13320 +21.171
13330 +21.278
13340 +21.379
13350 +21.462
13360 +21.520
13370 +21.553
13380 +21.568
13390 +21.580
13400 +21.602
13410 +21.649
13420 +21.724
13430 +21.823
13440 +21.933
13450 +22.038
13460 +22.123
13470 +22.181
13480 +22.215
13490 +22.237
13500 +22.263
13510 +22.310
13520 +22.390
13530 +22.503
13540 +22.635
13550 +22.768
13560 +22.879
13570 +22.955
13580 +22.993
13590 +23.002
13600 +22.998
13610 +23.004
13620 +23.033
13630 +23.091
13640 +23.168
13650 +23.246
13660 +23.304
13670 +23.324
13680 +23.301
13690 +23.242
13700 +23.164
13710 +23.088
13720 +23.032
13730 +23.008
13740 +23.016
13750 +23.044
13760 +23.076
13770 +23.093
13780 +23.085
13790 +23.050
13800 +22.996
13810 +22.938
13820 +22.897
13830 +22.888
13840 +22.922
13850 +22.994
13860 +23.091
13870 +23.192
13880 +23.275
13890 +23.329
13900 +23.351
13910 +23.352
13920 +23.351
13930 +23.372
13940 +23.431
13950 +23.532
13960 +23.665
13970 +23.808
13980 +23.935
13990 +24.027
14000 +24.075
14010 +24.086
14020 +24.077
14030 +24.075
14040 +24.101
14050 +24.166
14060 +24.267
14070 +24.386
14080 +24.501
14090 +24.591
14100 +24.642
14110 +24.657
14120 +24.648
14130 +24.636
14140 +24.644
14150 +24.689
14160 +24.778
14170 +24.901
14180 +25.043
14190 +25.182
14200 +25.302
14210 +25.393
14220 +25.455
14230 +25.503
14240 +25.556
14250 +25.635
14260 +25.754
14270 +25.915
14280 +26.107
14290 +26.311
14300 +26.503
14310 +26.665
14320 +26.786
14330 +26.872
14340 +26.937
14350 +27.004
14360 +27.094
14370 +27.216
14380 +27.368
14390 +27.532
14400 +27.686
14410 +27.808
14420 +27.885
14430 +27.916
14440 +27.912
14450 +27.897
14460 +27.892
14470 +27.914
14480 +27.968
14490 +28.045
14500 +28.130
14510 +28.206
14520 +28.259
14530 +28.283
14540 +28.283
14550 +28.270
14560 +28.262
14570 +28.276
14580 +28.323
14590 +28.404
14600 +28.512
14610 +28.633
14620 +28.752
14630 +28.855
14640 +28.934
14650 +28.990
14660 +29.030
14670 +29.072
14680 +29.129
14690 +29.212
14700 +29.321
14710 +29.449
14720 +29.579
14730 +29.695
14740 +29.782
14750 +29.834
14760 +29.852
14770 +29.852
14780 +29.851
14790 +29.867
14800 +29.907
14810 +29.972
14820 +30.050
14830 +30.130
14840 +30.196
14850 +30.242
14860 +30.267
14870 +30.278
14880 +30.289
14890 +30.316
14900 +30.370
14910 +30.456
14920 +30.573
14930 +30.713
14940 +30.868
14950 +31.027
14960 +31.184
14970 +31.335
14980 +31.481
14990 +31.628
15000 +31.785
15010 +31.962
15020 +32.165
15030 +32.394
15040 +32.644
15050 +32.907
15060 +33.167
15070 +33.406
15080 +33.607
15090 +33.762
15100 +33.873
15110 +33.954
15120 +34.025
15130 +34.101
15140 +34.187
15150 +34.273
15160 +34.338
15170 +34.358
15180 +34.309
15190 +34.188
15200 +34.010
15210 +33.806
15220 +33.611
15230 +33.444
15240 +33.312
15250 +33.204
15260 +33.101
15270 +32.983
15280 +32.834
15290 +32.650
15300 +32.439
15310 +32.222
15320 +32.022
15330 +31.854
15340 +31.724
15350 +31.626
15360 +31.549
15370 +31.474
15380 +31.388
15390 +31.278
15400 +31.144
15410 +30.992
15420 +30.841
15430 +30.705
15440 +30.595
15450 +30.511
15460 +30.445
15470 +30.385
15480 +30.319
15490 +30.234
15500 +30.126
15510 +30.002
15520 +29.871
15530 +29.748
15540 +29.643
15550 +29.556
15560 +29.483
15570 +29.417
15580 +29.350
15590 +29.277
15600 +29.197
15610 +29.112
15620 +29.029
15630 +28.952
15640 +28.885
15650 +28.826
15660 +28.773
15670 +28.724
15680 +28.676
15690 +28.631
15700 +28.592
15710 +28.562
15720 +28.544
15730 +28.537
15740 +28.536
15750 +28.535
15760 +28.529
15770 +28.516
15780 +28.499
15790 +28.483
15800 +28.476
15810 +28.488
15820 +28.523
15830 +28.579
15840 +28.646
15850 +28.709
15860 +28.754
15870 +28.778
15880 +28.782
15890 +28.778
15900 +28.781
15910 +28.809
15920 +28.873
15930 +28.973
15940 +29.099
15950 +29.226
15960 +29.332
15970 +29.403
15980 +29.440
15990 +29.458
16000 +29.477
16010 +29.522
16020 +29.611
16030 +29.753
16040 +29.937
16050 +30.139
16060 +30.325
16070 +30.471
16080 +30.567
16090 +30.623
16100 +30.660
16110 +30.707
16120 +30.790
16130 +30.927
16140 +31.118
16150 +31.342
16160 +31.561
16170 +31.735
16180 +31.835
16190 +31.860
16200 +31.830
16210 +31.779
16220 +31.744
16230 +31.756
16240 +31.831
16250 +31.961
16260 +32.110
16270 +32.230
16280 +32.276
16290 +32.232
16300 +32.113
16310 +31.955
16320 +31.800
16330 +31.691
16340 +31.655
16350 +31.697
16360 +31.794
16370 +31.898
16380 +31.954
16390 +31.931
16400 +31.823
16410 +31.658
16420 +31.476
16430 +31.321
16440 +31.232
16450 +31.228
16460 +31.305
16470 +31.431
16480 +31.554
16490 +31.628
16500 +31.626
16510 +31.552
16520 +31.431
16530 +31.305
16540 +31.219
16550 +31.209
16560 +31.296
16570 +31.472
16580 +31.700
16590 +31.923
16600 +32.084
16610 +32.149
16620 +32.119
16630 +32.029
16640 +31.930
16650 +31.881
16660 +31.927
16670 +32.085
16680 +32.331
16690 +32.600
16700 +32.808
16710 +32.891
16720 +32.832
16730 +32.662
16740 +32.445
16750 +32.253
16760 +32.146
16770 +32.159
16780 +32.281
16790 +32.459
16800 +32.611
16810 +32.665
16820 +32.587
16830 +32.391
16840 +32.130
16850 +31.871
16860 +31.678
16870 +31.600
16880 +31.654
16890 +31.816
16900 +32.025
16910 +32.206
16920 +32.292
16930 +32.256
16940 +32.111
16950 +31.906
16960 +31.710
16970 +31.591
16980 +31.599
16990 +31.747
17000 +32.001
17010 +32.284
17020 +32.502
17030 +32.577
17040 +32.483
17050 +32.246
17060 +31.941
17070 +31.659
17080 +31.480
17090 +31.452
17100 +31.566
17110 +31.754
17120 +31.913
17130 +31.940
17140 +31.781
17150 +31.446
17160 +31.001
17170 +30.541
17180 +30.163
17190 +29.937
17200 +29.879
17210 +29.944
17220 +30.045
17230 +30.086
17240 +30.002
17250 +29.776
17260 +29.443
17270 +29.076
17280 +28.761
17290 +28.574
17300 +28.552
17310 +28.685
17320 +28.917
17330 +29.171
17340 +29.369
17350 +29.458
17360 +29.419
17370 +29.275
17380 +29.084
17390 +28.924
17400 +28.865
17410 +28.944
17420 +29.148
17430 +29.416
17440 +29.663
17450 +29.802
17460 +29.776
17470 +29.574
17480 +29.243
17490 +28.872
17500 +28.564
17510 +28.395
17520 +28.383
17530 +28.485
17540 +28.612
17550 +28.669
17560 +28.588
17570 +28.343
17580 +27.966
17590 +27.542
17600 +27.174
17610 +26.954
17620 +26.915
17630 +27.031
17640 +27.229
17650 +27.433
17660 +27.582
17670 +27.645
17680 +27.626
17690 +27.560
17700 +27.507
17710 +27.525
17720 +27.653
17730 +27.896
17740 +28.227
17750 +28.598
17760 +28.954
17770 +29.240
17780 +29.410
17790 +29.439
17800 +29.336
17810 +29.152
17820 +28.969
17830 +28.859
17840 +28.849
17850 +28.917
17860 +29.002
17870 +29.031
17880 +28.935
17890 +28.671
17900 +28.242
17910 +27.716
17920 +27.208
17930 +26.829
17940 +26.625
17950 +26.561
17960 +26.561
17970 +26.547
17980 +26.469
17990 +26.315
18000 +26.118
18010 +25.959
18020 +25.924
18030 +26.064
18040 +26.361
18050 +26.759
18060 +27.195
18070 +27.627
18080 +28.034
18090 +28.408
18100 +28.752
18110 +29.075
18120 +29.385
18130 +29.691
18140 +29.993
18150 +30.283
18160 +30.548
18170 +30.775
18180 +30.953
18190 +31.072
18200 +31.125
18210 +31.103
18220 +31.004
18230 +30.838
18240 +30.633
18250 +30.423
18260 +30.230
18270 +30.044
18280 +29.836
18290 +29.571
18300 +29.222
18310 +28.778
18320 +28.261
18330 +27.749
18340 +27.376
18350 +27.262
18360 +27.405
18370 +27.692
18380 +28.010
18390 +28.320
18400 +28.659
18410 +29.109
18420 +29.759
18430 +30.656
18440 +31.786
18450 +33.076
18460 +34.434
18470 +35.780
18480 +37.054
18490 +38.220
18500 +39.268
18510 +40.218
18520 +41.119
18530 +42.053
18540 +43.136
18550 +44.510
18560 +46.338
18570 +48.805
18580 +52.179
18590 +56.913
18600 +62.402
18610 +60.643
18620 +56.726
18630 +54.250
18640 +52.715
18650 +51.722
18660 +50.957
18670 +50.135
18680 +49.091
18690 +47.853
18700 +46.523
18710 +45.146
18720 +43.706
18730 +42.178
18740 +40.574
18750 +38.996
18760 +37.647
18770 +36.736
18780 +36.289
18790 +36.122
18800 +36.015
18810 +35.833
18820 +35.534
18830 +35.137
18840 +34.697
18850 +34.283
18860 +33.965
18870 +33.791
18880 +33.774
18890 +33.893
18900 +34.097
18910 +34.328
18920 +34.522
18930 +34.623
18940 +34.591
18950 +34.416
18960 +34.131
18970 +33.807
18980 +33.536
18990 +33.383
19000 +33.356
19010 +33.413
19020 +33.477
19030 +33.467
19040 +33.318
19050 +32.998
19060 +32.521
19070 +31.952
19080 +31.390
19090 +30.935
19100 +30.637
19110 +30.480
19120 +30.399
19130 +30.321
19140 +30.195
19150 +30.003
19160 +29.770
19170 +29.553
19180 +29.426
19190 +29.455
19200 +29.664
19210 +30.027
19220 +30.484
19230 +30.965
19240 +31.415
19250 +31.797
19260 +32.096
19270 +32.316
19280 +32.483
19290 +32.638
19300 +32.821
19310 +33.051
19320 +33.318
19330 +33.583
19340 +33.797
19350 +33.917
19360 +33.920
19370 +33.806
19380 +33.601
19390 +33.354
19400 +33.118
19410 +32.939
19420 +32.828
19430 +32.759
19440 +32.684
19450 +32.554
19460 +32.334
19470 +32.020
19480 +31.633
19490 +31.218
19500 +30.836
19510 +30.545
19520 +30.376
19530 +30.323
19540 +30.346
19550 +30.395
19560 +30.422
19570 +30.405
19580 +30.346
19590 +30.272
19600 +30.230
19610 +30.270
19620 +30.430
19630 +30.712
19640 +31.085
19650 +31.491
19660 +31.865
19670 +32.154
19680 +32.333
19690 +32.406
19700 +32.413
19710 +32.415
19720 +32.477
19730 +32.637
19740 +32.896
19750 +33.214
19760 +33.526
19770 +33.764
19780 +33.879
19790 +33.858
19800 +33.728
19810 +33.555
19820 +33.417
19830 +33.382
19840 +33.476
19850 +33.679
19860 +33.932
19870 +34.159
19880 +34.288
19890 +34.275
19900 +34.122
19910 +33.878
19920 +33.627
19930 +33.455
19940 +33.422
19950 +33.534
19960 +33.751
19970 +34.000
19980 +34.198
19990 +34.271
20000 +34.180
20010 +33.939
20020 +33.620
20030 +33.325
20040 +33.148
20050 +33.137
20060 +33.282
20070 +33.523
20080 +33.774
20090 +33.940
20100 +33.936
20110 +33.715
20120 +33.305
20130 +32.812
20140 +32.380
20150 +32.122
20160 +32.069
20170 +32.164
20180 +32.291
20190 +32.289
20200 +31.965
20210 +31.175
20220 +30.048
20230 +29.124
20240 +28.902
20250 +29.282
20260 +29.889
20270 +30.489
20280 +30.999
20290 +31.404
20300 +31.708
20310 +31.925
20320 +32.069
20330 +32.159
20340 +32.215
20350 +32.256
20360 +32.304
20370 +32.375
20380 +32.477
20390 +32.607
20400 +32.751
20410 +32.883
20420 +32.977
20430 +33.014
20440 +32.991
20450 +32.926
20460 +32.853
20470 +32.803
20480 +32.801
20490 +32.860
20500 +32.974
20510 +33.128
20520 +33.294
20530 +33.439
20540 +33.532
20550 +33.557
20560 +33.526
20570 +33.472
20580 +33.436
20590 +33.452
20600 +33.540
20610 +33.707
20620 +33.941
20630 +34.217
20640 +34.489
20650 +34.700
20660 +34.807
20670 +34.810
20680 +34.756
20690 +34.708
20700 +34.723
20710 +34.833
20720 +35.053
20730 +35.372
20740 +35.751
20750 +36.110
20760 +36.357
20770 +36.440
20780 +36.390
20790 +36.299
20800 +36.264
20810 +36.363
20820 +36.655
20830 +37.193
20840 +38.030
20850 +39.216
20860 +40.780
20870 +42.723
20880 +45.081
20890 +48.183
20900 +53.192
20910 +54.247
20920 +45.778
20930 +40.027
20940 +36.083
20950 +33.448
20960 +31.846
20970 +30.977
20980 +30.562
20990 +30.405
21000 +30.392
21010 +30.463
21020 +30.589
21030 +30.755
21040 +30.952
21050 +31.173
21060 +31.408
21070 +31.640
21080 +31.853
21090 +32.031
21100 +32.167
21110 +32.265
21120 +32.340
21130 +32.417
21140 +32.519
21150 +32.667
21160 +32.872
21170 +33.130
21180 +33.419
21190 +33.699
21200 +33.922
21210 +34.051
21220 +34.076
21230 +34.021
21240 +33.930
21250 +33.853
21260 +33.838
21270 +33.916
21280 +34.098
21290 +34.368
21300 +34.675
21310 +34.940
21320 +35.082
21330 +35.059
21340 +34.886
21350 +34.631
21360 +34.382
21370 +34.221
21380 +34.212
21390 +34.387
21400 +34.737
21410 +35.198
21420 +35.650
21430 +35.948
21440 +35.994
21450 +35.802
21460 +35.494
21470 +35.222
21480 +35.106
21490 +35.210
21500 +35.521
21510 +35.943
21520 +36.307
21530 +36.433
21540 +36.235
21550 +35.781
21560 +35.223
21570 +34.701
21580 +34.304
21590 +34.072
21600 +34.005
21610 +34.071
21620 +34.212
21630 +34.356
21640 +34.428
21650 +34.381
21660 +34.206
21670 +33.943
21680 +33.657
21690 +33.420
21700 +33.288
21710 +33.298
21720 +33.457
21730 +33.745
21740 +34.108
21750 +34.471
21760 +34.749
21770 +34.876
21780 +34.839
21790 +34.691
21800 +34.526
21810 +34.442
21820 +34.512
21830 +34.772
21840 +35.225
21850 +35.845
21860 +36.579
21870 +37.348
21880 +38.044
21890 +38.558
21900 +38.840
21910 +38.940
21920 +38.978
21930 +39.077
21940 +39.324
21950 +39.762
21960 +40.411
21970 +41.266
21980 +42.284
21990 +43.333
22000 +44.142
22010 +44.385
22020 +43.988
22030 +43.237
22040 +42.471
22050 +41.883
22060 +41.547
22070 +41.464
22080 +41.594
22090 +41.844
22100 +42.050
22110 +41.990
22120 +41.517
22130 +40.697
22140 +39.756
22150 +38.898
22160 +38.240
22170 +37.822
22180 +37.641
22190 +37.672
22200 +37.867
22210 +38.147
22220 +38.390
22230 +38.465
22240 +38.308
22250 +37.976
22260 +37.595
22270 +37.282
22280 +37.108
22290 +37.106
22300 +37.290
22310 +37.654
22320 +38.168
22330 +38.762
22340 +39.316
22350 +39.686
22360 +39.783
22370 +39.631
22380 +39.343
22390 +39.046
22400 +38.833
22410 +38.767
22420 +38.881
22430 +39.185
22440 +39.651
22450 +40.189
22460 +40.640
22470 +40.820
22480 +40.644
22490 +40.197
22500 +39.657
22510 +39.187
22520 +38.898
22530 +38.859
22540 +39.102
22550 +39.617
22560 +40.311
22570 +40.975
22580 +41.337
22590 +41.253
22600 +40.846
22610 +40.369
22620 +40.035
22630 +39.977
22640 +40.268
22650 +40.933
22660 +41.917
22670 +43.026
22680 +43.879
22690 +44.100
22700 +43.704
22710 +43.054
22720 +42.479
22730 +42.152
22740 +42.141
22750 +42.448
22760 +43.006
22770 +43.637
22780 +44.044
22790 +43.962
22800 +43.393
22810 +42.583
22820 +41.782
22830 +41.141
22840 +40.731
22850 +40.579
22860 +40.680
22870 +40.976
22880 +41.343
22890 +41.588
22900 +41.539
22910 +41.161
22920 +40.576
22930 +39.956
22940 +39.442
22950 +39.126
22960 +39.066
22970 +39.273
22980 +39.701
22990 +40.221
23000 +40.629
23010 +40.729
23020 +40.470
23030 +39.968
23040 +39.407
23050 +38.938
23060 +38.658
23070 +38.612
23080 +38.789
23090 +39.114
23100 +39.449
23110 +39.626
23120 +39.527
23130 +39.149
23140 +38.595
23150 +38.001
23160 +37.481
23170 +37.109
23180 +36.922
23190 +36.913
23200 +37.033
23210 +37.191
23220 +37.278
23230 +37.204
23240 +36.939
23250 +36.523
23260 +36.044
23270 +35.602
23280 +35.286
23290 +35.157
23300 +35.235
23310 +35.490
23320 +35.845
23330 +36.187
23340 +36.402
23350 +36.417
23360 +36.244
23370 +35.971
23380 +35.728
23390 +35.632
23400 +35.757
23410 +36.118
23420 +36.666
23430 +37.289
23440 +37.833
23450 +38.142
23460 +38.132
23470 +37.853
23480 +37.454
23490 +37.101
23500 +36.909
23510 +36.925
23520 +37.124
23530 +37.419
23540 +37.675
23550 +37.745
23560 +37.532
23570 +37.040
23580 +36.372
23590 +35.669
23600 +35.056
23610 +34.614
23620 +34.368
23630 +34.285
23640 +34.288
23650 +34.268
23660 +34.113
23670 +33.746
23680 +33.158
23690 +32.421
23700 +31.656
23710 +30.988
23720 +30.511
23730 +30.253
23740 +30.174
23750 +30.179
23760 +30.147
23770 +29.962
23780 +29.546
23790 +28.898
23800 +28.104
23810 +27.308
23820 +26.653
23830 +26.217
23840 +25.987
23850 +25.877
23860 +25.765
23870 +25.524
23880 +25.051
23890 +24.286
23900 +23.239
23910 +22.001
23920 +20.722
23930 +19.562
23940 +18.632
23950 +17.939
23960 +17.414
23970 +16.971
23980 +16.573
23990 +16.266
