00000 -3.528
00010 -3.271
00020 -2.616
00030 -1.802
00040 -1.040
00050 -0.463
00060 -0.133
00070 -0.047
00080 -0.141
00090 -0.302
00100 -0.395
00110 -0.314
00120 -0.027
00130 +0.421
00140 +0.942
00150 +1.449
00160 +1.872
00170 +2.173
00180 +2.343
00190 +2.406
00200 +2.413
00210 +2.425
00220 +2.491
00230 +2.632
00240 +2.835
00250 +3.068
00260 +3.289
00270 +3.460
00280 +3.558
00290 +3.577
00300 +3.532
00310 +3.455
00320 +3.382
00330 +3.343
00340 +3.346
00350 +3.384
00360 +3.434
00370 +3.470
00380 +3.470
00390 +3.422
00400 +3.332
00410 +3.215
00420 +3.099
00430 +3.009
00440 +2.961
00450 +2.956
00460 +2.982
00470 +3.024
00480 +3.067
00490 +3.104
00500 +3.137
00510 +3.177
00520 +3.238
00530 +3.332
00540 +3.466
00550 +3.636
00560 +3.831
00570 +4.040
00580 +4.254
00590 +4.466
00600 +4.672
00610 +4.873
00620 +5.071
00630 +5.266
00640 +5.458
00650 +5.644
00660 +5.819
00670 +5.979
00680 +6.121
00690 +6.242
00700 +6.340
00710 +6.415
00720 +6.467
00730 +6.496
00740 +6.503
00750 +6.488
00760 +6.453
00770 +6.396
00780 +6.319
00790 +6.222
00800 +6.108
00810 +5.981
00820 +5.848
00830 +5.717
00840 +5.593
00850 +5.481
00860 +5.383
00870 +5.298
00880 +5.226
00890 +5.168
00900 +5.131
00910 +5.121
00920 +5.146
00930 +5.210
00940 +5.310
00950 +5.436
00960 +5.575
00970 +5.715
00980 +5.847
00990 +5.969
01000 +6.086
01010 +6.204
01020 +6.329
01030 +6.462
01040 +6.602
01050 +6.738
01060 +6.861
01070 +6.960
01080 +7.031
01090 +7.075
01100 +7.099
01110 +7.113
01120 +7.126
01130 +7.147
01140 +7.177
01150 +7.213
01160 +7.246
01170 +7.269
01180 +7.274
01190 +7.264
01200 +7.244
01210 +7.227
01220 +7.226
01230 +7.252
01240 +7.309
01250 +7.396
01260 +7.503
01270 +7.617
01280 +7.729
01290 +7.835
01300 +7.937
01310 +8.044
01320 +8.165
01330 +8.309
01340 +8.477
01350 +8.667
01360 +8.867
01370 +9.066
01380 +9.252
01390 +9.420
01400 +9.567
01410 +9.700
01420 +9.826
01430 +9.954
01440 +10.087
01450 +10.227
01460 +10.367
01470 +10.500
01480 +10.616
01490 +10.706
01500 +10.767
01510 +10.800
01520 +10.814
01530 +10.817
01540 +10.817
01550 +10.822
01560 +10.833
01570 +10.847
01580 +10.857
01590 +10.858
01600 +10.845
01610 +10.821
01620 +10.791
01630 +10.767
01640 +10.758
01650 +10.772
01660 +10.809
01670 +10.866
01680 +10.933
01690 +10.999
01700 +11.056
01710 +11.100
01720 +11.130
01730 +11.154
01740 +11.177
01750 +11.206
01760 +11.246
01770 +11.293
01780 +11.344
01790 +11.389
01800 +11.421
01810 +11.434
01820 +11.428
01830 +11.405
01840 +11.373
01850 +11.340
01860 +11.310
01870 +11.287
01880 +11.268
01890 +11.248
01900 +11.218
01910 +11.173
01920 +11.109
01930 +11.028
01940 +10.934
01950 +10.836
01960 +10.743
01970 +10.659
01980 +10.587
01990 +10.523
02000 +10.462
02010 +10.399
02020 +10.330
02030 +10.256
02040 +10.184
02050 +10.123
02060 +10.084
02070 +10.074
02080 +10.096
02090 +10.147
02100 +10.221
02110 +10.306
02120 +10.395
02130 +10.482
02140 +10.565
02150 +10.644
02160 +10.721
02170 +10.796
02180 +10.869
02190 +10.934
02200 +10.985
02210 +11.015
02220 +11.018
02230 +10.990
02240 +10.933
02250 +10.851
02260 +10.752
02270 +10.642
02280 +10.528
02290 +10.412
02300 +10.294
02310 +10.172
02320 +10.043
02330 +9.907
02340 +9.764
02350 +9.622
02360 +9.486
02370 +9.366
02380 +9.268
02390 +9.195
02400 +9.146
02410 +9.119
02420 +9.110
02430 +9.116
02440 +9.135
02450 +9.169
02460 +9.220
02470 +9.289
02480 +9.377
02490 +9.482
02500 +9.600
02510 +9.725
02520 +9.852
02530 +9.977
02540 +10.096
02550 +10.208
02560 +10.313
02570 +10.411
02580 +10.502
02590 +10.586
02600 +10.662
02610 +10.728
02620 +10.780
02630 +10.817
02640 +10.837
02650 +10.839
02660 +10.824
02670 +10.793
02680 +10.748
02690 +10.692
02700 +10.626
02710 +10.551
02720 +10.469
02730 +10.379
02740 +10.285
02750 +10.189
02760 +10.097
02770 +10.015
02780 +9.950
02790 +9.909
02800 +9.895
02810 +9.910
02820 +9.953
02830 +10.023
02840 +10.116
02850 +10.229
02860 +10.358
02870 +10.499
02880 +10.646
02890 +10.796
02900 +10.942
02910 +11.081
02920 +11.207
02930 +11.318
02940 +11.412
02950 +11.488
02960 +11.546
02970 +11.586
02980 +11.608
02990 +11.613
03000 +11.600
03010 +11.571
03020 +11.525
03030 +11.463
03040 +11.383
03050 +11.288
03060 +11.179
03070 +11.056
03080 +10.923
03090 +10.780
03100 +10.629
03110 +10.471
03120 +10.308
03130 +10.140
03140 +9.968
03150 +9.795
03160 +9.623
03170 +9.456
03180 +9.297
03190 +9.153
03200 +9.025
03210 +8.917
03220 +8.830
03230 +8.764
03240 +8.719
03250 +8.694
03260 +8.692
03270 +8.711
03280 +8.752
03290 +8.814
03300 +8.895
03310 +8.992
03320 +9.100
03330 +9.214
03340 +9.330
03350 +9.443
03360 +9.552
03370 +9.656
03380 +9.755
03390 +9.848
03400 +9.936
03410 +10.017
03420 +10.090
03430 +10.151
03440 +10.199
03450 +10.233
03460 +10.251
03470 +10.254
03480 +10.245
03490 +10.225
03500 +10.196
03510 +10.160
03520 +10.116
03530 +10.063
03540 +10.000
03550 +9.925
03560 +9.839
03570 +9.742
03580 +9.638
03590 +9.530
03600 +9.423
03610 +9.320
03620 +9.224
03630 +9.135
03640 +9.054
03650 +8.982
03660 +8.919
03670 +8.868
03680 +8.834
03690 +8.821
03700 +8.834
03710 +8.875
03720 +8.945
03730 +9.039
03740 +9.153
03750 +9.280
03760 +9.413
03770 +9.549
03780 +9.684
03790 +9.816
03800 +9.942
03810 +10.060
03820 +10.169
03830 +10.264
03840 +10.341
03850 +10.399
03860 +10.435
03870 +10.448
03880 +10.441
03890 +10.414
03900 +10.371
03910 +10.315
03920 +10.249
03930 +10.176
03940 +10.096
03950 +10.010
03960 +9.919
03970 +9.825
03980 +9.728
03990 +9.631
04000 +9.537
04010 +9.450
04020 +9.375
04030 +9.313
04040 +9.268
04050 +9.239
04060 +9.227
04070 +9.232
04080 +9.251
04090 +9.285
04100 +9.334
04110 +9.398
04120 +9.478
04130 +9.574
04140 +9.685
04150 +9.807
04160 +9.939
04170 +10.075
04180 +10.212
04190 +10.345
04200 +10.472
04210 +10.590
04220 +10.698
04230 +10.796
04240 +10.883
04250 +10.958
04260 +11.018
04270 +11.063
04280 +11.089
04290 +11.095
04300 +11.080
04310 +11.045
04320 +10.991
04330 +10.921
04340 +10.837
04350 +10.743
04360 +10.642
04370 +10.536
04380 +10.424
04390 +10.309
04400 +10.192
04410 +10.072
04420 +9.954
04430 +9.838
04440 +9.730
04450 +9.630
04460 +9.543
04470 +9.469
04480 +9.408
04490 +9.361
04500 +9.325
04510 +9.298
04520 +9.281
04530 +9.271
04540 +9.270
04550 +9.277
04560 +9.294
04570 +9.320
04580 +9.356
04590 +9.398
04600 +9.445
04610 +9.495
04620 +9.544
04630 +9.591
04640 +9.636
04650 +9.677
04660 +9.716
04670 +9.755
04680 +9.794
04690 +9.834
04700 +9.873
04710 +9.910
04720 +9.943
04730 +9.969
04740 +9.990
04750 +10.004
04760 +10.015
04770 +10.024
04780 +10.036
04790 +10.051
04800 +10.070
04810 +10.094
04820 +10.120
04830 +10.146
04840 +10.172
04850 +10.198
04860 +10.225
04870 +10.255
04880 +10.290
04890 +10.334
04900 +10.385
04910 +10.443
04920 +10.506
04930 +10.571
04940 +10.635
04950 +10.696
04960 +10.755
04970 +10.812
04980 +10.868
04990 +10.927
05000 +10.988
05010 +11.051
05020 +11.116
05030 +11.179
05040 +11.238
05050 +11.291
05060 +11.338
05070 +11.378
05080 +11.414
05090 +11.447
05100 +11.481
05110 +11.516
05120 +11.552
05130 +11.588
05140 +11.622
05150 +11.652
05160 +11.677
05170 +11.695
05180 +11.710
05190 +11.722
05200 +11.736
05210 +11.753
05220 +11.773
05230 +11.797
05240 +11.822
05250 +11.847
05260 +11.868
05270 +11.885
05280 +11.900
05290 +11.913
05300 +11.926
05310 +11.942
05320 +11.963
05330 +11.987
05340 +12.014
05350 +12.042
05360 +12.068
05370 +12.091
05380 +12.111
05390 +12.129
05400 +12.145
05410 +12.163
05420 +12.183
05430 +12.207
05440 +12.235
05450 +12.266
05460 +12.297
05470 +12.328
05480 +12.355
05490 +12.381
05500 +12.405
05510 +12.429
05520 +12.456
05530 +12.488
05540 +12.524
05550 +12.565
05560 +12.609
05570 +12.653
05580 +12.695
05590 +12.736
05600 +12.774
05610 +12.811
05620 +12.850
05630 +12.891
05640 +12.935
05650 +12.983
05660 +13.033
05670 +13.082
05680 +13.130
05690 +13.173
05700 +13.212
05710 +13.247
05720 +13.280
05730 +13.312
05740 +13.344
05750 +13.378
05760 +13.412
05770 +13.445
05780 +13.475
05790 +13.501
05800 +13.523
05810 +13.540
05820 +13.553
05830 +13.565
05840 +13.577
05850 +13.590
05860 +13.605
05870 +13.620
05880 +13.636
05890 +13.649
05900 +13.661
05910 +13.669
05920 +13.676
05930 +13.682
05940 +13.689
05950 +13.699
05960 +13.711
05970 +13.726
05980 +13.743
05990 +13.759
06000 +13.775
06010 +13.788
06020 +13.800
06030 +13.810
06040 +13.822
06050 +13.834
06060 +13.848
06070 +13.864
06080 +13.881
06090 +13.896
06100 +13.909
06110 +13.920
06120 +13.928
06130 +13.934
06140 +13.938
06150 +13.943
06160 +13.948
06170 +13.954
06180 +13.960
06190 +13.965
06200 +13.968
06210 +13.969
06220 +13.968
06230 +13.966
06240 +13.963
06250 +13.963
06260 +13.964
06270 +13.968
06280 +13.974
06290 +13.981
06300 +13.988
06310 +13.996
06320 +14.003
06330 +14.012
06340 +14.024
06350 +14.039
06360 +14.058
06370 +14.082
06380 +14.108
06390 +14.136
06400 +14.165
06410 +14.194
06420 +14.222
06430 +14.252
06440 +14.284
06450 +14.318
06460 +14.356
06470 +14.398
06480 +14.441
06490 +14.484
06500 +14.526
06510 +14.566
06520 +14.605
06530 +14.642
06540 +14.680
06550 +14.720
06560 +14.762
06570 +14.808
06580 +14.855
06590 +14.903
06600 +14.949
06610 +14.992
06620 +15.033
06630 +15.071
06640 +15.109
06650 +15.149
06660 +15.192
06670 +15.238
06680 +15.288
06690 +15.338
06700 +15.386
06710 +15.431
06720 +15.472
06730 +15.509
06740 +15.543
06750 +15.578
06760 +15.615
06770 +15.654
06780 +15.697
06790 +15.739
06800 +15.780
06810 +15.816
06820 +15.847
06830 +15.871
06840 +15.890
06850 +15.908
06860 +15.926
06870 +15.946
06880 +15.969
06890 +15.994
06900 +16.018
06910 +16.038
06920 +16.054
06930 +16.064
06940 +16.068
06950 +16.071
06960 +16.074
06970 +16.080
06980 +16.092
06990 +16.109
07000 +16.130
07010 +16.150
07020 +16.169
07030 +16.184
07040 +16.195
07050 +16.204
07060 +16.214
07070 +16.229
07080 +16.250
07090 +16.279
07100 +16.314
07110 +16.352
07120 +16.391
07130 +16.426
07140 +16.456
07150 +16.483
07160 +16.509
07170 +16.537
07180 +16.571
07190 +16.611
07200 +16.658
07210 +16.708
07220 +16.760
07230 +16.808
07240 +16.851
07250 +16.889
07260 +16.923
07270 +16.955
07280 +16.991
07290 +17.032
07300 +17.080
07310 +17.132
07320 +17.187
07330 +17.241
07340 +17.290
07350 +17.333
07360 +17.369
07370 +17.403
07380 +17.436
07390 +17.474
07400 +17.517
07410 +17.566
07420 +17.619
07430 +17.671
07440 +17.719
07450 +17.760
07460 +17.793
07470 +17.819
07480 +17.842
07490 +17.865
07500 +17.891
07510 +17.922
07520 +17.955
07530 +17.989
07540 +18.018
07550 +18.039
07560 +18.050
07570 +18.052
07580 +18.048
07590 +18.040
07600 +18.032
07610 +18.028
07620 +18.026
07630 +18.025
07640 +18.023
07650 +18.015
07660 +17.999
07670 +17.974
07680 +17.942
07690 +17.907
07700 +17.873
07710 +17.842
07720 +17.817
07730 +17.798
07740 +17.781
07750 +17.765
07760 +17.746
07770 +17.722
07780 +17.694
07790 +17.664
07800 +17.636
07810 +17.612
07820 +17.597
07830 +17.590
07840 +17.590
07850 +17.594
07860 +17.597
07870 +17.598
07880 +17.594
07890 +17.588
07900 +17.580
07910 +17.576
07920 +17.576
07930 +17.584
07940 +17.596
07950 +17.612
07960 +17.626
07970 +17.637
07980 +17.642
07990 +17.642
08000 +17.637
08010 +17.632
08020 +17.628
08030 +17.628
08040 +17.632
08050 +17.639
08060 +17.647
08070 +17.652
08080 +17.653
08090 +17.650
08100 +17.644
08110 +17.638
08120 +17.634
08130 +17.635
08140 +17.641
08150 +17.654
08160 +17.670
08170 +17.689
08180 +17.708
08190 +17.726
08200 +17.744
08210 +17.762
08220 +17.783
08230 +17.808
08240 +17.839
08250 +17.875
08260 +17.915
08270 +17.957
08280 +18.001
08290 +18.044
08300 +18.087
08310 +18.129
08320 +18.172
08330 +18.216
08340 +18.263
08350 +18.314
08360 +18.367
08370 +18.423
08380 +18.479
08390 +18.537
08400 +18.594
08410 +18.651
08420 +18.709
08430 +18.767
08440 +18.827
08450 +18.890
08460 +18.955
08470 +19.022
08480 +19.092
08490 +19.163
08500 +19.236
08510 +19.310
08520 +19.385
08530 +19.460
08540 +19.536
08550 +19.613
08560 +19.691
08570 +19.770
08580 +19.852
08590 +19.934
08600 +20.018
08610 +20.104
08620 +20.189
08630 +20.274
08640 +20.359
08650 +20.442
08660 +20.525
08670 +20.607
08680 +20.690
08690 +20.774
08700 +20.858
08710 +20.944
08720 +21.031
08730 +21.117
08740 +21.202
08750 +21.285
08760 +21.366
08770 +21.446
08780 +21.525
08790 +21.603
08800 +21.682
08810 +21.762
08820 +21.842
08830 +21.921
08840 +21.998
08850 +22.071
08860 +22.141
08870 +22.206
08880 +22.266
08890 +22.323
08900 +22.378
08910 +22.430
08920 +22.479
08930 +22.525
08940 +22.566
08950 +22.601
08960 +22.628
08970 +22.647
08980 +22.659
08990 +22.664
09000 +22.663
09010 +22.658
09020 +22.649
09030 +22.637
09040 +22.621
09050 +22.599
09060 +22.572
09070 +22.538
09080 +22.499
09090 +22.455
09100 +22.407
09110 +22.358
09120 +22.308
09130 +22.260
09140 +22.211
09150 +22.162
09160 +22.113
09170 +22.061
09180 +22.008
09190 +21.953
09200 +21.899
09210 +21.845
09220 +21.795
09230 +21.748
09240 +21.706
09250 +21.667
09260 +21.632
09270 +21.598
09280 +21.565
09290 +21.534
09300 +21.505
09310 +21.478
09320 +21.457
09330 +21.441
09340 +21.432
09350 +21.429
09360 +21.431
09370 +21.439
09380 +21.450
09390 +21.464
09400 +21.481
09410 +21.501
09420 +21.527
09430 +21.558
09440 +21.596
09450 +21.642
09460 +21.694
09470 +21.752
09480 +21.814
09490 +21.879
09500 +21.945
09510 +22.014
09520 +22.086
09530 +22.162
09540 +22.242
09550 +22.327
09560 +22.417
09570 +22.511
09580 +22.606
09590 +22.701
09600 +22.794
09610 +22.885
09620 +22.974
09630 +23.061
09640 +23.147
09650 +23.232
09660 +23.316
09670 +23.398
09680 +23.476
09690 +23.549
09700 +23.613
09710 +23.669
09720 +23.716
09730 +23.754
09740 +23.785
09750 +23.809
09760 +23.828
09770 +23.841
09780 +23.848
09790 +23.847
09800 +23.838
09810 +23.819
09820 +23.791
09830 +23.756
09840 +23.715
09850 +23.670
09860 +23.622
09870 +23.572
09880 +23.520
09890 +23.467
09900 +23.409
09910 +23.348
09920 +23.283
09930 +23.215
09940 +23.145
09950 +23.073
09960 +23.003
09970 +22.934
09980 +22.866
09990 +22.798
10000 +22.730
10010 +22.661
10020 +22.589
10030 +22.515
10040 +22.439
10050 +22.363
10060 +22.286
10070 +22.211
10080 +22.137
10090 +22.064
10100 +21.991
10110 +21.917
10120 +21.841
10130 +21.763
10140 +21.684
10150 +21.603
10160 +21.523
10170 +21.444
10180 +21.366
10190 +21.290
10200 +21.216
10210 +21.143
10220 +21.071
10230 +20.999
10240 +20.927
10250 +20.857
10260 +20.788
10270 +20.723
10280 +20.662
10290 +20.605
10300 +20.553
10310 +20.506
10320 +20.463
10330 +20.424
10340 +20.390
10350 +20.359
10360 +20.334
10370 +20.315
10380 +20.302
10390 +20.296
10400 +20.297
10410 +20.306
10420 +20.321
10430 +20.342
10440 +20.370
10450 +20.404
10460 +20.444
10470 +20.490
10480 +20.543
10490 +20.601
10500 +20.666
10510 +20.735
10520 +20.809
10530 +20.888
10540 +20.972
10550 +21.059
10560 +21.150
10570 +21.244
10580 +21.339
10590 +21.436
10600 +21.534
10610 +21.631
10620 +21.729
10630 +21.826
10640 +21.923
10650 +22.020
10660 +22.117
10670 +22.214
10680 +22.308
10690 +22.400
10700 +22.489
10710 +22.574
10720 +22.655
10730 +22.733
10740 +22.810
10750 +22.886
10760 +22.961
10770 +23.037
10780 +23.112
10790 +23.185
10800 +23.255
10810 +23.321
10820 +23.383
10830 +23.443
10840 +23.501
10850 +23.559
10860 +23.619
10870 +23.681
10880 +23.745
10890 +23.808
10900 +23.870
10910 +23.928
10920 +23.982
10930 +24.031
10940 +24.077
10950 +24.122
10960 +24.168
10970 +24.217
10980 +24.267
10990 +24.318
11000 +24.367
11010 +24.413
11020 +24.453
11030 +24.487
11040 +24.516
11050 +24.541
11060 +24.567
11070 +24.594
11080 +24.627
11090 +24.663
11100 +24.703
11110 +24.744
11120 +24.783
11130 +24.819
11140 +24.851
11150 +24.883
11160 +24.918
11170 +24.959
11180 +25.010
11190 +25.075
11200 +25.151
11210 +25.238
11220 +25.332
11230 +25.429
11240 +25.527
11250 +25.625
11260 +25.728
11270 +25.838
11280 +25.962
11290 +26.103
11300 +26.262
11310 +26.438
11320 +26.626
11330 +26.820
11340 +27.014
11350 +27.207
11360 +27.398
11370 +27.593
11380 +27.795
11390 +28.013
11400 +28.248
11410 +28.501
11420 +28.767
11430 +29.039
11440 +29.306
11450 +29.563
11460 +29.805
11470 +30.036
11480 +30.261
11490 +30.486
11500 +30.718
11510 +30.957
11520 +31.200
11530 +31.436
11540 +31.654
11550 +31.843
11560 +31.996
11570 +32.114
11580 +32.205
11590 +32.280
11600 +32.350
11610 +32.422
11620 +32.497
11630 +32.571
11640 +32.635
11650 +32.678
11660 +32.696
11670 +32.689
11680 +32.665
11690 +32.637
11700 +32.619
11710 +32.622
11720 +32.650
11730 +32.701
11740 +32.767
11750 +32.833
11760 +32.890
11770 +32.930
11780 +32.955
11790 +32.972
11800 +32.994
11810 +33.035
11820 +33.101
11830 +33.192
11840 +33.300
11850 +33.408
11860 +33.498
11870 +33.558
11880 +33.581
11890 +33.572
11900 +33.545
11910 +33.515
11920 +33.495
11930 +33.488
11940 +33.488
11950 +33.481
11960 +33.451
11970 +33.384
11980 +33.276
11990 +33.133
12000 +32.969
12010 +32.804
12020 +32.652
12030 +32.522
12040 +32.414
12050 +32.320
12060 +32.229
12070 +32.129
12080 +32.012
12090 +31.879
12100 +31.736
12110 +31.597
12120 +31.476
12130 +31.382
12140 +31.321
12150 +31.291
12160 +31.284
12170 +31.289
12180 +31.295
12190 +31.293
12200 +31.283
12210 +31.269
12220 +31.262
12230 +31.277
12240 +31.322
12250 +31.404
12260 +31.520
12270 +31.663
12280 +31.821
12290 +31.981
12300 +32.132
12310 +32.271
12320 +32.404
12330 +32.543
12340 +32.703
12350 +32.898
12360 +33.135
12370 +33.414
12380 +33.724
12390 +34.048
12400 +34.363
12410 +34.654
12420 +34.913
12430 +35.146
12440 +35.372
12450 +35.613
12460 +35.887
12470 +36.198
12480 +36.534
12490 +36.862
12500 +37.137
12510 +37.316
12520 +37.376
12530 +37.329
12540 +37.213
12550 +37.073
12560 +36.941
12570 +36.825
12580 +36.707
12590 +36.555
12600 +36.332
12610 +36.019
12620 +35.624
12630 +35.181
12640 +34.733
12650 +34.318
12660 +33.953
12670 +33.639
12680 +33.360
12690 +33.089
12700 +32.800
12710 +32.473
12720 +32.108
12730 +31.719
12740 +31.329
12750 +30.963
12760 +30.635
12770 +30.346
12780 +30.089
12790 +29.843
12800 +29.589
12810 +29.307
12820 +28.990
12830 +28.643
12840 +28.279
12850 +27.916
12860 +27.565
12870 +27.232
12880 +26.913
12890 +26.596
12900 +26.269
12910 +25.917
12920 +25.536
12930 +25.125
12940 +24.695
12950 +24.257
12960 +23.824
12970 +23.402
12980 +22.994
12990 +22.597
13000 +22.208
13010 +21.825
13020 +21.449
13030 +21.083
13040 +20.732
13050 +20.403
13060 +20.099
13070 +19.823
13080 +19.574
13090 +19.353
13100 +19.160
13110 +18.996
13120 +18.862
13130 +18.757
13140 +18.678
13150 +18.618
13160 +18.568
13170 +18.520
13180 +18.472
13190 +18.425
13200 +18.382
13210 +18.352
13220 +18.338
13230 +18.344
13240 +18.365
13250 +18.392
13260 +18.415
13270 +18.422
13280 +18.409
13290 +18.377
13300 +18.333
13310 +18.287
13320 +18.253
13330 +18.236
13340 +18.239
13350 +18.255
13360 +18.272
13370 +18.274
13380 +18.252
13390 +18.202
13400 +18.131
13410 +18.051
13420 +17.978
13430 +17.928
13440 +17.909
13450 +17.920
13460 +17.948
13470 +17.977
13480 +17.989
13490 +17.975
13500 +17.936
13510 +17.884
13520 +17.838
13530 +17.817
13540 +17.837
13550 +17.898
13560 +17.990
13570 +18.095
13580 +18.189
13590 +18.254
13600 +18.286
13610 +18.288
13620 +18.279
13630 +18.278
13640 +18.304
13650 +18.366
13660 +18.458
13670 +18.566
13680 +18.664
13690 +18.733
13700 +18.757
13710 +18.735
13720 +18.679
13730 +18.610
13740 +18.553
13750 +18.525
13760 +18.532
13770 +18.563
13780 +18.599
13790 +18.613
13800 +18.584
13810 +18.503
13820 +18.376
13830 +18.226
13840 +18.081
13850 +17.967
13860 +17.901
13870 +17.879
13880 +17.883
13890 +17.885
13900 +17.860
13910 +17.794
13920 +17.688
13930 +17.561
13940 +17.441
13950 +17.358
13960 +17.329
13970 +17.356
13980 +17.423
13990 +17.502
14000 +17.567
14010 +17.600
14020 +17.596
14030 +17.565
14040 +17.531
14050 +17.519
14060 +17.551
14070 +17.632
14080 +17.755
14090 +17.897
14100 +18.036
14110 +18.151
14120 +18.234
14130 +18.289
14140 +18.332
14150 +18.387
14160 +18.475
14170 +18.606
14180 +18.777
14190 +18.972
14200 +19.171
14210 +19.355
14220 +19.514
14230 +19.646
14240 +19.760
14250 +19.871
14260 +19.997
14270 +20.145
14280 +20.317
14290 +20.504
14300 +20.692
14310 +20.868
14320 +21.020
14330 +21.145
14340 +21.246
14350 +21.330
14360 +21.411
14370 +21.498
14380 +21.598
14390 +21.708
14400 +21.825
14410 +21.941
14420 +22.047
14430 +22.141
14440 +22.222
14450 +22.296
14460 +22.370
14470 +22.455
14480 +22.557
14490 +22.679
14500 +22.821
14510 +22.978
14520 +23.147
14530 +23.325
14540 +23.512
14550 +23.709
14560 +23.918
14570 +24.140
14580 +24.374
14590 +24.619
14600 +24.870
14610 +25.127
14620 +25.386
14630 +25.647
14640 +25.904
14650 +26.149
14660 +26.374
14670 +26.566
14680 +26.722
14690 +26.840
14700 +26.925
14710 +26.984
14720 +27.022
14730 +27.042
14740 +27.041
14750 +27.014
14760 +26.958
14770 +26.870
14780 +26.752
14790 +26.611
14800 +26.454
14810 +26.289
14820 +26.119
14830 +25.947
14840 +25.770
14850 +25.586
14860 +25.391
14870 +25.183
14880 +24.964
14890 +24.736
14900 +24.503
14910 +24.268
14920 +24.032
14930 +23.793
14940 +23.549
14950 +23.297
14960 +23.035
14970 +22.764
14980 +22.490
14990 +22.217
15000 +21.953
15010 +21.698
15020 +21.450
15030 +21.202
15040 +20.948
15050 +20.684
15060 +20.413
15070 +20.144
15080 +19.893
15090 +19.676
15100 +19.501
15110 +19.368
15120 +19.260
15130 +19.158
15140 +19.047
15150 +18.921
15160 +18.786
15170 +18.660
15180 +18.566
15190 +18.525
15200 +18.544
15210 +18.610
15220 +18.696
15230 +18.769
15240 +18.806
15250 +18.799
15260 +18.758
15270 +18.707
15280 +18.677
15290 +18.696
15300 +18.773
15310 +18.896
15320 +19.034
15330 +19.144
15340 +19.197
15350 +19.183
15360 +19.110
15370 +19.009
15380 +18.917
15390 +18.869
15400 +18.885
15410 +18.956
15420 +19.051
15430 +19.125
15440 +19.141
15450 +19.083
15460 +18.957
15470 +18.794
15480 +18.634
15490 +18.522
15500 +18.487
15510 +18.531
15520 +18.631
15530 +18.741
15540 +18.820
15550 +18.841
15560 +18.801
15570 +18.725
15580 +18.654
15590 +18.640
15600 +18.722
15610 +18.915
15620 +19.201
15630 +19.539
15640 +19.878
15650 +20.178
15660 +20.425
15670 +20.631
15680 +20.832
15690 +21.078
15700 +21.413
15710 +21.861
15720 +22.411
15730 +23.028
15740 +23.663
15750 +24.271
15760 +24.820
15770 +25.303
15780 +25.740
15790 +26.174
15800 +26.652
15810 +27.208
15820 +27.849
15830 +28.548
15840 +29.249
15850 +29.879
15860 +30.366
15870 +30.666
15880 +30.787
15890 +30.786
15900 +30.740
15910 +30.713
15920 +30.736
15930 +30.796
15940 +30.856
15950 +30.867
15960 +30.794
15970 +30.632
15980 +30.407
15990 +30.171
16000 +29.981
16010 +29.885
16020 +29.910
16030 +30.052
16040 +30.278
16050 +30.536
16060 +30.769
16070 +30.934
16080 +31.014
16090 +31.029
16100 +31.022
16110 +31.047
16120 +31.142
16130 +31.311
16140 +31.526
16150 +31.727
16160 +31.843
16170 +31.820
16180 +31.643
16190 +31.342
16200 +30.978
16210 +30.615
16220 +30.299
16230 +30.044
16240 +29.833
16250 +29.627
16260 +29.381
16270 +29.060
16280 +28.655
16290 +28.183
16300 +27.682
16310 +27.195
16320 +26.762
16330 +26.405
16340 +26.125
16350 +25.900
16360 +25.695
16370 +25.475
16380 +25.215
16390 +24.912
16400 +24.585
16410 +24.268
16420 +23.998
16430 +23.803
16440 +23.690
16450 +23.639
16460 +23.617
16470 +23.583
16480 +23.505
16490 +23.373
16500 +23.192
16510 +22.988
16520 +22.791
16530 +22.627
16540 +22.508
16550 +22.426
16560 +22.359
16570 +22.282
16580 +22.171
16590 +22.013
16600 +21.811
16610 +21.579
16620 +21.340
16630 +21.117
16640 +20.929
16650 +20.781
16660 +20.666
16670 +20.570
16680 +20.475
16690 +20.365
16700 +20.234
16710 +20.086
16720 +19.934
16730 +19.800
16740 +19.705
16750 +19.666
16760 +19.686
16770 +19.755
16780 +19.854
16790 +19.962
16800 +20.060
16810 +20.141
16820 +20.207
16830 +20.275
16840 +20.363
16850 +20.486
16860 +20.651
16870 +20.845
16880 +21.050
16890 +21.241
16900 +21.396
16910 +21.503
16920 +21.559
16930 +21.574
16940 +21.568
16950 +21.558
16960 +21.554
16970 +21.555
16980 +21.546
16990 +21.510
17000 +21.425
17010 +21.282
17020 +21.078
17030 +20.825
17040 +20.543
17050 +20.254
17060 +19.977
17070 +19.719
17080 +19.475
17090 +19.235
17100 +18.988
17110 +18.729
17120 +18.461
17130 +18.198
17140 +17.961
17150 +17.773
17160 +17.655
17170 +17.613
17180 +17.641
17190 +17.722
17200 +17.837
17210 +17.965
17220 +18.095
17230 +18.222
17240 +18.348
17250 +18.479
17260 +18.620
17270 +18.771
17280 +18.926
17290 +19.073
17300 +19.200
17310 +19.291
17320 +19.340
17330 +19.341
17340 +19.297
17350 +19.215
17360 +19.105
17370 +18.974
17380 +18.827
17390 +18.661
17400 +18.470
17410 +18.242
17420 +17.971
17430 +17.650
17440 +17.283
17450 +16.876
17460 +16.445
17470 +16.010
17480 +15.590
17490 +15.201
17500 +14.856
17510 +14.559
17520 +14.313
17530 +14.122
17540 +13.995
17550 +13.948
17560 +13.996
17570 +14.150
17580 +14.402
17590 +14.730
17600 +15.097
17610 +15.470
17620 +15.824
17630 +16.146
17640 +16.436
17650 +16.698
17660 +16.939
17670 +17.163
17680 +17.368
17690 +17.548
17700 +17.693
17710 +17.796
17720 +17.849
17730 +17.852
17740 +17.806
17750 +17.714
17760 +17.581
17770 +17.412
17780 +17.212
17790 +16.984
17800 +16.729
17810 +16.448
17820 +16.141
17830 +15.810
17840 +15.463
17850 +15.115
17860 +14.790
17870 +14.519
17880 +14.333
17890 +14.251
17900 +14.274
17910 +14.382
17920 +14.548
17930 +14.749
17940 +14.973
17950 +15.220
17960 +15.494
17970 +15.802
17980 +16.138
17990 +16.491
18000 +16.841
18010 +17.166
18020 +17.454
18030 +17.704
18040 +17.922
18050 +18.126
18060 +18.332
18070 +18.556
18080 +18.802
18090 +19.067
18100 +19.337
18110 +19.595
18120 +19.829
18130 +20.035
18140 +20.223
18150 +20.414
18160 +20.631
18170 +20.897
18180 +21.221
18190 +21.592
18200 +21.977
18210 +22.322
18220 +22.576
18230 +22.710
18240 +22.734
18250 +22.683
18260 +22.600
18270 +22.515
18280 +22.434
18290 +22.349
18300 +22.242
18310 +22.100
18320 +21.922
18330 +21.720
18340 +21.514
18350 +21.325
18360 +21.169
18370 +21.057
18380 +20.985
18390 +20.943
18400 +20.912
18410 +20.872
18420 +20.807
18430 +20.712
18440 +20.593
18450 +20.465
18460 +20.346
18470 +20.256
18480 +20.205
18490 +20.195
18500 +20.219
18510 +20.263
18520 +20.310
18530 +20.349
18540 +20.379
18550 +20.409
18560 +20.461
18570 +20.563
18580 +20.741
18590 +21.012
18600 +21.382
18610 +21.843
18620 +22.375
18630 +22.949
18640 +23.540
18650 +24.126
18660 +24.702
18670 +25.274
18680 +25.859
18690 +26.476
18700 +27.128
18710 +27.801
18720 +28.452
18730 +29.020
18740 +29.439
18750 +29.670
18760 +29.728
18770 +29.673
18780 +29.581
18790 +29.512
18800 +29.492
18810 +29.513
18820 +29.542
18830 +29.532
18840 +29.449
18850 +29.281
18860 +29.048
18870 +28.794
18880 +28.564
18890 +28.396
18900 +28.302
18910 +28.277
18920 +28.292
18930 +28.310
18940 +28.294
18950 +28.223
18960 +28.095
18970 +27.932
18980 +27.770
18990 +27.642
19000 +27.572
19010 +27.566
19020 +27.609
19030 +27.674
19040 +27.728
19050 +27.741
19060 +27.700
19070 +27.611
19080 +27.496
19090 +27.389
19100 +27.318
19110 +27.300
19120 +27.334
19130 +27.404
19140 +27.482
19150 +27.541
19160 +27.557
19170 +27.522
19180 +27.446
19190 +27.352
19200 +27.270
19210 +27.224
19220 +27.225
19230 +27.269
19240 +27.341
19250 +27.414
19260 +27.465
19270 +27.475
19280 +27.441
19290 +27.372
19300 +27.291
19310 +27.224
19320 +27.192
19330 +27.204
19340 +27.256
19350 +27.333
19360 +27.413
19370 +27.474
19380 +27.497
19390 +27.478
19400 +27.427
19410 +27.367
19420 +27.323
19430 +27.318
19440 +27.361
19450 +27.447
19460 +27.557
19470 +27.665
19480 +27.744
19490 +27.777
19500 +27.762
19510 +27.714
19520 +27.663
19530 +27.639
19540 +27.661
19550 +27.730
19560 +27.833
19570 +27.946
19580 +28.041
19590 +28.097
19600 +28.104
19610 +28.070
19620 +28.018
19630 +27.978
19640 +27.973
19650 +28.012
19660 +28.090
19670 +28.190
19680 +28.291
19690 +28.369
19700 +28.410
19710 +28.410
19720 +28.380
19730 +28.342
19740 +28.320
19750 +28.332
19760 +28.383
19770 +28.465
19780 +28.564
19790 +28.661
19800 +28.736
19810 +28.776
19820 +28.781
19830 +28.760
19840 +28.737
19850 +28.733
19860 +28.762
19870 +28.826
19880 +28.918
19890 +29.022
19900 +29.121
19910 +29.198
19920 +29.243
19930 +29.257
19940 +29.254
19950 +29.253
19960 +29.272
19970 +29.320
19980 +29.395
19990 +29.491
20000 +29.595
20010 +29.694
20020 +29.774
20030 +29.826
20040 +29.854
20050 +29.867
20060 +29.879
20070 +29.904
20080 +29.948
20090 +30.010
20100 +30.086
20110 +30.165
20120 +30.235
20130 +30.282
20140 +30.300
20150 +30.290
20160 +30.261
20170 +30.227
20180 +30.199
20190 +30.184
20200 +30.183
20210 +30.196
20220 +30.216
20230 +30.237
20240 +30.252
20250 +30.256
20260 +30.250
20270 +30.239
20280 +30.230
20290 +30.232
20300 +30.251
20310 +30.294
20320 +30.365
20330 +30.461
20340 +30.577
20350 +30.702
20360 +30.820
20370 +30.923
20380 +31.010
20390 +31.088
20400 +31.173
20410 +31.277
20420 +31.414
20430 +31.589
20440 +31.798
20450 +32.021
20460 +32.232
20470 +32.404
20480 +32.525
20490 +32.602
20500 +32.653
20510 +32.699
20520 +32.756
20530 +32.832
20540 +32.919
20550 +32.995
20560 +33.032
20570 +33.007
20580 +32.912
20590 +32.760
20600 +32.575
20610 +32.380
20620 +32.192
20630 +32.021
20640 +31.870
20650 +31.734
20660 +31.601
20670 +31.458
20680 +31.293
20690 +31.100
20700 +30.883
20710 +30.651
20720 +30.416
20730 +30.189
20740 +29.981
20750 +29.802
20760 +29.654
20770 +29.529
20780 +29.408
20790 +29.270
20800 +29.099
20810 +28.892
20820 +28.658
20830 +28.414
20840 +28.187
20850 +28.003
20860 +27.881
20870 +27.824
20880 +27.812
20890 +27.812
20900 +27.794
20910 +27.744
20920 +27.667
20930 +27.579
20940 +27.504
20950 +27.465
20960 +27.477
20970 +27.542
20980 +27.646
20990 +27.761
21000 +27.860
21010 +27.918
21020 +27.924
21030 +27.881
21040 +27.805
21050 +27.717
21060 +27.644
21070 +27.608
21080 +27.617
21090 +27.664
21100 +27.723
21110 +27.759
21120 +27.745
21130 +27.664
21140 +27.520
21150 +27.333
21160 +27.136
21170 +26.964
21180 +26.844
21190 +26.787
21200 +26.777
21210 +26.774
21220 +26.734
21230 +26.621
21240 +26.424
21250 +26.154
21260 +25.845
21270 +25.544
21280 +25.299
21290 +25.143
21300 +25.078
21310 +25.070
21320 +25.060
21330 +24.995
21340 +24.844
21350 +24.609
21360 +24.327
21370 +24.057
21380 +23.868
21390 +23.812
21400 +23.898
21410 +24.086
21420 +24.305
21430 +24.483
21440 +24.575
21450 +24.572
21460 +24.500
21470 +24.414
21480 +24.377
21490 +24.439
21500 +24.615
21510 +24.879
21520 +25.169
21530 +25.419
21540 +25.575
21550 +25.612
21560 +25.541
21570 +25.404
21580 +25.262
21590 +25.180
21600 +25.197
21610 +25.313
21620 +25.484
21630 +25.645
21640 +25.731
21650 +25.702
21660 +25.551
21670 +25.310
21680 +25.044
21690 +24.827
21700 +24.721
21710 +24.743
21720 +24.860
21730 +25.008
21740 +25.117
21750 +25.137
21760 +25.052
21770 +24.886
21780 +24.692
21790 +24.542
21800 +24.493
21810 +24.569
21820 +24.746
21830 +24.970
21840 +25.176
21850 +25.316
21860 +25.363
21870 +25.320
21880 +25.222
21890 +25.120
21900 +25.070
21910 +25.108
21920 +25.235
21930 +25.418
21940 +25.608
21950 +25.755
21960 +25.822
21970 +25.795
21980 +25.687
21990 +25.539
22000 +25.405
22010 +25.335
22020 +25.352
22030 +25.445
22040 +25.573
22050 +25.686
22060 +25.741
22070 +25.713
22080 +25.604
22090 +25.443
22100 +25.281
22110 +25.172
22120 +25.153
22130 +25.223
22140 +25.351
22150 +25.490
22160 +25.595
22170 +25.638
22180 +25.613
22190 +25.537
22200 +25.448
22210 +25.394
22220 +25.408
22230 +25.500
22240 +25.650
22250 +25.820
22260 +25.972
22270 +26.075
22280 +26.116
22290 +26.099
22300 +26.049
22310 +26.001
22320 +25.992
22330 +26.043
22340 +26.149
22350 +26.285
22360 +26.415
22370 +26.510
22380 +26.547
22390 +26.523
22400 +26.453
22410 +26.369
22420 +26.307
22430 +26.300
22440 +26.353
22450 +26.450
22460 +26.557
22470 +26.641
22480 +26.676
22490 +26.657
22500 +26.593
22510 +26.514
22520 +26.459
22530 +26.461
22540 +26.530
22550 +26.653
22560 +26.796
22570 +26.923
22580 +27.010
22590 +27.048
22600 +27.045
22610 +27.023
22620 +27.018
22630 +27.059
22640 +27.160
22650 +27.309
22660 +27.479
22670 +27.634
22680 +27.750
22690 +27.814
22700 +27.829
22710 +27.815
22720 +27.801
22730 +27.818
22740 +27.888
22750 +28.008
22760 +28.154
22770 +28.294
22780 +28.395
22790 +28.441
22800 +28.431
22810 +28.380
22820 +28.320
22830 +28.285
22840 +28.306
22850 +28.387
22860 +28.509
22870 +28.634
22880 +28.727
22890 +28.765
22900 +28.743
22910 +28.678
22920 +28.601
22930 +28.549
22940 +28.555
22950 +28.630
22960 +28.755
22970 +28.893
22980 +29.008
22990 +29.072
23000 +29.079
23010 +29.039
23020 +28.978
23030 +28.932
23040 +28.932
23050 +28.996
23060 +29.114
23070 +29.260
23080 +29.397
23090 +29.494
23100 +29.537
23110 +29.529
23120 +29.491
23130 +29.453
23140 +29.450
23150 +29.508
23160 +29.632
23170 +29.804
23180 +29.989
23190 +30.153
23200 +30.275
23210 +30.350
23220 +30.393
23230 +30.435
23240 +30.510
23250 +30.649
23260 +30.863
23270 +31.139
23280 +31.444
23290 +31.743
23300 +32.008
23310 +32.229
23320 +32.416
23330 +32.591
23340 +32.781
23350 +33.011
23360 +33.290
23370 +33.608
23380 +33.938
23390 +34.249
23400 +34.514
23410 +34.719
23420 +34.867
23430 +34.970
23440 +35.048
23450 +35.120
23460 +35.197
23470 +35.276
23480 +35.343
23490 +35.376
23500 +35.356
23510 +35.274
23520 +35.129
23530 +34.932
23540 +34.698
23550 +34.447
23560 +34.195
23570 +33.949
23580 +33.708
23590 +33.463
23600 +33.200
23610 +32.910
23620 +32.589
23630 +32.243
23640 +31.883
23650 +31.525
23660 +31.185
23670 +30.874
23680 +30.593
23690 +30.332
23700 +30.080
23710 +29.824
23720 +29.558
23730 +29.285
23740 +29.014
23750 +28.759
23760 +28.534
23770 +28.346
23780 +28.195
23790 +28.071
23800 +27.960
23810 +27.851
23820 +27.738
23830 +27.624
23840 +27.517
23850 +27.429
23860 +27.369
23870 +27.342
23880 +27.341
23890 +27.354
23900 +27.368
23910 +27.373
23920 +27.364
23930 +27.348
23940 +27.334
23950 +27.331
23960 +27.346
23970 +27.376
23980 +27.412
23990 +27.441
