00000 +1.342
00010 +1.167
00020 +0.731
00030 +0.215
00040 -0.232
00050 -0.531
00060 -0.664
00070 -0.649
00080 -0.536
00090 -0.405
00100 -0.352
00110 -0.453
00120 -0.721
00130 -1.097
00140 -1.492
00150 -1.832
00160 -2.080
00170 -2.230
00180 -2.304
00190 -2.339
00200 -2.381
00210 -2.466
00220 -2.614
00230 -2.814
00240 -3.033
00250 -3.235
00260 -3.389
00270 -3.485
00280 -3.525
00290 -3.528
00300 -3.518
00310 -3.520
00320 -3.551
00330 -3.613
00340 -3.694
00350 -3.773
00360 -3.829
00370 -3.850
00380 -3.833
00390 -3.790
00400 -3.739
00410 -3.700
00420 -3.691
00430 -3.720
00440 -3.781
00450 -3.859
00460 -3.938
00470 -4.005
00480 -4.058
00490 -4.106
00500 -4.163
00510 -4.249
00520 -4.377
00530 -4.549
00540 -4.757
00550 -4.984
00560 -5.214
00570 -5.432
00580 -5.635
00590 -5.827
00600 -6.021
00610 -6.226
00620 -6.450
00630 -6.692
00640 -6.943
00650 -7.190
00660 -7.418
00670 -7.615
00680 -7.778
00690 -7.912
00700 -8.024
00710 -8.125
00720 -8.224
00730 -8.323
00740 -8.417
00750 -8.498
00760 -8.555
00770 -8.580
00780 -8.571
00790 -8.534
00800 -8.479
00810 -8.420
00820 -8.369
00830 -8.336
00840 -8.322
00850 -8.322
00860 -8.328
00870 -8.331
00880 -8.328
00890 -8.322
00900 -8.322
00910 -8.344
00920 -8.399
00930 -8.497
00940 -8.636
00950 -8.807
00960 -8.995
00970 -9.185
00980 -9.368
00990 -9.542
01000 -9.711
01010 -9.886
01020 -10.079
01030 -10.297
01040 -10.537
01050 -10.789
01060 -11.036
01070 -11.261
01080 -11.450
01090 -11.597
01100 -11.707
01110 -11.789
01120 -11.859
01130 -11.927
01140 -11.995
01150 -12.055
01160 -12.091
01170 -12.087
01180 -12.030
01190 -11.917
01200 -11.759
01210 -11.574
01220 -11.386
01230 -11.215
01240 -11.068
01250 -10.942
01260 -10.826
01270 -10.704
01280 -10.565
01290 -10.410
01300 -10.248
01310 -10.098
01320 -9.983
01330 -9.919
01340 -9.910
01350 -9.947
01360 -10.016
01370 -10.096
01380 -10.171
01390 -10.236
01400 -10.291
01410 -10.345
01420 -10.411
01430 -10.496
01440 -10.603
01450 -10.723
01460 -10.838
01470 -10.927
01480 -10.969
01490 -10.949
01500 -10.862
01510 -10.714
01520 -10.522
01530 -10.306
01540 -10.083
01550 -9.862
01560 -9.639
01570 -9.404
01580 -9.145
01590 -8.856
01600 -8.542
01610 -8.223
01620 -7.924
01630 -7.674
01640 -7.488
01650 -7.369
01660 -7.303
01670 -7.268
01680 -7.242
01690 -7.213
01700 -7.178
01710 -7.146
01720 -7.131
01730 -7.147
01740 -7.200
01750 -7.287
01760 -7.396
01770 -7.511
01780 -7.616
01790 -7.699
01800 -7.758
01810 -7.796
01820 -7.823
01830 -7.850
01840 -7.888
01850 -7.941
01860 -8.005
01870 -8.071
01880 -8.125
01890 -8.158
01900 -8.161
01910 -8.136
01920 -8.088
01930 -8.029
01940 -7.973
01950 -7.930
01960 -7.903
01970 -7.887
01980 -7.871
01990 -7.843
02000 -7.792
02010 -7.716
02020 -7.622
02030 -7.520
02040 -7.428
02050 -7.361
02060 -7.323
02070 -7.313
02080 -7.317
02090 -7.322
02100 -7.315
02110 -7.294
02120 -7.261
02130 -7.228
02140 -7.209
02150 -7.217
02160 -7.254
02170 -7.316
02180 -7.391
02190 -7.465
02200 -7.526
02210 -7.569
02220 -7.595
02230 -7.609
02240 -7.622
02250 -7.640
02260 -7.669
02270 -7.706
02280 -7.745
02290 -7.777
02300 -7.793
02310 -7.787
02320 -7.756
02330 -7.704
02340 -7.637
02350 -7.563
02360 -7.493
02370 -7.434
02380 -7.387
02390 -7.348
02400 -7.310
02410 -7.264
02420 -7.205
02430 -7.130
02440 -7.047
02450 -6.965
02460 -6.897
02470 -6.853
02480 -6.838
02490 -6.846
02500 -6.866
02510 -6.885
02520 -6.892
02530 -6.884
02540 -6.864
02550 -6.842
02560 -6.832
02570 -6.842
02580 -6.875
02590 -6.927
02600 -6.987
02610 -7.041
02620 -7.079
02630 -7.095
02640 -7.092
02650 -7.078
02660 -7.064
02670 -7.057
02680 -7.063
02690 -7.079
02700 -7.095
02710 -7.102
02720 -7.088
02730 -7.047
02740 -6.977
02750 -6.884
02760 -6.774
02770 -6.659
02780 -6.546
02790 -6.442
02800 -6.347
02810 -6.260
02820 -6.175
02830 -6.091
02840 -6.008
02850 -5.933
02860 -5.879
02870 -5.861
02880 -5.892
02890 -5.977
02900 -6.109
02910 -6.270
02920 -6.439
02930 -6.597
02940 -6.733
02950 -6.847
02960 -6.946
02970 -7.041
02980 -7.144
02990 -7.260
03000 -7.384
03010 -7.509
03020 -7.620
03030 -7.709
03040 -7.770
03050 -7.804
03060 -7.819
03070 -7.826
03080 -7.836
03090 -7.856
03100 -7.887
03110 -7.923
03120 -7.955
03130 -7.974
03140 -7.972
03150 -7.949
03160 -7.911
03170 -7.868
03180 -7.832
03190 -7.814
03200 -7.820
03210 -7.848
03220 -7.895
03230 -7.951
03240 -8.011
03250 -8.073
03260 -8.143
03270 -8.229
03280 -8.340
03290 -8.485
03300 -8.664
03310 -8.868
03320 -9.081
03330 -9.287
03340 -9.469
03350 -9.619
03360 -9.736
03370 -9.824
03380 -9.892
03390 -9.946
03400 -9.992
03410 -10.027
03420 -10.048
03430 -10.047
03440 -10.019
03450 -9.960
03460 -9.874
03470 -9.766
03480 -9.644
03490 -9.517
03500 -9.389
03510 -9.262
03520 -9.133
03530 -8.995
03540 -8.843
03550 -8.671
03560 -8.479
03570 -8.271
03580 -8.051
03590 -7.827
03600 -7.605
03610 -7.386
03620 -7.170
03630 -6.952
03640 -6.727
03650 -6.491
03660 -6.244
03670 -5.987
03680 -5.729
03690 -5.478
03700 -5.241
03710 -5.026
03720 -4.834
03730 -4.666
03740 -4.520
03750 -4.396
03760 -4.293
03770 -4.217
03780 -4.174
03790 -4.169
03800 -4.207
03810 -4.288
03820 -4.409
03830 -4.561
03840 -4.737
03850 -4.926
03860 -5.121
03870 -5.317
03880 -5.511
03890 -5.701
03900 -5.886
03910 -6.062
03920 -6.226
03930 -6.373
03940 -6.496
03950 -6.591
03960 -6.653
03970 -6.681
03980 -6.675
03990 -6.638
04000 -6.573
04010 -6.484
04020 -6.373
04030 -6.239
04040 -6.082
04050 -5.899
04060 -5.693
04070 -5.465
04080 -5.220
04090 -4.963
04100 -4.701
04110 -4.438
04120 -4.176
04130 -3.916
04140 -3.658
04150 -3.399
04160 -3.142
04170 -2.888
04180 -2.641
04190 -2.407
04200 -2.189
04210 -1.991
04220 -1.811
04230 -1.647
04240 -1.495
04250 -1.352
04260 -1.214
04270 -1.081
04280 -0.954
04290 -0.836
04300 -0.729
04310 -0.634
04320 -0.550
04330 -0.470
04340 -0.388
04350 -0.296
04360 -0.190
04370 -0.068
04380 +0.068
04390 +0.210
04400 +0.352
04410 +0.489
04420 +0.622
04430 +0.755
04440 +0.897
04450 +1.059
04460 +1.244
04470 +1.451
04480 +1.670
04490 +1.882
04500 +2.072
04510 +2.227
04520 +2.347
04530 +2.441
04540 +2.526
04550 +2.612
04560 +2.705
04570 +2.794
04580 +2.862
04590 +2.886
04600 +2.853
04610 +2.763
04620 +2.630
04630 +2.479
04640 +2.330
04650 +2.197
04660 +2.081
04670 +1.972
04680 +1.852
04690 +1.706
04700 +1.525
04710 +1.312
04720 +1.079
04730 +0.845
04740 +0.625
04750 +0.428
04760 +0.255
04770 +0.095
04780 -0.067
04790 -0.247
04800 -0.459
04810 -0.704
04820 -0.973
04830 -1.251
04840 -1.521
04850 -1.769
04860 -1.992
04870 -2.196
04880 -2.397
04890 -2.609
04900 -2.847
04910 -3.114
04920 -3.402
04930 -3.694
04940 -3.969
04950 -4.214
04960 -4.424
04970 -4.603
04980 -4.764
04990 -4.926
05000 -5.103
05010 -5.301
05020 -5.517
05030 -5.738
05040 -5.946
05050 -6.128
05060 -6.279
05070 -6.402
05080 -6.509
05090 -6.616
05100 -6.738
05110 -6.886
05120 -7.058
05130 -7.247
05140 -7.438
05150 -7.616
05160 -7.774
05170 -7.910
05180 -8.031
05190 -8.150
05200 -8.282
05210 -8.438
05220 -8.621
05230 -8.825
05240 -9.037
05250 -9.242
05260 -9.428
05270 -9.588
05280 -9.723
05290 -9.842
05300 -9.957
05310 -10.079
05320 -10.216
05330 -10.366
05340 -10.520
05350 -10.665
05360 -10.786
05370 -10.876
05380 -10.932
05390 -10.962
05400 -10.978
05410 -10.995
05420 -11.026
05430 -11.077
05440 -11.144
05450 -11.217
05460 -11.282
05470 -11.329
05480 -11.351
05490 -11.352
05500 -11.342
05510 -11.335
05520 -11.347
05530 -11.385
05540 -11.450
05550 -11.533
05560 -11.619
05570 -11.693
05580 -11.747
05590 -11.779
05600 -11.794
05610 -11.805
05620 -11.827
05630 -11.870
05640 -11.936
05650 -12.021
05660 -12.110
05670 -12.189
05680 -12.245
05690 -12.273
05700 -12.275
05710 -12.259
05720 -12.241
05730 -12.231
05740 -12.238
05750 -12.261
05760 -12.292
05770 -12.318
05780 -12.328
05790 -12.312
05800 -12.271
05810 -12.209
05820 -12.140
05830 -12.078
05840 -12.035
05850 -12.019
05860 -12.025
05870 -12.045
05880 -12.065
05890 -12.073
05900 -12.061
05910 -12.031
05920 -11.992
05930 -11.958
05940 -11.945
05950 -11.963
05960 -12.012
05970 -12.084
05980 -12.164
05990 -12.236
06000 -12.288
06010 -12.318
06020 -12.330
06030 -12.339
06040 -12.359
06050 -12.404
06060 -12.478
06070 -12.574
06080 -12.680
06090 -12.778
06100 -12.855
06110 -12.903
06120 -12.927
06130 -12.936
06140 -12.945
06150 -12.969
06160 -13.015
06170 -13.083
06180 -13.163
06190 -13.241
06200 -13.302
06210 -13.339
06220 -13.350
06230 -13.341
06240 -13.327
06250 -13.321
06260 -13.336
06270 -13.377
06280 -13.441
06290 -13.515
06300 -13.587
06310 -13.645
06320 -13.681
06330 -13.698
06340 -13.705
06350 -13.716
06360 -13.747
06370 -13.808
06380 -13.898
06390 -14.010
06400 -14.128
06410 -14.238
06420 -14.326
06430 -14.391
06440 -14.437
06450 -14.479
06460 -14.531
06470 -14.607
06480 -14.712
06490 -14.838
06500 -14.972
06510 -15.097
06520 -15.199
06530 -15.270
06540 -15.316
06550 -15.346
06560 -15.378
06570 -15.425
06580 -15.497
06590 -15.590
06600 -15.694
06610 -15.794
06620 -15.877
06630 -15.934
06640 -15.966
06650 -15.982
06660 -15.995
06670 -16.021
06680 -16.070
06690 -16.146
06700 -16.241
06710 -16.345
06720 -16.443
06730 -16.525
06740 -16.587
06750 -16.633
06760 -16.673
06770 -16.721
06780 -16.790
06790 -16.885
06800 -17.006
06810 -17.143
06820 -17.282
06830 -17.411
06840 -17.521
06850 -17.611
06860 -17.687
06870 -17.760
06880 -17.845
06890 -17.951
06900 -18.080
06910 -18.224
06920 -18.372
06930 -18.510
06940 -18.625
06950 -18.714
06960 -18.780
06970 -18.832
06980 -18.885
06990 -18.951
07000 -19.035
07010 -19.136
07020 -19.245
07030 -19.347
07040 -19.433
07050 -19.497
07060 -19.539
07070 -19.569
07080 -19.599
07090 -19.643
07100 -19.710
07110 -19.800
07120 -19.907
07130 -20.020
07140 -20.128
07150 -20.222
07160 -20.302
07170 -20.370
07180 -20.437
07190 -20.513
07200 -20.607
07210 -20.721
07220 -20.852
07230 -20.991
07240 -21.126
07250 -21.248
07260 -21.350
07270 -21.433
07280 -21.501
07290 -21.563
07300 -21.627
07310 -21.699
07320 -21.779
07330 -21.862
07340 -21.938
07350 -21.998
07360 -22.035
07370 -22.045
07380 -22.033
07390 -22.008
07400 -21.981
07410 -21.961
07420 -21.953
07430 -21.956
07440 -21.964
07450 -21.966
07460 -21.958
07470 -21.934
07480 -21.897
07490 -21.855
07500 -21.818
07510 -21.795
07520 -21.792
07530 -21.809
07540 -21.838
07550 -21.872
07560 -21.902
07570 -21.923
07580 -21.936
07590 -21.944
07600 -21.954
07610 -21.973
07620 -22.007
07630 -22.055
07640 -22.112
07650 -22.172
07660 -22.226
07670 -22.268
07680 -22.296
07690 -22.311
07700 -22.317
07710 -22.320
07720 -22.324
07730 -22.331
07740 -22.339
07750 -22.345
07760 -22.342
07770 -22.325
07780 -22.291
07790 -22.240
07800 -22.176
07810 -22.104
07820 -22.031
07830 -21.961
07840 -21.898
07850 -21.837
07860 -21.777
07870 -21.711
07880 -21.637
07890 -21.554
07900 -21.463
07910 -21.371
07920 -21.282
07930 -21.201
07940 -21.131
07950 -21.070
07960 -21.013
07970 -20.957
07980 -20.897
07990 -20.830
08000 -20.759
08010 -20.687
08020 -20.617
08030 -20.554
08040 -20.500
08050 -20.453
08060 -20.411
08070 -20.370
08080 -20.326
08090 -20.278
08100 -20.226
08110 -20.172
08120 -20.121
08130 -20.075
08140 -20.037
08150 -20.005
08160 -19.977
08170 -19.951
08180 -19.924
08190 -19.896
08200 -19.866
08210 -19.836
08220 -19.809
08230 -19.786
08240 -19.768
08250 -19.756
08260 -19.747
08270 -19.738
08280 -19.729
08290 -19.718
08300 -19.706
08310 -19.693
08320 -19.681
08330 -19.671
08340 -19.663
08350 -19.657
08360 -19.650
08370 -19.642
08380 -19.631
08390 -19.617
08400 -19.600
08410 -19.582
08420 -19.565
08430 -19.549
08440 -19.535
08450 -19.521
08460 -19.507
08470 -19.491
08480 -19.472
08490 -19.451
08500 -19.430
08510 -19.411
08520 -19.395
08530 -19.385
08540 -19.379
08550 -19.376
08560 -19.374
08570 -19.372
08580 -19.369
08590 -19.365
08600 -19.363
08610 -19.366
08620 -19.374
08630 -19.389
08640 -19.409
08650 -19.433
08660 -19.456
08670 -19.476
08680 -19.492
08690 -19.503
08700 -19.511
08710 -19.519
08720 -19.529
08730 -19.542
08740 -19.555
08750 -19.567
08760 -19.573
08770 -19.568
08780 -19.551
08790 -19.523
08800 -19.485
08810 -19.441
08820 -19.396
08830 -19.351
08840 -19.307
08850 -19.260
08860 -19.206
08870 -19.142
08880 -19.066
08890 -18.979
08900 -18.885
08910 -18.788
08920 -18.695
08930 -18.608
08940 -18.528
08950 -18.453
08960 -18.377
08970 -18.297
08980 -18.211
08990 -18.118
09000 -18.022
09010 -17.928
09020 -17.841
09030 -17.764
09040 -17.698
09050 -17.640
09060 -17.586
09070 -17.529
09080 -17.466
09090 -17.396
09100 -17.321
09110 -17.246
09120 -17.176
09130 -17.114
09140 -17.062
09150 -17.017
09160 -16.975
09170 -16.930
09180 -16.878
09190 -16.817
09200 -16.749
09210 -16.678
09220 -16.609
09230 -16.547
09240 -16.496
09250 -16.454
09260 -16.416
09270 -16.379
09280 -16.337
09290 -16.287
09300 -16.231
09310 -16.172
09320 -16.116
09330 -16.069
09340 -16.035
09350 -16.013
09360 -16.001
09370 -15.993
09380 -15.983
09390 -15.968
09400 -15.948
09410 -15.927
09420 -15.909
09430 -15.900
09440 -15.905
09450 -15.924
09460 -15.953
09470 -15.989
09480 -16.023
09490 -16.053
09500 -16.077
09510 -16.097
09520 -16.117
09530 -16.143
09540 -16.179
09550 -16.226
09560 -16.281
09570 -16.340
09580 -16.397
09590 -16.447
09600 -16.488
09610 -16.522
09620 -16.551
09630 -16.582
09640 -16.618
09650 -16.663
09660 -16.715
09670 -16.771
09680 -16.825
09690 -16.872
09700 -16.911
09710 -16.942
09720 -16.968
09730 -16.994
09740 -17.024
09750 -17.062
09760 -17.108
09770 -17.159
09780 -17.212
09790 -17.260
09800 -17.303
09810 -17.337
09820 -17.366
09830 -17.394
09840 -17.424
09850 -17.460
09860 -17.504
09870 -17.554
09880 -17.607
09890 -17.657
09900 -17.701
09910 -17.737
09920 -17.764
09930 -17.786
09940 -17.807
09950 -17.831
09960 -17.860
09970 -17.895
09980 -17.932
09990 -17.968
10000 -17.996
10010 -18.015
10020 -18.024
10030 -18.023
10040 -18.019
10050 -18.015
10060 -18.015
10070 -18.022
10080 -18.033
10090 -18.044
10100 -18.052
10110 -18.051
10120 -18.041
10130 -18.022
10140 -17.998
10150 -17.975
10160 -17.958
10170 -17.948
10180 -17.948
10190 -17.952
10200 -17.957
10210 -17.956
10220 -17.949
10230 -17.933
10240 -17.912
10250 -17.890
10260 -17.874
10270 -17.867
10280 -17.871
10290 -17.884
10300 -17.900
10310 -17.914
10320 -17.922
10330 -17.919
10340 -17.909
10350 -17.895
10360 -17.884
10370 -17.880
10380 -17.888
10390 -17.906
10400 -17.931
10410 -17.955
10420 -17.972
10430 -17.977
10440 -17.970
10450 -17.955
10460 -17.937
10470 -17.925
10480 -17.924
10490 -17.936
10500 -17.956
10510 -17.978
10520 -17.994
10530 -17.996
10540 -17.983
10550 -17.956
10560 -17.923
10570 -17.893
10580 -17.873
10590 -17.867
10600 -17.875
10610 -17.887
10620 -17.896
10630 -17.890
10640 -17.866
10650 -17.824
10660 -17.769
10670 -17.712
10680 -17.663
10690 -17.629
10700 -17.612
10710 -17.605
10720 -17.597
10730 -17.574
10740 -17.527
10750 -17.455
10760 -17.361
10770 -17.257
10780 -17.157
10790 -17.073
10800 -17.011
10810 -16.966
10820 -16.926
10830 -16.873
10840 -16.793
10850 -16.683
10860 -16.545
10870 -16.394
10880 -16.249
10890 -16.128
10900 -16.043
10910 -15.990
10920 -15.956
10930 -15.920
10940 -15.862
10950 -15.773
10960 -15.658
10970 -15.531
10980 -15.413
10990 -15.326
11000 -15.285
11010 -15.289
11020 -15.321
11030 -15.355
11040 -15.369
11050 -15.347
11060 -15.288
11070 -15.205
11080 -15.120
11090 -15.059
11100 -15.039
11110 -15.067
11120 -15.129
11130 -15.196
11140 -15.239
11150 -15.236
11160 -15.178
11170 -15.077
11180 -14.956
11190 -14.846
11200 -14.778
11210 -14.765
11220 -14.796
11230 -14.841
11240 -14.861
11250 -14.826
11260 -14.724
11270 -14.565
11280 -14.377
11290 -14.202
11300 -14.078
11310 -14.027
11320 -14.039
11330 -14.081
11340 -14.105
11350 -14.077
11360 -13.981
11370 -13.828
11380 -13.652
11390 -13.497
11400 -13.407
11410 -13.404
11420 -13.478
11430 -13.591
11440 -13.695
11450 -13.751
11460 -13.744
11470 -13.681
11480 -13.594
11490 -13.525
11500 -13.515
11510 -13.587
11520 -13.735
11530 -13.926
11540 -14.114
11550 -14.260
11560 -14.342
11570 -14.361
11580 -14.341
11590 -14.320
11600 -14.340
11610 -14.429
11620 -14.589
11630 -14.796
11640 -15.006
11650 -15.177
11660 -15.279
11670 -15.303
11680 -15.269
11690 -15.212
11700 -15.177
11710 -15.199
11720 -15.291
11730 -15.435
11740 -15.589
11750 -15.707
11760 -15.755
11770 -15.720
11780 -15.618
11790 -15.484
11800 -15.366
11810 -15.305
11820 -15.318
11830 -15.393
11840 -15.492
11850 -15.569
11860 -15.590
11870 -15.538
11880 -15.424
11890 -15.280
11900 -15.149
11910 -15.073
11920 -15.072
11930 -15.138
11940 -15.240
11950 -15.337
11960 -15.393
11970 -15.387
11980 -15.322
11990 -15.223
12000 -15.126
12010 -15.071
12020 -15.082
12030 -15.158
12040 -15.278
12050 -15.405
12060 -15.503
12070 -15.546
12080 -15.530
12090 -15.470
12100 -15.398
12110 -15.351
12120 -15.358
12130 -15.428
12140 -15.544
12150 -15.676
12160 -15.788
12170 -15.852
12180 -15.856
12190 -15.809
12200 -15.736
12210 -15.675
12220 -15.656
12230 -15.693
12240 -15.778
12250 -15.885
12260 -15.980
12270 -16.034
12280 -16.031
12290 -15.974
12300 -15.884
12310 -15.795
12320 -15.737
12330 -15.729
12340 -15.767
12350 -15.832
12360 -15.893
12370 -15.923
12380 -15.905
12390 -15.837
12400 -15.733
12410 -15.622
12420 -15.533
12430 -15.485
12440 -15.482
12450 -15.509
12460 -15.542
12470 -15.556
12480 -15.531
12490 -15.463
12500 -15.359
12510 -15.241
12520 -15.136
12530 -15.064
12540 -15.033
12550 -15.035
12560 -15.050
12570 -15.055
12580 -15.031
12590 -14.968
12600 -14.871
12610 -14.756
12620 -14.645
12630 -14.561
12640 -14.514
12650 -14.501
12660 -14.505
12670 -14.505
12680 -14.483
12690 -14.427
12700 -14.340
12710 -14.232
12720 -14.126
12730 -14.040
12740 -13.988
12750 -13.969
12760 -13.969
12770 -13.969
12780 -13.951
12790 -13.905
12800 -13.829
12810 -13.734
12820 -13.637
12830 -13.559
12840 -13.511
12850 -13.495
12860 -13.498
12870 -13.504
12880 -13.494
12890 -13.458
12900 -13.394
12910 -13.310
12920 -13.225
12930 -13.155
12940 -13.116
12950 -13.108
12960 -13.121
12970 -13.136
12980 -13.137
12990 -13.111
13000 -13.056
13010 -12.981
13020 -12.903
13030 -12.842
13040 -12.812
13050 -12.817
13060 -12.844
13070 -12.875
13080 -12.888
13090 -12.872
13100 -12.825
13110 -12.755
13120 -12.682
13130 -12.628
13140 -12.607
13150 -12.624
13160 -12.667
13170 -12.712
13180 -12.738
13190 -12.730
13200 -12.686
13210 -12.615
13220 -12.539
13230 -12.479
13240 -12.456
13250 -12.474
13260 -12.522
13270 -12.574
13280 -12.607
13290 -12.602
13300 -12.555
13310 -12.475
13320 -12.383
13330 -12.305
13340 -12.264
13350 -12.271
13360 -12.316
13370 -12.373
13380 -12.415
13390 -12.418
13400 -12.374
13410 -12.289
13420 -12.184
13430 -12.089
13440 -12.032
13450 -12.031
13460 -12.080
13470 -12.154
13480 -12.219
13490 -12.247
13500 -12.222
13510 -12.148
13520 -12.046
13530 -11.945
13540 -11.882
13550 -11.878
13560 -11.934
13570 -12.027
13580 -12.121
13590 -12.180
13600 -12.183
13610 -12.128
13620 -12.033
13630 -11.929
13640 -11.854
13650 -11.837
13660 -11.885
13670 -11.982
13680 -12.092
13690 -12.175
13700 -12.203
13710 -12.168
13720 -12.083
13730 -11.975
13740 -11.883
13750 -11.844
13760 -11.875
13770 -11.968
13780 -12.092
13790 -12.204
13800 -12.270
13810 -12.271
13820 -12.211
13830 -12.115
13840 -12.022
13850 -11.972
13860 -11.995
13870 -12.092
13880 -12.239
13890 -12.392
13900 -12.507
13910 -12.557
13920 -12.537
13930 -12.463
13940 -12.374
13950 -12.313
13960 -12.320
13970 -12.407
13980 -12.558
13990 -12.730
14000 -12.875
14010 -12.955
14020 -12.954
14030 -12.883
14040 -12.774
14050 -12.676
14060 -12.633
14070 -12.673
14080 -12.788
14090 -12.943
14100 -13.086
14110 -13.171
14120 -13.173
14130 -13.093
14140 -12.958
14150 -12.816
14160 -12.720
14170 -12.707
14180 -12.784
14190 -12.922
14200 -13.071
14210 -13.177
14220 -13.207
14230 -13.150
14240 -13.027
14250 -12.881
14260 -12.768
14270 -12.734
14280 -12.798
14290 -12.940
14300 -13.113
14310 -13.262
14320 -13.342
14330 -13.334
14340 -13.247
14350 -13.116
14360 -12.994
14370 -12.934
14380 -12.966
14390 -13.083
14400 -13.246
14410 -13.401
14420 -13.497
14430 -13.504
14440 -13.418
14450 -13.265
14460 -13.092
14470 -12.956
14480 -12.901
14490 -12.936
14500 -13.037
14510 -13.150
14520 -13.223
14530 -13.215
14540 -13.110
14550 -12.924
14560 -12.700
14570 -12.497
14580 -12.371
14590 -12.348
14600 -12.413
14610 -12.521
14620 -12.613
14630 -12.642
14640 -12.585
14650 -12.449
14660 -12.268
14670 -12.100
14680 -12.003
14690 -12.010
14700 -12.115
14710 -12.279
14720 -12.447
14730 -12.569
14740 -12.615
14750 -12.584
14760 -12.498
14770 -12.402
14780 -12.348
14790 -12.374
14800 -12.488
14810 -12.663
14820 -12.854
14830 -13.015
14840 -13.112
14850 -13.131
14860 -13.081
14870 -12.994
14880 -12.917
14890 -12.893
14900 -12.945
14910 -13.065
14920 -13.220
14930 -13.365
14940 -13.463
14950 -13.488
14960 -13.439
14970 -13.336
14980 -13.222
14990 -13.143
15000 -13.137
15010 -13.208
15020 -13.333
15030 -13.469
15040 -13.573
15050 -13.614
15060 -13.583
15070 -13.492
15080 -13.378
15090 -13.289
15100 -13.267
15110 -13.325
15120 -13.445
15130 -13.588
15140 -13.708
15150 -13.774
15160 -13.770
15170 -13.704
15180 -13.604
15190 -13.515
15200 -13.478
15210 -13.513
15220 -13.608
15230 -13.729
15240 -13.835
15250 -13.893
15260 -13.885
15270 -13.813
15280 -13.699
15290 -13.581
15300 -13.501
15310 -13.483
15320 -13.526
15330 -13.604
15340 -13.679
15350 -13.715
15360 -13.694
15370 -13.612
15380 -13.485
15390 -13.347
15400 -13.239
15410 -13.192
15420 -13.213
15430 -13.280
15440 -13.356
15450 -13.406
15460 -13.404
15470 -13.346
15480 -13.243
15490 -13.126
15500 -13.037
15510 -13.008
15520 -13.051
15530 -13.147
15540 -13.259
15550 -13.349
15560 -13.391
15570 -13.376
15580 -13.316
15590 -13.239
15600 -13.183
15610 -13.184
15620 -13.255
15630 -13.380
15640 -13.522
15650 -13.643
15660 -13.716
15670 -13.730
15680 -13.696
15690 -13.640
15700 -13.599
15710 -13.608
15720 -13.685
15730 -13.818
15740 -13.971
15750 -14.106
15760 -14.191
15770 -14.215
15780 -14.186
15790 -14.129
15800 -14.080
15810 -14.076
15820 -14.141
15830 -14.268
15840 -14.423
15850 -14.562
15860 -14.649
15870 -14.669
15880 -14.627
15890 -14.546
15900 -14.466
15910 -14.427
15920 -14.460
15930 -14.566
15940 -14.710
15950 -14.842
15960 -14.918
15970 -14.916
15980 -14.838
15990 -14.708
16000 -14.571
16010 -14.475
16020 -14.461
16030 -14.537
16040 -14.668
16050 -14.797
16060 -14.866
16070 -14.845
16080 -14.732
16090 -14.557
16100 -14.366
16110 -14.223
16120 -14.178
16130 -14.248
16140 -14.400
16150 -14.561
16160 -14.660
16170 -14.654
16180 -14.538
16190 -14.341
16200 -14.122
16210 -13.952
16220 -13.897
16230 -13.984
16240 -14.178
16250 -14.393
16260 -14.540
16270 -14.561
16280 -14.443
16290 -14.215
16300 -13.944
16310 -13.716
16320 -13.617
16330 -13.685
16340 -13.886
16350 -14.124
16360 -14.288
16370 -14.303
16380 -14.145
16390 -13.845
16400 -13.482
16410 -13.162
16420 -12.995
16430 -13.035
16440 -13.247
16450 -13.518
16460 -13.720
16470 -13.760
16480 -13.609
16490 -13.298
16500 -12.919
16510 -12.596
16520 -12.455
16530 -12.555
16540 -12.850
16550 -13.216
16560 -13.518
16570 -13.662
16580 -13.611
16590 -13.395
16600 -13.101
16610 -12.858
16620 -12.787
16630 -12.945
16640 -13.295
16650 -13.724
16660 -14.110
16670 -14.357
16680 -14.420
16690 -14.308
16700 -14.090
16710 -13.879
16720 -13.795
16730 -13.913
16740 -14.221
16750 -14.637
16760 -15.047
16770 -15.353
16780 -15.491
16790 -15.448
16800 -15.265
16810 -15.041
16820 -14.898
16830 -14.935
16840 -15.174
16850 -15.557
16860 -15.982
16870 -16.345
16880 -16.570
16890 -16.622
16900 -16.516
16910 -16.330
16920 -16.179
16930 -16.177
16940 -16.373
16950 -16.738
16960 -17.187
16970 -17.621
16980 -17.956
16990 -18.138
17000 -18.155
17010 -18.050
17020 -17.920
17030 -17.881
17040 -18.013
17050 -18.323
17060 -18.753
17070 -19.213
17080 -19.617
17090 -19.892
17100 -19.997
17110 -19.935
17120 -19.775
17130 -19.630
17140 -19.612
17150 -19.772
17160 -20.081
17170 -20.460
17180 -20.817
17190 -21.065
17200 -21.139
17210 -21.017
17220 -20.741
17230 -20.426
17240 -20.213
17250 -20.186
17260 -20.342
17270 -20.603
17280 -20.876
17290 -21.072
17300 -21.125
17310 -21.002
17320 -20.730
17330 -20.405
17340 -20.160
17350 -20.094
17360 -20.214
17370 -20.457
17380 -20.736
17390 -20.972
17400 -21.105
17410 -21.095
17420 -20.943
17430 -20.707
17440 -20.493
17450 -20.408
17460 -20.490
17470 -20.701
17480 -20.967
17490 -21.216
17500 -21.386
17510 -21.431
17520 -21.327
17530 -21.095
17540 -20.822
17550 -20.629
17560 -20.598
17570 -20.717
17580 -20.918
17590 -21.120
17600 -21.260
17610 -21.287
17620 -21.174
17630 -20.931
17640 -20.640
17650 -20.433
17660 -20.411
17670 -20.566
17680 -20.817
17690 -21.080
17700 -21.295
17710 -21.433
17720 -21.482
17730 -21.462
17740 -21.434
17750 -21.495
17760 -21.713
17770 -22.072
17780 -22.495
17790 -22.914
17800 -23.299
17810 -23.650
17820 -23.988
17830 -24.358
17840 -24.827
17850 -25.465
17860 -26.283
17870 -27.175
17880 -27.997
17890 -28.695
17900 -29.325
17910 -29.992
17920 -30.835
17930 -32.060
17940 -34.060
17950 -37.725
17960 -46.074
17970 -49.034
17980 -40.626
17990 -37.899
18000 -37.040
18010 -37.147
18020 -37.752
18030 -37.992
18040 -36.417
18050 -33.367
18060 -30.576
18070 -28.858
18080 -28.185
18090 -28.195
18100 -28.570
18110 -29.114
18120 -29.679
18130 -30.029
18140 -29.762
18150 -28.623
18160 -27.043
18170 -25.792
18180 -25.197
18190 -25.112
18200 -25.272
18210 -25.468
18220 -25.523
18230 -25.239
18240 -24.413
18250 -23.007
18260 -21.344
18270 -19.998
18280 -19.320
18290 -19.178
18300 -19.244
18310 -19.270
18320 -19.108
18330 -18.649
18340 -17.815
18350 -16.634
18360 -15.420
18370 -14.763
18380 -14.912
18390 -15.462
18400 -15.978
18410 -16.274
18420 -16.293
18430 -16.025
18440 -15.496
18450 -14.854
18460 -14.473
18470 -14.749
18480 -15.546
18490 -16.386
18500 -16.984
18510 -17.278
18520 -17.292
18530 -17.072
18540 -16.693
18550 -16.328
18560 -16.295
18570 -16.827
18580 -17.700
18590 -18.467
18600 -18.895
18610 -18.973
18620 -18.766
18630 -18.348
18640 -17.814
18650 -17.354
18660 -17.269
18670 -17.737
18680 -18.499
18690 -19.127
18700 -19.410
18710 -19.349
18720 -19.022
18730 -18.519
18740 -17.953
18750 -17.508
18760 -17.445
18770 -17.922
18780 -18.754
18790 -19.542
18800 -20.005
18810 -20.078
18820 -19.822
18830 -19.344
18840 -18.763
18850 -18.249
18860 -18.044
18870 -18.365
18880 -19.162
18890 -20.066
18900 -20.683
18910 -20.831
18920 -20.538
18930 -19.926
18940 -19.133
18950 -18.316
18960 -17.701
18970 -17.560
18980 -17.977
18990 -18.659
19000 -19.169
19010 -19.257
19020 -18.906
19030 -18.216
19040 -17.314
19050 -16.346
19060 -15.530
19070 -15.158
19080 -15.416
19090 -16.132
19100 -16.904
19110 -17.409
19120 -17.513
19130 -17.233
19140 -16.665
19150 -15.948
19160 -15.280
19170 -14.921
19180 -15.105
19190 -15.819
19200 -16.775
19210 -17.627
19220 -18.143
19230 -18.242
19240 -17.967
19250 -17.444
19260 -16.854
19270 -16.438
19280 -16.451
19290 -17.014
19300 -17.977
19310 -19.016
19320 -19.815
19330 -20.182
19340 -20.080
19350 -19.609
19360 -18.954
19370 -18.357
19380 -18.094
19390 -18.370
19400 -19.147
19410 -20.141
19420 -21.002
19430 -21.460
19440 -21.408
19450 -20.912
19460 -20.159
19470 -19.396
19480 -18.911
19490 -18.946
19500 -19.540
19510 -20.477
19520 -21.431
19530 -22.105
19540 -22.305
19550 -21.999
19560 -21.316
19570 -20.502
19580 -19.862
19590 -19.680
19600 -20.071
19610 -20.900
19620 -21.887
19630 -22.738
19640 -23.198
19650 -23.112
19660 -22.505
19670 -21.597
19680 -20.726
19690 -20.238
19700 -20.329
19710 -20.928
19720 -21.778
19730 -22.585
19740 -23.073
19750 -23.022
19760 -22.377
19770 -21.313
19780 -20.183
19790 -19.380
19800 -19.161
19810 -19.496
19820 -20.137
19830 -20.805
19840 -21.257
19850 -21.299
19860 -20.826
19870 -19.912
19880 -18.827
19890 -17.958
19900 -17.621
19910 -17.852
19920 -18.441
19930 -19.123
19940 -19.681
19950 -19.937
19960 -19.751
19970 -19.092
19980 -18.123
19990 -17.207
20000 -16.737
20010 -16.861
20020 -17.415
20030 -18.132
20040 -18.799
20050 -19.248
20060 -19.327
20070 -18.931
20080 -18.102
20090 -17.133
20100 -16.481
20110 -16.447
20120 -16.946
20130 -17.700
20140 -18.475
20150 -19.108
20160 -19.454
20170 -19.364
20180 -18.760
20190 -17.798
20200 -16.935
20210 -16.653
20220 -17.023
20230 -17.769
20240 -18.611
20250 -19.379
20260 -19.942
20270 -20.150
20280 -19.831
20290 -18.955
20300 -17.877
20310 -17.245
20320 -17.379
20330 -18.022
20340 -18.820
20350 -19.562
20360 -20.120
20370 -20.342
20380 -20.013
20390 -19.033
20400 -17.877
20410 -17.434
20420 -17.832
20430 -18.551
20440 -19.250
20450 -19.821
20460 -20.235
20470 -20.478
20480 -20.537
20490 -20.425
20500 -20.225
20510 -20.082
20520 -20.108
20530 -20.293
20540 -20.557
20550 -20.825
20560 -21.050
20570 -21.202
20580 -21.259
20590 -21.205
20600 -21.054
20610 -20.886
20620 -20.817
20630 -20.887
20640 -21.034
20650 -21.185
20660 -21.297
20670 -21.350
20680 -21.339
20690 -21.268
20700 -21.167
20710 -21.108
20720 -21.163
20730 -21.317
20740 -21.478
20750 -21.580
20760 -21.605
20770 -21.558
20780 -21.454
20790 -21.322
20800 -21.226
20810 -21.276
20820 -21.541
20830 -21.910
20840 -22.183
20850 -22.279
20860 -22.224
20870 -22.065
20880 -21.848
20890 -21.628
20900 -21.513
20910 -21.676
20920 -22.224
20930 -22.946
20940 -23.455
20950 -23.598
20960 -23.458
20970 -23.155
20980 -22.771
20990 -22.379
21000 -22.097
21010 -22.135
21020 -22.736
21030 -23.811
21040 -24.771
21050 -25.120
21060 -24.885
21070 -24.305
21080 -23.554
21090 -22.725
21100 -21.915
21110 -21.343
21120 -21.463
21130 -22.656
21140 -24.423
21150 -25.598
21160 -25.604
21170 -24.761
21180 -23.500
21190 -22.013
21200 -20.349
21210 -18.653
21220 -17.753
21230 -19.340
21240 -22.889
21250 -25.952
21260 -26.813
21270 -25.900
21280 -24.495
21290 -23.197
21300 -22.260
21310 -21.894
21320 -22.253
21330 -23.278
21340 -24.649
21350 -25.907
21360 -26.591
21370 -26.484
21380 -25.725
21390 -24.605
21400 -23.355
21410 -22.163
21420 -21.294
21430 -21.175
21440 -22.149
21450 -23.960
21460 -25.807
21470 -26.846
21480 -26.753
21490 -25.874
21500 -24.665
21510 -23.408
21520 -22.333
21530 -21.834
21540 -22.472
21550 -24.411
21560 -26.992
21570 -29.064
21580 -29.608
21590 -28.789
21600 -27.435
21610 -26.030
21620 -24.810
21630 -24.102
21640 -24.511
21650 -26.539
21660 -29.926
21670 -33.659
21680 -35.329
21690 -33.912
21700 -31.741
21710 -29.813
21720 -28.265
21730 -27.300
21740 -27.502
21750 -29.588
21760 -33.756
21770 -40.560
21780 -50.297
21790 -41.860
21800 -37.028
21810 -34.054
21820 -31.872
21830 -30.320
21840 -29.824
21850 -30.977
21860 -33.598
21870 -37.101
21880 -41.437
21890 -47.116
21900 -48.220
21910 -41.820
21920 -36.693
21930 -32.699
21940 -29.945
21950 -28.959
21960 -29.533
21970 -30.912
21980 -32.732
21990 -35.112
22000 -38.750
22010 -46.003
22020 -42.426
22030 -33.704
22040 -28.694
22050 -26.525
22060 -26.638
22070 -27.827
22080 -29.475
22090 -31.575
22100 -34.598
22110 -40.223
22120 -43.938
22130 -32.698
22140 -26.448
22150 -24.001
22160 -24.684
22170 -26.522
22180 -28.803
22190 -31.757
22200 -36.554
22210 -46.658
22220 -34.534
22230 -26.407
22240 -20.678
22250 -18.868
22260 -20.918
22270 -23.708
22280 -26.632
22290 -30.078
22300 -34.515
22310 -35.011
22320 -28.511
22330 -22.319
22340 -16.298
22350 -12.720
22360 -15.899
22370 -19.961
22380 -23.721
22390 -27.791
22400 -32.414
22410 -32.312
22420 -26.882
22430 -21.758
22440 -16.524
22450 -9.651
22460 -7.668
22470 -15.262
22480 -21.025
22490 -26.448
22500 -31.432
22510 -30.254
22520 -25.968
22530 -22.180
22540 -18.492
22550 -13.972
22560 -7.230
22570 -11.077
22580 -19.062
22590 -25.649
22600 -31.774
22610 -32.074
22620 -28.183
22630 -24.756
22640 -21.594
22650 -18.076
22660 -14.021
22670 -15.113
22680 -21.749
22690 -28.620
22700 -37.873
22710 -49.351
22720 -35.880
22730 -31.125
22740 -27.805
22750 -24.779
22760 -22.164
22770 -22.777
22780 -26.857
22790 -30.707
22800 -33.088
22810 -34.038
22820 -34.201
22830 -34.122
22840 -33.984
22850 -33.385
22860 -31.065
22870 -28.484
22880 -28.105
22890 -28.522
22900 -29.029
22910 -29.598
22920 -30.354
22930 -31.578
22940 -34.078
22950 -42.532
22960 -36.192
22970 -27.779
22980 -26.099
22990 -26.157
23000 -26.591
23010 -27.171
23020 -27.940
23030 -29.093
23040 -31.150
23050 -34.853
23060 -30.849
23070 -25.561
23080 -24.553
23090 -24.790
23100 -25.288
23110 -25.899
23120 -26.673
23130 -27.789
23140 -29.651
23150 -32.018
23160 -27.440
23170 -23.507
23180 -23.197
23190 -23.696
23200 -24.309
23210 -24.987
23220 -25.815
23230 -26.981
23240 -28.814
23250 -29.388
23260 -22.495
23270 -20.365
23280 -21.232
23290 -22.133
23300 -22.887
23310 -23.597
23320 -24.383
23330 -25.426
23340 -26.940
23350 -25.301
23360 -15.978
23370 -18.386
23380 -20.218
23390 -21.265
23400 -22.017
23410 -22.687
23420 -23.438
23430 -24.559
23440 -27.189
23450 -25.977
23460 -15.566
23470 -19.385
23480 -20.686
23490 -21.460
23500 -22.101
23510 -22.810
23520 -23.855
23530 -25.849
23540 -27.821
23550 -23.171
23560 -21.287
23570 -21.024
23580 -21.105
23590 -21.312
23600 -21.731
23610 -22.795
23620 -25.165
23630 -25.771
23640 -24.275
23650 -23.334
23660 -22.813
23670 -22.463
23680 -22.147
23690 -21.737
23700 -21.016
23710 -23.031
23720 -24.521
23730 -23.780
23740 -23.432
23750 -23.240
23760 -23.117
23770 -23.025
23780 -22.941
23790 -22.828
23800 -22.414
23810 -23.367
23820 -23.099
23830 -23.020
23840 -22.976
23850 -22.942
23860 -22.910
23870 -22.871
23880 -22.808
23890 -22.655
23900 -22.258
23910 -23.050
23920 -23.068
23930 -23.042
23940 -23.024
23950 -23.011
23960 -23.003
23970 -22.998
23980 -22.994
23990 -22.992
