00000 -0.293
00010 -0.315
00020 -0.366
00030 -0.419
00040 -0.455
00050 -0.469
00060 -0.462
00070 -0.438
00080 -0.408
00090 -0.384
00100 -0.379
00110 -0.403
00120 -0.451
00130 -0.505
00140 -0.547
00150 -0.568
00160 -0.566
00170 -0.547
00180 -0.520
00190 -0.496
00200 -0.482
00210 -0.487
00220 -0.511
00230 -0.546
00240 -0.581
00250 -0.604
00260 -0.609
00270 -0.598
00280 -0.574
00290 -0.547
00300 -0.523
00310 -0.512
00320 -0.519
00330 -0.541
00340 -0.574
00350 -0.605
00360 -0.625
00370 -0.630
00380 -0.619
00390 -0.599
00400 -0.578
00410 -0.567
00420 -0.574
00430 -0.604
00440 -0.654
00450 -0.716
00460 -0.777
00470 -0.825
00480 -0.856
00490 -0.875
00500 -0.892
00510 -0.919
00520 -0.970
00530 -1.050
00540 -1.155
00550 -1.271
00560 -1.378
00570 -1.462
00580 -1.517
00590 -1.548
00600 -1.569
00610 -1.590
00620 -1.623
00630 -1.671
00640 -1.731
00650 -1.792
00660 -1.844
00670 -1.877
00680 -1.889
00690 -1.883
00700 -1.868
00710 -1.852
00720 -1.845
00730 -1.853
00740 -1.875
00750 -1.910
00760 -1.946
00770 -1.976
00780 -1.991
00790 -1.989
00800 -1.972
00810 -1.949
00820 -1.928
00830 -1.919
00840 -1.926
00850 -1.948
00860 -1.978
00870 -2.001
00880 -2.007
00890 -1.989
00900 -1.948
00910 -1.893
00920 -1.838
00930 -1.794
00940 -1.770
00950 -1.765
00960 -1.771
00970 -1.775
00980 -1.767
00990 -1.741
01000 -1.701
01010 -1.653
01020 -1.608
01030 -1.576
01040 -1.562
01050 -1.567
01060 -1.584
01070 -1.604
01080 -1.617
01090 -1.618
01100 -1.604
01110 -1.580
01120 -1.553
01130 -1.532
01140 -1.524
01150 -1.531
01160 -1.553
01170 -1.581
01180 -1.609
01190 -1.628
01200 -1.633
01210 -1.626
01220 -1.612
01230 -1.598
01240 -1.594
01250 -1.604
01260 -1.631
01270 -1.669
01280 -1.711
01290 -1.747
01300 -1.771
01310 -1.780
01320 -1.779
01330 -1.775
01340 -1.777
01350 -1.792
01360 -1.821
01370 -1.861
01380 -1.906
01390 -1.947
01400 -1.976
01410 -1.991
01420 -1.995
01430 -1.992
01440 -1.991
01450 -1.996
01460 -2.013
01470 -2.039
01480 -2.072
01490 -2.104
01500 -2.128
01510 -2.142
01520 -2.142
01530 -2.133
01540 -2.120
01550 -2.107
01560 -2.100
01570 -2.102
01580 -2.112
01590 -2.125
01600 -2.136
01610 -2.137
01620 -2.125
01630 -2.100
01640 -2.066
01650 -2.031
01660 -2.003
01670 -1.988
01680 -1.987
01690 -1.997
01700 -2.011
01710 -2.021
01720 -2.022
01730 -2.012
01740 -1.994
01750 -1.975
01760 -1.963
01770 -1.962
01780 -1.976
01790 -2.001
01800 -2.032
01810 -2.061
01820 -2.081
01830 -2.090
01840 -2.088
01850 -2.082
01860 -2.076
01870 -2.079
01880 -2.093
01890 -2.118
01900 -2.151
01910 -2.185
01920 -2.213
01930 -2.230
01940 -2.235
01950 -2.231
01960 -2.224
01970 -2.220
01980 -2.226
01990 -2.243
02000 -2.269
02010 -2.298
02020 -2.322
02030 -2.335
02040 -2.333
02050 -2.317
02060 -2.292
02070 -2.267
02080 -2.247
02090 -2.237
02100 -2.236
02110 -2.239
02120 -2.239
02130 -2.229
02140 -2.206
02150 -2.173
02160 -2.132
02170 -2.093
02180 -2.061
02190 -2.040
02200 -2.030
02210 -2.029
02220 -2.029
02230 -2.026
02240 -2.014
02250 -1.993
02260 -1.965
02270 -1.934
02280 -1.905
02290 -1.883
02300 -1.871
02310 -1.868
02320 -1.871
02330 -1.873
02340 -1.871
02350 -1.860
02360 -1.841
02370 -1.817
02380 -1.794
02390 -1.777
02400 -1.772
02410 -1.781
02420 -1.802
02430 -1.829
02440 -1.858
02450 -1.883
02460 -1.902
02470 -1.917
02480 -1.933
02490 -1.956
02500 -1.990
02510 -2.037
02520 -2.097
02530 -2.162
02540 -2.228
02550 -2.286
02560 -2.335
02570 -2.374
02580 -2.407
02590 -2.439
02600 -2.475
02610 -2.517
02620 -2.567
02630 -2.619
02640 -2.670
02650 -2.714
02660 -2.747
02670 -2.769
02680 -2.782
02690 -2.790
02700 -2.797
02710 -2.808
02720 -2.824
02730 -2.844
02740 -2.865
02750 -2.882
02760 -2.891
02770 -2.889
02780 -2.877
02790 -2.859
02800 -2.839
02810 -2.823
02820 -2.814
02830 -2.815
02840 -2.822
02850 -2.834
02860 -2.844
02870 -2.850
02880 -2.851
02890 -2.848
02900 -2.845
02910 -2.845
02920 -2.852
02930 -2.867
02940 -2.887
02950 -2.908
02960 -2.926
02970 -2.937
02980 -2.937
02990 -2.928
03000 -2.911
03010 -2.891
03020 -2.870
03030 -2.852
03040 -2.836
03050 -2.821
03060 -2.802
03070 -2.777
03080 -2.741
03090 -2.693
03100 -2.634
03110 -2.567
03120 -2.496
03130 -2.423
03140 -2.351
03150 -2.279
03160 -2.206
03170 -2.127
03180 -2.040
03190 -1.942
03200 -1.834
03210 -1.719
03220 -1.602
03230 -1.489
03240 -1.385
03250 -1.294
03260 -1.219
03270 -1.158
03280 -1.111
03290 -1.075
03300 -1.050
03310 -1.039
03320 -1.046
03330 -1.074
03340 -1.126
03350 -1.203
03360 -1.303
03370 -1.419
03380 -1.545
03390 -1.672
03400 -1.796
03410 -1.914
03420 -2.026
03430 -2.136
03440 -2.245
03450 -2.355
03460 -2.467
03470 -2.578
03480 -2.684
03490 -2.781
03500 -2.865
03510 -2.934
03520 -2.991
03530 -3.038
03540 -3.080
03550 -3.119
03560 -3.159
03570 -3.198
03580 -3.234
03590 -3.263
03600 -3.282
03610 -3.288
03620 -3.282
03630 -3.266
03640 -3.244
03650 -3.219
03660 -3.194
03670 -3.172
03680 -3.150
03690 -3.126
03700 -3.098
03710 -3.061
03720 -3.018
03730 -2.969
03740 -2.920
03750 -2.875
03760 -2.841
03770 -2.821
03780 -2.815
03790 -2.824
03800 -2.846
03810 -2.877
03820 -2.918
03830 -2.967
03840 -3.027
03850 -3.099
03860 -3.184
03870 -3.281
03880 -3.389
03890 -3.503
03900 -3.618
03910 -3.728
03920 -3.828
03930 -3.915
03940 -3.989
03950 -4.050
03960 -4.101
03970 -4.144
03980 -4.180
03990 -4.208
04000 -4.228
04010 -4.236
04020 -4.230
04030 -4.209
04040 -4.173
04050 -4.122
04060 -4.062
04070 -3.993
04080 -3.921
04090 -3.846
04100 -3.768
04110 -3.686
04120 -3.599
04130 -3.504
04140 -3.401
04150 -3.291
04160 -3.178
04170 -3.063
04180 -2.952
04190 -2.847
04200 -2.749
04210 -2.658
04220 -2.572
04230 -2.489
04240 -2.409
04250 -2.330
04260 -2.253
04270 -2.180
04280 -2.113
04290 -2.054
04300 -2.006
04310 -1.967
04320 -1.935
04330 -1.907
04340 -1.880
04350 -1.851
04360 -1.818
04370 -1.782
04380 -1.745
04390 -1.708
04400 -1.674
04410 -1.644
04420 -1.617
04430 -1.591
04440 -1.561
04450 -1.526
04460 -1.484
04470 -1.436
04480 -1.382
04490 -1.327
04500 -1.275
04510 -1.229
04520 -1.190
04530 -1.156
04540 -1.126
04550 -1.098
04560 -1.069
04570 -1.040
04580 -1.013
04590 -0.990
04600 -0.976
04610 -0.975
04620 -0.988
04630 -1.014
04640 -1.052
04650 -1.098
04660 -1.147
04670 -1.197
04680 -1.249
04690 -1.303
04700 -1.361
04710 -1.427
04720 -1.502
04730 -1.585
04740 -1.673
04750 -1.763
04760 -1.849
04770 -1.928
04780 -1.998
04790 -2.059
04800 -2.115
04810 -2.168
04820 -2.221
04830 -2.275
04840 -2.330
04850 -2.381
04860 -2.425
04870 -2.459
04880 -2.481
04890 -2.492
04900 -2.496
04910 -2.496
04920 -2.497
04930 -2.500
04940 -2.508
04950 -2.518
04960 -2.528
04970 -2.535
04980 -2.537
04990 -2.534
05000 -2.529
05010 -2.524
05020 -2.524
05030 -2.532
05040 -2.547
05050 -2.570
05060 -2.598
05070 -2.626
05080 -2.653
05090 -2.676
05100 -2.694
05110 -2.711
05120 -2.728
05130 -2.748
05140 -2.773
05150 -2.803
05160 -2.836
05170 -2.869
05180 -2.897
05190 -2.919
05200 -2.933
05210 -2.940
05220 -2.943
05230 -2.945
05240 -2.948
05250 -2.956
05260 -2.966
05270 -2.976
05280 -2.984
05290 -2.985
05300 -2.980
05310 -2.967
05320 -2.951
05330 -2.933
05340 -2.918
05350 -2.908
05360 -2.904
05370 -2.904
05380 -2.905
05390 -2.904
05400 -2.899
05410 -2.889
05420 -2.876
05430 -2.861
05440 -2.848
05450 -2.840
05460 -2.836
05470 -2.837
05480 -2.840
05490 -2.842
05500 -2.839
05510 -2.831
05520 -2.815
05530 -2.794
05540 -2.770
05550 -2.746
05560 -2.724
05570 -2.705
05580 -2.688
05590 -2.670
05600 -2.647
05610 -2.618
05620 -2.580
05630 -2.534
05640 -2.484
05650 -2.432
05660 -2.382
05670 -2.336
05680 -2.293
05690 -2.253
05700 -2.212
05710 -2.167
05720 -2.117
05730 -2.061
05740 -2.003
05750 -1.944
05760 -1.889
05770 -1.840
05780 -1.799
05790 -1.764
05800 -1.734
05810 -1.703
05820 -1.671
05830 -1.636
05840 -1.598
05850 -1.560
05860 -1.523
05870 -1.492
05880 -1.467
05890 -1.449
05900 -1.435
05910 -1.423
05920 -1.409
05930 -1.389
05940 -1.365
05950 -1.335
05960 -1.304
05970 -1.275
05980 -1.250
05990 -1.231
06000 -1.217
06010 -1.207
06020 -1.195
06030 -1.179
06040 -1.158
06050 -1.133
06060 -1.105
06070 -1.079
06080 -1.059
06090 -1.047
06100 -1.043
06110 -1.047
06120 -1.054
06130 -1.061
06140 -1.066
06150 -1.068
06160 -1.069
06170 -1.072
06180 -1.080
06190 -1.098
06200 -1.124
06210 -1.159
06220 -1.198
06230 -1.238
06240 -1.275
06250 -1.308
06260 -1.337
06270 -1.363
06280 -1.391
06290 -1.422
06300 -1.460
06310 -1.503
06320 -1.550
06330 -1.597
06340 -1.640
06350 -1.678
06360 -1.710
06370 -1.736
06380 -1.761
06390 -1.788
06400 -1.821
06410 -1.860
06420 -1.905
06430 -1.954
06440 -2.002
06450 -2.047
06460 -2.086
06470 -2.122
06480 -2.155
06490 -2.191
06500 -2.232
06510 -2.280
06520 -2.334
06530 -2.393
06540 -2.452
06550 -2.508
06560 -2.558
06570 -2.602
06580 -2.639
06590 -2.674
06600 -2.709
06610 -2.747
06620 -2.788
06630 -2.831
06640 -2.872
06650 -2.910
06660 -2.940
06670 -2.960
06680 -2.973
06690 -2.979
06700 -2.982
06710 -2.985
06720 -2.991
06730 -3.000
06740 -3.011
06750 -3.020
06760 -3.025
06770 -3.023
06780 -3.014
06790 -2.999
06800 -2.981
06810 -2.965
06820 -2.954
06830 -2.948
06840 -2.948
06850 -2.951
06860 -2.954
06870 -2.953
06880 -2.947
06890 -2.936
06900 -2.923
06910 -2.912
06920 -2.905
06930 -2.905
06940 -2.911
06950 -2.923
06960 -2.936
06970 -2.946
06980 -2.952
06990 -2.952
07000 -2.948
07010 -2.942
07020 -2.938
07030 -2.938
07040 -2.944
07050 -2.954
07060 -2.966
07070 -2.976
07080 -2.981
07090 -2.981
07100 -2.974
07110 -2.963
07120 -2.952
07130 -2.943
07140 -2.939
07150 -2.941
07160 -2.947
07170 -2.953
07180 -2.957
07190 -2.955
07200 -2.947
07210 -2.935
07220 -2.920
07230 -2.906
07240 -2.897
07250 -2.894
07260 -2.896
07270 -2.900
07280 -2.901
07290 -2.898
07300 -2.887
07310 -2.870
07320 -2.848
07330 -2.824
07340 -2.802
07350 -2.784
07360 -2.771
07370 -2.759
07380 -2.746
07390 -2.729
07400 -2.706
07410 -2.674
07420 -2.637
07430 -2.597
07440 -2.558
07450 -2.522
07460 -2.492
07470 -2.467
07480 -2.445
07490 -2.422
07500 -2.395
07510 -2.364
07520 -2.327
07530 -2.289
07540 -2.251
07550 -2.218
07560 -2.193
07570 -2.176
07580 -2.165
07590 -2.157
07600 -2.148
07610 -2.135
07620 -2.118
07630 -2.097
07640 -2.076
07650 -2.058
07660 -2.046
07670 -2.041
07680 -2.042
07690 -2.045
07700 -2.047
07710 -2.043
07720 -2.031
07730 -2.011
07740 -1.987
07750 -1.960
07760 -1.935
07770 -1.914
07780 -1.895
07790 -1.878
07800 -1.858
07810 -1.833
07820 -1.800
07830 -1.758
07840 -1.711
07850 -1.660
07860 -1.611
07870 -1.567
07880 -1.529
07890 -1.497
07900 -1.467
07910 -1.438
07920 -1.405
07930 -1.368
07940 -1.328
07950 -1.286
07960 -1.248
07970 -1.216
07980 -1.194
07990 -1.180
08000 -1.172
08010 -1.167
08020 -1.161
08030 -1.150
08040 -1.135
08050 -1.117
08060 -1.100
08070 -1.087
08080 -1.080
08090 -1.080
08100 -1.084
08110 -1.090
08120 -1.093
08130 -1.090
08140 -1.079
08150 -1.063
08160 -1.043
08170 -1.022
08180 -1.005
08190 -0.992
08200 -0.983
08210 -0.976
08220 -0.968
08230 -0.956
08240 -0.938
08250 -0.914
08260 -0.887
08270 -0.860
08280 -0.838
08290 -0.822
08300 -0.815
08310 -0.815
08320 -0.820
08330 -0.825
08340 -0.829
08350 -0.830
08360 -0.830
08370 -0.832
08380 -0.839
08390 -0.854
08400 -0.880
08410 -0.913
08420 -0.953
08430 -0.994
08440 -1.034
08450 -1.070
08460 -1.101
08470 -1.131
08480 -1.161
08490 -1.195
08500 -1.233
08510 -1.277
08520 -1.322
08530 -1.365
08540 -1.403
08550 -1.432
08560 -1.452
08570 -1.464
08580 -1.469
08590 -1.471
08600 -1.471
08610 -1.472
08620 -1.471
08630 -1.466
08640 -1.454
08650 -1.432
08660 -1.400
08670 -1.358
08680 -1.310
08690 -1.258
08700 -1.208
08710 -1.161
08720 -1.118
08730 -1.080
08740 -1.042
08750 -1.004
08760 -0.963
08770 -0.919
08780 -0.874
08790 -0.831
08800 -0.794
08810 -0.766
08820 -0.746
08830 -0.734
08840 -0.726
08850 -0.719
08860 -0.710
08870 -0.697
08880 -0.681
08890 -0.664
08900 -0.648
08910 -0.637
08920 -0.630
08930 -0.627
08940 -0.626
08950 -0.623
08960 -0.616
08970 -0.603
08980 -0.583
08990 -0.558
09000 -0.531
09010 -0.506
09020 -0.483
09030 -0.463
09040 -0.445
09050 -0.428
09060 -0.408
09070 -0.383
09080 -0.354
09090 -0.322
09100 -0.288
09110 -0.257
09120 -0.230
09130 -0.210
09140 -0.195
09150 -0.185
09160 -0.176
09170 -0.167
09180 -0.156
09190 -0.143
09200 -0.130
09210 -0.119
09220 -0.112
09230 -0.112
09240 -0.118
09250 -0.129
09260 -0.142
09270 -0.155
09280 -0.165
09290 -0.172
09300 -0.176
09310 -0.179
09320 -0.184
09330 -0.193
09340 -0.205
09350 -0.221
09360 -0.239
09370 -0.255
09380 -0.268
09390 -0.276
09400 -0.279
09410 -0.278
09420 -0.276
09430 -0.275
09440 -0.276
09450 -0.280
09460 -0.286
09470 -0.291
09480 -0.293
09490 -0.290
09500 -0.283
09510 -0.271
09520 -0.257
09530 -0.244
09540 -0.235
09550 -0.230
09560 -0.229
09570 -0.230
09580 -0.231
09590 -0.230
09600 -0.227
09610 -0.221
09620 -0.215
09630 -0.211
09640 -0.212
09650 -0.218
09660 -0.230
09670 -0.247
09680 -0.267
09690 -0.286
09700 -0.305
09710 -0.323
09720 -0.340
09730 -0.359
09740 -0.382
09750 -0.410
09760 -0.445
09770 -0.485
09780 -0.529
09790 -0.574
09800 -0.619
09810 -0.663
09820 -0.706
09830 -0.749
09840 -0.794
09850 -0.843
09860 -0.896
09870 -0.954
09880 -1.015
09890 -1.076
09900 -1.136
09910 -1.193
09920 -1.247
09930 -1.298
09940 -1.347
09950 -1.397
09960 -1.448
09970 -1.501
09980 -1.555
09990 -1.609
10000 -1.661
10010 -1.710
10020 -1.754
10030 -1.794
10040 -1.831
10050 -1.867
10060 -1.904
10070 -1.942
10080 -1.983
10090 -2.025
10100 -2.068
10110 -2.109
10120 -2.147
10130 -2.183
10140 -2.216
10150 -2.249
10160 -2.282
10170 -2.318
10180 -2.358
10190 -2.400
10200 -2.444
10210 -2.489
10220 -2.533
10230 -2.574
10240 -2.613
10250 -2.649
10260 -2.684
10270 -2.720
10280 -2.757
10290 -2.796
10300 -2.835
10310 -2.873
10320 -2.908
10330 -2.937
10340 -2.960
10350 -2.977
10360 -2.987
10370 -2.993
10380 -2.997
10390 -2.998
10400 -2.998
10410 -2.995
10420 -2.988
10430 -2.976
10440 -2.957
10450 -2.932
10460 -2.901
10470 -2.868
10480 -2.833
10490 -2.799
10500 -2.767
10510 -2.737
10520 -2.708
10530 -2.678
10540 -2.647
10550 -2.612
10560 -2.575
10570 -2.537
10580 -2.499
10590 -2.463
10600 -2.430
10610 -2.401
10620 -2.373
10630 -2.347
10640 -2.320
10650 -2.290
10660 -2.256
10670 -2.220
10680 -2.181
10690 -2.142
10700 -2.105
10710 -2.069
10720 -2.035
10730 -2.001
10740 -1.966
10750 -1.928
10760 -1.886
10770 -1.839
10780 -1.790
10790 -1.739
10800 -1.688
10810 -1.641
10820 -1.597
10830 -1.557
10840 -1.519
10850 -1.481
10860 -1.444
10870 -1.407
10880 -1.370
10890 -1.335
10900 -1.304
10910 -1.280
10920 -1.263
10930 -1.253
10940 -1.250
10950 -1.251
10960 -1.255
10970 -1.260
10980 -1.266
10990 -1.272
11000 -1.279
11010 -1.289
11020 -1.303
11030 -1.321
11040 -1.342
11050 -1.364
11060 -1.386
11070 -1.405
11080 -1.418
11090 -1.426
11100 -1.428
11110 -1.426
11120 -1.420
11130 -1.414
11140 -1.405
11150 -1.394
11160 -1.379
11170 -1.357
11180 -1.326
11190 -1.285
11200 -1.234
11210 -1.175
11220 -1.110
11230 -1.042
11240 -0.973
11250 -0.903
11260 -0.831
11270 -0.755
11280 -0.676
11290 -0.590
11300 -0.500
11310 -0.406
11320 -0.311
11330 -0.218
11340 -0.129
11350 -0.047
11360 +0.030
11370 +0.101
11380 +0.170
11390 +0.238
11400 +0.305
11410 +0.372
11420 +0.438
11430 +0.500
11440 +0.557
11450 +0.606
11460 +0.649
11470 +0.684
11480 +0.716
11490 +0.746
11500 +0.777
11510 +0.811
11520 +0.847
11530 +0.885
11540 +0.923
11550 +0.958
11560 +0.989
11570 +1.017
11580 +1.043
11590 +1.070
11600 +1.101
11610 +1.138
11620 +1.182
11630 +1.232
11640 +1.286
11650 +1.341
11660 +1.395
11670 +1.446
11680 +1.493
11690 +1.539
11700 +1.587
11710 +1.638
11720 +1.694
11730 +1.755
11740 +1.820
11750 +1.884
11760 +1.944
11770 +1.998
11780 +2.045
11790 +2.086
11800 +2.122
11810 +2.157
11820 +2.195
11830 +2.236
11840 +2.279
11850 +2.324
11860 +2.367
11870 +2.404
11880 +2.434
11890 +2.456
11900 +2.472
11910 +2.486
11920 +2.501
11930 +2.521
11940 +2.548
11950 +2.580
11960 +2.614
11970 +2.647
11980 +2.675
11990 +2.695
12000 +2.709
12010 +2.720
12020 +2.732
12030 +2.749
12040 +2.774
12050 +2.808
12060 +2.847
12070 +2.888
12080 +2.926
12090 +2.957
12100 +2.979
12110 +2.994
12120 +3.006
12130 +3.021
12140 +3.043
12150 +3.074
12160 +3.112
12170 +3.155
12180 +3.196
12190 +3.230
12200 +3.254
12210 +3.267
12220 +3.274
12230 +3.279
12240 +3.289
12250 +3.309
12260 +3.340
12270 +3.379
12280 +3.421
12290 +3.461
12300 +3.491
12310 +3.510
12320 +3.518
12330 +3.521
12340 +3.527
12350 +3.541
12360 +3.570
12370 +3.612
12380 +3.663
12390 +3.715
12400 +3.759
12410 +3.789
12420 +3.802
12430 +3.800
12440 +3.792
12450 +3.786
12460 +3.790
12470 +3.806
12480 +3.829
12490 +3.852
12500 +3.861
12510 +3.845
12520 +3.797
12530 +3.716
12540 +3.610
12550 +3.490
12560 +3.371
12570 +3.259
12580 +3.154
12590 +3.047
12600 +2.925
12610 +2.772
12620 +2.579
12630 +2.345
12640 +2.077
12650 +1.793
12660 +1.511
12670 +1.244
12680 +0.996
12690 +0.760
12700 +0.519
12710 +0.253
12720 -0.051
12730 -0.399
12740 -0.784
12750 -1.185
12760 -1.579
12770 -1.946
12780 -2.276
12790 -2.578
12800 -2.870
12810 -3.174
12820 -3.512
12830 -3.887
12840 -4.289
12850 -4.690
12860 -5.054
12870 -5.351
12880 -5.567
12890 -5.712
12900 -5.810
12910 -5.890
12920 -5.970
12930 -6.053
12940 -6.123
12950 -6.154
12960 -6.120
12970 -6.007
12980 -5.824
12990 -5.592
13000 -5.342
13010 -5.099
13020 -4.881
13030 -4.694
13040 -4.533
13050 -4.384
13060 -4.233
13070 -4.067
13080 -3.884
13090 -3.691
13100 -3.502
13110 -3.333
13120 -3.200
13130 -3.111
13140 -3.067
13150 -3.056
13160 -3.062
13170 -3.064
13180 -3.049
13190 -3.013
13200 -2.963
13210 -2.913
13220 -2.879
13230 -2.874
13240 -2.903
13250 -2.959
13260 -3.026
13270 -3.086
13280 -3.122
13290 -3.127
13300 -3.105
13310 -3.068
13320 -3.035
13330 -3.020
13340 -3.034
13350 -3.076
13360 -3.136
13370 -3.200
13380 -3.250
13390 -3.275
13400 -3.274
13410 -3.255
13420 -3.234
13430 -3.227
13440 -3.247
13450 -3.302
13460 -3.388
13470 -3.492
13480 -3.597
13490 -3.687
13500 -3.754
13510 -3.798
13520 -3.831
13530 -3.869
13540 -3.931
13550 -4.025
13560 -4.155
13570 -4.309
13580 -4.469
13590 -4.612
13600 -4.723
13610 -4.796
13620 -4.841
13630 -4.874
13640 -4.913
13650 -4.973
13660 -5.059
13670 -5.163
13680 -5.268
13690 -5.351
13700 -5.396
13710 -5.396
13720 -5.358
13730 -5.298
13740 -5.236
13750 -5.188
13760 -5.163
13770 -5.159
13780 -5.166
13790 -5.166
13800 -5.142
13810 -5.086
13820 -5.000
13830 -4.893
13840 -4.784
13850 -4.690
13860 -4.623
13870 -4.588
13880 -4.582
13890 -4.592
13900 -4.599
13910 -4.590
13920 -4.557
13930 -4.504
13940 -4.444
13950 -4.394
13960 -4.370
13970 -4.384
13980 -4.437
13990 -4.516
14000 -4.606
14010 -4.683
14020 -4.735
14030 -4.758
14040 -4.760
14050 -4.758
14060 -4.772
14070 -4.816
14080 -4.896
14090 -5.004
14100 -5.125
14110 -5.237
14120 -5.320
14130 -5.367
14140 -5.381
14150 -5.379
14160 -5.378
14170 -5.399
14180 -5.451
14190 -5.535
14200 -5.639
14210 -5.743
14220 -5.826
14230 -5.876
14240 -5.889
14250 -5.878
14260 -5.861
14270 -5.859
14280 -5.889
14290 -5.957
14300 -6.058
14310 -6.177
14320 -6.289
14330 -6.374
14340 -6.424
14350 -6.443
14360 -6.447
14370 -6.461
14380 -6.504
14390 -6.590
14400 -6.718
14410 -6.872
14420 -7.028
14430 -7.159
14440 -7.250
14450 -7.300
14460 -7.324
14470 -7.345
14480 -7.389
14490 -7.470
14500 -7.591
14510 -7.738
14520 -7.887
14530 -8.010
14540 -8.087
14550 -8.116
14560 -8.108
14570 -8.088
14580 -8.079
14590 -8.098
14600 -8.151
14610 -8.227
14620 -8.307
14630 -8.365
14640 -8.383
14650 -8.354
14660 -8.287
14670 -8.203
14680 -8.122
14690 -8.063
14700 -8.034
14710 -8.032
14720 -8.040
14730 -8.038
14740 -8.006
14750 -7.935
14760 -7.827
14770 -7.698
14780 -7.565
14790 -7.447
14800 -7.354
14810 -7.285
14820 -7.230
14830 -7.175
14840 -7.101
14850 -6.999
14860 -6.866
14870 -6.712
14880 -6.550
14890 -6.396
14900 -6.261
14910 -6.150
14920 -6.061
14930 -5.985
14940 -5.910
14950 -5.825
14960 -5.723
14970 -5.606
14980 -5.481
14990 -5.360
15000 -5.255
15010 -5.175
15020 -5.127
15030 -5.107
15040 -5.108
15050 -5.117
15060 -5.122
15070 -5.115
15080 -5.096
15090 -5.072
15100 -5.053
15110 -5.053
15120 -5.081
15130 -5.139
15140 -5.221
15150 -5.312
15160 -5.393
15170 -5.449
15180 -5.472
15190 -5.466
15200 -5.442
15210 -5.416
15220 -5.398
15230 -5.393
15240 -5.396
15250 -5.393
15260 -5.368
15270 -5.305
15280 -5.200
15290 -5.057
15300 -4.886
15310 -4.703
15320 -4.519
15330 -4.340
15340 -4.169
15350 -3.999
15360 -3.822
15370 -3.628
15380 -3.413
15390 -3.175
15400 -2.921
15410 -2.657
15420 -2.396
15430 -2.145
15440 -1.913
15450 -1.703
15460 -1.511
15470 -1.333
15480 -1.160
15490 -0.982
15500 -0.798
15510 -0.608
15520 -0.421
15530 -0.248
15540 -0.102
15550 +0.009
15560 +0.083
15570 +0.128
15580 +0.157
15590 +0.188
15600 +0.233
15610 +0.294
15620 +0.367
15630 +0.439
15640 +0.497
15650 +0.529
15660 +0.532
15670 +0.513
15680 +0.486
15690 +0.468
15700 +0.473
15710 +0.506
15720 +0.566
15730 +0.641
15740 +0.718
15750 +0.785
15760 +0.831
15770 +0.859
15780 +0.875
15790 +0.895
15800 +0.933
15810 +1.000
15820 +1.100
15830 +1.228
15840 +1.371
15850 +1.515
15860 +1.644
15870 +1.748
15880 +1.828
15890 +1.895
15900 +1.966
15910 +2.060
15920 +2.188
15930 +2.349
15940 +2.532
15950 +2.718
15960 +2.883
15970 +3.009
15980 +3.090
15990 +3.138
16000 +3.174
16010 +3.224
16020 +3.306
16030 +3.421
16040 +3.561
16050 +3.703
16060 +3.825
16070 +3.906
16080 +3.939
16090 +3.935
16100 +3.915
16110 +3.905
16120 +3.923
16130 +3.979
16140 +4.066
16150 +4.169
16160 +4.266
16170 +4.337
16180 +4.368
16190 +4.361
16200 +4.328
16210 +4.293
16220 +4.281
16230 +4.308
16240 +4.378
16250 +4.480
16260 +4.591
16270 +4.683
16280 +4.732
16290 +4.728
16300 +4.679
16310 +4.612
16320 +4.558
16330 +4.542
16340 +4.573
16350 +4.637
16360 +4.707
16370 +4.750
16380 +4.737
16390 +4.659
16400 +4.529
16410 +4.375
16420 +4.232
16430 +4.124
16440 +4.055
16450 +4.016
16460 +3.980
16470 +3.922
16480 +3.820
16490 +3.666
16500 +3.470
16510 +3.253
16520 +3.042
16530 +2.855
16540 +2.702
16550 +2.581
16560 +2.479
16570 +2.379
16580 +2.264
16590 +2.122
16600 +1.952
16610 +1.763
16620 +1.574
16630 +1.407
16640 +1.279
16650 +1.200
16660 +1.166
16670 +1.161
16680 +1.163
16690 +1.150
16700 +1.108
16710 +1.037
16720 +0.951
16730 +0.870
16740 +0.819
16750 +0.808
16760 +0.836
16770 +0.888
16780 +0.939
16790 +0.965
16800 +0.949
16810 +0.889
16820 +0.797
16830 +0.692
16840 +0.599
16850 +0.532
16860 +0.495
16870 +0.480
16880 +0.469
16890 +0.441
16900 +0.380
16910 +0.279
16920 +0.145
16930 -0.008
16940 -0.157
16950 -0.285
16960 -0.378
16970 -0.434
16980 -0.462
16990 -0.475
17000 -0.492
17010 -0.524
17020 -0.576
17030 -0.638
17040 -0.692
17050 -0.713
17060 -0.681
17070 -0.591
17080 -0.450
17090 -0.279
17100 -0.109
17110 +0.033
17120 +0.133
17130 +0.191
17140 +0.221
17150 +0.247
17160 +0.291
17170 +0.358
17180 +0.443
17190 +0.526
17200 +0.582
17210 +0.590
17220 +0.540
17230 +0.437
17240 +0.298
17250 +0.148
17260 +0.008
17270 -0.110
17280 -0.206
17290 -0.287
17300 -0.368
17310 -0.460
17320 -0.570
17330 -0.696
17340 -0.826
17350 -0.944
17360 -1.029
17370 -1.063
17380 -1.035
17390 -0.943
17400 -0.794
17410 -0.607
17420 -0.402
17430 -0.198
17440 -0.009
17450 +0.164
17460 +0.328
17470 +0.499
17480 +0.687
17490 +0.894
17500 +1.111
17510 +1.315
17520 +1.480
17530 +1.585
17540 +1.619
17550 +1.590
17560 +1.516
17570 +1.425
17580 +1.338
17590 +1.266
17600 +1.207
17610 +1.146
17620 +1.068
17630 +0.956
17640 +0.805
17650 +0.621
17660 +0.419
17670 +0.220
17680 +0.048
17690 -0.080
17700 -0.153
17710 -0.166
17720 -0.124
17730 -0.034
17740 +0.095
17750 +0.257
17760 +0.451
17770 +0.687
17780 +0.976
17790 +1.334
17800 +1.768
17810 +2.269
17820 +2.814
17830 +3.366
17840 +3.877
17850 +4.304
17860 +4.614
17870 +4.807
17880 +4.905
17890 +4.948
17900 +4.968
17910 +4.979
17920 +4.969
17930 +4.913
17940 +4.784
17950 +4.568
17960 +4.273
17970 +3.925
17980 +3.564
17990 +3.225
18000 +2.934
18010 +2.699
18020 +2.517
18030 +2.370
18040 +2.243
18050 +2.122
18060 +2.008
18070 +1.909
18080 +1.848
18090 +1.850
18100 +1.937
18110 +2.125
18120 +2.413
18130 +2.786
18140 +3.216
18150 +3.668
18160 +4.109
18170 +4.512
18180 +4.868
18190 +5.187
18200 +5.489
18210 +5.797
18220 +6.121
18230 +6.447
18240 +6.741
18250 +6.958
18260 +7.055
18270 +7.017
18280 +6.861
18290 +6.633
18300 +6.384
18310 +6.156
18320 +5.967
18330 +5.811
18340 +5.666
18350 +5.503
18360 +5.300
18370 +5.053
18380 +4.778
18390 +4.503
18400 +4.264
18410 +4.089
18420 +3.999
18430 +3.998
18440 +4.077
18450 +4.218
18460 +4.399
18470 +4.602
18480 +4.818
18490 +5.050
18500 +5.311
18510 +5.623
18520 +6.010
18530 +6.487
18540 +7.057
18550 +7.706
18560 +8.403
18570 +9.102
18580 +9.757
18590 +10.337
18600 +10.836
18610 +11.286
18620 +11.735
18630 +12.230
18640 +12.790
18650 +13.388
18660 +13.947
18670 +14.364
18680 +14.555
18690 +14.518
18700 +14.333
18710 +14.111
18720 +13.947
18730 +13.890
18740 +13.944
18750 +14.069
18760 +14.201
18770 +14.282
18780 +14.285
18790 +14.237
18800 +14.197
18810 +14.239
18820 +14.424
18830 +14.797
18840 +15.368
18850 +16.107
18860 +16.927
18870 +17.681
18880 +18.206
18890 +18.416
18900 +18.358
18910 +18.156
18920 +17.912
18930 +17.653
18940 +17.332
18950 +16.872
18960 +16.229
18970 +15.439
18980 +14.595
18990 +13.787
19000 +13.075
19010 +12.483
19020 +12.004
19030 +11.613
19040 +11.271
19050 +10.933
19060 +10.565
19070 +10.156
19080 +9.722
19090 +9.292
19100 +8.899
19110 +8.561
19120 +8.284
19130 +8.058
19140 +7.865
19150 +7.676
19160 +7.467
19170 +7.222
19180 +6.946
19190 +6.658
19200 +6.384
19210 +6.143
19220 +5.944
19230 +5.785
19240 +5.651
19250 +5.523
19260 +5.378
19270 +5.202
19280 +4.994
19290 +4.767
19300 +4.545
19310 +4.348
19320 +4.188
19330 +4.062
19340 +3.962
19350 +3.868
19360 +3.759
19370 +3.617
19380 +3.439
19390 +3.235
19400 +3.029
19410 +2.843
19420 +2.694
19430 +2.582
19440 +2.499
19450 +2.424
19460 +2.334
19470 +2.207
19480 +2.032
19490 +1.815
19500 +1.582
19510 +1.362
19520 +1.178
19530 +1.038
19540 +0.934
19550 +0.844
19560 +0.738
19570 +0.583
19580 +0.355
19590 +0.054
19600 -0.295
19610 -0.645
19620 -0.950
19630 -1.182
19640 -1.341
19650 -1.451
19660 -1.551
19670 -1.683
19680 -1.873
19690 -2.119
19700 -2.378
19710 -2.587
19720 -2.696
19730 -2.689
19740 -2.587
19750 -2.430
19760 -2.268
19770 -2.149
19780 -2.111
19790 -2.166
19800 -2.296
19810 -2.448
19820 -2.561
19830 -2.591
19840 -2.523
19850 -2.374
19860 -2.183
19870 -2.003
19880 -1.887
19890 -1.879
19900 -1.991
19910 -2.193
19920 -2.418
19930 -2.590
19940 -2.656
19950 -2.603
19960 -2.464
19970 -2.309
19980 -2.236
19990 -2.352
20000 -2.733
20010 -3.387
20020 -4.222
20030 -5.077
20040 -5.773
20050 -6.193
20060 -6.325
20070 -6.264
20080 -6.137
20090 -6.039
20100 -6.010
20110 -6.027
20120 -6.038
20130 -5.985
20140 -5.829
20150 -5.565
20160 -5.219
20170 -4.835
20180 -4.470
20190 -4.180
20200 -4.009
20210 -3.970
20220 -4.043
20230 -4.171
20240 -4.287
20250 -4.329
20260 -4.263
20270 -4.096
20280 -3.865
20290 -3.635
20300 -3.477
20310 -3.449
20320 -3.573
20330 -3.825
20340 -4.140
20350 -4.438
20360 -4.645
20370 -4.725
20380 -4.687
20390 -4.591
20400 -4.536
20410 -4.630
20420 -4.954
20430 -5.527
20440 -6.284
20450 -7.084
20460 -7.730
20470 -8.018
20480 -7.859
20490 -7.357
20500 -6.737
20510 -6.196
20520 -5.816
20530 -5.575
20540 -5.397
20550 -5.212
20560 -4.974
20570 -4.670
20580 -4.316
20590 -3.944
20600 -3.599
20610 -3.330
20620 -3.170
20630 -3.134
20640 -3.203
20650 -3.330
20660 -3.457
20670 -3.526
20680 -3.498
20690 -3.364
20700 -3.150
20710 -2.911
20720 -2.715
20730 -2.620
20740 -2.654
20750 -2.798
20760 -2.997
20770 -3.176
20780 -3.268
20790 -3.231
20800 -3.062
20810 -2.803
20820 -2.531
20830 -2.334
20840 -2.274
20850 -2.362
20860 -2.553
20870 -2.762
20880 -2.902
20890 -2.902
20900 -2.733
20910 -2.421
20920 -2.044
20930 -1.710
20940 -1.511
20950 -1.487
20960 -1.601
20970 -1.764
20980 -1.875
20990 -1.853
21000 -1.661
21010 -1.318
21020 -0.901
21030 -0.521
21040 -0.284
21050 -0.240
21060 -0.363
21070 -0.573
21080 -0.777
21090 -0.900
21100 -0.902
21110 -0.785
21120 -0.596
21130 -0.414
21140 -0.327
21150 -0.392
21160 -0.613
21170 -0.944
21180 -1.309
21190 -1.637
21200 -1.870
21210 -1.979
21220 -1.968
21230 -1.886
21240 -1.812
21250 -1.830
21260 -1.986
21270 -2.271
21280 -2.627
21290 -2.975
21300 -3.240
21310 -3.369
21320 -3.342
21330 -3.192
21340 -2.996
21350 -2.856
21360 -2.851
21370 -2.996
21380 -3.247
21390 -3.523
21400 -3.745
21410 -3.854
21420 -3.822
21430 -3.670
21440 -3.465
21450 -3.301
21460 -3.261
21470 -3.374
21480 -3.614
21490 -3.916
21500 -4.207
21510 -4.429
21520 -4.546
21530 -4.553
21540 -4.485
21550 -4.406
21560 -4.393
21570 -4.496
21580 -4.722
21590 -5.030
21600 -5.360
21610 -5.645
21620 -5.831
21630 -5.881
21640 -5.794
21650 -5.616
21660 -5.425
21670 -5.305
21680 -5.304
21690 -5.410
21700 -5.567
21710 -5.701
21720 -5.738
21730 -5.629
21740 -5.363
21750 -4.982
21760 -4.572
21770 -4.238
21780 -4.051
21790 -4.018
21800 -4.088
21810 -4.179
21820 -4.213
21830 -4.134
21840 -3.924
21850 -3.604
21860 -3.245
21870 -2.941
21880 -2.775
21890 -2.776
21900 -2.912
21910 -3.110
21920 -3.291
21930 -3.391
21940 -3.371
21950 -3.225
21960 -2.991
21970 -2.743
21980 -2.573
21990 -2.547
22000 -2.674
22010 -2.902
22020 -3.150
22030 -3.335
22040 -3.392
22050 -3.287
22060 -3.027
22070 -2.674
22080 -2.332
22090 -2.113
22100 -2.076
22110 -2.198
22120 -2.391
22130 -2.553
22140 -2.598
22150 -2.473
22160 -2.172
22170 -1.749
22180 -1.310
22190 -0.989
22200 -0.880
22210 -0.979
22220 -1.200
22230 -1.427
22240 -1.561
22250 -1.543
22260 -1.356
22270 -1.035
22280 -0.672
22290 -0.393
22300 -0.304
22310 -0.428
22320 -0.698
22330 -1.003
22340 -1.243
22350 -1.348
22360 -1.285
22370 -1.068
22380 -0.756
22390 -0.458
22400 -0.289
22410 -0.314
22420 -0.506
22430 -0.770
22440 -0.998
22450 -1.107
22460 -1.045
22470 -0.803
22480 -0.423
22490 -0.000
22500 +0.330
22510 +0.463
22520 +0.385
22530 +0.181
22540 -0.026
22550 -0.135
22560 -0.079
22570 +0.163
22580 +0.561
22590 +1.028
22600 +1.425
22610 +1.619
22620 +1.570
22630 +1.354
22640 +1.100
22650 +0.925
22660 +0.904
22670 +1.066
22680 +1.396
22690 +1.821
22700 +2.217
22710 +2.443
22720 +2.424
22730 +2.202
22740 +1.900
22750 +1.645
22760 +1.524
22770 +1.584
22780 +1.830
22790 +2.219
22800 +2.651
22810 +2.978
22820 +3.071
22830 +2.909
22840 +2.590
22850 +2.261
22860 +2.039
22870 +1.996
22880 +2.161
22890 +2.514
22900 +2.978
22910 +3.401
22920 +3.606
22930 +3.496
22940 +3.139
22950 +2.700
22960 +2.333
22970 +2.136
22980 +2.152
22990 +2.377
23000 +2.752
23010 +3.147
23020 +3.376
23030 +3.293
23040 +2.911
23050 +2.379
23060 +1.869
23070 +1.497
23080 +1.322
23090 +1.355
23100 +1.562
23110 +1.853
23120 +2.082
23130 +2.088
23140 +1.806
23150 +1.314
23160 +0.767
23170 +0.304
23180 +0.008
23190 -0.081
23200 +0.035
23210 +0.308
23220 +0.632
23230 +0.845
23240 +0.804
23250 +0.489
23260 +0.021
23270 -0.438
23280 -0.762
23290 -0.881
23300 -0.771
23310 -0.455
23320 -0.020
23330 +0.372
23340 +0.523
23350 +0.335
23360 -0.101
23370 -0.591
23380 -0.972
23390 -1.149
23400 -1.082
23410 -0.786
23420 -0.332
23430 +0.122
23440 +0.363
23450 +0.242
23460 -0.184
23470 -0.714
23480 -1.158
23490 -1.398
23500 -1.387
23510 -1.123
23520 -0.654
23530 -0.107
23540 +0.309
23550 +0.384
23560 +0.082
23570 -0.421
23580 -0.895
23590 -1.181
23600 -1.197
23610 -0.912
23620 -0.337
23630 +0.444
23640 +1.227
23650 +1.678
23660 +1.563
23670 +1.016
23680 +0.387
23690 -0.052
23700 -0.159
23710 +0.127
23720 +0.827
23730 +1.909
23740 +3.190
23750 +4.161
23760 +4.176
23770 +3.313
23780 +2.265
23790 +1.511
23800 +1.230
23810 +1.484
23820 +2.314
23830 +3.758
23840 +5.749
23850 +7.637
23860 +7.775
23870 +6.129
23880 +4.375
23890 +3.223
23900 +2.780
23910 +3.056
23920 +4.108
23930 +6.085
23940 +9.209
23950 +12.693
23960 +11.622
23970 +8.106
23980 +5.636
23990 +4.279
