00000 -4.705
00010 -3.966
00020 -2.757
00030 -1.901
00040 -1.408
00050 -1.158
00060 -1.071
00070 -1.115
00080 -1.275
00090 -1.535
00100 -1.831
00110 -2.035
00120 -2.026
00130 -1.821
00140 -1.540
00150 -1.284
00160 -1.093
00170 -0.980
00180 -0.941
00190 -0.971
00200 -1.056
00210 -1.167
00220 -1.260
00230 -1.293
00240 -1.251
00250 -1.153
00260 -1.035
00270 -0.928
00280 -0.855
00290 -0.827
00300 -0.848
00310 -0.913
00320 -1.003
00330 -1.087
00340 -1.135
00350 -1.133
00360 -1.088
00370 -1.022
00380 -0.961
00390 -0.926
00400 -0.932
00410 -0.985
00420 -1.080
00430 -1.194
00440 -1.300
00450 -1.369
00460 -1.392
00470 -1.379
00480 -1.354
00490 -1.342
00500 -1.364
00510 -1.431
00520 -1.542
00530 -1.680
00540 -1.814
00550 -1.913
00560 -1.963
00570 -1.967
00580 -1.948
00590 -1.928
00600 -1.929
00610 -1.960
00620 -2.020
00630 -2.098
00640 -2.173
00650 -2.226
00660 -2.244
00670 -2.230
00680 -2.194
00690 -2.153
00700 -2.124
00710 -2.119
00720 -2.142
00730 -2.191
00740 -2.255
00750 -2.316
00760 -2.359
00770 -2.374
00780 -2.364
00790 -2.339
00800 -2.314
00810 -2.304
00820 -2.319
00830 -2.360
00840 -2.418
00850 -2.479
00860 -2.523
00870 -2.538
00880 -2.522
00890 -2.484
00900 -2.440
00910 -2.403
00920 -2.385
00930 -2.390
00940 -2.411
00950 -2.438
00960 -2.457
00970 -2.456
00980 -2.431
00990 -2.388
01000 -2.338
01010 -2.291
01020 -2.258
01030 -2.244
01040 -2.248
01050 -2.265
01060 -2.284
01070 -2.296
01080 -2.293
01090 -2.273
01100 -2.242
01110 -2.207
01120 -2.177
01130 -2.159
01140 -2.158
01150 -2.172
01160 -2.196
01170 -2.220
01180 -2.234
01190 -2.231
01200 -2.210
01210 -2.176
01220 -2.138
01230 -2.104
01240 -2.083
01250 -2.077
01260 -2.084
01270 -2.094
01280 -2.097
01290 -2.083
01300 -2.047
01310 -1.994
01320 -1.931
01330 -1.870
01340 -1.820
01350 -1.786
01360 -1.769
01370 -1.761
01380 -1.754
01390 -1.738
01400 -1.708
01410 -1.665
01420 -1.616
01430 -1.568
01440 -1.530
01450 -1.508
01460 -1.504
01470 -1.513
01480 -1.529
01490 -1.544
01500 -1.551
01510 -1.548
01520 -1.534
01530 -1.514
01540 -1.496
01550 -1.485
01560 -1.488
01570 -1.507
01580 -1.540
01590 -1.578
01600 -1.613
01610 -1.636
01620 -1.642
01630 -1.634
01640 -1.621
01650 -1.613
01660 -1.622
01670 -1.652
01680 -1.700
01690 -1.758
01700 -1.810
01710 -1.846
01720 -1.862
01730 -1.862
01740 -1.855
01750 -1.854
01760 -1.866
01770 -1.895
01780 -1.939
01790 -1.990
01800 -2.035
01810 -2.067
01820 -2.082
01830 -2.081
01840 -2.071
01850 -2.061
01860 -2.059
01870 -2.069
01880 -2.091
01890 -2.119
01900 -2.147
01910 -2.165
01920 -2.169
01930 -2.157
01940 -2.134
01950 -2.104
01960 -2.075
01970 -2.053
01980 -2.040
01990 -2.033
02000 -2.029
02010 -2.020
02020 -2.001
02030 -1.968
02040 -1.921
02050 -1.864
02060 -1.805
02070 -1.750
02080 -1.707
02090 -1.678
02100 -1.663
02110 -1.657
02120 -1.655
02130 -1.650
02140 -1.639
02150 -1.625
02160 -1.612
02170 -1.609
02180 -1.620
02190 -1.648
02200 -1.691
02210 -1.741
02220 -1.788
02230 -1.823
02240 -1.841
02250 -1.842
02260 -1.832
02270 -1.816
02280 -1.802
02290 -1.794
02300 -1.792
02310 -1.792
02320 -1.788
02330 -1.772
02340 -1.742
02350 -1.696
02360 -1.638
02370 -1.573
02380 -1.508
02390 -1.448
02400 -1.396
02410 -1.352
02420 -1.310
02430 -1.267
02440 -1.217
02450 -1.159
02460 -1.093
02470 -1.024
02480 -0.957
02490 -0.901
02500 -0.859
02510 -0.833
02520 -0.823
02530 -0.824
02540 -0.830
02550 -0.838
02560 -0.846
02570 -0.857
02580 -0.876
02590 -0.909
02600 -0.962
02610 -1.036
02620 -1.130
02630 -1.239
02640 -1.354
02650 -1.468
02660 -1.576
02670 -1.678
02680 -1.776
02690 -1.872
02700 -1.970
02710 -2.071
02720 -2.172
02730 -2.267
02740 -2.348
02750 -2.409
02760 -2.446
02770 -2.458
02780 -2.449
02790 -2.423
02800 -2.387
02810 -2.345
02820 -2.300
02830 -2.254
02840 -2.207
02850 -2.156
02860 -2.100
02870 -2.041
02880 -1.980
02890 -1.920
02900 -1.868
02910 -1.827
02920 -1.800
02930 -1.790
02940 -1.794
02950 -1.808
02960 -1.828
02970 -1.850
02980 -1.871
02990 -1.892
03000 -1.913
03010 -1.939
03020 -1.974
03030 -2.017
03040 -2.068
03050 -2.123
03060 -2.177
03070 -2.225
03080 -2.263
03090 -2.289
03100 -2.305
03110 -2.316
03120 -2.324
03130 -2.332
03140 -2.340
03150 -2.345
03160 -2.344
03170 -2.332
03180 -2.306
03190 -2.265
03200 -2.210
03210 -2.146
03220 -2.078
03230 -2.008
03240 -1.939
03250 -1.872
03260 -1.806
03270 -1.739
03280 -1.669
03290 -1.596
03300 -1.520
03310 -1.446
03320 -1.377
03330 -1.317
03340 -1.268
03350 -1.232
03360 -1.209
03370 -1.196
03380 -1.191
03390 -1.190
03400 -1.191
03410 -1.193
03420 -1.198
03430 -1.207
03440 -1.223
03450 -1.246
03460 -1.277
03470 -1.314
03480 -1.354
03490 -1.391
03500 -1.424
03510 -1.450
03520 -1.469
03530 -1.483
03540 -1.494
03550 -1.506
03560 -1.520
03570 -1.535
03580 -1.549
03590 -1.559
03600 -1.562
03610 -1.555
03620 -1.538
03630 -1.512
03640 -1.481
03650 -1.447
03660 -1.413
03670 -1.381
03680 -1.350
03690 -1.319
03700 -1.283
03710 -1.241
03720 -1.191
03730 -1.136
03740 -1.077
03750 -1.018
03760 -0.964
03770 -0.917
03780 -0.878
03790 -0.847
03800 -0.823
03810 -0.802
03820 -0.784
03830 -0.768
03840 -0.756
03850 -0.750
03860 -0.753
03870 -0.770
03880 -0.800
03890 -0.844
03900 -0.899
03910 -0.960
03920 -1.022
03930 -1.080
03940 -1.134
03950 -1.182
03960 -1.227
03970 -1.269
03980 -1.312
03990 -1.355
04000 -1.395
04010 -1.428
04020 -1.449
04030 -1.456
04040 -1.448
04050 -1.425
04060 -1.392
04070 -1.352
04080 -1.311
04090 -1.269
04100 -1.229
04110 -1.188
04120 -1.145
04130 -1.096
04140 -1.042
04150 -0.983
04160 -0.922
04170 -0.862
04180 -0.806
04190 -0.758
04200 -0.718
04210 -0.686
04220 -0.661
04230 -0.638
04240 -0.616
04250 -0.592
04260 -0.566
04270 -0.538
04280 -0.512
04290 -0.489
04300 -0.471
04310 -0.458
04320 -0.450
04330 -0.443
04340 -0.434
04350 -0.417
04360 -0.391
04370 -0.356
04380 -0.313
04390 -0.266
04400 -0.218
04410 -0.172
04420 -0.128
04430 -0.085
04440 -0.039
04450 +0.014
04460 +0.077
04470 +0.151
04480 +0.234
04490 +0.323
04500 +0.412
04510 +0.496
04520 +0.574
04530 +0.644
04540 +0.709
04550 +0.774
04560 +0.843
04570 +0.916
04580 +0.994
04590 +1.074
04600 +1.150
04610 +1.217
04620 +1.271
04630 +1.310
04640 +1.336
04650 +1.353
04660 +1.368
04670 +1.386
04680 +1.407
04690 +1.432
04700 +1.457
04710 +1.477
04720 +1.487
04730 +1.486
04740 +1.474
04750 +1.457
04760 +1.442
04770 +1.435
04780 +1.441
04790 +1.460
04800 +1.490
04810 +1.524
04820 +1.557
04830 +1.584
04840 +1.603
04850 +1.617
04860 +1.631
04870 +1.653
04880 +1.687
04890 +1.734
04900 +1.791
04910 +1.852
04920 +1.909
04930 +1.955
04940 +1.986
04950 +2.002
04960 +2.009
04970 +2.012
04980 +2.018
04990 +2.031
05000 +2.050
05010 +2.070
05020 +2.085
05030 +2.087
05040 +2.074
05050 +2.043
05060 +1.999
05070 +1.951
05080 +1.908
05090 +1.876
05100 +1.860
05110 +1.858
05120 +1.865
05130 +1.874
05140 +1.879
05150 +1.876
05160 +1.867
05170 +1.860
05180 +1.862
05190 +1.883
05200 +1.927
05210 +1.993
05220 +2.075
05230 +2.162
05240 +2.244
05250 +2.313
05260 +2.366
05270 +2.408
05280 +2.447
05290 +2.493
05300 +2.551
05310 +2.621
05320 +2.698
05330 +2.769
05340 +2.824
05350 +2.853
05360 +2.852
05370 +2.827
05380 +2.789
05390 +2.748
05400 +2.714
05410 +2.691
05420 +2.675
05430 +2.658
05440 +2.630
05450 +2.585
05460 +2.521
05470 +2.442
05480 +2.359
05490 +2.283
05500 +2.224
05510 +2.188
05520 +2.173
05530 +2.175
05540 +2.186
05550 +2.198
05560 +2.204
05570 +2.204
05580 +2.203
05590 +2.207
05600 +2.226
05610 +2.266
05620 +2.329
05630 +2.410
05640 +2.500
05650 +2.587
05660 +2.661
05670 +2.714
05680 +2.745
05690 +2.760
05700 +2.769
05710 +2.779
05720 +2.795
05730 +2.816
05740 +2.834
05750 +2.837
05760 +2.812
05770 +2.754
05780 +2.662
05790 +2.545
05800 +2.417
05810 +2.291
05820 +2.176
05830 +2.077
05840 +1.989
05850 +1.904
05860 +1.813
05870 +1.709
05880 +1.592
05890 +1.468
05900 +1.346
05910 +1.239
05920 +1.156
05930 +1.101
05940 +1.071
05950 +1.057
05960 +1.048
05970 +1.032
05980 +1.004
05990 +0.961
06000 +0.911
06010 +0.862
06020 +0.826
06030 +0.808
06040 +0.807
06050 +0.816
06060 +0.821
06070 +0.810
06080 +0.772
06090 +0.706
06100 +0.616
06110 +0.513
06120 +0.410
06130 +0.316
06140 +0.233
06150 +0.157
06160 +0.077
06170 -0.019
06180 -0.138
06190 -0.282
06200 -0.444
06210 -0.613
06220 -0.774
06230 -0.917
06240 -1.035
06250 -1.132
06260 -1.214
06270 -1.288
06280 -1.364
06290 -1.444
06300 -1.526
06310 -1.603
06320 -1.668
06330 -1.713
06340 -1.732
06350 -1.727
06360 -1.704
06370 -1.672
06380 -1.642
06390 -1.621
06400 -1.614
06410 -1.621
06420 -1.635
06430 -1.650
06440 -1.658
06450 -1.655
06460 -1.644
06470 -1.630
06480 -1.623
06490 -1.632
06500 -1.662
06510 -1.713
06520 -1.780
06530 -1.852
06540 -1.918
06550 -1.973
06560 -2.012
06570 -2.039
06580 -2.061
06590 -2.086
06600 -2.120
06610 -2.165
06620 -2.217
06630 -2.268
06640 -2.309
06650 -2.331
06660 -2.332
06670 -2.311
06680 -2.277
06690 -2.236
06700 -2.198
06710 -2.170
06720 -2.152
06730 -2.142
06740 -2.134
06750 -2.119
06760 -2.091
06770 -2.050
06780 -1.999
06790 -1.945
06800 -1.901
06810 -1.874
06820 -1.870
06830 -1.887
06840 -1.920
06850 -1.958
06860 -1.991
06870 -2.014
06880 -2.027
06890 -2.037
06900 -2.053
06910 -2.085
06920 -2.137
06930 -2.210
06940 -2.297
06950 -2.385
06960 -2.464
06970 -2.526
06980 -2.568
06990 -2.595
07000 -2.615
07010 -2.636
07020 -2.667
07030 -2.708
07040 -2.757
07050 -2.806
07060 -2.846
07070 -2.867
07080 -2.868
07090 -2.851
07100 -2.822
07110 -2.791
07120 -2.769
07130 -2.762
07140 -2.772
07150 -2.793
07160 -2.819
07170 -2.839
07180 -2.847
07190 -2.840
07200 -2.824
07210 -2.807
07220 -2.800
07230 -2.812
07240 -2.846
07250 -2.900
07260 -2.963
07270 -3.024
07280 -3.072
07290 -3.101
07300 -3.114
07310 -3.117
07320 -3.123
07330 -3.140
07340 -3.174
07350 -3.222
07360 -3.277
07370 -3.326
07380 -3.359
07390 -3.370
07400 -3.359
07410 -3.332
07420 -3.301
07430 -3.276
07440 -3.263
07450 -3.265
07460 -3.278
07470 -3.293
07480 -3.300
07490 -3.293
07500 -3.270
07510 -3.233
07520 -3.193
07530 -3.159
07540 -3.142
07550 -3.146
07560 -3.170
07570 -3.208
07580 -3.250
07590 -3.286
07600 -3.309
07610 -3.319
07620 -3.323
07630 -3.330
07640 -3.351
07650 -3.392
07660 -3.455
07670 -3.532
07680 -3.613
07690 -3.685
07700 -3.739
07710 -3.773
07720 -3.790
07730 -3.800
07740 -3.814
07750 -3.839
07760 -3.878
07770 -3.926
07780 -3.974
07790 -4.012
07800 -4.029
07810 -4.023
07820 -3.998
07830 -3.962
07840 -3.924
07850 -3.895
07860 -3.879
07870 -3.875
07880 -3.880
07890 -3.883
07900 -3.876
07910 -3.855
07920 -3.819
07930 -3.774
07940 -3.728
07950 -3.692
07960 -3.672
07970 -3.670
07980 -3.684
07990 -3.706
08000 -3.726
08010 -3.734
08020 -3.726
08030 -3.706
08040 -3.679
08050 -3.656
08060 -3.645
08070 -3.649
08080 -3.668
08090 -3.693
08100 -3.713
08110 -3.720
08120 -3.706
08130 -3.673
08140 -3.628
08150 -3.578
08160 -3.534
08170 -3.500
08180 -3.477
08190 -3.460
08200 -3.441
08210 -3.411
08220 -3.365
08230 -3.301
08240 -3.224
08250 -3.143
08260 -3.065
08270 -2.998
08280 -2.945
08290 -2.905
08300 -2.871
08310 -2.837
08320 -2.796
08330 -2.744
08340 -2.683
08350 -2.619
08360 -2.558
08370 -2.509
08380 -2.477
08390 -2.462
08400 -2.460
08410 -2.464
08420 -2.465
08430 -2.455
08440 -2.435
08450 -2.406
08460 -2.375
08470 -2.350
08480 -2.337
08490 -2.337
08500 -2.347
08510 -2.360
08520 -2.367
08530 -2.361
08540 -2.339
08550 -2.301
08560 -2.256
08570 -2.208
08580 -2.165
08590 -2.130
08600 -2.102
08610 -2.075
08620 -2.042
08630 -1.997
08640 -1.937
08650 -1.863
08660 -1.777
08670 -1.688
08680 -1.601
08690 -1.521
08700 -1.450
08710 -1.384
08720 -1.320
08730 -1.254
08740 -1.179
08750 -1.096
08760 -1.007
08770 -0.915
08780 -0.828
08790 -0.751
08800 -0.687
08810 -0.635
08820 -0.594
08830 -0.557
08840 -0.519
08850 -0.477
08860 -0.428
08870 -0.376
08880 -0.325
08890 -0.280
08900 -0.246
08910 -0.223
08920 -0.209
08930 -0.199
08940 -0.185
08950 -0.163
08960 -0.130
08970 -0.088
08980 -0.038
08990 +0.012
09000 +0.059
09010 +0.102
09020 +0.140
09030 +0.178
09040 +0.220
09050 +0.272
09060 +0.337
09070 +0.414
09080 +0.501
09090 +0.593
09100 +0.686
09110 +0.776
09120 +0.861
09130 +0.942
09140 +1.022
09150 +1.106
09160 +1.195
09170 +1.292
09180 +1.395
09190 +1.500
09200 +1.603
09210 +1.699
09220 +1.787
09230 +1.863
09240 +1.932
09250 +1.995
09260 +2.057
09270 +2.121
09280 +2.188
09290 +2.258
09300 +2.326
09310 +2.389
09320 +2.443
09330 +2.485
09340 +2.517
09350 +2.542
09360 +2.564
09370 +2.587
09380 +2.615
09390 +2.647
09400 +2.682
09410 +2.714
09420 +2.741
09430 +2.758
09440 +2.766
09450 +2.766
09460 +2.762
09470 +2.759
09480 +2.760
09490 +2.768
09500 +2.782
09510 +2.797
09520 +2.810
09530 +2.818
09540 +2.818
09550 +2.811
09560 +2.801
09570 +2.792
09580 +2.788
09590 +2.793
09600 +2.807
09610 +2.828
09620 +2.851
09630 +2.873
09640 +2.891
09650 +2.905
09660 +2.916
09670 +2.929
09680 +2.947
09690 +2.974
09700 +3.011
09710 +3.058
09720 +3.110
09730 +3.164
09740 +3.217
09750 +3.267
09760 +3.312
09770 +3.356
09780 +3.401
09790 +3.451
09800 +3.508
09810 +3.570
09820 +3.637
09830 +3.704
09840 +3.767
09850 +3.822
09860 +3.865
09870 +3.898
09880 +3.921
09890 +3.937
09900 +3.948
09910 +3.957
09920 +3.963
09930 +3.965
09940 +3.957
09950 +3.935
09960 +3.897
09970 +3.842
09980 +3.770
09990 +3.686
10000 +3.596
10010 +3.504
10020 +3.414
10030 +3.325
10040 +3.234
10050 +3.138
10060 +3.033
10070 +2.917
10080 +2.790
10090 +2.657
10100 +2.523
10110 +2.393
10120 +2.272
10130 +2.161
10140 +2.056
10150 +1.954
10160 +1.849
10170 +1.738
10180 +1.620
10190 +1.496
10200 +1.373
10210 +1.255
10220 +1.147
10230 +1.052
10240 +0.967
10250 +0.889
10260 +0.813
10270 +0.734
10280 +0.648
10290 +0.556
10300 +0.462
10310 +0.371
10320 +0.288
10330 +0.217
10340 +0.158
10350 +0.109
10360 +0.064
10370 +0.016
10380 -0.040
10390 -0.105
10400 -0.177
10410 -0.253
10420 -0.325
10430 -0.387
10440 -0.439
10450 -0.480
10460 -0.517
10470 -0.557
10480 -0.607
10490 -0.669
10500 -0.744
10510 -0.827
10520 -0.910
10530 -0.987
10540 -1.053
10550 -1.108
10560 -1.156
10570 -1.205
10580 -1.261
10590 -1.330
10600 -1.412
10610 -1.503
10620 -1.596
10630 -1.682
10640 -1.754
10650 -1.811
10660 -1.855
10670 -1.893
10680 -1.934
10690 -1.984
10700 -2.045
10710 -2.115
10720 -2.187
10730 -2.253
10740 -2.306
10750 -2.341
10760 -2.363
10770 -2.376
10780 -2.391
10790 -2.416
10800 -2.455
10810 -2.507
10820 -2.568
10830 -2.628
10840 -2.680
10850 -2.719
10860 -2.746
10870 -2.767
10880 -2.789
10890 -2.822
10900 -2.869
10910 -2.933
10920 -3.009
10930 -3.089
10940 -3.165
10950 -3.230
10960 -3.283
10970 -3.328
10980 -3.371
10990 -3.420
11000 -3.482
11010 -3.558
11020 -3.646
11030 -3.739
11040 -3.830
11050 -3.912
11060 -3.980
11070 -4.036
11080 -4.085
11090 -4.134
11100 -4.191
11110 -4.259
11120 -4.339
11130 -4.428
11140 -4.516
11150 -4.596
11160 -4.663
11170 -4.714
11180 -4.754
11190 -4.789
11200 -4.827
11210 -4.876
11220 -4.937
11230 -5.008
11240 -5.081
11250 -5.147
11260 -5.198
11270 -5.229
11280 -5.244
11290 -5.249
11300 -5.252
11310 -5.263
11320 -5.284
11330 -5.313
11340 -5.343
11350 -5.365
11360 -5.369
11370 -5.351
11380 -5.313
11390 -5.261
11400 -5.205
11410 -5.154
11420 -5.111
11430 -5.077
11440 -5.045
11450 -5.009
11460 -4.960
11470 -4.894
11480 -4.813
11490 -4.722
11500 -4.629
11510 -4.542
11520 -4.467
11530 -4.406
11540 -4.354
11550 -4.307
11560 -4.258
11570 -4.201
11580 -4.134
11590 -4.060
11600 -3.986
11610 -3.918
11620 -3.862
11630 -3.821
11640 -3.794
11650 -3.775
11660 -3.758
11670 -3.735
11680 -3.703
11690 -3.661
11700 -3.614
11710 -3.567
11720 -3.527
11730 -3.497
11740 -3.478
11750 -3.466
11760 -3.454
11770 -3.436
11780 -3.405
11790 -3.361
11800 -3.306
11810 -3.246
11820 -3.188
11830 -3.137
11840 -3.094
11850 -3.058
11860 -3.023
11870 -2.984
11880 -2.935
11890 -2.874
11900 -2.804
11910 -2.728
11920 -2.653
11930 -2.585
11940 -2.525
11950 -2.475
11960 -2.430
11970 -2.386
11980 -2.338
11990 -2.283
12000 -2.221
12010 -2.154
12020 -2.087
12030 -2.025
12040 -1.973
12050 -1.931
12060 -1.898
12070 -1.869
12080 -1.839
12090 -1.806
12100 -1.766
12110 -1.721
12120 -1.674
12130 -1.630
12140 -1.593
12150 -1.566
12160 -1.547
12170 -1.534
12180 -1.523
12190 -1.509
12200 -1.489
12210 -1.462
12220 -1.431
12230 -1.399
12240 -1.372
12250 -1.350
12260 -1.337
12270 -1.329
12280 -1.323
12290 -1.315
12300 -1.302
12310 -1.281
12320 -1.253
12330 -1.222
12340 -1.190
12350 -1.162
12360 -1.140
12370 -1.123
12380 -1.109
12390 -1.094
12400 -1.075
12410 -1.048
12420 -1.014
12430 -0.973
12440 -0.929
12450 -0.886
12460 -0.848
12470 -0.815
12480 -0.786
12490 -0.758
12500 -0.728
12510 -0.692
12520 -0.649
12530 -0.597
12540 -0.542
12550 -0.486
12560 -0.433
12570 -0.386
12580 -0.344
12590 -0.306
12600 -0.268
12610 -0.226
12620 -0.177
12630 -0.120
12640 -0.059
12650 +0.005
12660 +0.066
12670 +0.122
12680 +0.172
12690 +0.217
12700 +0.261
12710 +0.308
12720 +0.360
12730 +0.420
12740 +0.487
12750 +0.557
12760 +0.627
12770 +0.694
12780 +0.756
12790 +0.814
12800 +0.870
12810 +0.928
12820 +0.991
12830 +1.062
12840 +1.141
12850 +1.226
12860 +1.313
12870 +1.398
12880 +1.479
12890 +1.556
12900 +1.631
12910 +1.706
12920 +1.785
12930 +1.870
12940 +1.962
12950 +2.060
12960 +2.158
12970 +2.254
12980 +2.345
12990 +2.429
13000 +2.508
13010 +2.584
13020 +2.660
13030 +2.739
13040 +2.821
13050 +2.904
13060 +2.986
13070 +3.064
13080 +3.135
13090 +3.198
13100 +3.254
13110 +3.305
13120 +3.353
13130 +3.402
13140 +3.453
13150 +3.504
13160 +3.556
13170 +3.605
13180 +3.649
13190 +3.688
13200 +3.723
13210 +3.755
13220 +3.786
13230 +3.818
13240 +3.853
13250 +3.891
13260 +3.931
13270 +3.972
13280 +4.010
13290 +4.045
13300 +4.076
13310 +4.105
13320 +4.132
13330 +4.159
13340 +4.186
13350 +4.214
13360 +4.241
13370 +4.265
13380 +4.285
13390 +4.298
13400 +4.307
13410 +4.310
13420 +4.308
13430 +4.303
13440 +4.294
13450 +4.282
13460 +4.265
13470 +4.245
13480 +4.219
13490 +4.189
13500 +4.156
13510 +4.119
13520 +4.080
13530 +4.039
13540 +3.995
13550 +3.951
13560 +3.904
13570 +3.857
13580 +3.811
13590 +3.765
13600 +3.721
13610 +3.678
13620 +3.638
13630 +3.599
13640 +3.561
13650 +3.523
13660 +3.487
13670 +3.452
13680 +3.420
13690 +3.392
13700 +3.366
13710 +3.344
13720 +3.324
13730 +3.304
13740 +3.284
13750 +3.263
13760 +3.241
13770 +3.217
13780 +3.193
13790 +3.170
13800 +3.147
13810 +3.125
13820 +3.102
13830 +3.079
13840 +3.053
13850 +3.023
13860 +2.991
13870 +2.956
13880 +2.919
13890 +2.883
13900 +2.848
13910 +2.816
13920 +2.787
13930 +2.760
13940 +2.733
13950 +2.705
13960 +2.677
13970 +2.648
13980 +2.619
13990 +2.593
14000 +2.571
14010 +2.554
14020 +2.542
14030 +2.534
14040 +2.527
14050 +2.521
14060 +2.513
14070 +2.502
14080 +2.489
14090 +2.476
14100 +2.463
14110 +2.452
14120 +2.443
14130 +2.434
14140 +2.424
14150 +2.409
14160 +2.388
14170 +2.359
14180 +2.322
14190 +2.280
14200 +2.235
14210 +2.188
14220 +2.143
14230 +2.099
14240 +2.055
14250 +2.009
14260 +1.959
14270 +1.904
14280 +1.845
14290 +1.783
14300 +1.724
14310 +1.669
14320 +1.622
14330 +1.584
14340 +1.553
14350 +1.526
14360 +1.501
14370 +1.477
14380 +1.452
14390 +1.428
14400 +1.407
14410 +1.394
14420 +1.391
14430 +1.396
14440 +1.410
14450 +1.428
14460 +1.447
14470 +1.463
14480 +1.474
14490 +1.482
14500 +1.486
14510 +1.491
14520 +1.498
14530 +1.507
14540 +1.518
14550 +1.526
14560 +1.529
14570 +1.522
14580 +1.506
14590 +1.479
14600 +1.444
14610 +1.405
14620 +1.365
14630 +1.327
14640 +1.293
14650 +1.261
14660 +1.230
14670 +1.197
14680 +1.161
14690 +1.121
14700 +1.080
14710 +1.041
14720 +1.008
14730 +0.984
14740 +0.972
14750 +0.969
14760 +0.974
14770 +0.982
14780 +0.991
14790 +0.998
14800 +1.002
14810 +1.004
14820 +1.008
14830 +1.015
14840 +1.028
14850 +1.045
14860 +1.063
14870 +1.079
14880 +1.087
14890 +1.083
14900 +1.065
14910 +1.033
14920 +0.989
14930 +0.938
14940 +0.882
14950 +0.824
14960 +0.765
14970 +0.703
14980 +0.634
14990 +0.555
15000 +0.462
15010 +0.356
15020 +0.241
15030 +0.121
15040 +0.004
15050 -0.104
15060 -0.201
15070 -0.286
15080 -0.365
15090 -0.444
15100 -0.528
15110 -0.619
15120 -0.718
15130 -0.818
15140 -0.914
15150 -0.997
15160 -1.065
15170 -1.118
15180 -1.163
15190 -1.208
15200 -1.263
15210 -1.333
15220 -1.420
15230 -1.521
15240 -1.627
15250 -1.730
15260 -1.821
15270 -1.899
15280 -1.968
15290 -2.038
15300 -2.120
15310 -2.223
15320 -2.347
15330 -2.487
15340 -2.631
15350 -2.763
15360 -2.868
15370 -2.943
15380 -2.991
15390 -3.025
15400 -3.060
15410 -3.104
15420 -3.160
15430 -3.220
15440 -3.270
15450 -3.295
15460 -3.281
15470 -3.226
15480 -3.139
15490 -3.034
15500 -2.930
15510 -2.839
15520 -2.763
15530 -2.699
15540 -2.635
15550 -2.560
15560 -2.463
15570 -2.342
15580 -2.205
15590 -2.067
15600 -1.947
15610 -1.858
15620 -1.805
15630 -1.789
15640 -1.799
15650 -1.824
15660 -1.853
15670 -1.876
15680 -1.897
15690 -1.922
15700 -1.965
15710 -2.037
15720 -2.144
15730 -2.283
15740 -2.444
15750 -2.612
15760 -2.769
15770 -2.899
15780 -2.997
15790 -3.066
15800 -3.118
15810 -3.169
15820 -3.229
15830 -3.301
15840 -3.378
15850 -3.449
15860 -3.496
15870 -3.507
15880 -3.475
15890 -3.405
15900 -3.312
15910 -3.214
15920 -3.127
15930 -3.059
15940 -3.009
15950 -2.972
15960 -2.933
15970 -2.881
15980 -2.808
15990 -2.714
16000 -2.610
16010 -2.513
16020 -2.441
16030 -2.406
16040 -2.414
16050 -2.459
16060 -2.530
16070 -2.611
16080 -2.686
16090 -2.747
16100 -2.796
16110 -2.843
16120 -2.903
16130 -2.991
16140 -3.112
16150 -3.265
16160 -3.435
16170 -3.604
16180 -3.751
16190 -3.858
16200 -3.919
16210 -3.944
16220 -3.950
16230 -3.958
16240 -3.981
16250 -4.022
16260 -4.073
16270 -4.118
16280 -4.135
16290 -4.109
16300 -4.031
16310 -3.910
16320 -3.766
16330 -3.625
16340 -3.506
16350 -3.422
16360 -3.370
16370 -3.338
16380 -3.307
16390 -3.258
16400 -3.180
16410 -3.073
16420 -2.956
16430 -2.855
16440 -2.796
16450 -2.795
16460 -2.850
16470 -2.948
16480 -3.066
16490 -3.175
16500 -3.254
16510 -3.295
16520 -3.306
16530 -3.311
16540 -3.336
16550 -3.396
16560 -3.492
16570 -3.611
16580 -3.729
16590 -3.817
16600 -3.855
16610 -3.832
16620 -3.760
16630 -3.663
16640 -3.567
16650 -3.495
16660 -3.453
16670 -3.436
16680 -3.429
16690 -3.411
16700 -3.362
16710 -3.275
16720 -3.151
16730 -3.006
16740 -2.864
16750 -2.750
16760 -2.678
16770 -2.653
16780 -2.669
16790 -2.709
16800 -2.753
16810 -2.784
16820 -2.790
16830 -2.776
16840 -2.759
16850 -2.762
16860 -2.808
16870 -2.907
16880 -3.056
16890 -3.235
16900 -3.420
16910 -3.580
16920 -3.692
16930 -3.749
16940 -3.762
16950 -3.757
16960 -3.763
16970 -3.798
16980 -3.865
16990 -3.952
17000 -4.032
17010 -4.079
17020 -4.070
17030 -3.996
17040 -3.868
17050 -3.713
17060 -3.562
17070 -3.440
17080 -3.359
17090 -3.313
17100 -3.287
17110 -3.259
17120 -3.206
17130 -3.113
17140 -2.982
17150 -2.830
17160 -2.686
17170 -2.579
17180 -2.532
17190 -2.552
17200 -2.629
17210 -2.742
17220 -2.860
17230 -2.957
17240 -3.015
17250 -3.037
17260 -3.046
17270 -3.073
17280 -3.143
17290 -3.269
17300 -3.438
17310 -3.625
17320 -3.791
17330 -3.900
17340 -3.929
17350 -3.877
17360 -3.772
17370 -3.652
17380 -3.551
17390 -3.487
17400 -3.458
17410 -3.445
17420 -3.417
17430 -3.345
17440 -3.211
17450 -3.013
17460 -2.770
17470 -2.512
17480 -2.271
17490 -2.072
17500 -1.923
17510 -1.816
17520 -1.735
17530 -1.652
17540 -1.545
17550 -1.399
17560 -1.216
17570 -1.020
17580 -0.843
17590 -0.723
17600 -0.684
17610 -0.729
17620 -0.841
17630 -0.988
17640 -1.131
17650 -1.238
17660 -1.293
17670 -1.305
17680 -1.306
17690 -1.333
17700 -1.411
17710 -1.545
17720 -1.715
17730 -1.888
17740 -2.022
17750 -2.083
17760 -2.056
17770 -1.952
17780 -1.805
17790 -1.656
17800 -1.538
17810 -1.462
17820 -1.422
17830 -1.393
17840 -1.345
17850 -1.252
17860 -1.100
17870 -0.891
17880 -0.646
17890 -0.400
17900 -0.186
17910 -0.029
17920 +0.063
17930 +0.094
17940 +0.084
17950 +0.058
17960 +0.037
17970 +0.034
17980 +0.046
17990 +0.052
18000 +0.023
18010 -0.069
18020 -0.235
18030 -0.466
18040 -0.738
18050 -1.013
18060 -1.253
18070 -1.427
18080 -1.524
18090 -1.557
18100 -1.555
18110 -1.555
18120 -1.583
18130 -1.642
18140 -1.719
18150 -1.787
18160 -1.814
18170 -1.772
18180 -1.652
18190 -1.464
18200 -1.233
18210 -0.994
18220 -0.774
18230 -0.587
18240 -0.431
18250 -0.291
18260 -0.147
18270 +0.026
18280 +0.244
18290 +0.508
18300 +0.807
18310 +1.108
18320 +1.372
18330 +1.560
18340 +1.647
18350 +1.631
18360 +1.532
18370 +1.386
18380 +1.235
18390 +1.109
18400 +1.017
18410 +0.945
18420 +0.860
18430 +0.731
18440 +0.542
18450 +0.303
18460 +0.042
18470 -0.202
18480 -0.389
18490 -0.490
18500 -0.497
18510 -0.431
18520 -0.332
18530 -0.242
18540 -0.188
18550 -0.176
18560 -0.189
18570 -0.197
18580 -0.165
18590 -0.065
18600 +0.116
18610 +0.368
18620 +0.665
18630 +0.969
18640 +1.249
18650 +1.485
18660 +1.676
18670 +1.835
18680 +1.985
18690 +2.150
18700 +2.347
18710 +2.579
18720 +2.827
18730 +3.054
18740 +3.212
18750 +3.265
18760 +3.203
18770 +3.047
18780 +2.842
18790 +2.636
18800 +2.474
18810 +2.381
18820 +2.357
18830 +2.378
18840 +2.406
18850 +2.407
18860 +2.365
18870 +2.289
18880 +2.207
18890 +2.155
18900 +2.165
18910 +2.260
18920 +2.442
18930 +2.693
18940 +2.978
18950 +3.264
18960 +3.527
18970 +3.767
18980 +4.001
18990 +4.258
19000 +4.571
19010 +4.961
19020 +5.435
19030 +5.978
19040 +6.554
19050 +7.101
19060 +7.549
19070 +7.829
19080 +7.899
19090 +7.756
19100 +7.430
19110 +6.969
19120 +6.420
19130 +5.826
19140 +5.219
19150 +4.623
19160 +4.056
19170 +3.526
19180 +3.032
19190 +2.575
19200 +2.158
19210 +1.789
19220 +1.484
19230 +1.259
19240 +1.129
19250 +1.088
19260 +1.114
19270 +1.172
19280 +1.230
19290 +1.273
19300 +1.305
19310 +1.344
19320 +1.421
19330 +1.570
19340 +1.816
19350 +2.163
19360 +2.591
19370 +3.058
19380 +3.517
19390 +3.928
19400 +4.265
19410 +4.507
19420 +4.637
19430 +4.630
19440 +4.462
19450 +4.112
19460 +3.581
19470 +2.897
19480 +2.112
19490 +1.289
19500 +0.489
19510 -0.239
19520 -0.857
19530 -1.341
19540 -1.678
19550 -1.873
19560 -1.946
19570 -1.941
19580 -1.901
19590 -1.865
19600 -1.847
19610 -1.843
19620 -1.831
19630 -1.783
19640 -1.672
19650 -1.482
19660 -1.214
19670 -0.891
19680 -0.551
19690 -0.229
19700 +0.057
19710 +0.314
19720 +0.566
19730 +0.842
19740 +1.159
19750 +1.507
19760 +1.831
19770 +2.035
19780 +2.013
19790 +1.711
19800 +1.165
19810 +0.463
19820 -0.305
19830 -1.076
19840 -1.806
19850 -2.465
19860 -3.024
19870 -3.460
19880 -3.759
19890 -3.933
19900 -4.017
19910 -4.061
19920 -4.105
19930 -4.171
19940 -4.260
19950 -4.357
19960 -4.435
19970 -4.465
19980 -4.431
19990 -4.336
20000 -4.209
20010 -4.090
20020 -4.014
20030 -3.998
20040 -4.038
20050 -4.114
20060 -4.196
20070 -4.252
20080 -4.256
20090 -4.197
20100 -4.093
20110 -3.983
20120 -3.908
20130 -3.899
20140 -3.962
20150 -4.082
20160 -4.236
20170 -4.390
20180 -4.513
20190 -4.583
20200 -4.600
20210 -4.593
20220 -4.612
20230 -4.701
20240 -4.885
20250 -5.166
20260 -5.528
20270 -5.944
20280 -6.374
20290 -6.766
20300 -7.062
20310 -7.235
20320 -7.317
20330 -7.376
20340 -7.461
20350 -7.570
20360 -7.654
20370 -7.628
20380 -7.409
20390 -6.963
20400 -6.342
20410 -5.661
20420 -5.031
20430 -4.511
20440 -4.104
20450 -3.787
20460 -3.531
20470 -3.319
20480 -3.148
20490 -3.031
20500 -2.982
20510 -3.014
20520 -3.134
20530 -3.339
20540 -3.620
20550 -3.965
20560 -4.360
20570 -4.788
20580 -5.229
20590 -5.650
20600 -6.006
20610 -6.251
20620 -6.357
20630 -6.345
20640 -6.275
20650 -6.217
20660 -6.215
20670 -6.276
20680 -6.383
20690 -6.501
20700 -6.584
20710 -6.588
20720 -6.489
20730 -6.305
20740 -6.090
20750 -5.913
20760 -5.817
20770 -5.813
20780 -5.881
20790 -5.988
20800 -6.091
20810 -6.144
20820 -6.111
20830 -5.983
20840 -5.792
20850 -5.607
20860 -5.488
20870 -5.468
20880 -5.539
20890 -5.675
20900 -5.836
20910 -5.980
20920 -6.062
20930 -6.042
20940 -5.918
20950 -5.737
20960 -5.585
20970 -5.531
20980 -5.594
20990 -5.756
21000 -5.985
21010 -6.247
21020 -6.507
21030 -6.713
21040 -6.796
21050 -6.707
21060 -6.512
21070 -6.384
21080 -6.444
21090 -6.708
21100 -7.177
21110 -7.928
21120 -9.243
21130 -11.505
21140 -8.240
21150 -4.043
21160 -3.991
21170 -4.407
21180 -4.748
21190 -4.999
21200 -5.183
21210 -5.317
21220 -5.416
21230 -5.488
21240 -5.543
21250 -5.588
21260 -5.635
21270 -5.697
21280 -5.797
21290 -5.960
21300 -6.210
21310 -6.539
21320 -6.879
21330 -7.114
21340 -7.180
21350 -7.115
21360 -6.999
21370 -6.902
21380 -6.868
21390 -6.927
21400 -7.085
21410 -7.316
21420 -7.543
21430 -7.664
21440 -7.624
21450 -7.449
21460 -7.216
21470 -6.996
21480 -6.837
21490 -6.765
21500 -6.785
21510 -6.877
21520 -6.993
21530 -7.066
21540 -7.045
21550 -6.922
21560 -6.732
21570 -6.528
21580 -6.358
21590 -6.255
21600 -6.233
21610 -6.289
21620 -6.394
21630 -6.502
21640 -6.559
21650 -6.534
21660 -6.430
21670 -6.279
21680 -6.129
21690 -6.021
21700 -5.981
21710 -6.020
21720 -6.124
21730 -6.260
21740 -6.380
21750 -6.436
21760 -6.408
21770 -6.309
21780 -6.178
21790 -6.063
21800 -6.001
21810 -6.013
21820 -6.102
21830 -6.243
21840 -6.394
21850 -6.501
21860 -6.526
21870 -6.459
21880 -6.330
21890 -6.187
21900 -6.076
21910 -6.031
21920 -6.063
21930 -6.159
21940 -6.284
21950 -6.383
21960 -6.405
21970 -6.326
21980 -6.162
21990 -5.958
22000 -5.766
22010 -5.629
22020 -5.568
22030 -5.584
22040 -5.652
22050 -5.728
22060 -5.764
22070 -5.725
22080 -5.606
22090 -5.437
22100 -5.262
22110 -5.127
22120 -5.064
22130 -5.085
22140 -5.182
22150 -5.324
22160 -5.462
22170 -5.546
22180 -5.545
22190 -5.461
22200 -5.326
22210 -5.190
22220 -5.097
22230 -5.076
22240 -5.135
22250 -5.255
22260 -5.393
22270 -5.491
22280 -5.498
22290 -5.393
22300 -5.198
22310 -4.961
22320 -4.740
22330 -4.574
22340 -4.485
22350 -4.463
22360 -4.474
22370 -4.466
22380 -4.384
22390 -4.200
22400 -3.925
22410 -3.604
22420 -3.292
22430 -3.036
22440 -2.865
22450 -2.787
22460 -2.784
22470 -2.820
22480 -2.846
22490 -2.823
22500 -2.735
22510 -2.596
22520 -2.444
22530 -2.324
22540 -2.271
22550 -2.306
22560 -2.428
22570 -2.612
22580 -2.809
22590 -2.963
22600 -3.031
22610 -3.001
22620 -2.901
22630 -2.780
22640 -2.690
22650 -2.671
22660 -2.737
22670 -2.871
22680 -3.027
22690 -3.136
22700 -3.137
22710 -3.005
22720 -2.769
22730 -2.486
22740 -2.223
22750 -2.026
22760 -1.921
22770 -1.902
22780 -1.932
22790 -1.953
22800 -1.912
22810 -1.781
22820 -1.579
22830 -1.352
22840 -1.154
22850 -1.033
22860 -1.019
22870 -1.118
22880 -1.310
22890 -1.548
22900 -1.771
22910 -1.924
22920 -1.984
22930 -1.967
22940 -1.917
22950 -1.890
22960 -1.934
22970 -2.077
22980 -2.322
22990 -2.637
23000 -2.952
23010 -3.184
23020 -3.269
23030 -3.202
23040 -3.033
23050 -2.835
23060 -2.680
23070 -2.612
23080 -2.643
23090 -2.740
23100 -2.824
23110 -2.799
23120 -2.603
23130 -2.244
23140 -1.792
23150 -1.325
23160 -0.910
23170 -0.588
23180 -0.376
23190 -0.262
23200 -0.202
23210 -0.135
23220 -0.006
23230 +0.202
23240 +0.473
23250 +0.766
23260 +1.036
23270 +1.245
23280 +1.361
23290 +1.375
23300 +1.299
23310 +1.180
23320 +1.083
23330 +1.065
23340 +1.151
23350 +1.327
23360 +1.551
23370 +1.774
23380 +1.946
23390 +2.032
23400 +2.018
23410 +1.932
23420 +1.840
23430 +1.829
23440 +1.950
23450 +2.204
23460 +2.545
23470 +2.910
23480 +3.236
23490 +3.469
23500 +3.574
23510 +3.560
23520 +3.487
23530 +3.444
23540 +3.496
23550 +3.654
23560 +3.883
23570 +4.130
23580 +4.336
23590 +4.448
23600 +4.434
23610 +4.295
23620 +4.075
23630 +3.853
23640 +3.700
23650 +3.656
23660 +3.716
23670 +3.845
23680 +3.992
23690 +4.107
23700 +4.145
23710 +4.076
23720 +3.908
23730 +3.692
23740 +3.511
23750 +3.445
23760 +3.529
23770 +3.745
23780 +4.047
23790 +4.377
23800 +4.686
23810 +4.933
23820 +5.102
23830 +5.217
23840 +5.345
23850 +5.567
23860 +5.926
23870 +6.410
23880 +6.985
23890 +7.613
23900 +8.267
23910 +8.927
23920 +9.563
23930 +10.138
23940 +10.609
23950 +10.952
23960 +11.177
23970 +11.321
23980 +11.411
23990 +11.463
