00000 -0.023
00010 -0.056
00020 -0.143
00030 -0.256
00040 -0.360
00050 -0.430
00060 -0.450
00070 -0.419
00080 -0.345
00090 -0.246
00100 -0.147
00110 -0.072
00120 -0.035
00130 -0.039
00140 -0.072
00150 -0.116
00160 -0.149
00170 -0.160
00180 -0.144
00190 -0.103
00200 -0.048
00210 +0.006
00220 +0.047
00230 +0.065
00240 +0.060
00250 +0.037
00260 +0.009
00270 -0.015
00280 -0.025
00290 -0.019
00300 +0.001
00310 +0.027
00320 +0.051
00330 +0.064
00340 +0.060
00350 +0.039
00360 +0.007
00370 -0.029
00380 -0.060
00390 -0.082
00400 -0.092
00410 -0.094
00420 -0.093
00430 -0.098
00440 -0.114
00450 -0.146
00460 -0.190
00470 -0.243
00480 -0.294
00490 -0.338
00500 -0.370
00510 -0.389
00520 -0.398
00530 -0.405
00540 -0.414
00550 -0.430
00560 -0.453
00570 -0.476
00580 -0.495
00590 -0.502
00600 -0.495
00610 -0.474
00620 -0.444
00630 -0.410
00640 -0.379
00650 -0.356
00660 -0.343
00670 -0.337
00680 -0.335
00690 -0.332
00700 -0.324
00710 -0.310
00720 -0.291
00730 -0.271
00740 -0.256
00750 -0.249
00760 -0.253
00770 -0.266
00780 -0.285
00790 -0.305
00800 -0.323
00810 -0.335
00820 -0.343
00830 -0.347
00840 -0.354
00850 -0.365
00860 -0.383
00870 -0.408
00880 -0.435
00890 -0.460
00900 -0.478
00910 -0.488
00920 -0.489
00930 -0.485
00940 -0.479
00950 -0.473
00960 -0.471
00970 -0.473
00980 -0.476
00990 -0.478
01000 -0.478
01010 -0.474
01020 -0.466
01030 -0.456
01040 -0.446
01050 -0.438
01060 -0.433
01070 -0.433
01080 -0.435
01090 -0.439
01100 -0.443
01110 -0.446
01120 -0.446
01130 -0.443
01140 -0.440
01150 -0.436
01160 -0.434
01170 -0.435
01180 -0.438
01190 -0.442
01200 -0.446
01210 -0.449
01220 -0.449
01230 -0.446
01240 -0.440
01250 -0.433
01260 -0.425
01270 -0.418
01280 -0.412
01290 -0.407
01300 -0.402
01310 -0.395
01320 -0.385
01330 -0.372
01340 -0.357
01350 -0.339
01360 -0.321
01370 -0.304
01380 -0.288
01390 -0.274
01400 -0.262
01410 -0.250
01420 -0.240
01430 -0.229
01440 -0.219
01450 -0.211
01460 -0.204
01470 -0.202
01480 -0.204
01490 -0.211
01500 -0.223
01510 -0.239
01520 -0.258
01530 -0.279
01540 -0.299
01550 -0.319
01560 -0.338
01570 -0.357
01580 -0.375
01590 -0.393
01600 -0.409
01610 -0.422
01620 -0.432
01630 -0.436
01640 -0.435
01650 -0.429
01660 -0.420
01670 -0.410
01680 -0.400
01690 -0.391
01700 -0.384
01710 -0.379
01720 -0.375
01730 -0.372
01740 -0.369
01750 -0.369
01760 -0.370
01770 -0.374
01780 -0.382
01790 -0.394
01800 -0.410
01810 -0.430
01820 -0.452
01830 -0.476
01840 -0.501
01850 -0.527
01860 -0.554
01870 -0.583
01880 -0.613
01890 -0.646
01900 -0.680
01910 -0.715
01920 -0.749
01930 -0.782
01940 -0.813
01950 -0.839
01960 -0.862
01970 -0.882
01980 -0.898
01990 -0.911
02000 -0.920
02010 -0.924
02020 -0.922
02030 -0.913
02040 -0.895
02050 -0.870
02060 -0.838
02070 -0.800
02080 -0.758
02090 -0.713
02100 -0.665
02110 -0.615
02120 -0.563
02130 -0.510
02140 -0.456
02150 -0.404
02160 -0.353
02170 -0.307
02180 -0.267
02190 -0.233
02200 -0.207
02210 -0.188
02220 -0.176
02230 -0.172
02240 -0.176
02250 -0.187
02260 -0.205
02270 -0.231
02280 -0.266
02290 -0.308
02300 -0.357
02310 -0.412
02320 -0.471
02330 -0.534
02340 -0.597
02350 -0.660
02360 -0.719
02370 -0.774
02380 -0.823
02390 -0.867
02400 -0.903
02410 -0.932
02420 -0.952
02430 -0.963
02440 -0.964
02450 -0.955
02460 -0.937
02470 -0.910
02480 -0.878
02490 -0.841
02500 -0.803
02510 -0.763
02520 -0.723
02530 -0.683
02540 -0.642
02550 -0.603
02560 -0.564
02570 -0.527
02580 -0.494
02590 -0.466
02600 -0.443
02610 -0.426
02620 -0.416
02630 -0.412
02640 -0.414
02650 -0.421
02660 -0.435
02670 -0.456
02680 -0.485
02690 -0.522
02700 -0.568
02710 -0.624
02720 -0.689
02730 -0.762
02740 -0.842
02750 -0.927
02760 -1.013
02770 -1.097
02780 -1.177
02790 -1.248
02800 -1.308
02810 -1.354
02820 -1.385
02830 -1.401
02840 -1.400
02850 -1.384
02860 -1.354
02870 -1.314
02880 -1.265
02890 -1.213
02900 -1.159
02910 -1.108
02920 -1.060
02930 -1.017
02940 -0.978
02950 -0.944
02960 -0.915
02970 -0.889
02980 -0.867
02990 -0.850
03000 -0.838
03010 -0.832
03020 -0.831
03030 -0.836
03040 -0.846
03050 -0.861
03060 -0.879
03070 -0.899
03080 -0.922
03090 -0.947
03100 -0.974
03110 -1.004
03120 -1.036
03130 -1.070
03140 -1.106
03150 -1.142
03160 -1.176
03170 -1.208
03180 -1.235
03190 -1.257
03200 -1.272
03210 -1.280
03220 -1.281
03230 -1.276
03240 -1.263
03250 -1.243
03260 -1.215
03270 -1.179
03280 -1.134
03290 -1.083
03300 -1.027
03310 -0.968
03320 -0.909
03330 -0.852
03340 -0.797
03350 -0.747
03360 -0.701
03370 -0.659
03380 -0.622
03390 -0.588
03400 -0.560
03410 -0.537
03420 -0.520
03430 -0.510
03440 -0.506
03450 -0.509
03460 -0.518
03470 -0.533
03480 -0.551
03490 -0.574
03500 -0.601
03510 -0.631
03520 -0.666
03530 -0.706
03540 -0.750
03550 -0.799
03560 -0.853
03570 -0.911
03580 -0.973
03590 -1.037
03600 -1.103
03610 -1.172
03620 -1.241
03630 -1.313
03640 -1.385
03650 -1.459
03660 -1.533
03670 -1.605
03680 -1.675
03690 -1.741
03700 -1.799
03710 -1.848
03720 -1.886
03730 -1.911
03740 -1.921
03750 -1.917
03760 -1.898
03770 -1.864
03780 -1.814
03790 -1.750
03800 -1.672
03810 -1.582
03820 -1.482
03830 -1.377
03840 -1.270
03850 -1.165
03860 -1.067
03870 -0.977
03880 -0.896
03890 -0.827
03900 -0.768
03910 -0.719
03920 -0.681
03930 -0.654
03940 -0.638
03950 -0.633
03960 -0.639
03970 -0.656
03980 -0.682
03990 -0.716
04000 -0.757
04010 -0.803
04020 -0.852
04030 -0.904
04040 -0.958
04050 -1.013
04060 -1.068
04070 -1.123
04080 -1.177
04090 -1.228
04100 -1.276
04110 -1.317
04120 -1.352
04130 -1.379
04140 -1.397
04150 -1.407
04160 -1.409
04170 -1.403
04180 -1.392
04190 -1.375
04200 -1.353
04210 -1.326
04220 -1.294
04230 -1.258
04240 -1.219
04250 -1.178
04260 -1.137
04270 -1.095
04280 -1.056
04290 -1.020
04300 -0.987
04310 -0.957
04320 -0.929
04330 -0.904
04340 -0.880
04350 -0.858
04360 -0.837
04370 -0.820
04380 -0.805
04390 -0.793
04400 -0.785
04410 -0.778
04420 -0.773
04430 -0.769
04440 -0.764
04450 -0.758
04460 -0.750
04470 -0.742
04480 -0.734
04490 -0.724
04500 -0.715
04510 -0.705
04520 -0.694
04530 -0.682
04540 -0.666
04550 -0.648
04560 -0.626
04570 -0.602
04580 -0.576
04590 -0.548
04600 -0.521
04610 -0.493
04620 -0.466
04630 -0.439
04640 -0.411
04650 -0.383
04660 -0.354
04670 -0.324
04680 -0.295
04690 -0.268
04700 -0.242
04710 -0.221
04720 -0.202
04730 -0.187
04740 -0.174
04750 -0.162
04760 -0.152
04770 -0.143
04780 -0.135
04790 -0.129
04800 -0.126
04810 -0.126
04820 -0.130
04830 -0.137
04840 -0.145
04850 -0.155
04860 -0.164
04870 -0.172
04880 -0.180
04890 -0.186
04900 -0.193
04910 -0.201
04920 -0.208
04930 -0.217
04940 -0.225
04950 -0.232
04960 -0.237
04970 -0.239
04980 -0.239
04990 -0.236
05000 -0.233
05010 -0.229
05020 -0.227
05030 -0.226
05040 -0.226
05050 -0.227
05060 -0.228
05070 -0.227
05080 -0.226
05090 -0.225
05100 -0.223
05110 -0.222
05120 -0.222
05130 -0.225
05140 -0.229
05150 -0.234
05160 -0.238
05170 -0.241
05180 -0.242
05190 -0.240
05200 -0.237
05210 -0.232
05220 -0.226
05230 -0.220
05240 -0.214
05250 -0.207
05260 -0.199
05270 -0.188
05280 -0.174
05290 -0.157
05300 -0.137
05310 -0.115
05320 -0.092
05330 -0.070
05340 -0.049
05350 -0.028
05360 -0.009
05370 +0.010
05380 +0.030
05390 +0.051
05400 +0.071
05410 +0.091
05420 +0.110
05430 +0.126
05440 +0.138
05450 +0.148
05460 +0.155
05470 +0.160
05480 +0.164
05490 +0.169
05500 +0.173
05510 +0.178
05520 +0.183
05530 +0.187
05540 +0.189
05550 +0.190
05560 +0.190
05570 +0.191
05580 +0.193
05590 +0.197
05600 +0.204
05610 +0.214
05620 +0.227
05630 +0.243
05640 +0.259
05650 +0.277
05660 +0.295
05670 +0.315
05680 +0.337
05690 +0.362
05700 +0.390
05710 +0.422
05720 +0.457
05730 +0.493
05740 +0.529
05750 +0.564
05760 +0.597
05770 +0.629
05780 +0.658
05790 +0.686
05800 +0.714
05810 +0.741
05820 +0.766
05830 +0.790
05840 +0.809
05850 +0.824
05860 +0.833
05870 +0.837
05880 +0.837
05890 +0.833
05900 +0.827
05910 +0.821
05920 +0.813
05930 +0.803
05940 +0.792
05950 +0.777
05960 +0.760
05970 +0.740
05980 +0.718
05990 +0.696
06000 +0.675
06010 +0.656
06020 +0.640
06030 +0.625
06040 +0.611
06050 +0.598
06060 +0.584
06070 +0.570
06080 +0.557
06090 +0.544
06100 +0.533
06110 +0.525
06120 +0.519
06130 +0.514
06140 +0.510
06150 +0.506
06160 +0.501
06170 +0.493
06180 +0.484
06190 +0.473
06200 +0.460
06210 +0.448
06220 +0.435
06230 +0.422
06240 +0.408
06250 +0.392
06260 +0.373
06270 +0.351
06280 +0.326
06290 +0.300
06300 +0.273
06310 +0.245
06320 +0.218
06330 +0.193
06340 +0.168
06350 +0.143
06360 +0.119
06370 +0.095
06380 +0.071
06390 +0.047
06400 +0.026
06410 +0.006
06420 -0.010
06430 -0.024
06440 -0.034
06450 -0.042
06460 -0.048
06470 -0.054
06480 -0.058
06490 -0.062
06500 -0.066
06510 -0.068
06520 -0.069
06530 -0.069
06540 -0.069
06550 -0.068
06560 -0.068
06570 -0.070
06580 -0.074
06590 -0.081
06600 -0.089
06610 -0.100
06620 -0.111
06630 -0.124
06640 -0.137
06650 -0.151
06660 -0.165
06670 -0.181
06680 -0.198
06690 -0.216
06700 -0.235
06710 -0.254
06720 -0.272
06730 -0.288
06740 -0.302
06750 -0.314
06760 -0.323
06770 -0.331
06780 -0.336
06790 -0.340
06800 -0.343
06810 -0.343
06820 -0.340
06830 -0.335
06840 -0.327
06850 -0.316
06860 -0.302
06870 -0.287
06880 -0.270
06890 -0.253
06900 -0.236
06910 -0.219
06920 -0.203
06930 -0.187
06940 -0.172
06950 -0.157
06960 -0.142
06970 -0.129
06980 -0.118
06990 -0.110
07000 -0.105
07010 -0.104
07020 -0.105
07030 -0.108
07040 -0.114
07050 -0.120
07060 -0.127
07070 -0.136
07080 -0.145
07090 -0.155
07100 -0.166
07110 -0.179
07120 -0.191
07130 -0.202
07140 -0.212
07150 -0.220
07160 -0.226
07170 -0.229
07180 -0.229
07190 -0.228
07200 -0.224
07210 -0.220
07220 -0.213
07230 -0.205
07240 -0.195
07250 -0.183
07260 -0.169
07270 -0.153
07280 -0.136
07290 -0.119
07300 -0.103
07310 -0.089
07320 -0.076
07330 -0.066
07340 -0.059
07350 -0.054
07360 -0.051
07370 -0.050
07380 -0.052
07390 -0.058
07400 -0.067
07410 -0.080
07420 -0.098
07430 -0.120
07440 -0.145
07450 -0.172
07460 -0.201
07470 -0.230
07480 -0.260
07490 -0.291
07500 -0.322
07510 -0.353
07520 -0.384
07530 -0.416
07540 -0.445
07550 -0.473
07560 -0.497
07570 -0.518
07580 -0.535
07590 -0.548
07600 -0.557
07610 -0.563
07620 -0.566
07630 -0.566
07640 -0.563
07650 -0.556
07660 -0.546
07670 -0.531
07680 -0.514
07690 -0.493
07700 -0.470
07710 -0.446
07720 -0.421
07730 -0.396
07740 -0.372
07750 -0.349
07760 -0.327
07770 -0.307
07780 -0.288
07790 -0.271
07800 -0.255
07810 -0.242
07820 -0.232
07830 -0.226
07840 -0.224
07850 -0.225
07860 -0.229
07870 -0.235
07880 -0.242
07890 -0.248
07900 -0.255
07910 -0.261
07920 -0.267
07930 -0.273
07940 -0.278
07950 -0.283
07960 -0.287
07970 -0.288
07980 -0.286
07990 -0.280
08000 -0.271
08010 -0.258
08020 -0.243
08030 -0.226
08040 -0.207
08050 -0.188
08060 -0.168
08070 -0.147
08080 -0.125
08090 -0.102
08100 -0.078
08110 -0.054
08120 -0.031
08130 -0.009
08140 +0.011
08150 +0.027
08160 +0.039
08170 +0.047
08180 +0.053
08190 +0.056
08200 +0.057
08210 +0.056
08220 +0.053
08230 +0.047
08240 +0.038
08250 +0.024
08260 +0.008
08270 -0.012
08280 -0.034
08290 -0.056
08300 -0.078
08310 -0.099
08320 -0.119
08330 -0.139
08340 -0.159
08350 -0.179
08360 -0.199
08370 -0.219
08380 -0.238
08390 -0.255
08400 -0.270
08410 -0.281
08420 -0.290
08430 -0.296
08440 -0.300
08450 -0.304
08460 -0.307
08470 -0.309
08480 -0.310
08490 -0.310
08500 -0.309
08510 -0.305
08520 -0.298
08530 -0.290
08540 -0.281
08550 -0.271
08560 -0.261
08570 -0.252
08580 -0.243
08590 -0.234
08600 -0.224
08610 -0.212
08620 -0.199
08630 -0.184
08640 -0.167
08650 -0.149
08660 -0.130
08670 -0.111
08680 -0.092
08690 -0.073
08700 -0.052
08710 -0.029
08720 -0.004
08730 +0.024
08740 +0.055
08750 +0.088
08760 +0.122
08770 +0.158
08780 +0.193
08790 +0.227
08800 +0.261
08810 +0.296
08820 +0.331
08830 +0.367
08840 +0.404
08850 +0.442
08860 +0.479
08870 +0.514
08880 +0.545
08890 +0.572
08900 +0.595
08910 +0.614
08920 +0.629
08930 +0.643
08940 +0.655
08950 +0.665
08960 +0.672
08970 +0.676
08980 +0.674
08990 +0.666
09000 +0.653
09010 +0.635
09020 +0.614
09030 +0.592
09040 +0.571
09050 +0.549
09060 +0.528
09070 +0.506
09080 +0.483
09090 +0.457
09100 +0.429
09110 +0.401
09120 +0.373
09130 +0.347
09140 +0.325
09150 +0.307
09160 +0.293
09170 +0.281
09180 +0.270
09190 +0.260
09200 +0.249
09210 +0.238
09220 +0.228
09230 +0.221
09240 +0.216
09250 +0.215
09260 +0.217
09270 +0.221
09280 +0.226
09290 +0.230
09300 +0.232
09310 +0.232
09320 +0.232
09330 +0.231
09340 +0.230
09350 +0.232
09360 +0.235
09370 +0.239
09380 +0.243
09390 +0.246
09400 +0.246
09410 +0.244
09420 +0.239
09430 +0.233
09440 +0.228
09450 +0.223
09460 +0.221
09470 +0.220
09480 +0.220
09490 +0.220
09500 +0.218
09510 +0.215
09520 +0.209
09530 +0.203
09540 +0.196
09550 +0.190
09560 +0.186
09570 +0.185
09580 +0.184
09590 +0.184
09600 +0.183
09610 +0.179
09620 +0.173
09630 +0.163
09640 +0.152
09650 +0.140
09660 +0.129
09670 +0.118
09680 +0.107
09690 +0.095
09700 +0.081
09710 +0.063
09720 +0.041
09730 +0.014
09740 -0.017
09750 -0.050
09760 -0.084
09770 -0.119
09780 -0.154
09790 -0.189
09800 -0.226
09810 -0.266
09820 -0.309
09830 -0.356
09840 -0.406
09850 -0.458
09860 -0.509
09870 -0.559
09880 -0.606
09890 -0.652
09900 -0.697
09910 -0.743
09920 -0.789
09930 -0.836
09940 -0.884
09950 -0.933
09960 -0.979
09970 -1.023
09980 -1.064
09990 -1.102
10000 -1.137
10010 -1.171
10020 -1.205
10030 -1.239
10040 -1.274
10050 -1.309
10060 -1.343
10070 -1.375
10080 -1.404
10090 -1.431
10100 -1.455
10110 -1.478
10120 -1.500
10130 -1.523
10140 -1.546
10150 -1.570
10160 -1.593
10170 -1.616
10180 -1.636
10190 -1.654
10200 -1.669
10210 -1.681
10220 -1.693
10230 -1.704
10240 -1.714
10250 -1.724
10260 -1.733
10270 -1.741
10280 -1.746
10290 -1.747
10300 -1.745
10310 -1.740
10320 -1.732
10330 -1.722
10340 -1.711
10350 -1.699
10360 -1.686
10370 -1.672
10380 -1.656
10390 -1.639
10400 -1.619
10410 -1.597
10420 -1.575
10430 -1.552
10440 -1.530
10450 -1.508
10460 -1.489
10470 -1.471
10480 -1.455
10490 -1.439
10500 -1.425
10510 -1.412
10520 -1.400
10530 -1.389
10540 -1.380
10550 -1.374
10560 -1.370
10570 -1.369
10580 -1.370
10590 -1.373
10600 -1.377
10610 -1.382
10620 -1.386
10630 -1.391
10640 -1.396
10650 -1.401
10660 -1.406
10670 -1.411
10680 -1.416
10690 -1.419
10700 -1.421
10710 -1.420
10720 -1.417
10730 -1.409
10740 -1.399
10750 -1.384
10760 -1.367
10770 -1.345
10780 -1.320
10790 -1.291
10800 -1.259
10810 -1.222
10820 -1.182
10830 -1.138
10840 -1.089
10850 -1.037
10860 -0.981
10870 -0.922
10880 -0.860
10890 -0.796
10900 -0.730
10910 -0.664
10920 -0.597
10930 -0.530
10940 -0.462
10950 -0.393
10960 -0.325
10970 -0.256
10980 -0.187
10990 -0.120
11000 -0.056
11010 +0.005
11020 +0.061
11030 +0.114
11040 +0.163
11050 +0.209
11060 +0.252
11070 +0.293
11080 +0.331
11090 +0.366
11100 +0.396
11110 +0.420
11120 +0.438
11130 +0.451
11140 +0.460
11150 +0.467
11160 +0.471
11170 +0.475
11180 +0.479
11190 +0.482
11200 +0.484
11210 +0.485
11220 +0.484
11230 +0.483
11240 +0.482
11250 +0.483
11260 +0.488
11270 +0.499
11280 +0.515
11290 +0.536
11300 +0.563
11310 +0.595
11320 +0.630
11330 +0.668
11340 +0.711
11350 +0.758
11360 +0.811
11370 +0.870
11380 +0.937
11390 +1.011
11400 +1.090
11410 +1.174
11420 +1.261
11430 +1.348
11440 +1.435
11450 +1.522
11460 +1.611
11470 +1.700
11480 +1.792
11490 +1.887
11500 +1.982
11510 +2.076
11520 +2.167
11530 +2.252
11540 +2.330
11550 +2.401
11560 +2.466
11570 +2.526
11580 +2.583
11590 +2.638
11600 +2.690
11610 +2.738
11620 +2.779
11630 +2.812
11640 +2.836
11650 +2.851
11660 +2.860
11670 +2.865
11680 +2.868
11690 +2.871
11700 +2.874
11710 +2.877
11720 +2.879
11730 +2.877
11740 +2.872
11750 +2.864
11760 +2.853
11770 +2.844
11780 +2.837
11790 +2.835
11800 +2.839
11810 +2.847
11820 +2.860
11830 +2.874
11840 +2.890
11850 +2.905
11860 +2.921
11870 +2.938
11880 +2.959
11890 +2.984
11900 +3.016
11910 +3.053
11920 +3.094
11930 +3.138
11940 +3.182
11950 +3.224
11960 +3.263
11970 +3.301
11980 +3.337
11990 +3.375
12000 +3.415
12010 +3.457
12020 +3.501
12030 +3.545
12040 +3.587
12050 +3.623
12060 +3.654
12070 +3.678
12080 +3.699
12090 +3.716
12100 +3.734
12110 +3.752
12120 +3.770
12130 +3.789
12140 +3.804
12150 +3.816
12160 +3.821
12170 +3.820
12180 +3.814
12190 +3.806
12200 +3.797
12210 +3.790
12220 +3.785
12230 +3.781
12240 +3.778
12250 +3.772
12260 +3.763
12270 +3.749
12280 +3.731
12290 +3.711
12300 +3.691
12310 +3.673
12320 +3.658
12330 +3.646
12340 +3.636
12350 +3.626
12360 +3.613
12370 +3.597
12380 +3.577
12390 +3.554
12400 +3.530
12410 +3.508
12420 +3.488
12430 +3.471
12440 +3.456
12450 +3.443
12460 +3.428
12470 +3.410
12480 +3.388
12490 +3.363
12500 +3.337
12510 +3.310
12520 +3.286
12530 +3.266
12540 +3.249
12550 +3.235
12560 +3.221
12570 +3.207
12580 +3.191
12590 +3.173
12600 +3.154
12610 +3.135
12620 +3.119
12630 +3.107
12640 +3.101
12650 +3.100
12660 +3.103
12670 +3.108
12680 +3.114
12690 +3.119
12700 +3.124
12710 +3.129
12720 +3.137
12730 +3.148
12740 +3.166
12750 +3.190
12760 +3.219
12770 +3.252
12780 +3.285
12790 +3.316
12800 +3.345
12810 +3.371
12820 +3.395
12830 +3.420
12840 +3.448
12850 +3.479
12860 +3.512
12870 +3.546
12880 +3.579
12890 +3.607
12900 +3.630
12910 +3.645
12920 +3.656
12930 +3.664
12940 +3.671
12950 +3.680
12960 +3.691
12970 +3.704
12980 +3.716
12990 +3.725
13000 +3.730
13010 +3.730
13020 +3.725
13030 +3.718
13040 +3.711
13050 +3.707
13060 +3.707
13070 +3.713
13080 +3.722
13090 +3.733
13100 +3.742
13110 +3.750
13120 +3.754
13130 +3.757
13140 +3.761
13150 +3.768
13160 +3.782
13170 +3.803
13180 +3.831
13190 +3.863
13200 +3.896
13210 +3.928
13220 +3.957
13230 +3.983
13240 +4.007
13250 +4.033
13260 +4.062
13270 +4.097
13280 +4.137
13290 +4.182
13300 +4.226
13310 +4.267
13320 +4.302
13330 +4.329
13340 +4.349
13350 +4.366
13360 +4.382
13370 +4.402
13380 +4.427
13390 +4.456
13400 +4.485
13410 +4.513
13420 +4.534
13430 +4.547
13440 +4.552
13450 +4.554
13460 +4.556
13470 +4.563
13480 +4.578
13490 +4.601
13500 +4.630
13510 +4.660
13520 +4.688
13530 +4.709
13540 +4.723
13550 +4.732
13560 +4.743
13570 +4.758
13580 +4.784
13590 +4.819
13600 +4.863
13610 +4.909
13620 +4.952
13630 +4.988
13640 +5.013
13650 +5.029
13660 +5.042
13670 +5.057
13680 +5.078
13690 +5.107
13700 +5.142
13710 +5.177
13720 +5.207
13730 +5.226
13740 +5.232
13750 +5.226
13760 +5.214
13770 +5.202
13780 +5.195
13790 +5.196
13800 +5.204
13810 +5.215
13820 +5.226
13830 +5.229
13840 +5.223
13850 +5.208
13860 +5.187
13870 +5.166
13880 +5.151
13890 +5.145
13900 +5.149
13910 +5.161
13920 +5.175
13930 +5.186
13940 +5.187
13950 +5.179
13960 +5.162
13970 +5.142
13980 +5.125
13990 +5.115
14000 +5.116
14010 +5.123
14020 +5.134
14030 +5.140
14040 +5.137
14050 +5.121
14060 +5.093
14070 +5.058
14080 +5.024
14090 +4.995
14100 +4.975
14110 +4.963
14120 +4.955
14130 +4.944
14140 +4.927
14150 +4.898
14160 +4.860
14170 +4.815
14180 +4.770
14190 +4.732
14200 +4.704
14210 +4.686
14220 +4.678
14230 +4.674
14240 +4.668
14250 +4.656
14260 +4.637
14270 +4.611
14280 +4.584
14290 +4.563
14300 +4.551
14310 +4.553
14320 +4.567
14330 +4.587
14340 +4.609
14350 +4.625
14360 +4.631
14370 +4.627
14380 +4.617
14390 +4.608
14400 +4.606
14410 +4.615
14420 +4.635
14430 +4.661
14440 +4.686
14450 +4.704
14460 +4.709
14470 +4.700
14480 +4.681
14490 +4.660
14500 +4.643
14510 +4.635
14520 +4.637
14530 +4.646
14540 +4.656
14550 +4.661
14560 +4.656
14570 +4.639
14580 +4.614
14590 +4.586
14600 +4.561
14610 +4.545
14620 +4.539
14630 +4.544
14640 +4.554
14650 +4.564
14660 +4.568
14670 +4.564
14680 +4.549
14690 +4.529
14700 +4.509
14710 +4.494
14720 +4.490
14730 +4.495
14740 +4.509
14750 +4.524
14760 +4.534
14770 +4.535
14780 +4.525
14790 +4.504
14800 +4.480
14810 +4.458
14820 +4.444
14830 +4.439
14840 +4.443
14850 +4.451
14860 +4.457
14870 +4.455
14880 +4.442
14890 +4.420
14900 +4.393
14910 +4.366
14920 +4.346
14930 +4.335
14940 +4.335
14950 +4.342
14960 +4.352
14970 +4.359
14980 +4.360
14990 +4.352
15000 +4.336
15010 +4.319
15020 +4.304
15030 +4.298
15040 +4.303
15050 +4.318
15060 +4.339
15070 +4.360
15080 +4.374
15090 +4.377
15100 +4.368
15110 +4.350
15120 +4.329
15130 +4.312
15140 +4.305
15150 +4.306
15160 +4.314
15170 +4.320
15180 +4.318
15190 +4.302
15200 +4.269
15210 +4.224
15220 +4.174
15230 +4.126
15240 +4.087
15250 +4.058
15260 +4.036
15270 +4.015
15280 +3.991
15290 +3.956
15300 +3.910
15310 +3.854
15320 +3.794
15330 +3.737
15340 +3.689
15350 +3.652
15360 +3.627
15370 +3.610
15380 +3.596
15390 +3.579
15400 +3.555
15410 +3.525
15420 +3.489
15430 +3.453
15440 +3.424
15450 +3.406
15460 +3.402
15470 +3.410
15480 +3.426
15490 +3.444
15500 +3.456
15510 +3.459
15520 +3.453
15530 +3.441
15540 +3.430
15550 +3.427
15560 +3.436
15570 +3.457
15580 +3.487
15590 +3.517
15600 +3.541
15610 +3.552
15620 +3.549
15630 +3.534
15640 +3.515
15650 +3.499
15660 +3.492
15670 +3.497
15680 +3.509
15690 +3.523
15700 +3.534
15710 +3.534
15720 +3.521
15730 +3.498
15740 +3.470
15750 +3.445
15760 +3.430
15770 +3.427
15780 +3.437
15790 +3.457
15800 +3.481
15810 +3.503
15820 +3.519
15830 +3.528
15840 +3.531
15850 +3.534
15860 +3.546
15870 +3.570
15880 +3.610
15890 +3.663
15900 +3.724
15910 +3.785
15920 +3.839
15930 +3.881
15940 +3.909
15950 +3.930
15960 +3.949
15970 +3.976
15980 +4.013
15990 +4.060
16000 +4.112
16010 +4.161
16020 +4.199
16030 +4.220
16040 +4.225
16050 +4.216
16060 +4.203
16070 +4.194
16080 +4.193
16090 +4.202
16100 +4.218
16110 +4.236
16120 +4.249
16130 +4.254
16140 +4.248
16150 +4.233
16160 +4.215
16170 +4.200
16180 +4.194
16190 +4.202
16200 +4.223
16210 +4.257
16220 +4.297
16230 +4.339
16240 +4.376
16250 +4.407
16260 +4.432
16270 +4.456
16280 +4.486
16290 +4.529
16300 +4.589
16310 +4.666
16320 +4.753
16330 +4.845
16340 +4.930
16350 +5.002
16360 +5.059
16370 +5.104
16380 +5.145
16390 +5.191
16400 +5.249
16410 +5.319
16420 +5.398
16430 +5.475
16440 +5.541
16450 +5.587
16460 +5.609
16470 +5.612
16480 +5.603
16490 +5.593
16500 +5.590
16510 +5.599
16520 +5.616
16530 +5.636
16540 +5.651
16550 +5.653
16560 +5.637
16570 +5.603
16580 +5.557
16590 +5.507
16600 +5.466
16610 +5.440
16620 +5.434
16630 +5.442
16640 +5.457
16650 +5.467
16660 +5.460
16670 +5.431
16680 +5.382
16690 +5.325
16700 +5.274
16710 +5.239
16720 +5.227
16730 +5.231
16740 +5.239
16750 +5.238
16760 +5.214
16770 +5.161
16780 +5.084
16790 +4.995
16800 +4.909
16810 +4.838
16820 +4.786
16830 +4.749
16840 +4.716
16850 +4.675
16860 +4.616
16870 +4.535
16880 +4.435
16890 +4.325
16900 +4.219
16910 +4.125
16920 +4.049
16930 +3.991
16940 +3.946
16950 +3.907
16960 +3.863
16970 +3.810
16980 +3.745
16990 +3.672
17000 +3.597
17010 +3.533
17020 +3.489
17030 +3.468
17040 +3.470
17050 +3.487
17060 +3.507
17070 +3.519
17080 +3.516
17090 +3.496
17100 +3.465
17110 +3.435
17120 +3.419
17130 +3.421
17140 +3.442
17150 +3.473
17160 +3.502
17170 +3.517
17180 +3.510
17190 +3.480
17200 +3.434
17210 +3.382
17220 +3.338
17230 +3.309
17240 +3.295
17250 +3.293
17260 +3.296
17270 +3.296
17280 +3.288
17290 +3.272
17300 +3.251
17310 +3.232
17320 +3.225
17330 +3.238
17340 +3.277
17350 +3.343
17360 +3.435
17370 +3.546
17380 +3.669
17390 +3.797
17400 +3.921
17410 +4.041
17420 +4.158
17430 +4.279
17440 +4.413
17450 +4.564
17460 +4.732
17470 +4.907
17480 +5.075
17490 +5.220
17500 +5.325
17510 +5.384
17520 +5.400
17530 +5.388
17540 +5.364
17550 +5.340
17560 +5.317
17570 +5.286
17580 +5.231
17590 +5.136
17600 +4.992
17610 +4.803
17620 +4.581
17630 +4.347
17640 +4.119
17650 +3.908
17660 +3.718
17670 +3.547
17680 +3.388
17690 +3.235
17700 +3.081
17710 +2.926
17720 +2.775
17730 +2.635
17740 +2.519
17750 +2.439
17760 +2.400
17770 +2.402
17780 +2.433
17790 +2.477
17800 +2.514
17810 +2.532
17820 +2.525
17830 +2.498
17840 +2.463
17850 +2.434
17860 +2.421
17870 +2.423
17880 +2.429
17890 +2.423
17900 +2.386
17910 +2.308
17920 +2.186
17930 +2.026
17940 +1.843
17950 +1.654
17960 +1.471
17970 +1.296
17980 +1.124
17990 +0.943
18000 +0.743
18010 +0.516
18020 +0.262
18030 -0.011
18040 -0.287
18050 -0.549
18060 -0.777
18070 -0.955
18080 -1.078
18090 -1.145
18100 -1.164
18110 -1.143
18120 -1.091
18130 -1.012
18140 -0.901
18150 -0.750
18160 -0.550
18170 -0.298
18180 -0.001
18190 +0.326
18200 +0.661
18210 +0.984
18220 +1.281
18230 +1.543
18240 +1.771
18250 +1.972
18260 +2.156
18270 +2.333
18280 +2.508
18290 +2.675
18300 +2.824
18310 +2.940
18320 +3.011
18330 +3.029
18340 +2.995
18350 +2.920
18360 +2.824
18370 +2.725
18380 +2.640
18390 +2.573
18400 +2.524
18410 +2.485
18420 +2.452
18430 +2.422
18440 +2.402
18450 +2.402
18460 +2.438
18470 +2.523
18480 +2.664
18490 +2.860
18500 +3.099
18510 +3.364
18520 +3.635
18530 +3.896
18540 +4.134
18550 +4.346
18560 +4.537
18570 +4.716
18580 +4.894
18590 +5.079
18600 +5.269
18610 +5.456
18620 +5.624
18630 +5.759
18640 +5.849
18650 +5.891
18660 +5.893
18670 +5.870
18680 +5.841
18690 +5.821
18700 +5.815
18710 +5.820
18720 +5.822
18730 +5.810
18740 +5.772
18750 +5.707
18760 +5.624
18770 +5.540
18780 +5.477
18790 +5.454
18800 +5.481
18810 +5.560
18820 +5.685
18830 +5.844
18840 +6.026
18850 +6.223
18860 +6.436
18870 +6.667
18880 +6.929
18890 +7.232
18900 +7.586
18910 +7.995
18920 +8.454
18930 +8.951
18940 +9.473
18950 +10.003
18960 +10.529
18970 +11.045
18980 +11.552
18990 +12.062
19000 +12.592
19010 +13.163
19020 +13.790
19030 +14.479
19040 +15.227
19050 +16.020
19060 +16.838
19070 +17.655
19080 +18.453
19090 +19.232
19100 +20.022
19110 +20.880
19120 +21.877
19130 +23.090
19140 +24.593
19150 +26.462
19160 +28.785
19170 +31.644
19180 +35.026
19190 +38.385
19200 +39.985
19210 +38.972
19220 +36.608
19230 +33.798
19240 +31.046
19250 +28.622
19260 +26.607
19270 +24.986
19280 +23.718
19290 +22.749
19300 +22.020
19310 +21.455
19320 +20.963
19330 +20.456
19340 +19.881
19350 +19.232
19360 +18.551
19370 +17.890
19380 +17.298
19390 +16.801
19400 +16.411
19410 +16.113
19420 +15.875
19430 +15.649
19440 +15.389
19450 +15.069
19460 +14.693
19470 +14.289
19480 +13.897
19490 +13.551
19500 +13.279
19510 +13.092
19520 +12.985
19530 +12.935
19540 +12.905
19550 +12.859
19560 +12.775
19570 +12.655
19580 +12.528
19590 +12.435
19600 +12.418
19610 +12.512
19620 +12.733
19630 +13.062
19640 +13.440
19650 +13.769
19660 +13.958
19670 +13.970
19680 +13.847
19690 +13.666
19700 +13.501
19710 +13.393
19720 +13.344
19730 +13.312
19740 +13.230
19750 +13.038
19760 +12.720
19770 +12.316
19780 +11.891
19790 +11.502
19800 +11.183
19810 +10.945
19820 +10.776
19830 +10.643
19840 +10.498
19850 +10.296
19860 +10.017
19870 +9.676
19880 +9.310
19890 +8.957
19900 +8.641
19910 +8.365
19920 +8.110
19930 +7.839
19940 +7.504
19950 +7.067
19960 +6.525
19970 +5.916
19980 +5.295
19990 +4.708
20000 +4.181
20010 +3.717
20020 +3.316
20030 +2.974
20040 +2.689
20050 +2.460
20060 +2.284
20070 +2.154
20080 +2.060
20090 +1.994
20100 +1.947
20110 +1.912
20120 +1.884
20130 +1.859
20140 +1.829
20150 +1.790
20160 +1.737
20170 +1.670
20180 +1.592
20190 +1.509
20200 +1.427
20210 +1.348
20220 +1.273
20230 +1.196
20240 +1.111
20250 +1.009
20260 +0.883
20270 +0.733
20280 +0.563
20290 +0.384
20300 +0.206
20310 +0.033
20320 -0.139
20330 -0.321
20340 -0.529
20350 -0.780
20360 -1.088
20370 -1.449
20380 -1.836
20390 -2.197
20400 -2.479
20410 -2.640
20420 -2.666
20430 -2.551
20440 -2.299
20450 -1.923
20460 -1.466
20470 -0.992
20480 -0.563
20490 -0.210
20500 +0.066
20510 +0.278
20520 +0.444
20530 +0.573
20540 +0.672
20550 +0.739
20560 +0.770
20570 +0.761
20580 +0.716
20590 +0.641
20600 +0.554
20610 +0.470
20620 +0.403
20630 +0.356
20640 +0.326
20650 +0.300
20660 +0.264
20670 +0.199
20680 +0.094
20690 -0.051
20700 -0.223
20710 -0.396
20720 -0.545
20730 -0.653
20740 -0.722
20750 -0.767
20760 -0.813
20770 -0.889
20780 -1.019
20790 -1.214
20800 -1.458
20810 -1.711
20820 -1.926
20830 -2.071
20840 -2.142
20850 -2.162
20860 -2.170
20870 -2.203
20880 -2.295
20890 -2.454
20900 -2.655
20910 -2.849
20920 -2.981
20930 -3.025
20940 -2.988
20950 -2.905
20960 -2.817
20970 -2.763
20980 -2.770
20990 -2.848
21000 -2.981
21010 -3.134
21020 -3.268
21030 -3.356
21040 -3.393
21050 -3.394
21060 -3.385
21070 -3.397
21080 -3.456
21090 -3.579
21100 -3.768
21110 -4.004
21120 -4.255
21130 -4.481
21140 -4.656
21150 -4.769
21160 -4.834
21170 -4.879
21180 -4.936
21190 -5.034
21200 -5.189
21210 -5.392
21220 -5.609
21230 -5.784
21240 -5.868
21250 -5.842
21260 -5.718
21270 -5.536
21280 -5.340
21290 -5.165
21300 -5.034
21310 -4.948
21320 -4.885
21330 -4.811
21340 -4.691
21350 -4.512
21360 -4.283
21370 -4.030
21380 -3.782
21390 -3.569
21400 -3.415
21410 -3.333
21420 -3.319
21430 -3.349
21440 -3.391
21450 -3.412
21460 -3.397
21470 -3.347
21480 -3.281
21490 -3.225
21500 -3.206
21510 -3.246
21520 -3.357
21530 -3.527
21540 -3.726
21550 -3.911
21560 -4.047
21570 -4.115
21580 -4.122
21590 -4.092
21600 -4.057
21610 -4.050
21620 -4.091
21630 -4.178
21640 -4.285
21650 -4.368
21660 -4.385
21670 -4.316
21680 -4.168
21690 -3.973
21700 -3.767
21710 -3.587
21720 -3.460
21730 -3.397
21740 -3.389
21750 -3.405
21760 -3.409
21770 -3.374
21780 -3.295
21790 -3.187
21800 -3.075
21810 -2.993
21820 -2.968
21830 -3.018
21840 -3.144
21850 -3.325
21860 -3.524
21870 -3.706
21880 -3.847
21890 -3.946
21900 -4.017
21910 -4.089
21920 -4.192
21930 -4.352
21940 -4.579
21950 -4.863
21960 -5.171
21970 -5.458
21980 -5.681
21990 -5.822
22000 -5.886
22010 -5.902
22020 -5.906
22030 -5.930
22040 -5.994
22050 -6.096
22060 -6.207
22070 -6.286
22080 -6.295
22090 -6.218
22100 -6.070
22110 -5.880
22120 -5.686
22130 -5.522
22140 -5.412
22150 -5.363
22160 -5.365
22170 -5.389
22180 -5.404
22190 -5.384
22200 -5.324
22210 -5.237
22220 -5.147
22230 -5.082
22240 -5.069
22250 -5.122
22260 -5.242
22270 -5.409
22280 -5.591
22290 -5.749
22300 -5.860
22310 -5.920
22320 -5.942
22330 -5.953
22340 -5.980
22350 -6.042
22360 -6.146
22370 -6.275
22380 -6.396
22390 -6.467
22400 -6.459
22410 -6.367
22420 -6.209
22430 -6.016
22440 -5.819
22450 -5.642
22460 -5.496
22470 -5.381
22480 -5.282
22490 -5.177
22500 -5.047
22510 -4.885
22520 -4.699
22530 -4.505
22540 -4.324
22550 -4.174
22560 -4.072
22570 -4.023
22580 -4.022
22590 -4.051
22600 -4.087
22610 -4.110
22620 -4.113
22630 -4.100
22640 -4.083
22650 -4.079
22660 -4.105
22670 -4.170
22680 -4.272
22690 -4.396
22700 -4.520
22710 -4.619
22720 -4.678
22730 -4.694
22740 -4.677
22750 -4.641
22760 -4.602
22770 -4.572
22780 -4.556
22790 -4.547
22800 -4.533
22810 -4.498
22820 -4.431
22830 -4.329
22840 -4.199
22850 -4.055
22860 -3.912
22870 -3.784
22880 -3.680
22890 -3.605
22900 -3.556
22910 -3.521
22920 -3.488
22930 -3.448
22940 -3.397
22950 -3.339
22960 -3.286
22970 -3.248
22980 -3.239
22990 -3.264
23000 -3.324
23010 -3.409
23020 -3.505
23030 -3.597
23040 -3.674
23050 -3.734
23060 -3.785
23070 -3.834
23080 -3.892
23090 -3.967
23100 -4.056
23110 -4.154
23120 -4.245
23130 -4.314
23140 -4.350
23150 -4.351
23160 -4.321
23170 -4.270
23180 -4.208
23190 -4.142
23200 -4.075
23210 -4.005
23220 -3.928
23230 -3.838
23240 -3.732
23250 -3.613
23260 -3.486
23270 -3.358
23280 -3.236
23290 -3.127
23300 -3.034
23310 -2.959
23320 -2.900
23330 -2.854
23340 -2.816
23350 -2.785
23360 -2.759
23370 -2.742
23380 -2.736
23390 -2.743
23400 -2.765
23410 -2.799
23420 -2.838
23430 -2.875
23440 -2.900
23450 -2.910
23460 -2.902
23470 -2.879
23480 -2.842
23490 -2.794
23500 -2.731
23510 -2.649
23520 -2.544
23530 -2.411
23540 -2.249
23550 -2.065
23560 -1.863
23570 -1.654
23580 -1.443
23590 -1.234
23600 -1.030
23610 -0.830
23620 -0.637
23630 -0.452
23640 -0.277
23650 -0.117
23660 +0.025
23670 +0.143
23680 +0.234
23690 +0.293
23700 +0.315
23710 +0.295
23720 +0.227
23730 +0.109
23740 -0.059
23750 -0.273
23760 -0.529
23770 -0.825
23780 -1.161
23790 -1.542
23800 -1.975
23810 -2.467
23820 -3.024
23830 -3.646
23840 -4.329
23850 -5.065
23860 -5.844
23870 -6.656
23880 -7.500
23890 -8.381
23900 -9.314
23910 -10.324
23920 -11.443
23930 -12.710
23940 -14.171
23950 -15.878
23960 -17.904
23970 -20.355
23980 -23.388
23990 -27.038
