00000 +2.197
00010 +1.803
00020 +1.051
00030 +0.435
00040 +0.059
00050 -0.122
00060 -0.157
00070 -0.084
00080 +0.060
00090 +0.215
00100 +0.284
00110 +0.179
00120 -0.086
00130 -0.398
00140 -0.655
00150 -0.820
00160 -0.899
00170 -0.913
00180 -0.884
00190 -0.839
00200 -0.806
00210 -0.810
00220 -0.862
00230 -0.951
00240 -1.050
00250 -1.131
00260 -1.179
00270 -1.190
00280 -1.168
00290 -1.126
00300 -1.076
00310 -1.034
00320 -1.015
00330 -1.023
00340 -1.053
00350 -1.091
00360 -1.121
00370 -1.129
00380 -1.110
00390 -1.068
00400 -1.011
00410 -0.954
00420 -0.911
00430 -0.900
00440 -0.925
00450 -0.981
00460 -1.049
00470 -1.112
00480 -1.156
00490 -1.181
00500 -1.199
00510 -1.230
00520 -1.294
00530 -1.408
00540 -1.569
00550 -1.755
00560 -1.934
00570 -2.081
00580 -2.186
00590 -2.255
00600 -2.304
00610 -2.347
00620 -2.397
00630 -2.457
00640 -2.524
00650 -2.586
00660 -2.631
00670 -2.654
00680 -2.652
00690 -2.630
00700 -2.596
00710 -2.559
00720 -2.528
00730 -2.508
00740 -2.500
00750 -2.501
00760 -2.506
00770 -2.505
00780 -2.494
00790 -2.471
00800 -2.439
00810 -2.403
00820 -2.372
00830 -2.354
00840 -2.355
00850 -2.377
00860 -2.414
00870 -2.456
00880 -2.494
00890 -2.522
00900 -2.538
00910 -2.548
00920 -2.560
00930 -2.584
00940 -2.624
00950 -2.678
00960 -2.740
00970 -2.796
00980 -2.836
00990 -2.854
01000 -2.851
01010 -2.833
01020 -2.806
01030 -2.780
01040 -2.759
01050 -2.743
01060 -2.730
01070 -2.712
01080 -2.684
01090 -2.642
01100 -2.583
01110 -2.512
01120 -2.431
01130 -2.349
01140 -2.268
01150 -2.195
01160 -2.128
01170 -2.066
01180 -2.003
01190 -1.934
01200 -1.854
01210 -1.763
01220 -1.662
01230 -1.556
01240 -1.454
01250 -1.362
01260 -1.286
01270 -1.226
01280 -1.179
01290 -1.138
01300 -1.095
01310 -1.045
01320 -0.989
01330 -0.932
01340 -0.884
01350 -0.854
01360 -0.847
01370 -0.865
01380 -0.898
01390 -0.937
01400 -0.970
01410 -0.989
01420 -0.995
01430 -0.992
01440 -0.987
01450 -0.990
01460 -1.003
01470 -1.026
01480 -1.054
01490 -1.076
01500 -1.086
01510 -1.078
01520 -1.052
01530 -1.012
01540 -0.964
01550 -0.916
01560 -0.877
01570 -0.852
01580 -0.842
01590 -0.848
01600 -0.864
01610 -0.886
01620 -0.911
01630 -0.938
01640 -0.973
01650 -1.023
01660 -1.096
01670 -1.196
01680 -1.322
01690 -1.462
01700 -1.603
01710 -1.730
01720 -1.834
01730 -1.914
01740 -1.977
01750 -2.032
01760 -2.089
01770 -2.155
01780 -2.229
01790 -2.305
01800 -2.375
01810 -2.430
01820 -2.464
01830 -2.479
01840 -2.479
01850 -2.474
01860 -2.473
01870 -2.480
01880 -2.499
01890 -2.525
01900 -2.552
01910 -2.572
01920 -2.579
01930 -2.571
01940 -2.552
01950 -2.529
01960 -2.509
01970 -2.498
01980 -2.500
01990 -2.514
02000 -2.535
02010 -2.555
02020 -2.569
02030 -2.573
02040 -2.567
02050 -2.556
02060 -2.547
02070 -2.546
02080 -2.557
02090 -2.578
02100 -2.606
02110 -2.634
02120 -2.654
02130 -2.662
02140 -2.655
02150 -2.637
02160 -2.611
02170 -2.583
02180 -2.558
02190 -2.538
02200 -2.521
02210 -2.503
02220 -2.479
02230 -2.443
02240 -2.394
02250 -2.332
02260 -2.261
02270 -2.186
02280 -2.115
02290 -2.050
02300 -1.994
02310 -1.944
02320 -1.897
02330 -1.847
02340 -1.790
02350 -1.725
02360 -1.656
02370 -1.588
02380 -1.527
02390 -1.480
02400 -1.451
02410 -1.438
02420 -1.437
02430 -1.442
02440 -1.447
02450 -1.449
02460 -1.449
02470 -1.449
02480 -1.456
02490 -1.474
02500 -1.505
02510 -1.549
02520 -1.600
02530 -1.653
02540 -1.699
02550 -1.735
02560 -1.760
02570 -1.777
02580 -1.789
02590 -1.803
02600 -1.821
02610 -1.843
02620 -1.868
02630 -1.891
02640 -1.907
02650 -1.911
02660 -1.902
02670 -1.882
02680 -1.853
02690 -1.820
02700 -1.788
02710 -1.759
02720 -1.733
02730 -1.708
02740 -1.681
02750 -1.649
02760 -1.609
02770 -1.563
02780 -1.514
02790 -1.469
02800 -1.435
02810 -1.419
02820 -1.429
02830 -1.466
02840 -1.529
02850 -1.613
02860 -1.713
02870 -1.821
02880 -1.933
02890 -2.048
02900 -2.166
02910 -2.286
02920 -2.409
02930 -2.530
02940 -2.643
02950 -2.742
02960 -2.822
02970 -2.879
02980 -2.915
02990 -2.935
03000 -2.943
03010 -2.948
03020 -2.952
03030 -2.957
03040 -2.962
03050 -2.963
03060 -2.955
03070 -2.937
03080 -2.907
03090 -2.867
03100 -2.821
03110 -2.774
03120 -2.729
03130 -2.689
03140 -2.654
03150 -2.621
03160 -2.585
03170 -2.544
03180 -2.494
03190 -2.438
03200 -2.376
03210 -2.313
03220 -2.253
03230 -2.201
03240 -2.158
03250 -2.124
03260 -2.096
03270 -2.069
03280 -2.043
03290 -2.014
03300 -1.983
03310 -1.954
03320 -1.931
03330 -1.917
03340 -1.914
03350 -1.922
03360 -1.937
03370 -1.954
03380 -1.968
03390 -1.974
03400 -1.971
03410 -1.960
03420 -1.946
03430 -1.932
03440 -1.923
03450 -1.918
03460 -1.916
03470 -1.914
03480 -1.905
03490 -1.887
03500 -1.857
03510 -1.818
03520 -1.773
03530 -1.726
03540 -1.682
03550 -1.643
03560 -1.609
03570 -1.577
03580 -1.542
03590 -1.500
03600 -1.450
03610 -1.391
03620 -1.326
03630 -1.260
03640 -1.198
03650 -1.142
03660 -1.095
03670 -1.054
03680 -1.016
03690 -0.978
03700 -0.936
03710 -0.892
03720 -0.847
03730 -0.805
03740 -0.772
03750 -0.752
03760 -0.747
03770 -0.758
03780 -0.782
03790 -0.817
03800 -0.859
03810 -0.906
03820 -0.959
03830 -1.019
03840 -1.088
03850 -1.170
03860 -1.265
03870 -1.372
03880 -1.489
03890 -1.610
03900 -1.731
03910 -1.845
03920 -1.949
03930 -2.043
03940 -2.126
03950 -2.203
03960 -2.276
03970 -2.346
03980 -2.414
03990 -2.477
04000 -2.531
04010 -2.573
04020 -2.599
04030 -2.610
04040 -2.610
04050 -2.601
04060 -2.591
04070 -2.583
04080 -2.578
04090 -2.575
04100 -2.572
04110 -2.564
04120 -2.549
04130 -2.525
04140 -2.496
04150 -2.464
04160 -2.433
04170 -2.408
04180 -2.390
04190 -2.379
04200 -2.371
04210 -2.363
04220 -2.350
04230 -2.332
04240 -2.307
04250 -2.278
04260 -2.247
04270 -2.219
04280 -2.195
04290 -2.176
04300 -2.160
04310 -2.145
04320 -2.126
04330 -2.100
04340 -2.066
04350 -2.026
04360 -1.980
04370 -1.933
04380 -1.888
04390 -1.849
04400 -1.814
04410 -1.782
04420 -1.751
04430 -1.716
04440 -1.675
04450 -1.627
04460 -1.574
04470 -1.521
04480 -1.470
04490 -1.427
04500 -1.393
04510 -1.366
04520 -1.344
04530 -1.322
04540 -1.296
04550 -1.265
04560 -1.229
04570 -1.192
04580 -1.157
04590 -1.128
04600 -1.109
04610 -1.098
04620 -1.093
04630 -1.089
04640 -1.082
04650 -1.067
04660 -1.046
04670 -1.020
04680 -0.992
04690 -0.967
04700 -0.949
04710 -0.938
04720 -0.932
04730 -0.927
04740 -0.918
04750 -0.902
04760 -0.878
04770 -0.845
04780 -0.808
04790 -0.772
04800 -0.741
04810 -0.717
04820 -0.699
04830 -0.685
04840 -0.671
04850 -0.652
04860 -0.626
04870 -0.593
04880 -0.558
04890 -0.523
04900 -0.494
04910 -0.473
04920 -0.462
04930 -0.458
04940 -0.458
04950 -0.457
04960 -0.451
04970 -0.441
04980 -0.426
04990 -0.409
05000 -0.396
05010 -0.389
05020 -0.390
05030 -0.399
05040 -0.412
05050 -0.425
05060 -0.434
05070 -0.435
05080 -0.429
05090 -0.417
05100 -0.404
05110 -0.393
05120 -0.389
05130 -0.392
05140 -0.400
05150 -0.409
05160 -0.414
05170 -0.411
05180 -0.399
05190 -0.379
05200 -0.354
05210 -0.330
05220 -0.310
05230 -0.298
05240 -0.292
05250 -0.290
05260 -0.285
05270 -0.274
05280 -0.253
05290 -0.223
05300 -0.188
05310 -0.151
05320 -0.117
05330 -0.091
05340 -0.071
05350 -0.057
05360 -0.044
05370 -0.026
05380 +0.000
05390 +0.035
05400 +0.077
05410 +0.123
05420 +0.169
05430 +0.209
05440 +0.242
05450 +0.268
05460 +0.292
05470 +0.316
05480 +0.347
05490 +0.387
05500 +0.437
05510 +0.493
05520 +0.553
05530 +0.610
05540 +0.660
05550 +0.702
05560 +0.738
05570 +0.772
05580 +0.809
05590 +0.856
05600 +0.914
05610 +0.983
05620 +1.059
05630 +1.134
05640 +1.202
05650 +1.261
05660 +1.310
05670 +1.355
05680 +1.402
05690 +1.458
05700 +1.528
05710 +1.610
05720 +1.702
05730 +1.796
05740 +1.885
05750 +1.963
05760 +2.031
05770 +2.091
05780 +2.151
05790 +2.218
05800 +2.298
05810 +2.391
05820 +2.495
05830 +2.603
05840 +2.706
05850 +2.796
05860 +2.872
05870 +2.934
05880 +2.989
05890 +3.045
05900 +3.109
05910 +3.183
05920 +3.266
05930 +3.350
05940 +3.427
05950 +3.488
05960 +3.527
05970 +3.547
05980 +3.553
05990 +3.555
06000 +3.561
06010 +3.577
06020 +3.603
06030 +3.636
06040 +3.666
06050 +3.685
06060 +3.688
06070 +3.675
06080 +3.652
06090 +3.628
06100 +3.614
06110 +3.617
06120 +3.639
06130 +3.677
06140 +3.723
06150 +3.767
06160 +3.802
06170 +3.825
06180 +3.838
06190 +3.848
06200 +3.866
06210 +3.898
06220 +3.950
06230 +4.018
06240 +4.095
06250 +4.169
06260 +4.229
06270 +4.266
06280 +4.280
06290 +4.275
06300 +4.264
06310 +4.255
06320 +4.255
06330 +4.265
06340 +4.276
06350 +4.277
06360 +4.253
06370 +4.197
06380 +4.110
06390 +4.001
06400 +3.884
06410 +3.774
06420 +3.681
06430 +3.607
06440 +3.547
06450 +3.490
06460 +3.426
06470 +3.347
06480 +3.253
06490 +3.153
06500 +3.057
06510 +2.980
06520 +2.929
06530 +2.906
06540 +2.906
06550 +2.918
06560 +2.931
06570 +2.934
06580 +2.922
06590 +2.898
06600 +2.869
06610 +2.846
06620 +2.837
06630 +2.847
06640 +2.872
06650 +2.902
06660 +2.925
06670 +2.928
06680 +2.903
06690 +2.848
06700 +2.773
06710 +2.690
06720 +2.610
06730 +2.542
06740 +2.487
06750 +2.439
06760 +2.387
06770 +2.320
06780 +2.228
06790 +2.113
06800 +1.983
06810 +1.853
06820 +1.736
06830 +1.644
06840 +1.579
06850 +1.537
06860 +1.507
06870 +1.477
06880 +1.437
06890 +1.383
06900 +1.319
06910 +1.258
06920 +1.212
06930 +1.191
06940 +1.199
06950 +1.232
06960 +1.278
06970 +1.325
06980 +1.357
06990 +1.367
07000 +1.357
07010 +1.335
07020 +1.312
07030 +1.300
07040 +1.304
07050 +1.321
07060 +1.342
07070 +1.353
07080 +1.340
07090 +1.295
07100 +1.218
07110 +1.119
07120 +1.010
07130 +0.906
07140 +0.815
07150 +0.740
07160 +0.675
07170 +0.610
07180 +0.535
07190 +0.442
07200 +0.330
07210 +0.206
07220 +0.082
07230 -0.030
07240 -0.118
07250 -0.180
07260 -0.218
07270 -0.242
07280 -0.264
07290 -0.295
07300 -0.341
07310 -0.399
07320 -0.462
07330 -0.519
07340 -0.558
07350 -0.575
07360 -0.571
07370 -0.557
07380 -0.543
07390 -0.545
07400 -0.570
07410 -0.619
07420 -0.684
07430 -0.754
07440 -0.818
07450 -0.867
07460 -0.901
07470 -0.928
07480 -0.957
07490 -1.002
07500 -1.069
07510 -1.159
07520 -1.266
07530 -1.376
07540 -1.479
07550 -1.565
07560 -1.631
07570 -1.682
07580 -1.725
07590 -1.771
07600 -1.829
07610 -1.900
07620 -1.982
07630 -2.064
07640 -2.138
07650 -2.193
07660 -2.228
07670 -2.242
07680 -2.244
07690 -2.244
07700 -2.250
07710 -2.269
07720 -2.300
07730 -2.339
07740 -2.377
07750 -2.405
07760 -2.417
07770 -2.414
07780 -2.401
07790 -2.385
07800 -2.378
07810 -2.385
07820 -2.411
07830 -2.450
07840 -2.496
07850 -2.540
07860 -2.573
07870 -2.593
07880 -2.601
07890 -2.604
07900 -2.611
07910 -2.628
07920 -2.660
07930 -2.705
07940 -2.757
07950 -2.808
07960 -2.848
07970 -2.872
07980 -2.879
07990 -2.875
08000 -2.866
08010 -2.861
08020 -2.867
08030 -2.885
08040 -2.911
08050 -2.938
08060 -2.957
08070 -2.962
08080 -2.950
08090 -2.925
08100 -2.893
08110 -2.863
08120 -2.844
08130 -2.839
08140 -2.846
08150 -2.860
08160 -2.871
08170 -2.874
08180 -2.864
08190 -2.841
08200 -2.812
08210 -2.784
08220 -2.765
08230 -2.760
08240 -2.768
08250 -2.786
08260 -2.805
08270 -2.818
08280 -2.820
08290 -2.809
08300 -2.788
08310 -2.762
08320 -2.740
08330 -2.726
08340 -2.722
08350 -2.726
08360 -2.733
08370 -2.735
08380 -2.727
08390 -2.704
08400 -2.667
08410 -2.620
08420 -2.569
08430 -2.522
08440 -2.482
08450 -2.451
08460 -2.426
08470 -2.399
08480 -2.364
08490 -2.316
08500 -2.253
08510 -2.177
08520 -2.095
08530 -2.015
08540 -1.941
08550 -1.879
08560 -1.827
08570 -1.778
08580 -1.727
08590 -1.666
08600 -1.593
08610 -1.507
08620 -1.414
08630 -1.322
08640 -1.237
08650 -1.165
08660 -1.105
08670 -1.055
08680 -1.007
08690 -0.953
08700 -0.888
08710 -0.812
08720 -0.727
08730 -0.639
08740 -0.557
08750 -0.485
08760 -0.426
08770 -0.379
08780 -0.337
08790 -0.291
08800 -0.236
08810 -0.169
08820 -0.090
08830 -0.003
08840 +0.083
08850 +0.161
08860 +0.227
08870 +0.281
08880 +0.328
08890 +0.374
08900 +0.429
08910 +0.496
08920 +0.577
08930 +0.668
08940 +0.762
08950 +0.850
08960 +0.927
08970 +0.990
08980 +1.042
08990 +1.090
09000 +1.141
09010 +1.202
09020 +1.277
09030 +1.361
09040 +1.450
09050 +1.534
09060 +1.607
09070 +1.664
09080 +1.706
09090 +1.740
09100 +1.772
09110 +1.812
09120 +1.862
09130 +1.924
09140 +1.993
09150 +2.059
09160 +2.116
09170 +2.158
09180 +2.185
09190 +2.201
09200 +2.213
09210 +2.231
09220 +2.261
09230 +2.303
09240 +2.355
09250 +2.410
09260 +2.459
09270 +2.497
09280 +2.519
09290 +2.530
09300 +2.537
09310 +2.548
09320 +2.570
09330 +2.606
09340 +2.654
09350 +2.708
09360 +2.760
09370 +2.802
09380 +2.831
09390 +2.847
09400 +2.856
09410 +2.866
09420 +2.884
09430 +2.914
09440 +2.956
09450 +3.005
09460 +3.053
09470 +3.092
09480 +3.118
09490 +3.128
09500 +3.128
09510 +3.123
09520 +3.121
09530 +3.127
09540 +3.144
09550 +3.169
09560 +3.195
09570 +3.214
09580 +3.220
09590 +3.210
09600 +3.187
09610 +3.156
09620 +3.126
09630 +3.102
09640 +3.090
09650 +3.088
09660 +3.091
09670 +3.092
09680 +3.083
09690 +3.060
09700 +3.023
09710 +2.978
09720 +2.933
09730 +2.895
09740 +2.869
09750 +2.855
09760 +2.850
09770 +2.846
09780 +2.837
09790 +2.815
09800 +2.781
09810 +2.738
09820 +2.692
09830 +2.651
09840 +2.620
09850 +2.602
09860 +2.593
09870 +2.587
09880 +2.578
09890 +2.558
09900 +2.524
09910 +2.478
09920 +2.425
09930 +2.372
09940 +2.326
09950 +2.290
09960 +2.264
09970 +2.243
09980 +2.220
09990 +2.189
10000 +2.145
10010 +2.088
10020 +2.023
10030 +1.956
10040 +1.894
10050 +1.843
10060 +1.804
10070 +1.775
10080 +1.751
10090 +1.724
10100 +1.689
10110 +1.645
10120 +1.592
10130 +1.538
10140 +1.491
10150 +1.455
10160 +1.436
10170 +1.432
10180 +1.438
10190 +1.447
10200 +1.454
10210 +1.454
10220 +1.446
10230 +1.436
10240 +1.429
10250 +1.434
10260 +1.454
10270 +1.490
10280 +1.538
10290 +1.591
10300 +1.640
10310 +1.679
10320 +1.704
10330 +1.717
10340 +1.725
10350 +1.734
10360 +1.750
10370 +1.776
10380 +1.808
10390 +1.840
10400 +1.862
10410 +1.868
10420 +1.852
10430 +1.817
10440 +1.768
10450 +1.715
10460 +1.667
10470 +1.628
10480 +1.598
10490 +1.573
10500 +1.544
10510 +1.503
10520 +1.446
10530 +1.374
10540 +1.292
10550 +1.210
10560 +1.137
10570 +1.080
10580 +1.039
10590 +1.013
10600 +0.993
10610 +0.971
10620 +0.940
10630 +0.897
10640 +0.847
10650 +0.797
10660 +0.757
10670 +0.734
10680 +0.734
10690 +0.753
10700 +0.785
10710 +0.820
10720 +0.848
10730 +0.863
10740 +0.865
10750 +0.860
10760 +0.857
10770 +0.868
10780 +0.897
10790 +0.944
10800 +1.003
10810 +1.061
10820 +1.103
10830 +1.121
10840 +1.109
10850 +1.074
10860 +1.028
10870 +0.981
10880 +0.945
10890 +0.918
10900 +0.896
10910 +0.864
10920 +0.807
10930 +0.715
10940 +0.583
10950 +0.421
10960 +0.241
10970 +0.061
10980 -0.109
10990 -0.263
11000 -0.408
11010 -0.554
11020 -0.714
11030 -0.898
11040 -1.108
11050 -1.338
11060 -1.573
11070 -1.796
11080 -1.993
11090 -2.159
11100 -2.297
11110 -2.415
11120 -2.527
11130 -2.646
11140 -2.776
11150 -2.917
11160 -3.055
11170 -3.178
11180 -3.270
11190 -3.327
11200 -3.350
11210 -3.349
11220 -3.339
11230 -3.337
11240 -3.352
11250 -3.387
11260 -3.433
11270 -3.474
11280 -3.496
11290 -3.491
11300 -3.458
11310 -3.407
11320 -3.352
11330 -3.311
11340 -3.295
11350 -3.306
11360 -3.337
11370 -3.371
11380 -3.394
11390 -3.393
11400 -3.367
11410 -3.323
11420 -3.276
11430 -3.241
11440 -3.230
11450 -3.247
11460 -3.285
11470 -3.330
11480 -3.366
11490 -3.382
11500 -3.374
11510 -3.347
11520 -3.312
11530 -3.283
11540 -3.273
11550 -3.286
11560 -3.321
11570 -3.365
11580 -3.406
11590 -3.431
11600 -3.434
11610 -3.414
11620 -3.380
11630 -3.344
11640 -3.319
11650 -3.315
11660 -3.332
11670 -3.364
11680 -3.398
11690 -3.420
11700 -3.421
11710 -3.395
11720 -3.349
11730 -3.293
11740 -3.241
11750 -3.206
11760 -3.192
11770 -3.198
11780 -3.212
11790 -3.218
11800 -3.204
11810 -3.163
11820 -3.096
11830 -3.014
11840 -2.932
11850 -2.864
11860 -2.820
11870 -2.799
11880 -2.793
11890 -2.788
11900 -2.767
11910 -2.724
11920 -2.657
11930 -2.573
11940 -2.487
11950 -2.414
11960 -2.365
11970 -2.343
11980 -2.343
11990 -2.352
12000 -2.353
12010 -2.336
12020 -2.296
12030 -2.238
12040 -2.171
12050 -2.110
12060 -2.068
12070 -2.051
12080 -2.058
12090 -2.078
12100 -2.097
12110 -2.099
12120 -2.077
12130 -2.030
12140 -1.966
12150 -1.899
12160 -1.843
12170 -1.808
12180 -1.798
12190 -1.806
12200 -1.817
12210 -1.817
12220 -1.793
12230 -1.741
12240 -1.666
12250 -1.583
12260 -1.506
12270 -1.450
12280 -1.422
12290 -1.419
12300 -1.427
12310 -1.432
12320 -1.418
12330 -1.379
12340 -1.318
12350 -1.246
12360 -1.178
12370 -1.130
12380 -1.111
12390 -1.122
12400 -1.151
12410 -1.182
12420 -1.202
12430 -1.199
12440 -1.172
12450 -1.128
12460 -1.081
12470 -1.046
12480 -1.034
12490 -1.049
12500 -1.085
12510 -1.128
12520 -1.164
12530 -1.177
12540 -1.163
12550 -1.125
12560 -1.072
12570 -1.021
12580 -0.986
12590 -0.977
12600 -0.991
12610 -1.019
12620 -1.045
12630 -1.053
12640 -1.032
12650 -0.983
12660 -0.914
12670 -0.839
12680 -0.776
12690 -0.737
12700 -0.728
12710 -0.740
12720 -0.759
12730 -0.768
12740 -0.753
12750 -0.710
12760 -0.645
12770 -0.571
12780 -0.504
12790 -0.460
12800 -0.446
12810 -0.460
12820 -0.489
12830 -0.516
12840 -0.526
12850 -0.509
12860 -0.467
12870 -0.408
12880 -0.346
12890 -0.299
12900 -0.277
12910 -0.284
12920 -0.311
12930 -0.343
12940 -0.363
12950 -0.358
12960 -0.321
12970 -0.258
12980 -0.181
12990 -0.108
13000 -0.056
13010 -0.034
13020 -0.039
13030 -0.058
13040 -0.073
13050 -0.066
13060 -0.027
13070 +0.042
13080 +0.130
13090 +0.219
13100 +0.287
13110 +0.322
13120 +0.322
13130 +0.298
13140 +0.269
13150 +0.255
13160 +0.268
13170 +0.311
13180 +0.376
13190 +0.445
13200 +0.499
13210 +0.523
13220 +0.513
13230 +0.474
13240 +0.426
13250 +0.386
13260 +0.371
13270 +0.388
13280 +0.433
13290 +0.494
13300 +0.554
13310 +0.594
13320 +0.605
13330 +0.588
13340 +0.553
13350 +0.520
13360 +0.507
13370 +0.527
13380 +0.582
13390 +0.663
13400 +0.752
13410 +0.830
13420 +0.878
13430 +0.891
13440 +0.875
13450 +0.849
13460 +0.834
13470 +0.848
13480 +0.897
13490 +0.974
13500 +1.063
13510 +1.142
13520 +1.189
13530 +1.195
13540 +1.164
13550 +1.113
13560 +1.065
13570 +1.040
13580 +1.048
13590 +1.087
13600 +1.144
13610 +1.200
13620 +1.234
13630 +1.234
13640 +1.201
13650 +1.145
13660 +1.088
13670 +1.050
13680 +1.045
13690 +1.078
13700 +1.141
13710 +1.218
13720 +1.290
13730 +1.338
13740 +1.353
13750 +1.338
13760 +1.310
13770 +1.288
13780 +1.294
13790 +1.336
13800 +1.414
13810 +1.514
13820 +1.614
13830 +1.688
13840 +1.721
13850 +1.709
13860 +1.666
13870 +1.616
13880 +1.582
13890 +1.579
13900 +1.610
13910 +1.663
13920 +1.718
13930 +1.750
13940 +1.739
13950 +1.680
13960 +1.585
13970 +1.475
13980 +1.376
13990 +1.305
14000 +1.270
14010 +1.264
14020 +1.272
14030 +1.273
14040 +1.245
14050 +1.181
14060 +1.082
14070 +0.966
14080 +0.855
14090 +0.770
14100 +0.723
14110 +0.716
14120 +0.739
14130 +0.771
14140 +0.789
14150 +0.775
14160 +0.723
14170 +0.642
14180 +0.554
14190 +0.483
14200 +0.447
14210 +0.453
14220 +0.494
14230 +0.550
14240 +0.594
14250 +0.602
14260 +0.562
14270 +0.481
14280 +0.380
14290 +0.286
14300 +0.220
14310 +0.194
14320 +0.202
14330 +0.228
14340 +0.248
14350 +0.237
14360 +0.183
14370 +0.088
14380 -0.030
14390 -0.148
14400 -0.241
14410 -0.298
14420 -0.314
14430 -0.302
14440 -0.279
14450 -0.268
14460 -0.287
14470 -0.340
14480 -0.420
14490 -0.506
14500 -0.577
14510 -0.611
14520 -0.601
14530 -0.549
14540 -0.469
14550 -0.385
14560 -0.321
14570 -0.293
14580 -0.300
14590 -0.330
14600 -0.357
14610 -0.356
14620 -0.313
14630 -0.224
14640 -0.103
14650 +0.027
14660 +0.138
14670 +0.208
14680 +0.230
14690 +0.216
14700 +0.190
14710 +0.179
14720 +0.202
14730 +0.266
14740 +0.364
14750 +0.476
14760 +0.576
14770 +0.641
14780 +0.659
14790 +0.633
14800 +0.583
14810 +0.533
14820 +0.507
14830 +0.516
14840 +0.563
14850 +0.635
14860 +0.709
14870 +0.761
14880 +0.768
14890 +0.725
14900 +0.641
14910 +0.539
14920 +0.448
14930 +0.390
14940 +0.375
14950 +0.397
14960 +0.435
14970 +0.460
14980 +0.445
14990 +0.375
15000 +0.254
15010 +0.105
15020 -0.039
15030 -0.150
15040 -0.211
15050 -0.225
15060 -0.209
15070 -0.191
15080 -0.202
15090 -0.260
15100 -0.368
15110 -0.506
15120 -0.644
15130 -0.751
15140 -0.806
15150 -0.806
15160 -0.761
15170 -0.697
15180 -0.641
15190 -0.621
15200 -0.645
15210 -0.706
15220 -0.779
15230 -0.834
15240 -0.846
15250 -0.800
15260 -0.700
15270 -0.563
15280 -0.421
15290 -0.307
15300 -0.245
15310 -0.242
15320 -0.282
15330 -0.331
15340 -0.354
15350 -0.328
15360 -0.243
15370 -0.115
15380 +0.024
15390 +0.133
15400 +0.173
15410 +0.129
15420 +0.018
15430 -0.123
15440 -0.248
15450 -0.321
15460 -0.329
15470 -0.280
15480 -0.206
15490 -0.152
15500 -0.158
15510 -0.245
15520 -0.402
15530 -0.592
15540 -0.769
15550 -0.892
15560 -0.940
15570 -0.915
15580 -0.841
15590 -0.758
15600 -0.711
15610 -0.731
15620 -0.824
15630 -0.966
15640 -1.112
15650 -1.217
15660 -1.248
15670 -1.194
15680 -1.070
15690 -0.914
15700 -0.779
15710 -0.714
15720 -0.747
15730 -0.867
15740 -1.030
15750 -1.178
15760 -1.262
15770 -1.258
15780 -1.174
15790 -1.049
15800 -0.941
15810 -0.915
15820 -1.008
15830 -1.211
15840 -1.476
15850 -1.733
15860 -1.924
15870 -2.018
15880 -2.018
15890 -1.958
15900 -1.898
15910 -1.901
15920 -2.008
15930 -2.220
15940 -2.491
15950 -2.755
15960 -2.953
15970 -3.046
15980 -3.030
15990 -2.932
16000 -2.803
16010 -2.708
16020 -2.696
16030 -2.784
16040 -2.945
16050 -3.124
16060 -3.257
16070 -3.300
16080 -3.236
16090 -3.084
16100 -2.888
16110 -2.716
16120 -2.633
16130 -2.673
16140 -2.825
16150 -3.035
16160 -3.233
16170 -3.359
16180 -3.382
16190 -3.307
16200 -3.175
16210 -3.053
16220 -3.015
16230 -3.107
16240 -3.324
16250 -3.612
16260 -3.896
16270 -4.105
16280 -4.198
16290 -4.172
16300 -4.063
16310 -3.935
16320 -3.864
16330 -3.905
16340 -4.063
16350 -4.292
16360 -4.518
16370 -4.669
16380 -4.698
16390 -4.596
16400 -4.393
16410 -4.151
16420 -3.945
16430 -3.839
16440 -3.857
16450 -3.973
16460 -4.126
16470 -4.248
16480 -4.286
16490 -4.218
16500 -4.057
16510 -3.850
16520 -3.665
16530 -3.574
16540 -3.620
16550 -3.800
16560 -4.060
16570 -4.327
16580 -4.531
16590 -4.627
16600 -4.609
16610 -4.507
16620 -4.387
16630 -4.327
16640 -4.390
16650 -4.589
16660 -4.880
16670 -5.184
16680 -5.417
16690 -5.521
16700 -5.476
16710 -5.306
16720 -5.075
16730 -4.866
16740 -4.750
16750 -4.755
16760 -4.858
16770 -4.992
16780 -5.084
16790 -5.080
16800 -4.959
16810 -4.736
16820 -4.457
16830 -4.192
16840 -4.010
16850 -3.956
16860 -4.035
16870 -4.209
16880 -4.411
16890 -4.576
16900 -4.654
16910 -4.627
16920 -4.512
16930 -4.359
16940 -4.241
16950 -4.229
16960 -4.363
16970 -4.624
16980 -4.946
16990 -5.242
17000 -5.437
17010 -5.483
17020 -5.381
17030 -5.179
17040 -4.963
17050 -4.827
17060 -4.834
17070 -4.977
17080 -5.186
17090 -5.362
17100 -5.417
17110 -5.302
17120 -5.022
17130 -4.632
17140 -4.227
17150 -3.908
17160 -3.744
17170 -3.736
17180 -3.827
17190 -3.927
17200 -3.960
17210 -3.879
17220 -3.677
17230 -3.390
17240 -3.084
17250 -2.841
17260 -2.730
17270 -2.779
17280 -2.960
17290 -3.207
17300 -3.441
17310 -3.593
17320 -3.624
17330 -3.528
17340 -3.344
17350 -3.148
17360 -3.037
17370 -3.087
17380 -3.309
17390 -3.644
17400 -3.990
17410 -4.241
17420 -4.317
17430 -4.184
17440 -3.872
17450 -3.481
17460 -3.151
17470 -3.003
17480 -3.068
17490 -3.270
17500 -3.476
17510 -3.567
17520 -3.467
17530 -3.166
17540 -2.722
17550 -2.250
17560 -1.888
17570 -1.738
17580 -1.816
17590 -2.051
17600 -2.337
17610 -2.580
17620 -2.719
17630 -2.730
17640 -2.627
17650 -2.462
17660 -2.317
17670 -2.283
17680 -2.426
17690 -2.754
17700 -3.214
17710 -3.716
17720 -4.162
17730 -4.465
17740 -4.568
17750 -4.462
17760 -4.208
17770 -3.943
17780 -3.825
17790 -3.942
17800 -4.248
17810 -4.595
17820 -4.812
17830 -4.768
17840 -4.412
17850 -3.793
17860 -3.065
17870 -2.444
17880 -2.112
17890 -2.112
17900 -2.332
17910 -2.604
17920 -2.790
17930 -2.813
17940 -2.662
17950 -2.384
17960 -2.074
17970 -1.848
17980 -1.797
17990 -1.947
18000 -2.255
18010 -2.638
18020 -3.015
18030 -3.316
18040 -3.498
18050 -3.542
18060 -3.464
18070 -3.315
18080 -3.186
18090 -3.175
18100 -3.342
18110 -3.667
18120 -4.061
18130 -4.399
18140 -4.559
18150 -4.449
18160 -4.042
18170 -3.412
18180 -2.747
18190 -2.278
18200 -2.138
18210 -2.263
18220 -2.470
18230 -2.582
18240 -2.483
18250 -2.139
18260 -1.605
18270 -1.024
18280 -0.590
18290 -0.441
18300 -0.578
18310 -0.878
18320 -1.200
18330 -1.437
18340 -1.535
18350 -1.487
18360 -1.325
18370 -1.117
18380 -0.949
18390 -0.895
18400 -0.991
18410 -1.221
18420 -1.534
18430 -1.866
18440 -2.157
18450 -2.356
18460 -2.425
18470 -2.340
18480 -2.119
18490 -1.837
18500 -1.636
18510 -1.653
18520 -1.910
18530 -2.292
18540 -2.636
18550 -2.799
18560 -2.682
18570 -2.260
18580 -1.624
18590 -1.020
18600 -0.741
18610 -0.889
18620 -1.309
18630 -1.780
18640 -2.144
18650 -2.326
18660 -2.303
18670 -2.112
18680 -1.857
18690 -1.688
18700 -1.732
18710 -2.013
18720 -2.452
18730 -2.947
18740 -3.417
18750 -3.819
18760 -4.136
18770 -4.373
18780 -4.551
18790 -4.710
18800 -4.901
18810 -5.173
18820 -5.558
18830 -6.052
18840 -6.614
18850 -7.175
18860 -7.639
18870 -7.885
18880 -7.787
18890 -7.287
18900 -6.491
18910 -5.673
18920 -5.115
18930 -4.916
18940 -4.970
18950 -5.098
18960 -5.145
18970 -5.013
18980 -4.671
18990 -4.170
19000 -3.658
19010 -3.319
19020 -3.265
19030 -3.471
19040 -3.814
19050 -4.165
19060 -4.436
19070 -4.575
19080 -4.574
19090 -4.466
19100 -4.326
19110 -4.251
19120 -4.309
19130 -4.509
19140 -4.809
19150 -5.147
19160 -5.461
19170 -5.700
19180 -5.819
19190 -5.777
19200 -5.549
19210 -5.143
19220 -4.635
19230 -4.158
19240 -3.845
19250 -3.732
19260 -3.743
19270 -3.752
19280 -3.647
19290 -3.359
19300 -2.884
19310 -2.307
19320 -1.808
19330 -1.578
19340 -1.674
19350 -1.985
19360 -2.347
19370 -2.632
19380 -2.764
19390 -2.714
19400 -2.497
19410 -2.189
19420 -1.929
19430 -1.859
19440 -2.034
19450 -2.384
19460 -2.792
19470 -3.154
19480 -3.409
19490 -3.521
19500 -3.481
19510 -3.311
19520 -3.073
19530 -2.864
19540 -2.772
19550 -2.825
19560 -2.973
19570 -3.133
19580 -3.218
19590 -3.161
19600 -2.913
19610 -2.458
19620 -1.844
19630 -1.220
19640 -0.804
19650 -0.743
19660 -0.989
19670 -1.367
19680 -1.715
19690 -1.928
19700 -1.950
19710 -1.762
19720 -1.397
19730 -0.969
19740 -0.671
19750 -0.671
19760 -0.972
19770 -1.429
19780 -1.880
19790 -2.218
19800 -2.383
19810 -2.349
19820 -2.124
19830 -1.773
19840 -1.446
19850 -1.328
19860 -1.508
19870 -1.905
19880 -2.360
19890 -2.746
19900 -2.988
19910 -3.049
19920 -2.915
19930 -2.615
19940 -2.249
19950 -1.998
19960 -2.024
19970 -2.325
19980 -2.758
19990 -3.168
20000 -3.456
20010 -3.571
20020 -3.483
20030 -3.186
20040 -2.733
20050 -2.300
20060 -2.147
20070 -2.393
20080 -2.877
20090 -3.364
20100 -3.701
20110 -3.810
20120 -3.621
20130 -3.066
20140 -2.285
20150 -2.062
20160 -2.819
20170 -3.696
20180 -4.235
20190 -4.471
20200 -4.507
20210 -4.414
20220 -4.245
20230 -4.042
20240 -3.850
20250 -3.712
20260 -3.663
20270 -3.712
20280 -3.839
20290 -3.999
20300 -4.138
20310 -4.205
20320 -4.157
20330 -3.975
20340 -3.666
20350 -3.295
20360 -2.985
20370 -2.873
20380 -2.998
20390 -3.267
20400 -3.537
20410 -3.695
20420 -3.665
20430 -3.395
20440 -2.857
20450 -2.114
20460 -1.466
20470 -1.393
20480 -1.954
20490 -2.684
20500 -3.219
20510 -3.448
20520 -3.358
20530 -2.996
20540 -2.562
20550 -2.470
20560 -2.897
20570 -3.501
20580 -3.973
20590 -4.247
20600 -4.358
20610 -4.349
20620 -4.252
20630 -4.092
20640 -3.887
20650 -3.662
20660 -3.443
20670 -3.269
20680 -3.181
20690 -3.208
20700 -3.343
20710 -3.529
20720 -3.679
20730 -3.711
20740 -3.576
20750 -3.278
20760 -2.883
20770 -2.526
20780 -2.384
20790 -2.562
20800 -2.986
20810 -3.468
20820 -3.839
20830 -4.012
20840 -3.967
20850 -3.733
20860 -3.388
20870 -3.077
20880 -2.984
20890 -3.214
20900 -3.687
20910 -4.207
20920 -4.609
20930 -4.817
20940 -4.818
20950 -4.639
20960 -4.343
20970 -4.045
20980 -3.903
20990 -4.039
21000 -4.428
21010 -4.908
21020 -5.310
21030 -5.539
21040 -5.570
21050 -5.421
21060 -5.140
21070 -4.821
21080 -4.602
21090 -4.627
21100 -4.929
21110 -5.381
21120 -5.800
21130 -6.059
21140 -6.115
21150 -5.974
21160 -5.679
21170 -5.307
21180 -4.993
21190 -4.903
21200 -5.130
21210 -5.585
21220 -6.057
21230 -6.373
21240 -6.461
21250 -6.318
21260 -5.982
21270 -5.530
21280 -5.097
21290 -4.882
21300 -5.052
21310 -5.559
21320 -6.150
21330 -6.581
21340 -6.736
21350 -6.607
21360 -6.242
21370 -5.725
21380 -5.200
21390 -4.901
21400 -5.057
21410 -5.657
21420 -6.408
21430 -6.993
21440 -7.259
21450 -7.194
21460 -6.857
21470 -6.337
21480 -5.762
21490 -5.328
21500 -5.272
21510 -5.693
21520 -6.407
21530 -7.083
21540 -7.488
21550 -7.547
21560 -7.284
21570 -6.770
21580 -6.094
21590 -5.401
21600 -4.936
21610 -4.990
21620 -5.630
21630 -6.538
21640 -7.303
21650 -7.692
21660 -7.668
21670 -7.291
21680 -6.655
21690 -5.888
21700 -5.226
21710 -5.070
21720 -5.741
21730 -6.999
21740 -8.244
21750 -9.056
21760 -9.332
21770 -9.156
21780 -8.678
21790 -8.065
21800 -7.560
21810 -7.532
21820 -8.279
21830 -9.612
21840 -10.944
21850 -11.812
21860 -12.100
21870 -11.929
21880 -11.482
21890 -10.926
21900 -10.434
21910 -10.231
21920 -10.550
21930 -11.408
21940 -12.475
21950 -13.310
21960 -13.671
21970 -13.576
21980 -13.166
21990 -12.590
22000 -11.996
22010 -11.582
22020 -11.637
22030 -12.392
22040 -13.690
22050 -14.976
22060 -15.727
22070 -15.802
22080 -15.381
22090 -14.708
22100 -13.991
22110 -13.476
22120 -13.540
22130 -14.555
22140 -16.392
22150 -18.248
22160 -19.204
22170 -19.041
22180 -18.223
22190 -17.200
22200 -16.231
22210 -15.544
22220 -15.464
22230 -16.303
22240 -17.924
22250 -19.564
22260 -20.325
22270 -19.976
22280 -18.963
22290 -17.716
22300 -16.450
22310 -15.314
22320 -14.538
22330 -14.488
22340 -15.410
22350 -17.031
22360 -18.608
22370 -19.343
22380 -18.926
22390 -17.683
22400 -16.041
22410 -14.248
22420 -12.523
22430 -11.346
22440 -11.553
22450 -13.381
22460 -15.971
22470 -18.239
22480 -19.077
22490 -18.112
22500 -16.112
22510 -13.743
22520 -11.290
22530 -9.236
22540 -8.963
22550 -11.229
22560 -14.579
22570 -17.603
22580 -18.937
22590 -18.026
22600 -16.008
22610 -13.755
22620 -11.516
22630 -9.514
22640 -8.511
22650 -9.587
22660 -12.238
22670 -14.967
22680 -16.622
22690 -16.712
22700 -15.713
22710 -14.269
22720 -12.688
22730 -11.097
22740 -9.734
22750 -9.285
22760 -10.622
22770 -13.343
22780 -16.084
22790 -17.624
22800 -17.559
22810 -16.502
22820 -15.068
22830 -13.510
22840 -11.979
22850 -10.956
22860 -11.666
22870 -14.694
22880 -18.679
22890 -21.584
22900 -21.667
22910 -20.039
22920 -18.127
22930 -16.280
22940 -14.610
22950 -13.596
22960 -14.444
22970 -17.676
22980 -22.268
22990 -26.750
23000 -27.493
23010 -24.955
23020 -22.293
23030 -19.964
23040 -17.935
23050 -16.486
23060 -16.406
23070 -18.113
23080 -20.930
23090 -24.258
23100 -28.028
23110 -31.670
23120 -30.831
23130 -26.144
23140 -21.571
23150 -17.639
23160 -14.971
23170 -14.431
23180 -15.458
23190 -16.977
23200 -18.585
23210 -20.238
23220 -21.851
23230 -22.551
23240 -20.217
23250 -15.401
23260 -11.276
23270 -10.603
23280 -11.980
23290 -13.532
23300 -14.937
23310 -16.253
23320 -17.536
23330 -18.522
23340 -17.647
23350 -13.030
23360 -8.132
23370 -8.421
23380 -10.405
23390 -12.042
23400 -13.377
23410 -14.589
23420 -15.794
23430 -16.877
23440 -16.537
23450 -11.564
23460 -1.419
23470 -1.468
23480 -6.201
23490 -8.714
23500 -10.443
23510 -11.954
23520 -13.594
23530 -15.726
23540 -18.594
23550 -18.883
23560 -13.091
23570 -7.518
23580 -4.080
23590 -3.946
23600 -6.292
23610 -9.602
23620 -13.389
23630 -17.719
23640 -22.741
23650 -26.281
23660 -23.667
23670 -19.615
23680 -15.337
23690 -8.660
23700 -0.647
23710 -12.554
23720 -16.832
23730 -18.549
23740 -19.162
23750 -19.337
23760 -19.380
23770 -19.462
23780 -19.808
23790 -21.158
23800 -17.724
23810 -17.395
23820 -17.570
23830 -17.683
23840 -17.788
23850 -17.934
23860 -18.188
23870 -18.690
23880 -19.783
23890 -21.006
23900 -18.132
23910 -16.702
23920 -16.430
23930 -16.389
23940 -16.394
23950 -16.407
23960 -16.419
23970 -16.428
23980 -16.434
23990 -16.437
