00000 -0.644
00010 -0.486
00020 -0.178
00030 +0.081
00040 +0.246
00050 +0.329
00060 +0.340
00070 +0.272
00080 +0.105
00090 -0.189
00100 -0.608
00110 -1.072
00120 -1.425
00130 -1.557
00140 -1.504
00150 -1.370
00160 -1.236
00170 -1.148
00180 -1.128
00190 -1.188
00200 -1.326
00210 -1.522
00220 -1.727
00230 -1.879
00240 -1.931
00250 -1.883
00260 -1.769
00270 -1.637
00280 -1.523
00290 -1.449
00300 -1.430
00310 -1.466
00320 -1.544
00330 -1.633
00340 -1.695
00350 -1.699
00360 -1.635
00370 -1.520
00380 -1.384
00390 -1.255
00400 -1.158
00410 -1.110
00420 -1.118
00430 -1.175
00440 -1.260
00450 -1.341
00460 -1.384
00470 -1.379
00480 -1.338
00490 -1.291
00500 -1.273
00510 -1.318
00520 -1.453
00530 -1.684
00540 -1.993
00550 -2.334
00560 -2.647
00570 -2.890
00580 -3.056
00590 -3.173
00600 -3.282
00610 -3.421
00620 -3.612
00630 -3.858
00640 -4.137
00650 -4.405
00660 -4.615
00670 -4.737
00680 -4.768
00690 -4.735
00700 -4.676
00710 -4.630
00720 -4.622
00730 -4.665
00740 -4.751
00750 -4.855
00760 -4.941
00770 -4.970
00780 -4.925
00790 -4.813
00800 -4.664
00810 -4.518
00820 -4.412
00830 -4.370
00840 -4.397
00850 -4.477
00860 -4.571
00870 -4.634
00880 -4.634
00890 -4.575
00900 -4.488
00910 -4.417
00920 -4.397
00930 -4.445
00940 -4.558
00950 -4.708
00960 -4.859
00970 -4.973
00980 -5.028
00990 -5.026
01000 -4.988
01010 -4.943
01020 -4.918
01030 -4.929
01040 -4.979
01050 -5.060
01060 -5.152
01070 -5.231
01080 -5.278
01090 -5.284
01100 -5.254
01110 -5.205
01120 -5.158
01130 -5.131
01140 -5.138
01150 -5.179
01160 -5.246
01170 -5.323
01180 -5.388
01190 -5.427
01200 -5.432
01210 -5.410
01220 -5.377
01230 -5.353
01240 -5.355
01250 -5.394
01260 -5.468
01270 -5.564
01280 -5.664
01290 -5.746
01300 -5.797
01310 -5.815
01320 -5.810
01330 -5.802
01340 -5.809
01350 -5.846
01360 -5.914
01370 -6.006
01380 -6.104
01390 -6.191
01400 -6.249
01410 -6.272
01420 -6.267
01430 -6.247
01440 -6.230
01450 -6.231
01460 -6.259
01470 -6.311
01480 -6.379
01490 -6.447
01500 -6.499
01510 -6.521
01520 -6.510
01530 -6.471
01540 -6.419
01550 -6.371
01560 -6.341
01570 -6.336
01580 -6.352
01590 -6.373
01600 -6.378
01610 -6.346
01620 -6.266
01630 -6.144
01640 -5.999
01650 -5.860
01660 -5.749
01670 -5.677
01680 -5.641
01690 -5.623
01700 -5.603
01710 -5.562
01720 -5.491
01730 -5.396
01740 -5.292
01750 -5.200
01760 -5.134
01770 -5.102
01780 -5.099
01790 -5.114
01800 -5.130
01810 -5.130
01820 -5.107
01830 -5.058
01840 -4.994
01850 -4.929
01860 -4.879
01870 -4.855
01880 -4.858
01890 -4.883
01900 -4.919
01910 -4.951
01920 -4.969
01930 -4.969
01940 -4.958
01950 -4.948
01960 -4.954
01970 -4.990
01980 -5.064
01990 -5.172
02000 -5.305
02010 -5.451
02020 -5.595
02030 -5.731
02040 -5.855
02050 -5.973
02060 -6.096
02070 -6.231
02080 -6.383
02090 -6.548
02100 -6.719
02110 -6.881
02120 -7.022
02130 -7.133
02140 -7.212
02150 -7.263
02160 -7.296
02170 -7.323
02180 -7.354
02190 -7.394
02200 -7.440
02210 -7.486
02220 -7.523
02230 -7.542
02240 -7.540
02250 -7.517
02260 -7.481
02270 -7.443
02280 -7.414
02290 -7.401
02300 -7.404
02310 -7.419
02320 -7.437
02330 -7.448
02340 -7.446
02350 -7.429
02360 -7.401
02370 -7.374
02380 -7.357
02390 -7.358
02400 -7.381
02410 -7.422
02420 -7.472
02430 -7.522
02440 -7.563
02450 -7.592
02460 -7.611
02470 -7.627
02480 -7.649
02490 -7.684
02500 -7.736
02510 -7.803
02520 -7.878
02530 -7.954
02540 -8.020
02550 -8.073
02560 -8.111
02570 -8.138
02580 -8.161
02590 -8.189
02600 -8.228
02610 -8.279
02620 -8.338
02630 -8.399
02640 -8.453
02650 -8.492
02660 -8.514
02670 -8.519
02680 -8.512
02690 -8.503
02700 -8.500
02710 -8.507
02720 -8.524
02730 -8.543
02740 -8.558
02750 -8.558
02760 -8.538
02770 -8.498
02780 -8.445
02790 -8.389
02800 -8.344
02810 -8.317
02820 -8.311
02830 -8.320
02840 -8.336
02850 -8.350
02860 -8.356
02870 -8.352
02880 -8.343
02890 -8.336
02900 -8.340
02910 -8.359
02920 -8.396
02930 -8.444
02940 -8.496
02950 -8.541
02960 -8.572
02970 -8.584
02980 -8.579
02990 -8.562
03000 -8.543
03010 -8.530
03020 -8.528
03030 -8.535
03040 -8.544
03050 -8.546
03060 -8.532
03070 -8.496
03080 -8.439
03090 -8.370
03100 -8.299
03110 -8.236
03120 -8.190
03130 -8.159
03140 -8.138
03150 -8.118
03160 -8.093
03170 -8.057
03180 -8.014
03190 -7.969
03200 -7.932
03210 -7.913
03220 -7.916
03230 -7.940
03240 -7.980
03250 -8.030
03260 -8.082
03270 -8.132
03280 -8.178
03290 -8.224
03300 -8.273
03310 -8.332
03320 -8.403
03330 -8.488
03340 -8.587
03350 -8.695
03360 -8.807
03370 -8.918
03380 -9.023
03390 -9.121
03400 -9.214
03410 -9.307
03420 -9.404
03430 -9.510
03440 -9.628
03450 -9.757
03460 -9.891
03470 -10.025
03480 -10.151
03490 -10.265
03500 -10.366
03510 -10.456
03520 -10.540
03530 -10.624
03540 -10.714
03550 -10.810
03560 -10.906
03570 -10.995
03580 -11.066
03590 -11.111
03600 -11.127
03610 -11.114
03620 -11.079
03630 -11.033
03640 -10.983
03650 -10.935
03660 -10.886
03670 -10.829
03680 -10.757
03690 -10.663
03700 -10.547
03710 -10.415
03720 -10.277
03730 -10.145
03740 -10.029
03750 -9.932
03760 -9.852
03770 -9.784
03780 -9.719
03790 -9.651
03800 -9.579
03810 -9.502
03820 -9.425
03830 -9.355
03840 -9.298
03850 -9.256
03860 -9.231
03870 -9.219
03880 -9.212
03890 -9.204
03900 -9.189
03910 -9.163
03920 -9.127
03930 -9.087
03940 -9.050
03950 -9.024
03960 -9.013
03970 -9.017
03980 -9.031
03990 -9.045
04000 -9.053
04010 -9.050
04020 -9.038
04030 -9.023
04040 -9.015
04050 -9.024
04060 -9.056
04070 -9.109
04080 -9.176
04090 -9.250
04100 -9.322
04110 -9.389
04120 -9.449
04130 -9.507
04140 -9.570
04150 -9.643
04160 -9.730
04170 -9.830
04180 -9.938
04190 -10.050
04200 -10.157
04210 -10.255
04220 -10.342
04230 -10.417
04240 -10.484
04250 -10.547
04260 -10.611
04270 -10.677
04280 -10.746
04290 -10.814
04300 -10.876
04310 -10.924
04320 -10.954
04330 -10.964
04340 -10.954
04350 -10.930
04360 -10.897
04370 -10.862
04380 -10.828
04390 -10.795
04400 -10.759
04410 -10.714
04420 -10.655
04430 -10.579
04440 -10.487
04450 -10.384
04460 -10.279
04470 -10.180
04480 -10.092
04490 -10.016
04500 -9.950
04510 -9.887
04520 -9.822
04530 -9.751
04540 -9.674
04550 -9.592
04560 -9.512
04570 -9.440
04580 -9.380
04590 -9.336
04600 -9.305
04610 -9.283
04620 -9.263
04630 -9.242
04640 -9.214
04650 -9.179
04660 -9.140
04670 -9.101
04680 -9.068
04690 -9.045
04700 -9.036
04710 -9.036
04720 -9.042
04730 -9.046
04740 -9.042
04750 -9.025
04760 -8.996
04770 -8.960
04780 -8.924
04790 -8.896
04800 -8.882
04810 -8.883
04820 -8.891
04830 -8.901
04840 -8.902
04850 -8.890
04860 -8.864
04870 -8.830
04880 -8.796
04890 -8.773
04900 -8.768
04910 -8.781
04920 -8.808
04930 -8.840
04940 -8.867
04950 -8.883
04960 -8.887
04970 -8.881
04980 -8.875
04990 -8.874
05000 -8.887
05010 -8.914
05020 -8.954
05030 -8.997
05040 -9.036
05050 -9.063
05060 -9.073
05070 -9.067
05080 -9.051
05090 -9.031
05100 -9.018
05110 -9.017
05120 -9.027
05130 -9.045
05140 -9.061
05150 -9.066
05160 -9.055
05170 -9.025
05180 -8.983
05190 -8.938
05200 -8.899
05210 -8.877
05220 -8.872
05230 -8.881
05240 -8.895
05250 -8.905
05260 -8.903
05270 -8.889
05280 -8.866
05290 -8.842
05300 -8.828
05310 -8.830
05320 -8.851
05330 -8.888
05340 -8.934
05350 -8.980
05360 -9.019
05370 -9.048
05380 -9.068
05390 -9.082
05400 -9.099
05410 -9.124
05420 -9.162
05430 -9.215
05440 -9.277
05450 -9.343
05460 -9.405
05470 -9.456
05480 -9.493
05490 -9.519
05500 -9.539
05510 -9.562
05520 -9.595
05530 -9.644
05540 -9.705
05550 -9.775
05560 -9.842
05570 -9.900
05580 -9.942
05590 -9.971
05600 -9.990
05610 -10.008
05620 -10.035
05630 -10.076
05640 -10.131
05650 -10.195
05660 -10.259
05670 -10.313
05680 -10.352
05690 -10.374
05700 -10.382
05710 -10.383
05720 -10.386
05730 -10.396
05740 -10.414
05750 -10.440
05760 -10.466
05770 -10.485
05780 -10.488
05790 -10.474
05800 -10.441
05810 -10.394
05820 -10.341
05830 -10.289
05840 -10.246
05850 -10.212
05860 -10.187
05870 -10.163
05880 -10.132
05890 -10.087
05900 -10.026
05910 -9.950
05920 -9.866
05930 -9.784
05940 -9.715
05950 -9.663
05960 -9.630
05970 -9.609
05980 -9.590
05990 -9.562
06000 -9.520
06010 -9.462
06020 -9.394
06030 -9.326
06040 -9.270
06050 -9.234
06060 -9.220
06070 -9.222
06080 -9.230
06090 -9.231
06100 -9.217
06110 -9.184
06120 -9.136
06130 -9.080
06140 -9.029
06150 -8.994
06160 -8.978
06170 -8.981
06180 -8.992
06190 -9.001
06200 -8.995
06210 -8.968
06220 -8.919
06230 -8.858
06240 -8.794
06250 -8.743
06260 -8.714
06270 -8.710
06280 -8.724
06290 -8.744
06300 -8.756
06310 -8.748
06320 -8.718
06330 -8.673
06340 -8.623
06350 -8.587
06360 -8.577
06370 -8.599
06380 -8.646
06390 -8.706
06400 -8.761
06410 -8.797
06420 -8.809
06430 -8.801
06440 -8.786
06450 -8.779
06460 -8.793
06470 -8.837
06480 -8.906
06490 -8.989
06500 -9.066
06510 -9.125
06520 -9.157
06530 -9.164
06540 -9.153
06550 -9.139
06560 -9.138
06570 -9.158
06580 -9.202
06590 -9.261
06600 -9.320
06610 -9.364
06620 -9.381
06630 -9.368
06640 -9.332
06650 -9.284
06660 -9.243
06670 -9.222
06680 -9.229
06690 -9.260
06700 -9.303
06710 -9.340
06720 -9.356
06730 -9.344
06740 -9.306
06750 -9.255
06760 -9.208
06770 -9.183
06780 -9.190
06790 -9.229
06800 -9.287
06810 -9.347
06820 -9.389
06830 -9.405
06840 -9.394
06850 -9.365
06860 -9.336
06870 -9.323
06880 -9.337
06890 -9.382
06900 -9.448
06910 -9.519
06920 -9.577
06930 -9.612
06940 -9.617
06950 -9.600
06960 -9.573
06970 -9.552
06980 -9.551
06990 -9.576
07000 -9.626
07010 -9.688
07020 -9.746
07030 -9.785
07040 -9.799
07050 -9.786
07060 -9.758
07070 -9.728
07080 -9.714
07090 -9.727
07100 -9.769
07110 -9.833
07120 -9.904
07130 -9.965
07140 -10.003
07150 -10.015
07160 -10.006
07170 -9.991
07180 -9.986
07190 -10.005
07200 -10.054
07210 -10.129
07220 -10.215
07230 -10.296
07240 -10.357
07250 -10.390
07260 -10.398
07270 -10.392
07280 -10.386
07290 -10.395
07300 -10.427
07310 -10.482
07320 -10.550
07330 -10.617
07340 -10.669
07350 -10.695
07360 -10.693
07370 -10.669
07380 -10.635
07390 -10.605
07400 -10.591
07410 -10.600
07420 -10.628
07430 -10.666
07440 -10.698
07450 -10.713
07460 -10.702
07470 -10.667
07480 -10.615
07490 -10.562
07500 -10.524
07510 -10.510
07520 -10.524
07530 -10.558
07540 -10.598
07550 -10.628
07560 -10.636
07570 -10.617
07580 -10.578
07590 -10.531
07600 -10.493
07610 -10.478
07620 -10.491
07630 -10.527
07640 -10.573
07650 -10.611
07660 -10.628
07670 -10.615
07680 -10.575
07690 -10.518
07700 -10.459
07710 -10.411
07720 -10.382
07730 -10.372
07740 -10.371
07750 -10.366
07760 -10.341
07770 -10.288
07780 -10.205
07790 -10.098
07800 -9.978
07810 -9.862
07820 -9.760
07830 -9.679
07840 -9.617
07850 -9.564
07860 -9.507
07870 -9.433
07880 -9.337
07890 -9.219
07900 -9.089
07910 -8.960
07920 -8.848
07930 -8.764
07940 -8.711
07950 -8.680
07960 -8.660
07970 -8.634
07980 -8.591
07990 -8.528
08000 -8.452
08010 -8.374
08020 -8.311
08030 -8.275
08040 -8.273
08050 -8.299
08060 -8.343
08070 -8.389
08080 -8.424
08090 -8.441
08100 -8.441
08110 -8.436
08120 -8.438
08130 -8.460
08140 -8.512
08150 -8.592
08160 -8.694
08170 -8.803
08180 -8.905
08190 -8.991
08200 -9.056
08210 -9.105
08220 -9.150
08230 -9.203
08240 -9.276
08250 -9.373
08260 -9.492
08270 -9.621
08280 -9.745
08290 -9.853
08300 -9.935
08310 -9.994
08320 -10.036
08330 -10.077
08340 -10.128
08350 -10.200
08360 -10.292
08370 -10.397
08380 -10.501
08390 -10.591
08400 -10.658
08410 -10.698
08420 -10.718
08430 -10.728
08440 -10.744
08450 -10.774
08460 -10.822
08470 -10.886
08480 -10.955
08490 -11.016
08500 -11.059
08510 -11.078
08520 -11.075
08530 -11.059
08540 -11.039
08550 -11.028
08560 -11.032
08570 -11.052
08580 -11.083
08590 -11.114
08600 -11.135
08610 -11.136
08620 -11.116
08630 -11.077
08640 -11.028
08650 -10.981
08660 -10.945
08670 -10.925
08680 -10.920
08690 -10.924
08700 -10.923
08710 -10.909
08720 -10.873
08730 -10.817
08740 -10.745
08750 -10.670
08760 -10.602
08770 -10.550
08780 -10.514
08790 -10.492
08800 -10.472
08810 -10.444
08820 -10.399
08830 -10.334
08840 -10.253
08850 -10.164
08860 -10.079
08870 -10.006
08880 -9.950
08890 -9.911
08900 -9.881
08910 -9.850
08920 -9.810
08930 -9.755
08940 -9.684
08950 -9.602
08960 -9.520
08970 -9.446
08980 -9.388
08990 -9.348
09000 -9.324
09010 -9.308
09020 -9.291
09030 -9.264
09040 -9.223
09050 -9.170
09060 -9.113
09070 -9.060
09080 -9.022
09090 -9.003
09100 -9.005
09110 -9.022
09120 -9.045
09130 -9.065
09140 -9.074
09150 -9.071
09160 -9.061
09170 -9.052
09180 -9.055
09190 -9.075
09200 -9.114
09210 -9.170
09220 -9.235
09230 -9.298
09240 -9.352
09250 -9.393
09260 -9.423
09270 -9.447
09280 -9.472
09290 -9.506
09300 -9.552
09310 -9.610
09320 -9.675
09330 -9.739
09340 -9.795
09350 -9.839
09360 -9.868
09370 -9.884
09380 -9.895
09390 -9.907
09400 -9.925
09410 -9.953
09420 -9.988
09430 -10.028
09440 -10.065
09450 -10.094
09460 -10.111
09470 -10.117
09480 -10.113
09490 -10.108
09500 -10.107
09510 -10.115
09520 -10.135
09530 -10.165
09540 -10.199
09550 -10.233
09560 -10.261
09570 -10.280
09580 -10.292
09590 -10.301
09600 -10.313
09610 -10.334
09620 -10.367
09630 -10.412
09640 -10.466
09650 -10.525
09660 -10.583
09670 -10.634
09680 -10.678
09690 -10.715
09700 -10.750
09710 -10.786
09720 -10.830
09730 -10.881
09740 -10.941
09750 -11.006
09760 -11.070
09770 -11.129
09780 -11.179
09790 -11.217
09800 -11.247
09810 -11.270
09820 -11.293
09830 -11.320
09840 -11.353
09850 -11.392
09860 -11.432
09870 -11.471
09880 -11.501
09890 -11.519
09900 -11.526
09910 -11.522
09920 -11.513
09930 -11.504
09940 -11.501
09950 -11.504
09960 -11.512
09970 -11.523
09980 -11.529
09990 -11.526
10000 -11.512
10010 -11.487
10020 -11.454
10030 -11.419
10040 -11.388
10050 -11.364
10060 -11.348
10070 -11.340
10080 -11.333
10090 -11.324
10100 -11.308
10110 -11.283
10120 -11.250
10130 -11.215
10140 -11.181
10150 -11.155
10160 -11.139
10170 -11.133
10180 -11.136
10190 -11.142
10200 -11.147
10210 -11.146
10220 -11.138
10230 -11.124
10240 -11.108
10250 -11.094
10260 -11.089
10270 -11.094
10280 -11.111
10290 -11.136
10300 -11.163
10310 -11.186
10320 -11.202
10330 -11.208
10340 -11.206
10350 -11.201
10360 -11.199
10370 -11.206
10380 -11.224
10390 -11.253
10400 -11.286
10410 -11.318
10420 -11.342
10430 -11.354
10440 -11.352
10450 -11.342
10460 -11.328
10470 -11.317
10480 -11.315
10490 -11.323
10500 -11.337
10510 -11.351
10520 -11.359
10530 -11.353
10540 -11.331
10550 -11.295
10560 -11.250
10570 -11.202
10580 -11.160
10590 -11.126
10600 -11.102
10610 -11.084
10620 -11.065
10630 -11.038
10640 -10.998
10650 -10.944
10660 -10.879
10670 -10.810
10680 -10.743
10690 -10.687
10700 -10.645
10710 -10.616
10720 -10.595
10730 -10.574
10740 -10.546
10750 -10.505
10760 -10.451
10770 -10.389
10780 -10.326
10790 -10.270
10800 -10.228
10810 -10.202
10820 -10.190
10830 -10.183
10840 -10.174
10850 -10.155
10860 -10.120
10870 -10.072
10880 -10.016
10890 -9.961
10900 -9.915
10910 -9.885
10920 -9.870
10930 -9.868
10940 -9.868
10950 -9.863
10960 -9.843
10970 -9.805
10980 -9.753
10990 -9.694
11000 -9.638
11010 -9.594
11020 -9.568
11030 -9.560
11040 -9.563
11050 -9.567
11060 -9.560
11070 -9.534
11080 -9.488
11090 -9.428
11100 -9.363
11110 -9.308
11120 -9.271
11130 -9.256
11140 -9.259
11150 -9.268
11160 -9.272
11170 -9.256
11180 -9.217
11190 -9.156
11200 -9.084
11210 -9.013
11220 -8.956
11230 -8.920
11240 -8.903
11250 -8.898
11260 -8.891
11270 -8.867
11280 -8.818
11290 -8.742
11300 -8.644
11310 -8.538
11320 -8.435
11330 -8.347
11340 -8.279
11350 -8.226
11360 -8.178
11370 -8.121
11380 -8.043
11390 -7.935
11400 -7.798
11410 -7.642
11420 -7.480
11430 -7.328
11440 -7.197
11450 -7.092
11460 -7.008
11470 -6.931
11480 -6.845
11490 -6.738
11500 -6.603
11510 -6.446
11520 -6.282
11530 -6.130
11540 -6.012
11550 -5.939
11560 -5.910
11570 -5.912
11580 -5.924
11590 -5.925
11600 -5.904
11610 -5.861
11620 -5.809
11630 -5.770
11640 -5.765
11650 -5.809
11660 -5.900
11670 -6.026
11680 -6.161
11690 -6.282
11700 -6.373
11710 -6.430
11720 -6.463
11730 -6.488
11740 -6.527
11750 -6.594
11760 -6.695
11770 -6.821
11780 -6.954
11790 -7.073
11800 -7.159
11810 -7.203
11820 -7.206
11830 -7.182
11840 -7.148
11850 -7.125
11860 -7.125
11870 -7.149
11880 -7.187
11890 -7.221
11900 -7.230
11910 -7.199
11920 -7.122
11930 -7.007
11940 -6.869
11950 -6.730
11960 -6.613
11970 -6.527
11980 -6.473
11990 -6.434
12000 -6.391
12010 -6.322
12020 -6.214
12030 -6.067
12040 -5.896
12050 -5.722
12060 -5.571
12070 -5.463
12080 -5.403
12090 -5.380
12100 -5.374
12110 -5.359
12120 -5.316
12130 -5.239
12140 -5.134
12150 -5.021
12160 -4.927
12170 -4.873
12180 -4.871
12190 -4.914
12200 -4.985
12210 -5.058
12220 -5.109
12230 -5.126
12240 -5.107
12250 -5.065
12260 -5.022
12270 -5.002
12280 -5.022
12290 -5.085
12300 -5.179
12310 -5.282
12320 -5.369
12330 -5.420
12340 -5.425
12350 -5.389
12360 -5.328
12370 -5.269
12380 -5.234
12390 -5.237
12400 -5.277
12410 -5.336
12420 -5.389
12430 -5.412
12440 -5.386
12450 -5.308
12460 -5.192
12470 -5.062
12480 -4.948
12490 -4.871
12500 -4.841
12510 -4.847
12520 -4.865
12530 -4.867
12540 -4.831
12550 -4.745
12560 -4.617
12570 -4.465
12580 -4.320
12590 -4.211
12600 -4.154
12610 -4.147
12620 -4.171
12630 -4.198
12640 -4.198
12650 -4.155
12660 -4.063
12670 -3.936
12680 -3.801
12690 -3.688
12700 -3.623
12710 -3.614
12720 -3.651
12730 -3.706
12740 -3.749
12750 -3.752
12760 -3.702
12770 -3.603
12780 -3.476
12790 -3.354
12800 -3.269
12810 -3.243
12820 -3.273
12830 -3.338
12840 -3.404
12850 -3.439
12860 -3.422
12870 -3.347
12880 -3.229
12890 -3.101
12900 -2.999
12910 -2.952
12920 -2.969
12930 -3.034
12940 -3.118
12950 -3.184
12960 -3.205
12970 -3.169
12980 -3.082
12990 -2.968
13000 -2.862
13010 -2.798
13020 -2.796
13030 -2.852
13040 -2.943
13050 -3.033
13060 -3.089
13070 -3.091
13080 -3.031
13090 -2.925
13100 -2.802
13110 -2.701
13120 -2.653
13130 -2.670
13140 -2.739
13150 -2.826
13160 -2.893
13170 -2.908
13180 -2.854
13190 -2.734
13200 -2.574
13210 -2.417
13220 -2.307
13230 -2.270
13240 -2.304
13250 -2.378
13260 -2.448
13270 -2.473
13280 -2.426
13290 -2.304
13300 -2.127
13310 -1.941
13320 -1.797
13330 -1.733
13340 -1.756
13350 -1.839
13360 -1.935
13370 -1.997
13380 -1.991
13390 -1.907
13400 -1.757
13410 -1.578
13420 -1.424
13430 -1.342
13440 -1.350
13450 -1.434
13460 -1.549
13470 -1.644
13480 -1.677
13490 -1.624
13500 -1.486
13510 -1.288
13520 -1.082
13530 -0.927
13540 -0.867
13550 -0.904
13560 -1.001
13570 -1.098
13580 -1.140
13590 -1.088
13600 -0.929
13610 -0.681
13620 -0.396
13630 -0.150
13640 -0.009
13650 +0.000
13660 -0.086
13670 -0.200
13680 -0.269
13690 -0.243
13700 -0.100
13710 +0.144
13720 +0.438
13730 +0.698
13740 +0.842
13750 +0.832
13760 +0.699
13770 +0.517
13780 +0.366
13790 +0.303
13800 +0.356
13810 +0.517
13820 +0.745
13830 +0.965
13840 +1.094
13850 +1.078
13860 +0.929
13870 +0.710
13880 +0.503
13890 +0.377
13900 +0.371
13910 +0.492
13920 +0.712
13930 +0.965
13940 +1.157
13950 +1.210
13960 +1.106
13970 +0.900
13980 +0.685
13990 +0.545
14000 +0.531
14010 +0.659
14020 +0.902
14030 +1.194
14040 +1.429
14050 +1.512
14060 +1.416
14070 +1.198
14080 +0.961
14090 +0.796
14100 +0.756
14110 +0.855
14120 +1.066
14130 +1.320
14140 +1.522
14150 +1.582
14160 +1.469
14170 +1.235
14180 +0.972
14190 +0.769
14200 +0.677
14210 +0.713
14220 +0.858
14230 +1.059
14240 +1.232
14250 +1.292
14260 +1.191
14270 +0.956
14280 +0.669
14290 +0.418
14300 +0.268
14310 +0.246
14320 +0.346
14330 +0.522
14340 +0.697
14350 +0.778
14360 +0.699
14370 +0.471
14380 +0.171
14390 -0.102
14400 -0.273
14410 -0.309
14420 -0.213
14430 -0.024
14440 +0.182
14450 +0.315
14460 +0.307
14470 +0.153
14480 -0.079
14490 -0.297
14500 -0.426
14510 -0.427
14520 -0.299
14530 -0.069
14540 +0.202
14550 +0.435
14560 +0.558
14570 +0.541
14580 +0.415
14590 +0.255
14600 +0.136
14610 +0.110
14620 +0.198
14630 +0.387
14640 +0.633
14650 +0.862
14660 +0.982
14670 +0.925
14680 +0.688
14690 +0.341
14700 -0.018
14710 -0.304
14720 -0.478
14730 -0.540
14740 -0.532
14750 -0.532
14760 -0.634
14770 -0.903
14780 -1.337
14790 -1.862
14800 -2.378
14810 -2.806
14820 -3.109
14830 -3.293
14840 -3.396
14850 -3.479
14860 -3.615
14870 -3.856
14880 -4.210
14890 -4.635
14900 -5.059
14910 -5.421
14920 -5.682
14930 -5.837
14940 -5.905
14950 -5.923
14960 -5.938
14970 -5.993
14980 -6.112
14990 -6.284
15000 -6.476
15010 -6.638
15020 -6.731
15030 -6.732
15040 -6.635
15050 -6.454
15060 -6.217
15070 -5.965
15080 -5.739
15090 -5.574
15100 -5.475
15110 -5.418
15120 -5.359
15130 -5.249
15140 -5.057
15150 -4.774
15160 -4.420
15170 -4.044
15180 -3.719
15190 -3.518
15200 -3.478
15210 -3.572
15220 -3.722
15230 -3.843
15240 -3.880
15250 -3.819
15260 -3.685
15270 -3.540
15280 -3.464
15290 -3.526
15300 -3.747
15310 -4.082
15320 -4.449
15330 -4.769
15340 -4.993
15350 -5.110
15360 -5.141
15370 -5.133
15380 -5.149
15390 -5.244
15400 -5.447
15410 -5.745
15420 -6.086
15430 -6.406
15440 -6.650
15450 -6.792
15460 -6.830
15470 -6.792
15480 -6.724
15490 -6.685
15500 -6.726
15510 -6.869
15520 -7.092
15530 -7.337
15540 -7.540
15550 -7.647
15560 -7.639
15570 -7.525
15580 -7.348
15590 -7.171
15600 -7.063
15610 -7.076
15620 -7.209
15630 -7.413
15640 -7.611
15650 -7.735
15660 -7.747
15670 -7.650
15680 -7.476
15690 -7.289
15700 -7.160
15710 -7.150
15720 -7.274
15730 -7.497
15740 -7.746
15750 -7.949
15760 -8.057
15770 -8.057
15780 -7.969
15790 -7.837
15800 -7.725
15810 -7.694
15820 -7.783
15830 -7.984
15840 -8.246
15850 -8.500
15860 -8.682
15870 -8.755
15880 -8.716
15890 -8.594
15900 -8.445
15910 -8.340
15920 -8.341
15930 -8.474
15940 -8.709
15950 -8.975
15960 -9.191
15970 -9.296
15980 -9.271
15990 -9.135
16000 -8.943
16010 -8.773
16020 -8.703
16030 -8.777
16040 -8.979
16050 -9.237
16060 -9.462
16070 -9.583
16080 -9.572
16090 -9.440
16100 -9.237
16110 -9.035
16120 -8.911
16130 -8.914
16140 -9.045
16150 -9.249
16160 -9.448
16170 -9.570
16180 -9.576
16190 -9.460
16200 -9.254
16210 -9.012
16220 -8.803
16230 -8.691
16240 -8.706
16250 -8.829
16260 -8.998
16270 -9.134
16280 -9.175
16290 -9.088
16300 -8.881
16310 -8.597
16320 -8.307
16330 -8.094
16340 -8.022
16350 -8.101
16360 -8.276
16370 -8.454
16380 -8.547
16390 -8.503
16400 -8.316
16410 -8.024
16420 -7.704
16430 -7.451
16440 -7.343
16450 -7.404
16460 -7.583
16470 -7.786
16480 -7.919
16490 -7.925
16500 -7.791
16510 -7.548
16520 -7.262
16530 -7.018
16540 -6.890
16550 -6.913
16560 -7.060
16570 -7.264
16580 -7.444
16590 -7.540
16600 -7.522
16610 -7.395
16620 -7.196
16630 -6.988
16640 -6.841
16650 -6.817
16660 -6.935
16670 -7.165
16680 -7.438
16690 -7.677
16700 -7.821
16710 -7.839
16720 -7.742
16730 -7.578
16740 -7.429
16750 -7.384
16760 -7.502
16770 -7.777
16780 -8.143
16790 -8.501
16800 -8.767
16810 -8.891
16820 -8.868
16830 -8.743
16840 -8.602
16850 -8.543
16860 -8.639
16870 -8.897
16880 -9.259
16890 -9.631
16900 -9.926
16910 -10.086
16920 -10.098
16930 -9.991
16940 -9.835
16950 -9.716
16960 -9.708
16970 -9.841
16980 -10.090
16990 -10.386
17000 -10.650
17010 -10.814
17020 -10.841
17030 -10.731
17040 -10.524
17050 -10.294
17060 -10.126
17070 -10.091
17080 -10.205
17090 -10.427
17100 -10.673
17110 -10.850
17120 -10.888
17130 -10.756
17140 -10.479
17150 -10.134
17160 -9.833
17170 -9.682
17180 -9.724
17190 -9.919
17200 -10.164
17210 -10.344
17220 -10.374
17230 -10.219
17240 -9.909
17250 -9.532
17260 -9.208
17270 -9.041
17280 -9.069
17290 -9.244
17300 -9.467
17310 -9.638
17320 -9.685
17330 -9.581
17340 -9.348
17350 -9.052
17360 -8.782
17370 -8.619
17380 -8.603
17390 -8.718
17400 -8.906
17410 -9.093
17420 -9.215
17430 -9.228
17440 -9.117
17450 -8.905
17460 -8.648
17470 -8.427
17480 -8.319
17490 -8.361
17500 -8.532
17510 -8.766
17520 -8.977
17530 -9.088
17540 -9.051
17550 -8.861
17560 -8.572
17570 -8.284
17580 -8.113
17590 -8.126
17600 -8.309
17610 -8.579
17620 -8.833
17630 -8.984
17640 -8.980
17650 -8.821
17660 -8.561
17670 -8.299
17680 -8.140
17690 -8.142
17700 -8.294
17710 -8.526
17720 -8.757
17730 -8.916
17740 -8.962
17750 -8.883
17760 -8.704
17770 -8.477
17780 -8.269
17790 -8.140
17800 -8.117
17810 -8.188
17820 -8.309
17830 -8.418
17840 -8.455
17850 -8.370
17860 -8.134
17870 -7.757
17880 -7.298
17890 -6.860
17900 -6.548
17910 -6.414
17920 -6.422
17930 -6.472
17940 -6.455
17950 -6.287
17960 -5.931
17970 -5.420
17980 -4.866
17990 -4.428
18000 -4.228
18010 -4.267
18020 -4.436
18030 -4.604
18040 -4.674
18050 -4.601
18060 -4.392
18070 -4.111
18080 -3.856
18090 -3.720
18100 -3.738
18110 -3.876
18120 -4.059
18130 -4.221
18140 -4.319
18150 -4.337
18160 -4.280
18170 -4.172
18180 -4.050
18190 -3.955
18200 -3.920
18210 -3.962
18220 -4.073
18230 -4.225
18240 -4.377
18250 -4.489
18260 -4.533
18270 -4.497
18280 -4.408
18290 -4.338
18300 -4.380
18310 -4.589
18320 -4.929
18330 -5.309
18340 -5.641
18350 -5.878
18360 -6.014
18370 -6.079
18380 -6.145
18390 -6.291
18400 -6.553
18410 -6.889
18420 -7.219
18430 -7.482
18440 -7.652
18450 -7.731
18460 -7.741
18470 -7.719
18480 -7.706
18490 -7.732
18500 -7.800
18510 -7.886
18520 -7.955
18530 -7.984
18540 -7.961
18550 -7.881
18560 -7.748
18570 -7.567
18580 -7.350
18590 -7.112
18600 -6.879
18610 -6.678
18620 -6.536
18630 -6.454
18640 -6.401
18650 -6.321
18660 -6.159
18670 -5.885
18680 -5.509
18690 -5.087
18700 -4.726
18710 -4.558
18720 -4.651
18730 -4.928
18740 -5.213
18750 -5.362
18760 -5.319
18770 -5.103
18780 -4.783
18790 -4.461
18800 -4.259
18810 -4.266
18820 -4.468
18830 -4.746
18840 -4.955
18850 -5.005
18860 -4.878
18870 -4.604
18880 -4.237
18890 -3.833
18900 -3.448
18910 -3.125
18920 -2.885
18930 -2.724
18940 -2.613
18950 -2.505
18960 -2.349
18970 -2.095
18980 -1.706
18990 -1.172
19000 -0.554
19010 -0.049
19020 +0.012
19030 -0.558
19040 -1.517
19050 -2.451
19060 -3.107
19070 -3.426
19080 -3.465
19090 -3.359
19100 -3.308
19110 -3.532
19120 -4.122
19130 -4.949
19140 -5.771
19150 -6.393
19160 -6.731
19170 -6.791
19180 -6.644
19190 -6.399
19200 -6.197
19210 -6.165
19220 -6.358
19230 -6.719
19240 -7.115
19250 -7.415
19260 -7.537
19270 -7.455
19280 -7.184
19290 -6.775
19300 -6.312
19310 -5.919
19320 -5.745
19330 -5.903
19340 -6.382
19350 -7.038
19360 -7.669
19370 -8.101
19380 -8.244
19390 -8.110
19400 -7.837
19410 -7.668
19420 -7.846
19430 -8.445
19440 -9.315
19450 -10.210
19460 -10.915
19470 -11.285
19480 -11.268
19490 -10.918
19500 -10.400
19510 -9.954
19520 -9.808
19530 -10.049
19540 -10.574
19550 -11.176
19560 -11.654
19570 -11.854
19580 -11.696
19590 -11.191
19600 -10.448
19610 -9.663
19620 -9.067
19630 -8.828
19640 -8.947
19650 -9.267
19660 -9.582
19670 -9.714
19680 -9.541
19690 -9.007
19700 -8.153
19710 -7.154
19720 -6.354
19730 -6.140
19740 -6.603
19750 -7.462
19760 -8.363
19770 -9.069
19780 -9.440
19790 -9.409
19800 -9.003
19810 -8.392
19820 -7.898
19830 -7.851
19840 -8.331
19850 -9.134
19860 -9.995
19870 -10.720
19880 -11.179
19890 -11.288
19900 -11.023
19910 -10.479
19920 -9.902
19930 -9.615
19940 -9.808
19950 -10.401
19960 -11.165
19970 -11.894
19980 -12.437
19990 -12.688
20000 -12.582
20010 -12.146
20020 -11.552
20030 -11.100
20040 -11.052
20050 -11.434
20060 -12.071
20070 -12.752
20080 -13.317
20090 -13.642
20100 -13.637
20110 -13.276
20120 -12.668
20130 -12.089
20140 -11.839
20150 -12.021
20160 -12.505
20170 -13.092
20180 -13.618
20190 -13.948
20200 -13.958
20210 -13.562
20220 -12.840
20230 -12.113
20240 -11.745
20250 -11.827
20260 -12.230
20270 -12.879
20280 -14.030
20290 -16.665
20300 -19.537
20310 -18.186
20320 -16.967
20330 -16.391
20340 -16.097
20350 -15.914
20360 -15.765
20370 -15.613
20380 -15.431
20390 -15.199
20400 -14.898
20410 -14.511
20420 -14.031
20430 -13.502
20440 -13.079
20450 -13.030
20460 -13.438
20470 -13.993
20480 -14.361
20490 -14.435
20500 -14.237
20510 -13.810
20520 -13.201
20530 -12.510
20540 -11.994
20550 -12.058
20560 -12.796
20570 -13.720
20580 -14.345
20590 -14.526
20600 -14.312
20610 -13.785
20620 -13.023
20630 -12.160
20640 -11.521
20650 -11.644
20660 -12.672
20670 -13.966
20680 -14.878
20690 -15.200
20700 -14.995
20710 -14.391
20720 -13.499
20730 -12.457
20740 -11.581
20750 -11.477
20760 -12.503
20770 -14.063
20780 -15.332
20790 -15.933
20800 -15.876
20810 -15.315
20820 -14.397
20830 -13.239
20840 -12.031
20850 -11.256
20860 -11.653
20870 -13.194
20880 -14.903
20890 -16.026
20900 -16.371
20910 -16.066
20920 -15.295
20930 -14.147
20940 -12.568
20950 -10.274
20960 -6.482
20970 -2.408
20980 -9.584
20990 -14.811
21000 -16.490
21010 -16.469
21020 -16.098
21030 -15.881
21040 -15.974
21050 -16.398
21060 -17.089
21070 -17.931
21080 -18.772
21090 -19.447
21100 -19.801
21110 -19.739
21120 -19.274
21130 -18.532
21140 -17.728
21150 -17.156
21160 -17.111
21170 -17.692
21180 -18.691
21190 -19.747
21200 -20.540
21210 -20.870
21220 -20.694
21230 -20.109
21240 -19.302
21250 -18.531
21260 -18.115
21270 -18.322
21280 -19.134
21290 -20.233
21300 -21.226
21310 -21.811
21320 -21.845
21330 -21.356
21340 -20.510
21350 -19.554
21360 -18.819
21370 -18.660
21380 -19.222
21390 -20.263
21400 -21.361
21410 -22.141
21420 -22.358
21430 -21.946
21440 -21.019
21450 -19.829
21460 -18.747
21470 -18.237
21480 -18.576
21490 -19.553
21500 -20.695
21510 -21.593
21520 -21.965
21530 -21.667
21540 -20.752
21550 -19.476
21560 -18.286
21570 -17.732
21580 -18.079
21590 -19.045
21600 -20.164
21610 -21.099
21620 -21.629
21630 -21.612
21640 -21.026
21650 -20.028
21660 -18.966
21670 -18.294
21680 -18.315
21690 -18.939
21700 -19.839
21710 -20.717
21720 -21.360
21730 -21.588
21740 -21.269
21750 -20.394
21760 -19.175
21770 -18.065
21780 -17.596
21790 -17.943
21800 -18.805
21810 -19.786
21820 -20.607
21830 -21.057
21840 -20.947
21850 -20.174
21860 -18.859
21870 -17.461
21880 -16.696
21890 -16.965
21900 -17.932
21910 -19.070
21920 -20.050
21930 -20.670
21940 -20.762
21950 -20.223
21960 -19.141
21970 -17.890
21980 -17.080
21990 -17.147
22000 -17.938
22010 -19.007
22020 -20.031
22030 -20.824
22040 -21.255
22050 -21.222
22060 -20.703
22070 -19.844
22080 -18.994
22090 -18.593
22100 -18.871
22110 -19.670
22120 -20.680
22130 -21.659
22140 -22.441
22150 -22.883
22160 -22.859
22170 -22.331
22180 -21.461
22190 -20.656
22200 -20.388
22210 -20.807
22220 -21.670
22230 -22.660
22240 -23.556
22250 -24.194
22260 -24.415
22270 -24.085
22280 -23.236
22290 -22.210
22300 -21.560
22310 -21.613
22320 -22.210
22330 -23.010
22340 -23.766
22350 -24.328
22360 -24.565
22370 -24.359
22380 -23.684
22390 -22.749
22400 -22.005
22410 -21.818
22420 -22.156
22430 -22.742
22440 -23.349
22450 -23.842
22460 -24.129
22470 -24.120
22480 -23.749
22490 -23.063
22500 -22.335
22510 -21.971
22520 -22.129
22530 -22.627
22540 -23.222
22550 -23.764
22560 -24.164
22570 -24.343
22580 -24.200
22590 -23.658
22600 -22.846
22610 -22.239
22620 -22.253
22630 -22.756
22640 -23.411
22650 -24.017
22660 -24.483
22670 -24.722
22680 -24.591
22690 -23.899
22700 -22.669
22710 -21.555
22720 -21.348
22730 -21.875
22740 -22.586
22750 -23.209
22760 -23.648
22770 -23.820
22780 -23.582
22790 -22.730
22800 -21.218
22810 -19.673
22820 -19.222
22830 -19.878
22840 -20.840
22850 -21.697
22860 -22.351
22870 -22.759
22880 -22.830
22890 -22.374
22900 -21.142
22910 -19.187
22920 -17.613
22930 -17.825
22940 -19.122
22950 -20.455
22960 -21.544
22970 -22.368
22980 -22.893
22990 -22.976
23000 -22.313
23010 -20.532
23020 -17.822
23030 -16.209
23040 -17.280
23050 -19.103
23060 -20.615
23070 -21.731
23080 -22.480
23090 -22.809
23100 -22.529
23110 -21.323
23120 -19.049
23130 -16.815
23140 -16.987
23150 -18.691
23160 -20.259
23170 -21.391
23180 -22.129
23190 -22.491
23200 -22.410
23210 -21.728
23220 -20.322
23230 -18.692
23240 -18.383
23250 -19.543
23260 -20.870
23270 -21.866
23280 -22.506
23290 -22.824
23300 -22.802
23310 -22.351
23320 -21.355
23330 -20.006
23340 -19.414
23350 -20.245
23360 -21.439
23370 -22.326
23380 -22.841
23390 -23.029
23400 -22.888
23410 -22.344
23420 -21.268
23430 -19.777
23440 -19.106
23450 -20.188
23460 -21.573
23470 -22.463
23480 -22.875
23490 -22.912
23500 -22.601
23510 -21.879
23520 -20.633
23530 -19.066
23540 -18.882
23550 -20.800
23560 -22.548
23570 -23.454
23580 -23.747
23590 -23.627
23600 -23.159
23610 -22.289
23620 -20.880
23630 -19.103
23640 -19.419
23650 -22.629
23660 -24.891
23670 -25.695
23680 -25.686
23690 -25.242
23700 -24.460
23710 -23.242
23720 -21.243
23730 -17.811
23740 -18.154
23750 -25.480
23760 -28.872
23770 -29.044
23780 -28.190
23790 -27.043
23800 -25.642
23810 -23.747
23820 -20.635
23830 -12.679
23840 -16.747
23850 -30.111
23860 -41.748
23870 -38.492
23880 -33.946
23890 -31.042
23900 -28.603
23910 -26.121
23920 -23.365
23930 -21.009
23940 -21.855
23950 -25.348
23960 -28.806
23970 -31.664
23980 -33.878
23990 -35.339
