00000 +2.783
00010 +2.477
00020 +1.738
00030 +0.897
00040 +0.187
00050 -0.291
00060 -0.514
00070 -0.505
00080 -0.324
00090 -0.072
00100 +0.114
00110 +0.102
00120 -0.157
00130 -0.603
00140 -1.113
00150 -1.576
00160 -1.923
00170 -2.130
00180 -2.208
00190 -2.191
00200 -2.137
00210 -2.107
00220 -2.151
00230 -2.286
00240 -2.488
00250 -2.710
00260 -2.901
00270 -3.026
00280 -3.069
00290 -3.036
00300 -2.950
00310 -2.846
00320 -2.762
00330 -2.727
00340 -2.745
00350 -2.801
00360 -2.862
00370 -2.896
00380 -2.883
00390 -2.815
00400 -2.702
00410 -2.567
00420 -2.442
00430 -2.358
00440 -2.330
00450 -2.355
00460 -2.414
00470 -2.480
00480 -2.530
00490 -2.556
00500 -2.564
00510 -2.572
00520 -2.607
00530 -2.693
00540 -2.841
00550 -3.047
00560 -3.290
00570 -3.547
00580 -3.794
00590 -4.020
00600 -4.225
00610 -4.417
00620 -4.609
00630 -4.814
00640 -5.036
00650 -5.273
00660 -5.511
00670 -5.734
00680 -5.924
00690 -6.071
00700 -6.173
00710 -6.234
00720 -6.264
00730 -6.276
00740 -6.281
00750 -6.283
00760 -6.280
00770 -6.263
00780 -6.223
00790 -6.149
00800 -6.041
00810 -5.906
00820 -5.756
00830 -5.611
00840 -5.491
00850 -5.408
00860 -5.365
00870 -5.354
00880 -5.362
00890 -5.379
00900 -5.399
00910 -5.427
00920 -5.475
00930 -5.557
00940 -5.681
00950 -5.846
00960 -6.042
00970 -6.249
00980 -6.449
00990 -6.629
01000 -6.782
01010 -6.913
01020 -7.029
01030 -7.139
01040 -7.252
01050 -7.367
01060 -7.481
01070 -7.584
01080 -7.666
01090 -7.720
01100 -7.745
01110 -7.745
01120 -7.729
01130 -7.707
01140 -7.690
01150 -7.683
01160 -7.685
01170 -7.692
01180 -7.698
01190 -7.695
01200 -7.681
01210 -7.659
01220 -7.635
01230 -7.619
01240 -7.619
01250 -7.641
01260 -7.686
01270 -7.748
01280 -7.820
01290 -7.896
01300 -7.970
01310 -8.040
01320 -8.111
01330 -8.189
01340 -8.279
01350 -8.385
01360 -8.508
01370 -8.644
01380 -8.787
01390 -8.927
01400 -9.060
01410 -9.182
01420 -9.292
01430 -9.394
01440 -9.491
01450 -9.587
01460 -9.683
01470 -9.777
01480 -9.863
01490 -9.935
01500 -9.986
01510 -10.012
01520 -10.011
01530 -9.985
01540 -9.941
01550 -9.886
01560 -9.827
01570 -9.770
01580 -9.719
01590 -9.671
01600 -9.626
01610 -9.581
01620 -9.536
01630 -9.494
01640 -9.460
01650 -9.441
01660 -9.442
01670 -9.464
01680 -9.505
01690 -9.559
01700 -9.619
01710 -9.677
01720 -9.727
01730 -9.768
01740 -9.801
01750 -9.830
01760 -9.858
01770 -9.888
01780 -9.919
01790 -9.947
01800 -9.968
01810 -9.974
01820 -9.961
01830 -9.927
01840 -9.873
01850 -9.803
01860 -9.722
01870 -9.633
01880 -9.540
01890 -9.440
01900 -9.330
01910 -9.206
01920 -9.064
01930 -8.903
01940 -8.728
01950 -8.544
01960 -8.360
01970 -8.185
01980 -8.026
01990 -7.884
02000 -7.759
02010 -7.651
02020 -7.559
02030 -7.486
02040 -7.436
02050 -7.415
02060 -7.430
02070 -7.480
02080 -7.565
02090 -7.677
02100 -7.810
02110 -7.955
02120 -8.106
02130 -8.260
02140 -8.414
02150 -8.568
02160 -8.720
02170 -8.869
02180 -9.012
02190 -9.147
02200 -9.269
02210 -9.375
02220 -9.463
02230 -9.532
02240 -9.582
02250 -9.616
02260 -9.636
02270 -9.644
02280 -9.641
02290 -9.628
02300 -9.606
02310 -9.575
02320 -9.535
02330 -9.490
02340 -9.441
02350 -9.394
02360 -9.354
02370 -9.325
02380 -9.311
02390 -9.311
02400 -9.325
02410 -9.352
02420 -9.390
02430 -9.438
02440 -9.497
02450 -9.567
02460 -9.651
02470 -9.747
02480 -9.855
02490 -9.971
02500 -10.092
02510 -10.213
02520 -10.332
02530 -10.445
02540 -10.553
02550 -10.656
02560 -10.755
02570 -10.851
02580 -10.943
02590 -11.029
02600 -11.106
02610 -11.171
02620 -11.220
02630 -11.251
02640 -11.262
02650 -11.256
02660 -11.231
02670 -11.190
02680 -11.134
02690 -11.062
02700 -10.972
02710 -10.862
02720 -10.729
02730 -10.574
02740 -10.397
02750 -10.202
02760 -9.994
02770 -9.782
02780 -9.574
02790 -9.379
02800 -9.203
02810 -9.050
02820 -8.923
02830 -8.823
02840 -8.749
02850 -8.704
02860 -8.690
02870 -8.708
02880 -8.758
02890 -8.839
02900 -8.946
02910 -9.072
02920 -9.209
02930 -9.347
02940 -9.479
02950 -9.603
02960 -9.717
02970 -9.822
02980 -9.922
02990 -10.019
03000 -10.113
03010 -10.204
03020 -10.286
03030 -10.355
03040 -10.405
03050 -10.435
03060 -10.443
03070 -10.435
03080 -10.415
03090 -10.391
03100 -10.368
03110 -10.348
03120 -10.329
03130 -10.308
03140 -10.281
03150 -10.247
03160 -10.210
03170 -10.175
03180 -10.153
03190 -10.152
03200 -10.181
03210 -10.241
03220 -10.328
03230 -10.437
03240 -10.560
03250 -10.690
03260 -10.825
03270 -10.966
03280 -11.116
03290 -11.276
03300 -11.448
03310 -11.631
03320 -11.821
03330 -12.013
03340 -12.200
03350 -12.377
03360 -12.542
03370 -12.694
03380 -12.835
03390 -12.969
03400 -13.101
03410 -13.233
03420 -13.366
03430 -13.498
03440 -13.625
03450 -13.744
03460 -13.849
03470 -13.938
03480 -14.012
03490 -14.073
03500 -14.128
03510 -14.179
03520 -14.231
03530 -14.283
03540 -14.332
03550 -14.373
03560 -14.399
03570 -14.406
03580 -14.393
03590 -14.362
03600 -14.318
03610 -14.268
03620 -14.217
03630 -14.165
03640 -14.112
03650 -14.053
03660 -13.982
03670 -13.896
03680 -13.794
03690 -13.681
03700 -13.562
03710 -13.444
03720 -13.335
03730 -13.236
03740 -13.146
03750 -13.063
03760 -12.981
03770 -12.896
03780 -12.807
03790 -12.715
03800 -12.622
03810 -12.531
03820 -12.446
03830 -12.367
03840 -12.294
03850 -12.225
03860 -12.156
03870 -12.082
03880 -12.001
03890 -11.910
03900 -11.810
03910 -11.702
03920 -11.589
03930 -11.474
03940 -11.360
03950 -11.246
03960 -11.133
03970 -11.018
03980 -10.897
03990 -10.769
04000 -10.632
04010 -10.488
04020 -10.342
04030 -10.199
04040 -10.065
04050 -9.943
04060 -9.837
04070 -9.744
04080 -9.662
04090 -9.588
04100 -9.521
04110 -9.460
04120 -9.411
04130 -9.377
04140 -9.362
04150 -9.369
04160 -9.398
04170 -9.444
04180 -9.502
04190 -9.567
04200 -9.634
04210 -9.699
04220 -9.764
04230 -9.829
04240 -9.896
04250 -9.966
04260 -10.041
04270 -10.117
04280 -10.191
04290 -10.259
04300 -10.318
04310 -10.364
04320 -10.398
04330 -10.421
04340 -10.436
04350 -10.449
04360 -10.460
04370 -10.473
04380 -10.486
04390 -10.497
04400 -10.504
04410 -10.505
04420 -10.500
04430 -10.493
04440 -10.485
04450 -10.483
04460 -10.490
04470 -10.507
04480 -10.534
04490 -10.571
04500 -10.613
04510 -10.659
04520 -10.706
04530 -10.756
04540 -10.810
04550 -10.869
04560 -10.937
04570 -11.015
04580 -11.101
04590 -11.195
04600 -11.294
04610 -11.395
04620 -11.496
04630 -11.595
04640 -11.694
04650 -11.794
04660 -11.896
04670 -12.002
04680 -12.113
04690 -12.228
04700 -12.345
04710 -12.463
04720 -12.579
04730 -12.690
04740 -12.797
04750 -12.899
04760 -12.998
04770 -13.096
04780 -13.193
04790 -13.289
04800 -13.382
04810 -13.471
04820 -13.552
04830 -13.622
04840 -13.681
04850 -13.727
04860 -13.763
04870 -13.788
04880 -13.806
04890 -13.818
04900 -13.824
04910 -13.823
04920 -13.814
04930 -13.797
04940 -13.772
04950 -13.739
04960 -13.700
04970 -13.658
04980 -13.617
04990 -13.578
05000 -13.542
05010 -13.511
05020 -13.482
05030 -13.456
05040 -13.429
05050 -13.403
05060 -13.377
05070 -13.352
05080 -13.331
05090 -13.314
05100 -13.303
05110 -13.297
05120 -13.294
05130 -13.293
05140 -13.291
05150 -13.286
05160 -13.278
05170 -13.265
05180 -13.250
05190 -13.233
05200 -13.215
05210 -13.195
05220 -13.173
05230 -13.145
05240 -13.110
05250 -13.065
05260 -13.009
05270 -12.942
05280 -12.866
05290 -12.784
05300 -12.697
05310 -12.608
05320 -12.518
05330 -12.425
05340 -12.330
05350 -12.232
05360 -12.129
05370 -12.025
05380 -11.920
05390 -11.819
05400 -11.723
05410 -11.636
05420 -11.558
05430 -11.488
05440 -11.425
05450 -11.366
05460 -11.310
05470 -11.257
05480 -11.206
05490 -11.161
05500 -11.122
05510 -11.092
05520 -11.071
05530 -11.059
05540 -11.051
05550 -11.047
05560 -11.041
05570 -11.035
05580 -11.026
05590 -11.017
05600 -11.009
05610 -11.006
05620 -11.006
05630 -11.010
05640 -11.015
05650 -11.018
05660 -11.016
05670 -11.008
05680 -10.995
05690 -10.977
05700 -10.959
05710 -10.943
05720 -10.931
05730 -10.923
05740 -10.918
05750 -10.915
05760 -10.911
05770 -10.906
05780 -10.900
05790 -10.895
05800 -10.894
05810 -10.898
05820 -10.911
05830 -10.932
05840 -10.962
05850 -11.000
05860 -11.041
05870 -11.086
05880 -11.131
05890 -11.179
05900 -11.230
05910 -11.286
05920 -11.349
05930 -11.420
05940 -11.499
05950 -11.584
05960 -11.671
05970 -11.759
05980 -11.844
05990 -11.925
06000 -12.002
06010 -12.077
06020 -12.150
06030 -12.224
06040 -12.296
06050 -12.365
06060 -12.430
06070 -12.486
06080 -12.530
06090 -12.562
06100 -12.580
06110 -12.587
06120 -12.583
06130 -12.572
06140 -12.555
06150 -12.532
06160 -12.504
06170 -12.469
06180 -12.427
06190 -12.376
06200 -12.318
06210 -12.255
06220 -12.188
06230 -12.122
06240 -12.060
06250 -12.005
06260 -11.956
06270 -11.913
06280 -11.875
06290 -11.840
06300 -11.808
06310 -11.779
06320 -11.753
06330 -11.733
06340 -11.721
06350 -11.719
06360 -11.726
06370 -11.743
06380 -11.765
06390 -11.791
06400 -11.817
06410 -11.842
06420 -11.864
06430 -11.885
06440 -11.906
06450 -11.928
06460 -11.951
06470 -11.975
06480 -11.998
06490 -12.017
06500 -12.029
06510 -12.033
06520 -12.026
06530 -12.012
06540 -11.990
06550 -11.964
06560 -11.937
06570 -11.910
06580 -11.883
06590 -11.856
06600 -11.827
06610 -11.795
06620 -11.760
06630 -11.721
06640 -11.681
06650 -11.644
06660 -11.611
06670 -11.586
06680 -11.570
06690 -11.563
06700 -11.562
06710 -11.565
06720 -11.570
06730 -11.575
06740 -11.581
06750 -11.590
06760 -11.602
06770 -11.622
06780 -11.649
06790 -11.682
06800 -11.719
06810 -11.758
06820 -11.793
06830 -11.822
06840 -11.844
06850 -11.859
06860 -11.869
06870 -11.875
06880 -11.879
06890 -11.881
06900 -11.880
06910 -11.873
06920 -11.857
06930 -11.830
06940 -11.791
06950 -11.741
06960 -11.681
06970 -11.617
06980 -11.551
06990 -11.487
07000 -11.427
07010 -11.370
07020 -11.315
07030 -11.260
07040 -11.205
07050 -11.149
07060 -11.096
07070 -11.048
07080 -11.011
07090 -10.986
07100 -10.975
07110 -10.979
07120 -10.993
07130 -11.015
07140 -11.041
07150 -11.070
07160 -11.102
07170 -11.137
07180 -11.179
07190 -11.230
07200 -11.291
07210 -11.360
07220 -11.435
07230 -11.513
07240 -11.589
07250 -11.660
07260 -11.725
07270 -11.785
07280 -11.842
07290 -11.898
07300 -11.956
07310 -12.017
07320 -12.078
07330 -12.138
07340 -12.193
07350 -12.240
07360 -12.279
07370 -12.311
07380 -12.337
07390 -12.364
07400 -12.393
07410 -12.428
07420 -12.468
07430 -12.513
07440 -12.559
07450 -12.604
07460 -12.646
07470 -12.685
07480 -12.724
07490 -12.766
07500 -12.813
07510 -12.868
07520 -12.931
07530 -13.000
07540 -13.072
07550 -13.144
07560 -13.212
07570 -13.275
07580 -13.335
07590 -13.393
07600 -13.451
07610 -13.512
07620 -13.576
07630 -13.641
07640 -13.705
07650 -13.766
07660 -13.820
07670 -13.865
07680 -13.901
07690 -13.929
07700 -13.952
07710 -13.973
07720 -13.993
07730 -14.012
07740 -14.031
07750 -14.046
07760 -14.056
07770 -14.059
07780 -14.054
07790 -14.042
07800 -14.027
07810 -14.012
07820 -13.999
07830 -13.992
07840 -13.989
07850 -13.990
07860 -13.991
07870 -13.991
07880 -13.987
07890 -13.979
07900 -13.970
07910 -13.962
07920 -13.957
07930 -13.958
07940 -13.963
07950 -13.972
07960 -13.980
07970 -13.985
07980 -13.983
07990 -13.974
08000 -13.957
08010 -13.935
08020 -13.909
08030 -13.883
08040 -13.856
08050 -13.828
08060 -13.797
08070 -13.758
08080 -13.710
08090 -13.650
08100 -13.580
08110 -13.499
08120 -13.412
08130 -13.321
08140 -13.230
08150 -13.139
08160 -13.049
08170 -12.955
08180 -12.858
08190 -12.754
08200 -12.643
08210 -12.527
08220 -12.410
08230 -12.296
08240 -12.189
08250 -12.091
08260 -12.004
08270 -11.925
08280 -11.851
08290 -11.780
08300 -11.710
08310 -11.640
08320 -11.574
08330 -11.516
08340 -11.468
08350 -11.435
08360 -11.415
08370 -11.407
08380 -11.406
08390 -11.409
08400 -11.411
08410 -11.411
08420 -11.411
08430 -11.413
08440 -11.421
08450 -11.438
08460 -11.465
08470 -11.501
08480 -11.541
08490 -11.581
08500 -11.618
08510 -11.649
08520 -11.674
08530 -11.696
08540 -11.720
08550 -11.750
08560 -11.788
08570 -11.835
08580 -11.887
08590 -11.941
08600 -11.993
08610 -12.039
08620 -12.079
08630 -12.116
08640 -12.154
08650 -12.198
08660 -12.251
08670 -12.314
08680 -12.386
08690 -12.463
08700 -12.539
08710 -12.610
08720 -12.676
08730 -12.738
08740 -12.798
08750 -12.862
08760 -12.934
08770 -13.014
08780 -13.102
08790 -13.194
08800 -13.285
08810 -13.371
08820 -13.449
08830 -13.520
08840 -13.586
08850 -13.651
08860 -13.718
08870 -13.790
08880 -13.868
08890 -13.949
08900 -14.028
08910 -14.103
08920 -14.169
08930 -14.226
08940 -14.276
08950 -14.320
08960 -14.364
08970 -14.411
08980 -14.463
08990 -14.518
09000 -14.574
09010 -14.628
09020 -14.675
09030 -14.714
09040 -14.745
09050 -14.770
09060 -14.794
09070 -14.819
09080 -14.848
09090 -14.882
09100 -14.920
09110 -14.958
09120 -14.992
09130 -15.020
09140 -15.040
09150 -15.054
09160 -15.064
09170 -15.074
09180 -15.087
09190 -15.105
09200 -15.126
09210 -15.149
09220 -15.171
09230 -15.188
09240 -15.198
09250 -15.201
09260 -15.199
09270 -15.195
09280 -15.191
09290 -15.190
09300 -15.193
09310 -15.199
09320 -15.206
09330 -15.211
09340 -15.210
09350 -15.203
09360 -15.190
09370 -15.173
09380 -15.156
09390 -15.141
09400 -15.131
09410 -15.125
09420 -15.124
09430 -15.123
09440 -15.121
09450 -15.115
09460 -15.104
09470 -15.089
09480 -15.074
09490 -15.062
09500 -15.056
09510 -15.057
09520 -15.065
09530 -15.078
09540 -15.092
09550 -15.105
09560 -15.115
09570 -15.122
09580 -15.129
09590 -15.138
09600 -15.151
09610 -15.172
09620 -15.199
09630 -15.231
09640 -15.265
09650 -15.297
09660 -15.326
09670 -15.350
09680 -15.371
09690 -15.389
09700 -15.408
09710 -15.430
09720 -15.455
09730 -15.482
09740 -15.509
09750 -15.534
09760 -15.554
09770 -15.569
09780 -15.578
09790 -15.583
09800 -15.586
09810 -15.590
09820 -15.596
09830 -15.605
09840 -15.615
09850 -15.626
09860 -15.634
09870 -15.640
09880 -15.643
09890 -15.643
09900 -15.644
09910 -15.646
09920 -15.652
09930 -15.664
09940 -15.680
09950 -15.699
09960 -15.721
09970 -15.743
09980 -15.765
09990 -15.787
10000 -15.810
10010 -15.835
10020 -15.864
10030 -15.898
10040 -15.936
10050 -15.977
10060 -16.021
10070 -16.065
10080 -16.109
10090 -16.152
10100 -16.194
10110 -16.236
10120 -16.278
10130 -16.322
10140 -16.367
10150 -16.413
10160 -16.459
10170 -16.504
10180 -16.548
10190 -16.588
10200 -16.626
10210 -16.661
10220 -16.694
10230 -16.726
10240 -16.756
10250 -16.787
10260 -16.816
10270 -16.843
10280 -16.868
10290 -16.890
10300 -16.908
10310 -16.923
10320 -16.935
10330 -16.945
10340 -16.954
10350 -16.961
10360 -16.967
10370 -16.972
10380 -16.975
10390 -16.976
10400 -16.974
10410 -16.969
10420 -16.963
10430 -16.954
10440 -16.946
10450 -16.937
10460 -16.928
10470 -16.918
10480 -16.908
10490 -16.898
10500 -16.885
10510 -16.872
10520 -16.857
10530 -16.842
10540 -16.827
10550 -16.812
10560 -16.798
10570 -16.784
10580 -16.769
10590 -16.753
10600 -16.735
10610 -16.716
10620 -16.696
10630 -16.674
10640 -16.652
10650 -16.629
10660 -16.607
10670 -16.584
10680 -16.559
10690 -16.534
10700 -16.506
10710 -16.475
10720 -16.443
10730 -16.410
10740 -16.376
10750 -16.343
10760 -16.309
10770 -16.277
10780 -16.244
10790 -16.211
10800 -16.177
10810 -16.142
10820 -16.107
10830 -16.071
10840 -16.038
10850 -16.006
10860 -15.978
10870 -15.953
10880 -15.931
10890 -15.910
10900 -15.891
10910 -15.872
10920 -15.853
10930 -15.835
10940 -15.818
10950 -15.804
10960 -15.792
10970 -15.783
10980 -15.776
10990 -15.769
11000 -15.761
11010 -15.751
11020 -15.737
11030 -15.720
11040 -15.700
11050 -15.679
11060 -15.656
11070 -15.633
11080 -15.609
11090 -15.582
11100 -15.553
11110 -15.518
11120 -15.477
11130 -15.430
11140 -15.378
11150 -15.320
11160 -15.260
11170 -15.198
11180 -15.136
11190 -15.072
11200 -15.006
11210 -14.938
11220 -14.865
11230 -14.788
11240 -14.706
11250 -14.622
11260 -14.537
11270 -14.455
11280 -14.377
11290 -14.306
11300 -14.239
11310 -14.178
11320 -14.120
11330 -14.063
11340 -14.009
11350 -13.958
11360 -13.912
11370 -13.874
11380 -13.846
11390 -13.829
11400 -13.823
11410 -13.826
11420 -13.835
11430 -13.846
11440 -13.859
11450 -13.872
11460 -13.887
11470 -13.905
11480 -13.928
11490 -13.957
11500 -13.992
11510 -14.030
11520 -14.069
11530 -14.106
11540 -14.138
11550 -14.165
11560 -14.186
11570 -14.203
11580 -14.218
11590 -14.233
11600 -14.247
11610 -14.262
11620 -14.274
11630 -14.282
11640 -14.283
11650 -14.276
11660 -14.260
11670 -14.235
11680 -14.205
11690 -14.171
11700 -14.135
11710 -14.099
11720 -14.063
11730 -14.024
11740 -13.980
11750 -13.932
11760 -13.876
11770 -13.815
11780 -13.749
11790 -13.683
11800 -13.618
11810 -13.558
11820 -13.503
11830 -13.453
11840 -13.407
11850 -13.361
11860 -13.316
11870 -13.270
11880 -13.225
11890 -13.183
11900 -13.146
11910 -13.116
11920 -13.095
11930 -13.083
11940 -13.078
11950 -13.079
11960 -13.083
11970 -13.088
11980 -13.095
11990 -13.103
12000 -13.115
12010 -13.131
12020 -13.155
12030 -13.185
12040 -13.221
12050 -13.262
12060 -13.305
12070 -13.347
12080 -13.387
12090 -13.422
12100 -13.454
12110 -13.483
12120 -13.510
12130 -13.535
12140 -13.559
12150 -13.579
12160 -13.593
12170 -13.599
12180 -13.593
12190 -13.573
12200 -13.539
12210 -13.491
12220 -13.432
12230 -13.363
12240 -13.286
12250 -13.202
12260 -13.110
12270 -13.011
12280 -12.904
12290 -12.787
12300 -12.663
12310 -12.532
12320 -12.397
12330 -12.261
12340 -12.127
12350 -11.997
12360 -11.872
12370 -11.753
12380 -11.639
12390 -11.531
12400 -11.428
12410 -11.329
12420 -11.237
12430 -11.152
12440 -11.076
12450 -11.010
12460 -10.956
12470 -10.914
12480 -10.886
12490 -10.869
12500 -10.863
12510 -10.867
12520 -10.879
12530 -10.899
12540 -10.926
12550 -10.961
12560 -11.006
12570 -11.060
12580 -11.123
12590 -11.196
12600 -11.276
12610 -11.360
12620 -11.445
12630 -11.529
12640 -11.607
12650 -11.680
12660 -11.748
12670 -11.810
12680 -11.867
12690 -11.919
12700 -11.964
12710 -12.001
12720 -12.025
12730 -12.034
12740 -12.025
12750 -11.998
12760 -11.953
12770 -11.894
12780 -11.824
12790 -11.745
12800 -11.661
12810 -11.571
12820 -11.476
12830 -11.374
12840 -11.265
12850 -11.148
12860 -11.025
12870 -10.899
12880 -10.773
12890 -10.652
12900 -10.538
12910 -10.434
12920 -10.340
12930 -10.256
12940 -10.178
12950 -10.104
12960 -10.034
12970 -9.966
12980 -9.902
12990 -9.845
13000 -9.797
13010 -9.760
13020 -9.736
13030 -9.722
13040 -9.715
13050 -9.709
13060 -9.699
13070 -9.680
13080 -9.652
13090 -9.616
13100 -9.573
13110 -9.528
13120 -9.482
13130 -9.436
13140 -9.385
13150 -9.325
13160 -9.249
13170 -9.153
13180 -9.035
13190 -8.899
13200 -8.751
13210 -8.597
13220 -8.445
13230 -8.298
13240 -8.156
13250 -8.017
13260 -7.875
13270 -7.726
13280 -7.570
13290 -7.409
13300 -7.248
13310 -7.097
13320 -6.963
13330 -6.851
13340 -6.762
13350 -6.692
13360 -6.635
13370 -6.584
13380 -6.534
13390 -6.483
13400 -6.435
13410 -6.396
13420 -6.373
13430 -6.373
13440 -6.395
13450 -6.436
13460 -6.488
13470 -6.539
13480 -6.583
13490 -6.614
13500 -6.636
13510 -6.653
13520 -6.675
13530 -6.709
13540 -6.759
13550 -6.820
13560 -6.885
13570 -6.943
13580 -6.986
13590 -7.012
13600 -7.023
13610 -7.028
13620 -7.038
13630 -7.062
13640 -7.104
13650 -7.164
13660 -7.234
13670 -7.305
13680 -7.371
13690 -7.429
13700 -7.480
13710 -7.532
13720 -7.592
13730 -7.670
13740 -7.768
13750 -7.886
13760 -8.016
13770 -8.153
13780 -8.286
13790 -8.412
13800 -8.530
13810 -8.641
13820 -8.753
13830 -8.871
13840 -9.001
13850 -9.142
13860 -9.291
13870 -9.439
13880 -9.577
13890 -9.698
13900 -9.797
13910 -9.877
13920 -9.941
13930 -9.999
13940 -10.056
13950 -10.116
13960 -10.177
13970 -10.233
13980 -10.276
13990 -10.301
14000 -10.306
14010 -10.293
14020 -10.271
14030 -10.248
14040 -10.231
14050 -10.227
14060 -10.233
14070 -10.248
14080 -10.263
14090 -10.273
14100 -10.275
14110 -10.269
14120 -10.259
14130 -10.249
14140 -10.248
14150 -10.257
14160 -10.279
14170 -10.310
14180 -10.345
14190 -10.377
14200 -10.400
14210 -10.410
14220 -10.409
14230 -10.398
14240 -10.384
14250 -10.372
14260 -10.364
14270 -10.361
14280 -10.358
14290 -10.346
14300 -10.320
14310 -10.272
14320 -10.203
14330 -10.115
14340 -10.016
14350 -9.915
14360 -9.818
14370 -9.729
14380 -9.646
14390 -9.563
14400 -9.472
14410 -9.371
14420 -9.257
14430 -9.136
14440 -9.015
14450 -8.902
14460 -8.805
14470 -8.727
14480 -8.664
14490 -8.612
14500 -8.563
14510 -8.511
14520 -8.453
14530 -8.389
14540 -8.322
14550 -8.260
14560 -8.206
14570 -8.166
14580 -8.138
14590 -8.120
14600 -8.106
14610 -8.089
14620 -8.062
14630 -8.025
14640 -7.979
14650 -7.928
14660 -7.880
14670 -7.842
14680 -7.816
14690 -7.804
14700 -7.800
14710 -7.797
14720 -7.791
14730 -7.776
14740 -7.754
14750 -7.731
14760 -7.714
14770 -7.710
14780 -7.725
14790 -7.760
14800 -7.809
14810 -7.867
14820 -7.926
14830 -7.982
14840 -8.034
14850 -8.086
14860 -8.140
14870 -8.204
14880 -8.280
14890 -8.369
14900 -8.471
14910 -8.580
14920 -8.692
14930 -8.801
14940 -8.907
14950 -9.007
14960 -9.105
14970 -9.204
14980 -9.309
14990 -9.423
15000 -9.547
15010 -9.680
15020 -9.819
15030 -9.959
15040 -10.096
15050 -10.227
15060 -10.353
15070 -10.475
15080 -10.597
15090 -10.724
15100 -10.857
15110 -10.997
15120 -11.142
15130 -11.289
15140 -11.432
15150 -11.567
15160 -11.692
15170 -11.806
15180 -11.913
15190 -12.015
15200 -12.115
15210 -12.217
15220 -12.319
15230 -12.420
15240 -12.517
15250 -12.606
15260 -12.686
15270 -12.754
15280 -12.812
15290 -12.863
15300 -12.911
15310 -12.960
15320 -13.013
15330 -13.072
15340 -13.135
15350 -13.203
15360 -13.271
15370 -13.338
15380 -13.403
15390 -13.467
15400 -13.532
15410 -13.602
15420 -13.681
15430 -13.772
15440 -13.876
15450 -13.990
15460 -14.113
15470 -14.238
15480 -14.361
15490 -14.480
15500 -14.592
15510 -14.697
15520 -14.798
15530 -14.895
15540 -14.990
15550 -15.079
15560 -15.161
15570 -15.227
15580 -15.274
15590 -15.295
15600 -15.288
15610 -15.255
15620 -15.199
15630 -15.126
15640 -15.043
15650 -14.952
15660 -14.856
15670 -14.755
15680 -14.646
15690 -14.527
15700 -14.399
15710 -14.261
15720 -14.117
15730 -13.971
15740 -13.830
15750 -13.696
15760 -13.574
15770 -13.463
15780 -13.361
15790 -13.267
15800 -13.177
15810 -13.089
15820 -13.004
15830 -12.923
15840 -12.850
15850 -12.792
15860 -12.750
15870 -12.728
15880 -12.726
15890 -12.741
15900 -12.770
15910 -12.809
15920 -12.855
15930 -12.907
15940 -12.966
15950 -13.032
15960 -13.107
15970 -13.191
15980 -13.282
15990 -13.376
16000 -13.467
16010 -13.552
16020 -13.624
16030 -13.681
16040 -13.722
16050 -13.748
16060 -13.763
16070 -13.770
16080 -13.772
16090 -13.772
16100 -13.769
16110 -13.764
16120 -13.754
16130 -13.740
16140 -13.719
16150 -13.694
16160 -13.666
16170 -13.637
16180 -13.611
16190 -13.590
16200 -13.578
16210 -13.575
16220 -13.582
16230 -13.596
16240 -13.616
16250 -13.640
16260 -13.667
16270 -13.696
16280 -13.730
16290 -13.771
16300 -13.824
16310 -13.890
16320 -13.971
16330 -14.067
16340 -14.172
16350 -14.282
16360 -14.391
16370 -14.493
16380 -14.588
16390 -14.675
16400 -14.759
16410 -14.842
16420 -14.926
16430 -15.010
16440 -15.091
16450 -15.162
16460 -15.216
16470 -15.250
16480 -15.261
16490 -15.252
16500 -15.228
16510 -15.193
16520 -15.154
16530 -15.114
16540 -15.074
16550 -15.032
16560 -14.985
16570 -14.929
16580 -14.861
16590 -14.780
16600 -14.689
16610 -14.592
16620 -14.494
16630 -14.403
16640 -14.322
16650 -14.254
16660 -14.197
16670 -14.147
16680 -14.098
16690 -14.045
16700 -13.987
16710 -13.926
16720 -13.868
16730 -13.821
16740 -13.791
16750 -13.786
16760 -13.804
16770 -13.844
16780 -13.897
16790 -13.954
16800 -14.009
16810 -14.058
16820 -14.104
16830 -14.153
16840 -14.213
16850 -14.289
16860 -14.385
16870 -14.498
16880 -14.621
16890 -14.742
16900 -14.851
16910 -14.938
16920 -15.001
16930 -15.042
16940 -15.069
16950 -15.091
16960 -15.116
16970 -15.148
16980 -15.183
16990 -15.212
17000 -15.222
17010 -15.196
17020 -15.128
17030 -15.016
17040 -14.870
17050 -14.706
17060 -14.539
17070 -14.381
17080 -14.235
17090 -14.094
17100 -13.944
17110 -13.770
17120 -13.563
17130 -13.326
17140 -13.071
17150 -12.819
17160 -12.590
17170 -12.400
17180 -12.254
17190 -12.146
17200 -12.059
17210 -11.978
17220 -11.888
17230 -11.786
17240 -11.675
17250 -11.567
17260 -11.475
17270 -11.408
17280 -11.369
17290 -11.355
17300 -11.355
17310 -11.355
17320 -11.340
17330 -11.301
17340 -11.234
17350 -11.142
17360 -11.034
17370 -10.924
17380 -10.823
17390 -10.739
17400 -10.673
17410 -10.616
17420 -10.554
17430 -10.469
17440 -10.351
17450 -10.200
17460 -10.027
17470 -9.851
17480 -9.697
17490 -9.580
17500 -9.508
17510 -9.472
17520 -9.452
17530 -9.427
17540 -9.383
17550 -9.318
17560 -9.241
17570 -9.169
17580 -9.118
17590 -9.099
17600 -9.110
17610 -9.142
17620 -9.179
17630 -9.205
17640 -9.209
17650 -9.185
17660 -9.136
17670 -9.069
17680 -8.991
17690 -8.914
17700 -8.842
17710 -8.780
17720 -8.726
17730 -8.674
17740 -8.614
17750 -8.537
17760 -8.434
17770 -8.304
17780 -8.153
17790 -7.994
17800 -7.848
17810 -7.731
17820 -7.656
17830 -7.621
17840 -7.617
17850 -7.628
17860 -7.638
17870 -7.641
17880 -7.643
17890 -7.658
17900 -7.706
17910 -7.800
17920 -7.940
17930 -8.115
17940 -8.307
17950 -8.492
17960 -8.654
17970 -8.782
17980 -8.876
17990 -8.942
18000 -8.990
18010 -9.030
18020 -9.067
18030 -9.103
18040 -9.132
18050 -9.146
18060 -9.135
18070 -9.088
18080 -9.000
18090 -8.866
18100 -8.692
18110 -8.488
18120 -8.269
18130 -8.050
18140 -7.841
18150 -7.643
18160 -7.446
18170 -7.235
18180 -6.997
18190 -6.729
18200 -6.445
18210 -6.181
18220 -5.982
18230 -5.886
18240 -5.906
18250 -6.027
18260 -6.215
18270 -6.438
18280 -6.674
18290 -6.915
18300 -7.162
18310 -7.419
18320 -7.688
18330 -7.961
18340 -8.227
18350 -8.473
18360 -8.688
18370 -8.866
18380 -9.004
18390 -9.104
18400 -9.172
18410 -9.214
18420 -9.238
18430 -9.251
18440 -9.256
18450 -9.254
18460 -9.246
18470 -9.231
18480 -9.207
18490 -9.175
18500 -9.136
18510 -9.097
18520 -9.064
18530 -9.048
18540 -9.058
18550 -9.098
18560 -9.171
18570 -9.273
18580 -9.401
18590 -9.553
18600 -9.729
18610 -9.932
18620 -10.161
18630 -10.413
18640 -10.679
18650 -10.944
18660 -11.200
18670 -11.438
18680 -11.655
18690 -11.850
18700 -12.024
18710 -12.173
18720 -12.295
18730 -12.385
18740 -12.443
18750 -12.468
18760 -12.464
18770 -12.434
18780 -12.383
18790 -12.316
18800 -12.234
18810 -12.140
18820 -12.034
18830 -11.918
18840 -11.791
18850 -11.655
18860 -11.509
18870 -11.356
18880 -11.197
18890 -11.033
18900 -10.866
18910 -10.697
18920 -10.531
18930 -10.368
18940 -10.214
18950 -10.070
18960 -9.937
18970 -9.815
18980 -9.701
18990 -9.594
19000 -9.495
19010 -9.409
19020 -9.344
19030 -9.310
19040 -9.313
19050 -9.356
19060 -9.431
19070 -9.524
19080 -9.622
19090 -9.713
19100 -9.794
19110 -9.870
19120 -9.946
19130 -10.028
19140 -10.122
19150 -10.225
19160 -10.329
19170 -10.426
19180 -10.504
19190 -10.556
19200 -10.579
19210 -10.577
19220 -10.560
19230 -10.539
19240 -10.525
19250 -10.528
19260 -10.548
19270 -10.581
19280 -10.612
19290 -10.629
19300 -10.620
19310 -10.582
19320 -10.522
19330 -10.454
19340 -10.395
19350 -10.360
19360 -10.357
19370 -10.382
19380 -10.419
19390 -10.448
19400 -10.448
19410 -10.411
19420 -10.340
19430 -10.252
19440 -10.170
19450 -10.114
19460 -10.100
19470 -10.130
19480 -10.191
19490 -10.262
19500 -10.321
19510 -10.355
19520 -10.362
19530 -10.355
19540 -10.354
19550 -10.383
19560 -10.458
19570 -10.586
19580 -10.760
19590 -10.960
19600 -11.156
19610 -11.325
19620 -11.450
19630 -11.533
19640 -11.591
19650 -11.648
19660 -11.733
19670 -11.862
19680 -12.040
19690 -12.252
19700 -12.472
19710 -12.669
19720 -12.816
19730 -12.906
19740 -12.950
19750 -12.975
19760 -13.012
19770 -13.091
19780 -13.225
19790 -13.408
19800 -13.619
19810 -13.822
19820 -13.986
19830 -14.087
19840 -14.128
19850 -14.130
19860 -14.127
19870 -14.154
19880 -14.236
19890 -14.379
19900 -14.569
19910 -14.774
19920 -14.957
19930 -15.083
19940 -15.141
19950 -15.139
19960 -15.111
19970 -15.095
19980 -15.127
19990 -15.224
20000 -15.385
20010 -15.587
20020 -15.791
20030 -15.954
20040 -16.047
20050 -16.065
20060 -16.031
20070 -15.986
20080 -15.973
20090 -16.025
20100 -16.153
20110 -16.345
20120 -16.564
20130 -16.755
20140 -16.868
20150 -16.874
20160 -16.776
20170 -16.605
20180 -16.397
20190 -16.177
20200 -15.951
20210 -15.709
20220 -15.449
20230 -15.198
20240 -14.994
20250 -14.864
20260 -14.810
20270 -14.825
20280 -14.901
20290 -15.026
20300 -15.193
20310 -15.390
20320 -15.605
20330 -15.819
20340 -16.008
20350 -16.146
20360 -16.214
20370 -16.214
20380 -16.169
20390 -16.115
20400 -16.088
20410 -16.108
20420 -16.178
20430 -16.282
20440 -16.391
20450 -16.469
20460 -16.481
20470 -16.411
20480 -16.273
20490 -16.103
20500 -15.943
20510 -15.826
20520 -15.764
20530 -15.748
20540 -15.758
20550 -15.759
20560 -15.714
20570 -15.600
20580 -15.415
20590 -15.185
20600 -14.951
20610 -14.747
20620 -14.594
20630 -14.496
20640 -14.447
20650 -14.428
20660 -14.414
20670 -14.381
20680 -14.311
20690 -14.205
20700 -14.081
20710 -13.964
20720 -13.880
20730 -13.849
20740 -13.884
20750 -13.988
20760 -14.157
20770 -14.366
20780 -14.577
20790 -14.750
20800 -14.857
20810 -14.905
20820 -14.923
20830 -14.951
20840 -15.031
20850 -15.188
20860 -15.424
20870 -15.694
20880 -15.893
20890 -15.880
20900 -15.558
20910 -14.954
20920 -14.191
20930 -13.406
20940 -12.706
20950 -12.168
20960 -11.834
20970 -11.709
20980 -11.757
20990 -11.918
21000 -12.127
21010 -12.335
21020 -12.515
21030 -12.663
21040 -12.794
21050 -12.936
21060 -13.124
21070 -13.390
21080 -13.746
21090 -14.173
21100 -14.616
21110 -15.003
21120 -15.274
21130 -15.413
21140 -15.444
21150 -15.429
21160 -15.445
21170 -15.572
21180 -15.875
21190 -16.371
21200 -17.016
21210 -17.699
21220 -18.280
21230 -18.651
21240 -18.791
21250 -18.777
21260 -18.755
21270 -18.898
21280 -19.376
21290 -20.318
21300 -21.781
21310 -23.744
21320 -26.117
21330 -28.672
21340 -30.931
21350 -32.451
21360 -33.679
21370 -35.693
21380 -38.061
21390 -35.351
21400 -30.789
21410 -27.462
21420 -25.112
21430 -23.406
21440 -22.166
21450 -21.310
21460 -20.796
21470 -20.582
21480 -20.586
21490 -20.689
21500 -20.770
21510 -20.747
21520 -20.599
21530 -20.356
21540 -20.076
21550 -19.828
21560 -19.672
21570 -19.659
21580 -19.814
21590 -20.130
21600 -20.563
21610 -21.033
21620 -21.448
21630 -21.729
21640 -21.843
21650 -21.827
21660 -21.765
21670 -21.770
21680 -21.937
21690 -22.321
21700 -22.906
21710 -23.601
21720 -24.237
21730 -24.625
21740 -24.655
21750 -24.375
21760 -23.952
21770 -23.564
21780 -23.332
21790 -23.294
21800 -23.409
21810 -23.569
21820 -23.645
21830 -23.540
21840 -23.237
21850 -22.798
21860 -22.321
21870 -21.902
21880 -21.608
21890 -21.469
21900 -21.475
21910 -21.583
21920 -21.728
21930 -21.845
21940 -21.884
21950 -21.826
21960 -21.690
21970 -21.521
21980 -21.379
21990 -21.321
22000 -21.383
22010 -21.576
22020 -21.878
22030 -22.239
22040 -22.594
22050 -22.876
22060 -23.043
22070 -23.093
22080 -23.073
22090 -23.058
22100 -23.126
22110 -23.328
22120 -23.669
22130 -24.109
22140 -24.573
22150 -24.961
22160 -25.187
22170 -25.216
22180 -25.083
22190 -24.884
22200 -24.720
22210 -24.664
22220 -24.734
22230 -24.903
22240 -25.105
22250 -25.263
22260 -25.307
22270 -25.205
22280 -24.975
22290 -24.678
22300 -24.389
22310 -24.172
22320 -24.061
22330 -24.059
22340 -24.141
22350 -24.265
22360 -24.380
22370 -24.442
22380 -24.423
22390 -24.323
22400 -24.175
22410 -24.028
22420 -23.939
22430 -23.947
22440 -24.064
22450 -24.280
22460 -24.561
22470 -24.863
22480 -25.134
22490 -25.333
22500 -25.442
22510 -25.482
22520 -25.506
22530 -25.580
22540 -25.749
22550 -26.032
22560 -26.417
22570 -26.872
22580 -27.341
22590 -27.758
22600 -28.059
22610 -28.216
22620 -28.256
22630 -28.256
22640 -28.295
22650 -28.425
22660 -28.661
22670 -28.987
22680 -29.361
22690 -29.722
22700 -29.997
22710 -30.131
22720 -30.112
22730 -29.992
22740 -29.851
22750 -29.766
22760 -29.783
22770 -29.917
22780 -30.159
22790 -30.484
22800 -30.848
22810 -31.192
22820 -31.450
22830 -31.576
22840 -31.579
22850 -31.519
22860 -31.478
22870 -31.522
22880 -31.695
22890 -32.016
22900 -32.491
22910 -33.108
22920 -33.826
22930 -34.549
22940 -35.134
22950 -35.464
22960 -35.547
22970 -35.511
22980 -35.508
22990 -35.653
23000 -36.020
23010 -36.668
23020 -37.643
23030 -38.958
23040 -40.514
23050 -41.950
23060 -42.675
23070 -42.490
23080 -41.878
23090 -41.343
23100 -41.120
23110 -41.304
23120 -41.955
23130 -43.136
23140 -44.880
23150 -46.970
23160 -48.344
23170 -47.695
23180 -45.929
23190 -44.297
23200 -43.116
23210 -42.375
23220 -42.020
23230 -42.014
23240 -42.345
23250 -43.013
23260 -43.990
23270 -45.140
23280 -46.025
23290 -45.864
23300 -44.381
23310 -42.241
23320 -40.083
23330 -38.174
23340 -36.610
23350 -35.434
23360 -34.668
23370 -34.298
23380 -34.258
23390 -34.410
23400 -34.535
23410 -34.372
23420 -33.754
23430 -32.747
23440 -31.586
23450 -30.512
23460 -29.690
23470 -29.198
23480 -29.044
23490 -29.177
23500 -29.503
23510 -29.889
23520 -30.167
23530 -30.176
23540 -29.845
23550 -29.259
23560 -28.619
23570 -28.122
23580 -27.897
23590 -27.994
23600 -28.396
23610 -29.043
23620 -29.820
23630 -30.525
23640 -30.856
23650 -30.584
23660 -29.817
23670 -28.937
23680 -28.295
23690 -28.073
23700 -28.307
23710 -28.946
23720 -29.874
23730 -30.864
23740 -31.471
23750 -31.187
23760 -30.055
23770 -28.685
23780 -27.612
23790 -27.087
23800 -27.153
23810 -27.742
23820 -28.750
23830 -30.046
23840 -31.387
23850 -32.249
23860 -32.044
23870 -30.941
23880 -29.722
23890 -28.948
23900 -28.826
23910 -29.363
23920 -30.509
23930 -32.256
23940 -34.733
23950 -38.361
23960 -44.567
23970 -68.448
23980 -46.522
23990 -41.879
