00000 -11.354
00010 -9.326
00020 -6.561
00030 -4.733
00040 -3.645
00050 -3.037
00060 -2.760
00070 -2.757
00080 -3.024
00090 -3.587
00100 -4.434
00110 -5.396
00120 -6.041
00130 -5.973
00140 -5.336
00150 -4.546
00160 -3.861
00170 -3.368
00180 -3.086
00190 -3.018
00200 -3.158
00210 -3.477
00220 -3.888
00230 -4.245
00240 -4.391
00250 -4.271
00260 -3.958
00270 -3.579
00280 -3.243
00290 -3.016
00300 -2.938
00310 -3.021
00320 -3.247
00330 -3.561
00340 -3.867
00350 -4.067
00360 -4.103
00370 -3.993
00380 -3.808
00390 -3.632
00400 -3.533
00410 -3.557
00420 -3.719
00430 -4.007
00440 -4.371
00450 -4.736
00460 -5.022
00470 -5.178
00480 -5.213
00490 -5.180
00500 -5.151
00510 -5.186
00520 -5.326
00530 -5.578
00540 -5.924
00550 -6.312
00560 -6.669
00570 -6.925
00580 -7.043
00590 -7.035
00600 -6.953
00610 -6.863
00620 -6.818
00630 -6.848
00640 -6.962
00650 -7.140
00660 -7.342
00670 -7.515
00680 -7.610
00690 -7.604
00700 -7.511
00710 -7.375
00720 -7.247
00730 -7.174
00740 -7.184
00750 -7.287
00760 -7.469
00770 -7.697
00780 -7.924
00790 -8.101
00800 -8.199
00810 -8.221
00820 -8.199
00830 -8.182
00840 -8.216
00850 -8.332
00860 -8.543
00870 -8.837
00880 -9.179
00890 -9.516
00900 -9.791
00910 -9.963
00920 -10.032
00930 -10.033
00940 -10.020
00950 -10.041
00960 -10.129
00970 -10.289
00980 -10.499
00990 -10.715
01000 -10.879
01010 -10.941
01020 -10.884
01030 -10.732
01040 -10.535
01050 -10.349
01060 -10.213
01070 -10.150
01080 -10.158
01090 -10.218
01100 -10.294
01110 -10.347
01120 -10.344
01130 -10.276
01140 -10.161
01150 -10.034
01160 -9.933
01170 -9.890
01180 -9.924
01190 -10.040
01200 -10.223
01210 -10.446
01220 -10.669
01230 -10.857
01240 -10.992
01250 -11.079
01260 -11.146
01270 -11.234
01280 -11.378
01290 -11.607
01300 -11.930
01310 -12.336
01320 -12.791
01330 -13.240
01340 -13.627
01350 -13.914
01360 -14.099
01370 -14.217
01380 -14.320
01390 -14.459
01400 -14.665
01410 -14.941
01420 -15.257
01430 -15.553
01440 -15.753
01450 -15.802
01460 -15.694
01470 -15.476
01480 -15.222
01490 -15.004
01500 -14.873
01510 -14.856
01520 -14.950
01530 -15.128
01540 -15.336
01550 -15.511
01560 -15.606
01570 -15.616
01580 -15.576
01590 -15.548
01600 -15.600
01610 -15.786
01620 -16.136
01630 -16.648
01640 -17.278
01650 -17.939
01660 -18.516
01670 -18.916
01680 -19.118
01690 -19.185
01700 -19.220
01710 -19.315
01720 -19.515
01730 -19.807
01740 -20.116
01750 -20.325
01760 -20.325
01770 -20.081
01780 -19.657
01790 -19.165
01800 -18.705
01810 -18.345
01820 -18.114
01830 -18.010
01840 -18.006
01850 -18.053
01860 -18.092
01870 -18.074
01880 -17.980
01890 -17.827
01900 -17.661
01910 -17.537
01920 -17.509
01930 -17.615
01940 -17.875
01950 -18.285
01960 -18.815
01970 -19.408
01980 -19.996
01990 -20.523
02000 -20.978
02010 -21.412
02020 -21.923
02030 -22.634
02040 -23.668
02050 -25.120
02060 -26.993
02070 -28.904
02080 -29.640
02090 -28.479
02100 -26.586
02110 -24.881
02120 -23.553
02130 -22.555
02140 -21.784
02150 -21.130
02160 -20.502
02170 -19.853
02180 -19.184
02190 -18.530
02200 -17.936
02210 -17.439
02220 -17.064
02230 -16.821
02240 -16.703
02250 -16.687
02260 -16.731
02270 -16.788
02280 -16.814
02290 -16.785
02300 -16.703
02310 -16.594
02320 -16.495
02330 -16.440
02340 -16.453
02350 -16.535
02360 -16.666
02370 -16.800
02380 -16.883
02390 -16.868
02400 -16.733
02410 -16.496
02420 -16.196
02430 -15.879
02440 -15.582
02450 -15.323
02460 -15.096
02470 -14.883
02480 -14.652
02490 -14.380
02500 -14.054
02510 -13.684
02520 -13.292
02530 -12.906
02540 -12.553
02550 -12.252
02560 -12.009
02570 -11.819
02580 -11.667
02590 -11.532
02600 -11.394
02610 -11.240
02620 -11.069
02630 -10.889
02640 -10.718
02650 -10.572
02660 -10.469
02670 -10.417
02680 -10.414
02690 -10.450
02700 -10.505
02710 -10.560
02720 -10.599
02730 -10.616
02740 -10.615
02750 -10.611
02760 -10.626
02770 -10.676
02780 -10.771
02790 -10.903
02800 -11.052
02810 -11.187
02820 -11.274
02830 -11.294
02840 -11.245
02850 -11.146
02860 -11.025
02870 -10.911
02880 -10.821
02890 -10.758
02900 -10.710
02910 -10.663
02920 -10.599
02930 -10.510
02940 -10.398
02950 -10.273
02960 -10.152
02970 -10.048
02980 -9.973
02990 -9.930
03000 -9.916
03010 -9.920
03020 -9.931
03030 -9.934
03040 -9.922
03050 -9.893
03060 -9.850
03070 -9.802
03080 -9.759
03090 -9.732
03100 -9.724
03110 -9.736
03120 -9.761
03130 -9.788
03140 -9.806
03150 -9.806
03160 -9.782
03170 -9.739
03180 -9.683
03190 -9.625
03200 -9.578
03210 -9.547
03220 -9.533
03230 -9.532
03240 -9.534
03250 -9.526
03260 -9.502
03270 -9.459
03280 -9.401
03290 -9.340
03300 -9.289
03310 -9.257
03320 -9.253
03330 -9.274
03340 -9.313
03350 -9.360
03360 -9.402
03370 -9.430
03380 -9.442
03390 -9.441
03400 -9.436
03410 -9.439
03420 -9.459
03430 -9.499
03440 -9.560
03450 -9.632
03460 -9.704
03470 -9.765
03480 -9.804
03490 -9.821
03500 -9.819
03510 -9.809
03520 -9.803
03530 -9.811
03540 -9.838
03550 -9.881
03560 -9.928
03570 -9.967
03580 -9.984
03590 -9.970
03600 -9.926
03610 -9.857
03620 -9.780
03630 -9.706
03640 -9.647
03650 -9.605
03660 -9.574
03670 -9.539
03680 -9.488
03690 -9.410
03700 -9.304
03710 -9.177
03720 -9.047
03730 -8.932
03740 -8.847
03750 -8.799
03760 -8.786
03770 -8.799
03780 -8.827
03790 -8.858
03800 -8.889
03810 -8.921
03820 -8.960
03830 -9.017
03840 -9.100
03850 -9.213
03860 -9.355
03870 -9.520
03880 -9.698
03890 -9.878
03900 -10.051
03910 -10.211
03920 -10.359
03930 -10.498
03940 -10.636
03950 -10.783
03960 -10.945
03970 -11.122
03980 -11.311
03990 -11.502
04000 -11.685
04010 -11.849
04020 -11.987
04030 -12.101
04040 -12.198
04050 -12.286
04060 -12.378
04070 -12.478
04080 -12.587
04090 -12.698
04100 -12.798
04110 -12.878
04120 -12.929
04130 -12.951
04140 -12.951
04150 -12.943
04160 -12.939
04170 -12.950
04180 -12.978
04190 -13.021
04200 -13.070
04210 -13.114
04220 -13.146
04230 -13.163
04240 -13.169
04250 -13.171
04260 -13.180
04270 -13.206
04280 -13.251
04290 -13.315
04300 -13.391
04310 -13.469
04320 -13.541
04330 -13.602
04340 -13.650
04350 -13.689
04360 -13.727
04370 -13.772
04380 -13.829
04390 -13.899
04400 -13.979
04410 -14.061
04420 -14.139
04430 -14.206
04440 -14.259
04450 -14.301
04460 -14.335
04470 -14.369
04480 -14.409
04490 -14.458
04500 -14.516
04510 -14.579
04520 -14.643
04530 -14.702
04540 -14.754
04550 -14.797
04560 -14.836
04570 -14.875
04580 -14.919
04590 -14.972
04600 -15.037
04610 -15.110
04620 -15.188
04630 -15.268
04640 -15.346
04650 -15.420
04660 -15.490
04670 -15.561
04680 -15.634
04690 -15.714
04700 -15.801
04710 -15.894
04720 -15.989
04730 -16.084
04740 -16.174
04750 -16.259
04760 -16.337
04770 -16.410
04780 -16.480
04790 -16.550
04800 -16.619
04810 -16.684
04820 -16.745
04830 -16.796
04840 -16.838
04850 -16.869
04860 -16.890
04870 -16.906
04880 -16.919
04890 -16.930
04900 -16.942
04910 -16.953
04920 -16.960
04930 -16.962
04940 -16.960
04950 -16.955
04960 -16.951
04970 -16.953
04980 -16.964
04990 -16.987
05000 -17.022
05010 -17.066
05020 -17.114
05030 -17.163
05040 -17.210
05050 -17.257
05060 -17.307
05070 -17.366
05080 -17.439
05090 -17.528
05100 -17.634
05110 -17.752
05120 -17.874
05130 -17.993
05140 -18.104
05150 -18.207
05160 -18.306
05170 -18.407
05180 -18.519
05190 -18.647
05200 -18.792
05210 -18.949
05220 -19.107
05230 -19.256
05240 -19.387
05250 -19.497
05260 -19.592
05270 -19.678
05280 -19.767
05290 -19.867
05300 -19.981
05310 -20.107
05320 -20.235
05330 -20.353
05340 -20.453
05350 -20.529
05360 -20.585
05370 -20.630
05380 -20.675
05390 -20.733
05400 -20.811
05410 -20.912
05420 -21.030
05430 -21.154
05440 -21.272
05450 -21.374
05460 -21.455
05470 -21.521
05480 -21.581
05490 -21.650
05500 -21.742
05510 -21.862
05520 -22.009
05530 -22.174
05540 -22.338
05550 -22.484
05560 -22.601
05570 -22.689
05580 -22.757
05590 -22.820
05600 -22.898
05610 -23.002
05620 -23.135
05630 -23.288
05640 -23.443
05650 -23.579
05660 -23.682
05670 -23.746
05680 -23.781
05690 -23.802
05700 -23.830
05710 -23.881
05720 -23.963
05730 -24.074
05740 -24.201
05750 -24.326
05760 -24.434
05770 -24.516
05780 -24.572
05790 -24.613
05800 -24.654
05810 -24.713
05820 -24.803
05830 -24.929
05840 -25.089
05850 -25.269
05860 -25.451
05870 -25.616
05880 -25.751
05890 -25.854
05900 -25.933
05910 -26.006
05920 -26.093
05930 -26.210
05940 -26.362
05950 -26.543
05960 -26.733
05970 -26.903
05980 -27.031
05990 -27.104
06000 -27.125
06010 -27.116
06020 -27.102
06030 -27.110
06040 -27.154
06050 -27.234
06060 -27.335
06070 -27.429
06080 -27.491
06090 -27.503
06100 -27.466
06110 -27.398
06120 -27.326
06130 -27.277
06140 -27.274
06150 -27.324
06160 -27.420
06170 -27.539
06180 -27.654
06190 -27.743
06200 -27.792
06210 -27.805
06220 -27.802
06230 -27.809
06240 -27.849
06250 -27.940
06260 -28.082
06270 -28.257
06280 -28.438
06290 -28.591
06300 -28.689
06310 -28.723
06320 -28.703
06330 -28.656
06340 -28.611
06350 -28.592
06360 -28.610
06370 -28.657
06380 -28.709
06390 -28.735
06400 -28.711
06410 -28.624
06420 -28.482
06430 -28.309
06440 -28.135
06450 -27.986
06460 -27.881
06470 -27.822
06480 -27.799
06490 -27.791
06500 -27.775
06510 -27.733
06520 -27.657
06530 -27.552
06540 -27.437
06550 -27.332
06560 -27.260
06570 -27.235
06580 -27.260
06590 -27.326
06600 -27.411
06610 -27.488
06620 -27.535
06630 -27.535
06640 -27.491
06650 -27.419
06660 -27.346
06670 -27.298
06680 -27.294
06690 -27.335
06700 -27.405
06710 -27.474
06720 -27.507
06730 -27.478
06740 -27.379
06750 -27.226
06760 -27.051
06770 -26.888
06780 -26.767
06790 -26.699
06800 -26.675
06810 -26.671
06820 -26.653
06830 -26.593
06840 -26.476
06850 -26.311
06860 -26.122
06870 -25.942
06880 -25.800
06890 -25.715
06900 -25.688
06910 -25.704
06920 -25.734
06930 -25.751
06940 -25.732
06950 -25.669
06960 -25.570
06970 -25.458
06980 -25.362
06990 -25.306
07000 -25.302
07010 -25.347
07020 -25.423
07030 -25.503
07040 -25.556
07050 -25.560
07060 -25.508
07070 -25.411
07080 -25.297
07090 -25.195
07100 -25.132
07110 -25.118
07120 -25.145
07130 -25.191
07140 -25.226
07150 -25.222
07160 -25.162
07170 -25.048
07180 -24.902
07190 -24.755
07200 -24.639
07210 -24.574
07220 -24.564
07230 -24.595
07240 -24.641
07250 -24.675
07260 -24.673
07270 -24.625
07280 -24.537
07290 -24.434
07300 -24.343
07310 -24.292
07320 -24.294
07330 -24.347
07340 -24.434
07350 -24.532
07360 -24.612
07370 -24.652
07380 -24.643
07390 -24.594
07400 -24.527
07410 -24.472
07420 -24.453
07430 -24.479
07440 -24.547
07450 -24.635
07460 -24.718
07470 -24.766
07480 -24.759
07490 -24.694
07500 -24.587
07510 -24.468
07520 -24.368
07530 -24.309
07540 -24.296
07550 -24.317
07560 -24.350
07570 -24.368
07580 -24.348
07590 -24.278
07600 -24.167
07610 -24.037
07620 -23.918
07630 -23.834
07640 -23.799
07650 -23.808
07660 -23.849
07670 -23.899
07680 -23.936
07690 -23.942
07700 -23.912
07710 -23.854
07720 -23.790
07730 -23.741
07740 -23.726
07750 -23.752
07760 -23.815
07770 -23.901
07780 -23.990
07790 -24.062
07800 -24.100
07810 -24.097
07820 -24.061
07830 -24.011
07840 -23.970
07850 -23.956
07860 -23.977
07870 -24.028
07880 -24.097
07890 -24.163
07900 -24.205
07910 -24.206
07920 -24.165
07930 -24.093
07940 -24.013
07950 -23.950
07960 -23.922
07970 -23.933
07980 -23.979
07990 -24.044
08000 -24.108
08010 -24.149
08020 -24.154
08030 -24.122
08040 -24.068
08050 -24.014
08060 -23.982
08070 -23.986
08080 -24.031
08090 -24.107
08100 -24.198
08110 -24.280
08120 -24.329
08130 -24.331
08140 -24.288
08150 -24.217
08160 -24.141
08170 -24.084
08180 -24.057
08190 -24.063
08200 -24.089
08210 -24.114
08220 -24.112
08230 -24.064
08240 -23.961
08250 -23.816
08260 -23.653
08270 -23.498
08280 -23.373
08290 -23.286
08300 -23.232
08310 -23.197
08320 -23.159
08330 -23.097
08340 -22.996
08350 -22.859
08360 -22.701
08370 -22.547
08380 -22.418
08390 -22.328
08400 -22.278
08410 -22.262
08420 -22.262
08430 -22.258
08440 -22.230
08450 -22.170
08460 -22.082
08470 -21.981
08480 -21.887
08490 -21.818
08500 -21.782
08510 -21.779
08520 -21.799
08530 -21.823
08540 -21.833
08550 -21.812
08560 -21.755
08570 -21.667
08580 -21.564
08590 -21.467
08600 -21.391
08610 -21.343
08620 -21.321
08630 -21.315
08640 -21.309
08650 -21.283
08660 -21.226
08670 -21.135
08680 -21.020
08690 -20.899
08700 -20.790
08710 -20.708
08720 -20.657
08730 -20.635
08740 -20.628
08750 -20.621
08760 -20.596
08770 -20.544
08780 -20.465
08790 -20.372
08800 -20.281
08810 -20.209
08820 -20.167
08830 -20.155
08840 -20.167
08850 -20.190
08860 -20.207
08870 -20.203
08880 -20.173
08890 -20.119
08900 -20.052
08910 -19.988
08920 -19.940
08930 -19.914
08940 -19.909
08950 -19.918
08960 -19.928
08970 -19.923
08980 -19.895
08990 -19.839
09000 -19.759
09010 -19.669
09020 -19.581
09030 -19.506
09040 -19.449
09050 -19.409
09060 -19.377
09070 -19.343
09080 -19.297
09090 -19.230
09100 -19.143
09110 -19.042
09120 -18.937
09130 -18.840
09140 -18.760
09150 -18.698
09160 -18.653
09170 -18.619
09180 -18.587
09190 -18.550
09200 -18.502
09210 -18.443
09220 -18.380
09230 -18.318
09240 -18.266
09250 -18.230
09260 -18.210
09270 -18.207
09280 -18.217
09290 -18.232
09300 -18.246
09310 -18.254
09320 -18.253
09330 -18.245
09340 -18.235
09350 -18.227
09360 -18.229
09370 -18.244
09380 -18.273
09390 -18.316
09400 -18.366
09410 -18.416
09420 -18.458
09430 -18.485
09440 -18.499
09450 -18.503
09460 -18.504
09470 -18.513
09480 -18.535
09490 -18.574
09500 -18.630
09510 -18.694
09520 -18.756
09530 -18.805
09540 -18.834
09550 -18.843
09560 -18.839
09570 -18.833
09580 -18.837
09590 -18.858
09600 -18.901
09610 -18.962
09620 -19.030
09630 -19.092
09640 -19.135
09650 -19.155
09660 -19.153
09670 -19.141
09680 -19.130
09690 -19.134
09700 -19.160
09710 -19.211
09720 -19.281
09730 -19.355
09740 -19.421
09750 -19.467
09760 -19.488
09770 -19.489
09780 -19.482
09790 -19.481
09800 -19.499
09810 -19.546
09820 -19.620
09830 -19.714
09840 -19.811
09850 -19.895
09860 -19.953
09870 -19.983
09880 -19.994
09890 -19.999
09900 -20.016
09910 -20.060
09920 -20.136
09930 -20.239
09940 -20.356
09950 -20.465
09960 -20.551
09970 -20.604
09980 -20.628
09990 -20.634
10000 -20.641
10010 -20.665
10020 -20.718
10030 -20.799
10040 -20.900
10050 -21.005
10060 -21.096
10070 -21.160
10080 -21.192
10090 -21.199
10100 -21.193
10110 -21.190
10120 -21.207
10130 -21.252
10140 -21.324
10150 -21.417
10160 -21.514
10170 -21.597
10180 -21.654
10190 -21.679
10200 -21.677
10210 -21.663
10220 -21.654
10230 -21.668
10240 -21.715
10250 -21.797
10260 -21.900
10270 -22.006
10280 -22.093
10290 -22.144
10300 -22.156
10310 -22.138
10320 -22.109
10330 -22.094
10340 -22.112
10350 -22.170
10360 -22.262
10370 -22.370
10380 -22.467
10390 -22.530
10400 -22.547
10410 -22.522
10420 -22.472
10430 -22.424
10440 -22.400
10450 -22.417
10460 -22.473
10470 -22.556
10480 -22.642
10490 -22.706
10500 -22.729
10510 -22.709
10520 -22.655
10530 -22.589
10540 -22.535
10550 -22.515
10560 -22.537
10570 -22.597
10580 -22.677
10590 -22.753
10600 -22.801
10610 -22.807
10620 -22.771
10630 -22.706
10640 -22.636
10650 -22.587
10660 -22.576
10670 -22.609
10680 -22.677
10690 -22.756
10700 -22.820
10710 -22.845
10720 -22.822
10730 -22.757
10740 -22.672
10750 -22.594
10760 -22.547
10770 -22.545
10780 -22.586
10790 -22.651
10800 -22.716
10810 -22.754
10820 -22.750
10830 -22.703
10840 -22.626
10850 -22.544
10860 -22.482
10870 -22.459
10880 -22.478
10890 -22.531
10900 -22.599
10910 -22.659
10920 -22.692
10930 -22.687
10940 -22.648
10950 -22.590
10960 -22.535
10970 -22.501
10980 -22.501
10990 -22.537
11000 -22.598
11010 -22.669
11020 -22.729
11030 -22.762
11040 -22.759
11050 -22.725
11060 -22.672
11070 -22.619
11080 -22.586
11090 -22.583
11100 -22.612
11110 -22.664
11120 -22.721
11130 -22.764
11140 -22.777
11150 -22.752
11160 -22.694
11170 -22.619
11180 -22.549
11190 -22.503
11200 -22.490
11210 -22.511
11220 -22.554
11230 -22.599
11240 -22.628
11250 -22.624
11260 -22.585
11270 -22.519
11280 -22.447
11290 -22.389
11300 -22.362
11310 -22.372
11320 -22.416
11330 -22.479
11340 -22.541
11350 -22.583
11360 -22.594
11370 -22.574
11380 -22.533
11390 -22.491
11400 -22.467
11410 -22.474
11420 -22.516
11430 -22.586
11440 -22.669
11450 -22.746
11460 -22.800
11470 -22.820
11480 -22.809
11490 -22.778
11500 -22.746
11510 -22.731
11520 -22.744
11530 -22.787
11540 -22.854
11550 -22.930
11560 -22.995
11570 -23.035
11580 -23.041
11590 -23.016
11600 -22.971
11610 -22.926
11620 -22.898
11630 -22.898
11640 -22.928
11650 -22.981
11660 -23.042
11670 -23.094
11680 -23.122
11690 -23.116
11700 -23.079
11710 -23.026
11720 -22.974
11730 -22.940
11740 -22.937
11750 -22.966
11760 -23.021
11770 -23.085
11780 -23.141
11790 -23.170
11800 -23.165
11810 -23.128
11820 -23.074
11830 -23.024
11840 -22.997
11850 -23.004
11860 -23.047
11870 -23.116
11880 -23.194
11890 -23.260
11900 -23.295
11910 -23.291
11920 -23.256
11930 -23.208
11940 -23.169
11950 -23.159
11960 -23.188
11970 -23.256
11980 -23.349
11990 -23.449
12000 -23.530
12010 -23.578
12020 -23.586
12030 -23.567
12040 -23.539
12050 -23.527
12060 -23.548
12070 -23.612
12080 -23.716
12090 -23.844
12100 -23.974
12110 -24.083
12120 -24.154
12130 -24.184
12140 -24.185
12150 -24.178
12160 -24.190
12170 -24.237
12180 -24.330
12190 -24.463
12200 -24.618
12210 -24.772
12220 -24.896
12230 -24.973
12240 -25.001
12250 -24.994
12260 -24.979
12270 -24.985
12280 -25.033
12290 -25.130
12300 -25.270
12310 -25.430
12320 -25.577
12330 -25.683
12340 -25.728
12350 -25.718
12360 -25.674
12370 -25.631
12380 -25.620
12390 -25.663
12400 -25.762
12410 -25.903
12420 -26.056
12430 -26.188
12440 -26.269
12450 -26.288
12460 -26.256
12470 -26.204
12480 -26.168
12490 -26.177
12500 -26.248
12510 -26.376
12520 -26.543
12530 -26.716
12540 -26.862
12550 -26.952
12560 -26.980
12570 -26.961
12580 -26.929
12590 -26.919
12600 -26.960
12610 -27.064
12620 -27.226
12630 -27.421
12640 -27.612
12650 -27.759
12660 -27.834
12670 -27.831
12680 -27.776
12690 -27.709
12700 -27.673
12710 -27.699
12720 -27.794
12730 -27.943
12740 -28.109
12750 -28.247
12760 -28.313
12770 -28.286
12780 -28.179
12790 -28.037
12800 -27.913
12810 -27.848
12820 -27.863
12830 -27.952
12840 -28.085
12850 -28.220
12860 -28.308
12870 -28.318
12880 -28.245
12890 -28.121
12900 -27.992
12910 -27.905
12920 -27.891
12930 -27.956
12940 -28.086
12950 -28.246
12960 -28.393
12970 -28.483
12980 -28.489
12990 -28.416
13000 -28.295
13010 -28.174
13020 -28.096
13030 -28.085
13040 -28.144
13050 -28.254
13060 -28.378
13070 -28.467
13080 -28.479
13090 -28.391
13100 -28.218
13110 -28.003
13120 -27.801
13130 -27.656
13140 -27.588
13150 -27.590
13160 -27.637
13170 -27.686
13180 -27.691
13190 -27.620
13200 -27.468
13210 -27.267
13220 -27.069
13230 -26.922
13240 -26.853
13250 -26.870
13260 -26.957
13270 -27.085
13280 -27.214
13290 -27.305
13300 -27.336
13310 -27.307
13320 -27.248
13330 -27.198
13340 -27.193
13350 -27.251
13360 -27.376
13370 -27.554
13380 -27.753
13390 -27.936
13400 -28.060
13410 -28.101
13420 -28.060
13430 -27.970
13440 -27.875
13450 -27.815
13460 -27.811
13470 -27.864
13480 -27.954
13490 -28.044
13500 -28.087
13510 -28.043
13520 -27.901
13530 -27.689
13540 -27.458
13550 -27.258
13560 -27.124
13570 -27.065
13580 -27.070
13590 -27.111
13600 -27.148
13610 -27.143
13620 -27.074
13630 -26.949
13640 -26.802
13650 -26.676
13660 -26.604
13670 -26.602
13680 -26.670
13690 -26.794
13700 -26.944
13710 -27.085
13720 -27.182
13730 -27.216
13740 -27.192
13750 -27.137
13760 -27.085
13770 -27.062
13780 -27.083
13790 -27.151
13800 -27.250
13810 -27.353
13820 -27.426
13830 -27.436
13840 -27.365
13850 -27.225
13860 -27.047
13870 -26.868
13880 -26.718
13890 -26.616
13900 -26.562
13910 -26.544
13920 -26.536
13930 -26.504
13940 -26.422
13950 -26.281
13960 -26.100
13970 -25.910
13980 -25.747
13990 -25.635
14000 -25.587
14010 -25.601
14020 -25.663
14030 -25.742
14040 -25.806
14050 -25.828
14060 -25.801
14070 -25.740
14080 -25.673
14090 -25.631
14100 -25.634
14110 -25.691
14120 -25.796
14130 -25.929
14140 -26.058
14150 -26.146
14160 -26.172
14170 -26.134
14180 -26.050
14190 -25.952
14200 -25.868
14210 -25.816
14220 -25.804
14230 -25.824
14240 -25.852
14250 -25.856
14260 -25.806
14270 -25.689
14280 -25.510
14290 -25.298
14300 -25.082
14310 -24.892
14320 -24.743
14330 -24.638
14340 -24.567
14350 -24.505
14360 -24.423
14370 -24.299
14380 -24.126
14390 -23.918
14400 -23.699
14410 -23.497
14420 -23.331
14430 -23.212
14440 -23.139
14450 -23.096
14460 -23.062
14470 -23.011
14480 -22.927
14490 -22.804
14500 -22.654
14510 -22.494
14520 -22.345
14530 -22.221
14540 -22.131
14550 -22.073
14560 -22.037
14570 -22.007
14580 -21.964
14590 -21.893
14600 -21.788
14610 -21.654
14620 -21.504
14630 -21.356
14640 -21.228
14650 -21.132
14660 -21.076
14670 -21.057
14680 -21.062
14690 -21.071
14700 -21.064
14710 -21.029
14720 -20.967
14730 -20.891
14740 -20.825
14750 -20.792
14760 -20.810
14770 -20.887
14780 -21.013
14790 -21.165
14800 -21.310
14810 -21.420
14820 -21.482
14830 -21.501
14840 -21.498
14850 -21.501
14860 -21.531
14870 -21.600
14880 -21.707
14890 -21.835
14900 -21.957
14910 -22.045
14920 -22.080
14930 -22.059
14940 -21.994
14950 -21.908
14960 -21.825
14970 -21.764
14980 -21.737
14990 -21.743
15000 -21.769
15010 -21.794
15020 -21.795
15030 -21.752
15040 -21.662
15050 -21.535
15060 -21.391
15070 -21.257
15080 -21.157
15090 -21.107
15100 -21.111
15110 -21.156
15120 -21.216
15130 -21.260
15140 -21.262
15150 -21.215
15160 -21.132
15170 -21.040
15180 -20.971
15190 -20.953
15200 -20.999
15210 -21.106
15220 -21.247
15230 -21.383
15240 -21.477
15250 -21.505
15260 -21.469
15270 -21.388
15280 -21.294
15290 -21.218
15300 -21.183
15310 -21.196
15320 -21.248
15330 -21.313
15340 -21.358
15350 -21.354
15360 -21.284
15370 -21.153
15380 -20.980
15390 -20.793
15400 -20.624
15410 -20.499
15420 -20.433
15430 -20.424
15440 -20.450
15450 -20.478
15460 -20.470
15470 -20.402
15480 -20.273
15490 -20.106
15500 -19.939
15510 -19.818
15520 -19.784
15530 -19.855
15540 -20.016
15550 -20.222
15560 -20.412
15570 -20.533
15580 -20.564
15590 -20.520
15600 -20.445
15610 -20.394
15620 -20.414
15630 -20.530
15640 -20.728
15650 -20.964
15660 -21.175
15670 -21.306
15680 -21.330
15690 -21.252
15700 -21.109
15710 -20.948
15720 -20.818
15730 -20.754
15740 -20.766
15750 -20.837
15760 -20.925
15770 -20.981
15780 -20.962
15790 -20.849
15800 -20.648
15810 -20.392
15820 -20.131
15830 -19.919
15840 -19.803
15850 -19.802
15860 -19.898
15870 -20.038
15880 -20.155
15890 -20.190
15900 -20.118
15910 -19.958
15920 -19.764
15930 -19.616
15940 -19.589
15950 -19.719
15960 -19.988
15970 -20.327
15980 -20.645
15990 -20.862
16000 -20.938
16010 -20.881
16020 -20.745
16030 -20.607
16040 -20.543
16050 -20.594
16060 -20.756
16070 -20.978
16080 -21.190
16090 -21.321
16100 -21.326
16110 -21.195
16120 -20.956
16130 -20.667
16140 -20.399
16150 -20.212
16160 -20.137
16170 -20.165
16180 -20.250
16190 -20.328
16200 -20.337
16210 -20.235
16220 -20.014
16230 -19.706
16240 -19.384
16250 -19.140
16260 -19.051
16270 -19.145
16280 -19.383
16290 -19.684
16300 -19.957
16310 -20.129
16320 -20.168
16330 -20.096
16340 -19.990
16350 -19.952
16360 -20.065
16370 -20.347
16380 -20.750
16390 -21.188
16400 -21.572
16410 -21.833
16420 -21.938
16430 -21.898
16440 -21.774
16450 -21.648
16460 -21.598
16470 -21.659
16480 -21.815
16490 -22.014
16500 -22.191
16510 -22.287
16520 -22.262
16530 -22.105
16540 -21.842
16550 -21.526
16560 -21.229
16570 -21.013
16580 -20.911
16590 -20.914
16600 -20.978
16610 -21.042
16620 -21.047
16630 -20.951
16640 -20.743
16650 -20.456
16660 -20.173
16670 -19.997
16680 -20.006
16690 -20.203
16700 -20.525
16710 -20.879
16720 -21.182
16730 -21.378
16740 -21.448
16750 -21.418
16760 -21.359
16770 -21.358
16780 -21.472
16790 -21.698
16800 -21.986
16810 -22.271
16820 -22.494
16830 -22.612
16840 -22.604
16850 -22.480
16860 -22.284
16870 -22.084
16880 -21.939
16890 -21.879
16900 -21.891
16910 -21.933
16920 -21.957
16930 -21.919
16940 -21.786
16950 -21.547
16960 -21.218
16970 -20.848
16980 -20.505
16990 -20.253
17000 -20.121
17010 -20.088
17020 -20.102
17030 -20.100
17040 -20.035
17050 -19.879
17060 -19.644
17070 -19.392
17080 -19.226
17090 -19.243
17100 -19.458
17110 -19.801
17120 -20.175
17130 -20.502
17140 -20.743
17150 -20.888
17160 -20.962
17170 -21.013
17180 -21.103
17190 -21.271
17200 -21.509
17210 -21.773
17220 -22.011
17230 -22.185
17240 -22.276
17250 -22.275
17260 -22.190
17270 -22.044
17280 -21.874
17290 -21.719
17300 -21.605
17310 -21.531
17320 -21.471
17330 -21.390
17340 -21.255
17350 -21.041
17360 -20.733
17370 -20.331
17380 -19.857
17390 -19.369
17400 -18.951
17410 -18.678
17420 -18.563
17430 -18.543
17440 -18.527
17450 -18.444
17460 -18.267
17470 -18.031
17480 -17.853
17490 -17.911
17500 -18.327
17510 -19.023
17520 -19.772
17530 -20.392
17540 -20.811
17550 -21.046
17560 -21.154
17570 -21.212
17580 -21.305
17590 -21.492
17600 -21.776
17610 -22.092
17620 -22.350
17630 -22.486
17640 -22.481
17650 -22.349
17660 -22.117
17670 -21.824
17680 -21.507
17690 -21.205
17700 -20.945
17710 -20.729
17720 -20.536
17730 -20.329
17740 -20.067
17750 -19.718
17760 -19.263
17770 -18.698
17780 -18.044
17790 -17.379
17800 -16.873
17810 -16.791
17820 -17.314
17830 -18.310
17840 -19.430
17850 -20.389
17860 -21.074
17870 -21.520
17880 -21.861
17890 -22.268
17900 -22.889
17910 -23.760
17920 -24.777
17930 -25.741
17940 -26.452
17950 -26.799
17960 -26.799
17970 -26.559
17980 -26.219
17990 -25.907
18000 -25.719
18010 -25.693
18020 -25.794
18030 -25.919
18040 -25.945
18050 -25.779
18060 -25.393
18070 -24.807
18080 -24.074
18090 -23.255
18100 -22.414
18110 -21.626
18120 -20.966
18130 -20.495
18140 -20.222
18150 -20.087
18160 -19.981
18170 -19.804
18180 -19.528
18190 -19.254
18200 -19.218
18210 -19.683
18220 -20.717
18230 -22.139
18240 -23.693
18250 -25.177
18260 -26.430
18270 -27.320
18280 -27.784
18290 -27.895
18300 -27.853
18310 -27.879
18320 -28.117
18330 -28.590
18340 -29.221
18350 -29.861
18360 -30.327
18370 -30.455
18380 -30.186
18390 -29.607
18400 -28.894
18410 -28.220
18420 -27.705
18430 -27.396
18440 -27.271
18450 -27.262
18460 -27.275
18470 -27.214
18480 -27.000
18490 -26.595
18500 -26.025
18510 -25.404
18520 -24.945
18530 -24.900
18540 -25.420
18550 -26.457
18560 -27.851
18570 -29.466
18580 -31.240
18590 -33.144
18600 -35.116
18610 -36.963
18620 -38.352
18630 -39.112
18640 -39.485
18650 -39.833
18660 -40.373
18670 -41.207
18680 -42.421
18690 -44.159
18700 -46.723
18710 -50.853
18720 -59.333
18730 -61.605
18740 -52.718
18750 -49.150
18760 -47.444
18770 -46.821
18780 -47.030
18790 -47.994
18800 -49.479
18810 -50.027
18820 -47.687
18830 -44.258
18840 -41.335
18850 -39.129
18860 -37.548
18870 -36.483
18880 -35.855
18890 -35.626
18900 -35.805
18910 -36.436
18920 -37.564
18930 -39.179
18940 -41.118
18950 -42.956
18960 -44.039
18970 -44.057
18980 -43.379
18990 -42.483
19000 -41.621
19010 -40.909
19020 -40.421
19030 -40.226
19040 -40.379
19050 -40.911
19060 -41.808
19070 -42.947
19080 -43.919
19090 -43.959
19100 -42.757
19110 -40.986
19120 -39.329
19130 -38.077
19140 -37.310
19150 -37.033
19160 -37.208
19170 -37.746
19180 -38.452
19190 -38.915
19200 -38.600
19210 -37.418
19220 -35.872
19230 -34.463
19240 -33.439
19250 -32.876
19260 -32.754
19270 -32.993
19280 -33.462
19290 -33.961
19300 -34.245
19310 -34.139
19320 -33.686
19330 -33.110
19340 -32.633
19350 -32.385
19360 -32.415
19370 -32.718
19380 -33.255
19390 -33.949
19400 -34.651
19410 -35.141
19420 -35.222
19430 -34.902
19440 -34.401
19450 -33.960
19460 -33.727
19470 -33.763
19480 -34.079
19490 -34.651
19500 -35.406
19510 -36.181
19520 -36.699
19530 -36.701
19540 -36.219
19550 -35.542
19560 -34.945
19570 -34.574
19580 -34.479
19590 -34.669
19600 -35.122
19610 -35.771
19620 -36.447
19630 -36.864
19640 -36.772
19650 -36.223
19660 -35.499
19670 -34.847
19680 -34.394
19690 -34.188
19700 -34.246
19710 -34.563
19720 -35.099
19730 -35.735
19740 -36.242
19750 -36.354
19760 -35.987
19770 -35.318
19780 -34.599
19790 -34.008
19800 -33.640
19810 -33.543
19820 -33.733
19830 -34.179
19840 -34.764
19850 -35.254
19860 -35.379
19870 -35.038
19880 -34.393
19890 -33.691
19900 -33.120
19910 -32.788
19920 -32.754
19930 -33.036
19940 -33.591
19950 -34.269
19960 -34.801
19970 -34.908
19980 -34.537
19990 -33.896
20000 -33.242
20010 -32.761
20020 -32.562
20030 -32.710
20040 -33.218
20050 -34.017
20060 -34.897
20070 -35.501
20080 -35.528
20090 -35.021
20100 -34.293
20110 -33.638
20120 -33.240
20130 -33.211
20140 -33.625
20150 -34.497
20160 -35.727
20170 -36.978
20180 -37.637
20190 -37.315
20200 -36.357
20210 -35.329
20220 -34.567
20230 -34.252
20240 -34.543
20250 -35.611
20260 -37.469
20270 -39.263
20280 -39.129
20290 -37.594
20300 -36.224
20310 -35.375
20320 -34.964
20330 -34.873
20340 -35.009
20350 -35.307
20360 -35.716
20370 -36.188
20380 -36.664
20390 -37.053
20400 -37.227
20410 -37.056
20420 -36.518
20430 -35.770
20440 -35.080
20450 -34.664
20460 -34.597
20470 -34.840
20480 -35.301
20490 -35.868
20500 -36.394
20510 -36.666
20520 -36.462
20530 -35.754
20540 -34.838
20550 -34.100
20560 -33.752
20570 -33.801
20580 -34.156
20590 -34.715
20600 -35.380
20610 -36.005
20620 -36.328
20630 -36.037
20640 -35.166
20650 -34.221
20660 -33.666
20670 -33.603
20680 -33.926
20690 -34.522
20700 -35.331
20710 -36.332
20720 -37.431
20730 -38.116
20740 -37.362
20750 -35.609
20760 -34.485
20770 -34.339
20780 -34.820
20790 -35.717
20800 -37.120
20810 -39.728
20820 -48.556
20830 -32.019
20840 -24.315
20850 -29.523
20860 -31.584
20870 -32.776
20880 -33.605
20890 -34.244
20900 -34.766
20910 -35.207
20920 -35.586
20930 -35.912
20940 -36.192
20950 -36.429
20960 -36.632
20970 -36.823
20980 -37.051
20990 -37.408
21000 -37.980
21010 -38.719
21020 -39.417
21030 -39.904
21040 -40.153
21050 -40.218
21060 -40.157
21070 -40.023
21080 -39.880
21090 -39.815
21100 -39.928
21110 -40.263
21120 -40.758
21130 -41.276
21140 -41.687
21150 -41.923
21160 -41.963
21170 -41.826
21180 -41.562
21190 -41.251
21200 -41.001
21210 -40.903
21220 -40.988
21230 -41.214
21240 -41.509
21250 -41.806
21260 -42.058
21270 -42.234
21280 -42.313
21290 -42.291
21300 -42.194
21310 -42.083
21320 -42.023
21330 -42.053
21340 -42.178
21350 -42.388
21360 -42.674
21370 -43.038
21380 -43.485
21390 -44.004
21400 -44.540
21410 -44.986
21420 -45.238
21430 -45.296
21440 -45.261
21450 -45.247
21460 -45.342
21470 -45.615
21480 -46.133
21490 -46.966
21500 -48.140
21510 -49.499
21520 -50.533
21530 -50.633
21540 -49.896
21550 -48.911
21560 -48.052
21570 -47.448
21580 -47.135
21590 -47.123
21600 -47.390
21610 -47.818
21620 -48.125
21630 -47.962
21640 -47.242
21650 -46.216
21660 -45.169
21670 -44.262
21680 -43.566
21690 -43.117
21700 -42.938
21710 -43.022
21720 -43.297
21730 -43.586
21740 -43.653
21750 -43.360
21760 -42.769
21770 -42.054
21780 -41.380
21790 -40.860
21800 -40.572
21810 -40.567
21820 -40.850
21830 -41.340
21840 -41.845
21850 -42.123
21860 -42.029
21870 -41.618
21880 -41.069
21890 -40.560
21900 -40.224
21910 -40.151
21920 -40.380
21930 -40.880
21940 -41.524
21950 -42.092
21960 -42.355
21970 -42.213
21980 -41.763
21990 -41.195
22000 -40.684
22010 -40.353
22020 -40.276
22030 -40.473
22040 -40.897
22050 -41.421
22060 -41.846
22070 -41.976
22080 -41.725
22090 -41.176
22100 -40.506
22110 -39.887
22120 -39.450
22130 -39.272
22140 -39.374
22150 -39.702
22160 -40.130
22170 -40.471
22180 -40.537
22190 -40.239
22200 -39.646
22210 -38.935
22220 -38.292
22230 -37.856
22240 -37.701
22250 -37.825
22260 -38.155
22270 -38.549
22280 -38.828
22290 -38.832
22300 -38.505
22310 -37.937
22320 -37.304
22330 -36.779
22340 -36.474
22350 -36.429
22360 -36.608
22370 -36.919
22380 -37.226
22390 -37.382
22400 -37.282
22410 -36.917
22420 -36.385
22430 -35.837
22440 -35.410
22450 -35.188
22460 -35.188
22470 -35.369
22480 -35.643
22490 -35.896
22500 -36.007
22510 -35.897
22520 -35.566
22530 -35.107
22540 -34.657
22550 -34.343
22560 -34.235
22570 -34.342
22580 -34.615
22590 -34.970
22600 -35.297
22610 -35.484
22620 -35.458
22630 -35.224
22640 -34.881
22650 -34.573
22660 -34.418
22670 -34.473
22680 -34.734
22690 -35.147
22700 -35.631
22710 -36.084
22720 -36.394
22730 -36.476
22740 -36.334
22750 -36.070
22760 -35.833
22770 -35.735
22780 -35.822
22790 -36.082
22800 -36.464
22810 -36.885
22820 -37.233
22830 -37.380
22840 -37.246
22850 -36.863
22860 -36.373
22870 -35.934
22880 -35.647
22890 -35.540
22900 -35.587
22910 -35.725
22920 -35.862
22930 -35.892
22940 -35.722
22950 -35.328
22960 -34.787
22970 -34.237
22980 -33.795
22990 -33.519
23000 -33.406
23010 -33.415
23020 -33.479
23030 -33.520
23040 -33.458
23050 -33.242
23060 -32.887
23070 -32.473
23080 -32.104
23090 -31.851
23100 -31.740
23110 -31.752
23120 -31.849
23130 -31.978
23140 -32.079
23150 -32.099
23160 -32.010
23170 -31.832
23180 -31.623
23190 -31.455
23200 -31.373
23210 -31.393
23220 -31.505
23230 -31.683
23240 -31.890
23250 -32.080
23260 -32.203
23270 -32.225
23280 -32.153
23290 -32.028
23300 -31.914
23310 -31.861
23320 -31.894
23330 -32.017
23340 -32.216
23350 -32.461
23360 -32.706
23370 -32.890
23380 -32.961
23390 -32.907
23400 -32.769
23410 -32.620
23420 -32.525
23430 -32.523
23440 -32.628
23450 -32.835
23460 -33.115
23470 -33.414
23480 -33.652
23490 -33.748
23500 -33.674
23510 -33.480
23520 -33.258
23530 -33.091
23540 -33.031
23550 -33.097
23560 -33.286
23570 -33.566
23580 -33.868
23590 -34.090
23600 -34.133
23610 -33.969
23620 -33.663
23630 -33.328
23640 -33.059
23650 -32.915
23660 -32.919
23670 -33.069
23680 -33.333
23690 -33.637
23700 -33.863
23710 -33.889
23720 -33.674
23730 -33.298
23740 -32.899
23750 -32.597
23760 -32.463
23770 -32.536
23780 -32.825
23790 -33.309
23800 -33.902
23810 -34.419
23820 -34.614
23830 -34.384
23840 -33.895
23850 -33.423
23860 -33.172
23870 -33.255
23880 -33.748
23890 -34.733
23900 -36.308
23910 -38.479
23920 -40.562
23930 -40.597
23940 -38.873
23950 -37.449
23960 -37.027
23970 -37.775
23980 -39.964
23990 -44.338
