00000 +1.475
00010 +1.277
00020 +0.808
00030 +0.299
00040 -0.103
00050 -0.344
00060 -0.430
00070 -0.390
00080 -0.270
00090 -0.142
00100 -0.088
00110 -0.171
00120 -0.392
00130 -0.686
00140 -0.971
00150 -1.191
00160 -1.325
00170 -1.381
00180 -1.378
00190 -1.347
00200 -1.321
00210 -1.329
00220 -1.385
00230 -1.481
00240 -1.596
00250 -1.699
00260 -1.771
00270 -1.800
00280 -1.788
00290 -1.747
00300 -1.693
00310 -1.645
00320 -1.618
00330 -1.621
00340 -1.649
00350 -1.689
00360 -1.723
00370 -1.736
00380 -1.720
00390 -1.675
00400 -1.612
00410 -1.546
00420 -1.498
00430 -1.483
00440 -1.510
00450 -1.575
00460 -1.662
00470 -1.751
00480 -1.829
00490 -1.892
00500 -1.948
00510 -2.019
00520 -2.128
00530 -2.294
00540 -2.523
00550 -2.801
00560 -3.100
00570 -3.388
00580 -3.644
00590 -3.861
00600 -4.047
00610 -4.218
00620 -4.390
00630 -4.572
00640 -4.763
00650 -4.950
00660 -5.116
00670 -5.245
00680 -5.329
00690 -5.368
00700 -5.372
00710 -5.354
00720 -5.329
00730 -5.308
00740 -5.297
00750 -5.293
00760 -5.290
00770 -5.276
00780 -5.240
00790 -5.177
00800 -5.090
00810 -4.987
00820 -4.884
00830 -4.799
00840 -4.746
00850 -4.732
00860 -4.752
00870 -4.793
00880 -4.837
00890 -4.872
00900 -4.896
00910 -4.918
00920 -4.955
00930 -5.019
00940 -5.115
00950 -5.238
00960 -5.371
00970 -5.496
00980 -5.595
00990 -5.664
01000 -5.704
01010 -5.727
01020 -5.745
01030 -5.770
01040 -5.808
01050 -5.858
01060 -5.913
01070 -5.964
01080 -6.003
01090 -6.024
01100 -6.027
01110 -6.018
01120 -6.006
01130 -5.998
01140 -6.001
01150 -6.019
01160 -6.050
01170 -6.087
01180 -6.125
01190 -6.155
01200 -6.175
01210 -6.185
01220 -6.191
01230 -6.199
01240 -6.219
01250 -6.255
01260 -6.308
01270 -6.376
01280 -6.450
01290 -6.524
01300 -6.589
01310 -6.643
01320 -6.689
01330 -6.732
01340 -6.781
01350 -6.840
01360 -6.914
01370 -6.997
01380 -7.084
01390 -7.164
01400 -7.231
01410 -7.282
01420 -7.316
01430 -7.339
01440 -7.360
01450 -7.384
01460 -7.415
01470 -7.452
01480 -7.491
01490 -7.526
01500 -7.550
01510 -7.559
01520 -7.552
01530 -7.531
01540 -7.503
01550 -7.472
01560 -7.444
01570 -7.420
01580 -7.400
01590 -7.378
01600 -7.348
01610 -7.302
01620 -7.237
01630 -7.153
01640 -7.058
01650 -6.960
01660 -6.870
01670 -6.794
01680 -6.733
01690 -6.683
01700 -6.634
01710 -6.581
01720 -6.518
01730 -6.447
01740 -6.375
01750 -6.309
01760 -6.257
01770 -6.222
01780 -6.202
01790 -6.190
01800 -6.180
01810 -6.164
01820 -6.138
01830 -6.104
01840 -6.065
01850 -6.028
01860 -6.000
01870 -5.983
01880 -5.979
01890 -5.982
01900 -5.989
01910 -5.993
01920 -5.992
01930 -5.985
01940 -5.977
01950 -5.972
01960 -5.978
01970 -5.999
01980 -6.038
01990 -6.092
02000 -6.157
02010 -6.228
02020 -6.303
02030 -6.380
02040 -6.461
02050 -6.549
02060 -6.649
02070 -6.763
02080 -6.889
02090 -7.025
02100 -7.162
02110 -7.294
02120 -7.415
02130 -7.522
02140 -7.614
02150 -7.693
02160 -7.762
02170 -7.825
02180 -7.882
02190 -7.934
02200 -7.978
02210 -8.012
02220 -8.035
02230 -8.046
02240 -8.047
02250 -8.041
02260 -8.033
02270 -8.026
02280 -8.024
02290 -8.027
02300 -8.035
02310 -8.044
02320 -8.054
02330 -8.063
02340 -8.072
02350 -8.082
02360 -8.096
02370 -8.117
02380 -8.146
02390 -8.186
02400 -8.234
02410 -8.289
02420 -8.347
02430 -8.407
02440 -8.467
02450 -8.527
02460 -8.588
02470 -8.654
02480 -8.724
02490 -8.800
02500 -8.880
02510 -8.962
02520 -9.043
02530 -9.118
02540 -9.187
02550 -9.248
02560 -9.302
02570 -9.351
02580 -9.396
02590 -9.438
02600 -9.476
02610 -9.509
02620 -9.533
02630 -9.544
02640 -9.541
02650 -9.522
02660 -9.488
02670 -9.441
02680 -9.384
02690 -9.318
02700 -9.246
02710 -9.167
02720 -9.079
02730 -8.981
02740 -8.872
02750 -8.754
02760 -8.631
02770 -8.509
02780 -8.396
02790 -8.298
02800 -8.220
02810 -8.166
02820 -8.134
02830 -8.123
02840 -8.132
02850 -8.159
02860 -8.204
02870 -8.268
02880 -8.352
02890 -8.457
02900 -8.581
02910 -8.719
02920 -8.866
02930 -9.014
02940 -9.159
02950 -9.295
02960 -9.423
02970 -9.543
02980 -9.657
02990 -9.766
03000 -9.872
03010 -9.973
03020 -10.065
03030 -10.144
03040 -10.205
03050 -10.246
03060 -10.267
03070 -10.270
03080 -10.259
03090 -10.239
03100 -10.212
03110 -10.181
03120 -10.143
03130 -10.098
03140 -10.044
03150 -9.979
03160 -9.908
03170 -9.832
03180 -9.759
03190 -9.693
03200 -9.640
03210 -9.601
03220 -9.575
03230 -9.561
03240 -9.554
03250 -9.552
03260 -9.556
03270 -9.564
03280 -9.580
03290 -9.607
03300 -9.646
03310 -9.698
03320 -9.762
03330 -9.835
03340 -9.913
03350 -9.993
03360 -10.072
03370 -10.150
03380 -10.227
03390 -10.305
03400 -10.388
03410 -10.477
03420 -10.572
03430 -10.674
03440 -10.778
03450 -10.880
03460 -10.978
03470 -11.068
03480 -11.151
03490 -11.228
03500 -11.303
03510 -11.379
03520 -11.457
03530 -11.537
03540 -11.616
03550 -11.689
03560 -11.752
03570 -11.801
03580 -11.835
03590 -11.854
03600 -11.862
03610 -11.864
03620 -11.861
03630 -11.857
03640 -11.848
03650 -11.833
03660 -11.805
03670 -11.763
03680 -11.707
03690 -11.638
03700 -11.563
03710 -11.486
03720 -11.413
03730 -11.348
03740 -11.291
03750 -11.238
03760 -11.188
03770 -11.136
03780 -11.081
03790 -11.024
03800 -10.967
03810 -10.914
03820 -10.869
03830 -10.833
03840 -10.806
03850 -10.786
03860 -10.767
03870 -10.747
03880 -10.722
03890 -10.688
03900 -10.648
03910 -10.602
03920 -10.552
03930 -10.503
03940 -10.455
03950 -10.410
03960 -10.366
03970 -10.320
03980 -10.268
03990 -10.208
04000 -10.140
04010 -10.065
04020 -9.991
04030 -9.923
04040 -9.867
04050 -9.829
04060 -9.809
04070 -9.805
04080 -9.811
04090 -9.825
04100 -9.844
04110 -9.870
04120 -9.907
04130 -9.961
04140 -10.037
04150 -10.136
04160 -10.257
04170 -10.393
04180 -10.537
04190 -10.683
04200 -10.828
04210 -10.969
04220 -11.110
04230 -11.252
04240 -11.400
04250 -11.553
04260 -11.712
04270 -11.871
04280 -12.024
04290 -12.167
04300 -12.293
04310 -12.402
04320 -12.492
04330 -12.567
04340 -12.630
04350 -12.683
04360 -12.728
04370 -12.764
04380 -12.789
04390 -12.797
04400 -12.788
04410 -12.758
04420 -12.708
04430 -12.643
04440 -12.567
04450 -12.486
04460 -12.404
04470 -12.323
04480 -12.245
04490 -12.166
04500 -12.084
04510 -11.996
04520 -11.902
04530 -11.803
04540 -11.702
04550 -11.604
04560 -11.513
04570 -11.432
04580 -11.360
04590 -11.296
04600 -11.236
04610 -11.175
04620 -11.110
04630 -11.042
04640 -10.969
04650 -10.897
04660 -10.827
04670 -10.764
04680 -10.708
04690 -10.658
04700 -10.613
04710 -10.567
04720 -10.517
04730 -10.461
04740 -10.397
04750 -10.328
04760 -10.258
04770 -10.191
04780 -10.132
04790 -10.081
04800 -10.038
04810 -10.002
04820 -9.966
04830 -9.928
04840 -9.887
04850 -9.843
04860 -9.800
04870 -9.764
04880 -9.741
04890 -9.734
04900 -9.744
04910 -9.768
04920 -9.800
04930 -9.834
04940 -9.868
04950 -9.898
04960 -9.928
04970 -9.962
04980 -10.003
04990 -10.056
05000 -10.119
05010 -10.189
05020 -10.258
05030 -10.321
05040 -10.370
05050 -10.402
05060 -10.418
05070 -10.420
05080 -10.412
05090 -10.397
05100 -10.379
05110 -10.356
05120 -10.325
05130 -10.282
05140 -10.221
05150 -10.142
05160 -10.044
05170 -9.933
05180 -9.815
05190 -9.699
05200 -9.591
05210 -9.496
05220 -9.414
05230 -9.341
05240 -9.273
05250 -9.208
05260 -9.144
05270 -9.085
05280 -9.035
05290 -9.003
05300 -8.994
05310 -9.010
05320 -9.049
05330 -9.107
05340 -9.176
05350 -9.250
05360 -9.326
05370 -9.402
05380 -9.483
05390 -9.570
05400 -9.669
05410 -9.781
05420 -9.903
05430 -10.033
05440 -10.164
05450 -10.289
05460 -10.405
05470 -10.508
05480 -10.600
05490 -10.682
05500 -10.759
05510 -10.834
05520 -10.908
05530 -10.980
05540 -11.048
05550 -11.106
05560 -11.150
05570 -11.178
05580 -11.189
05590 -11.187
05600 -11.175
05610 -11.161
05620 -11.148
05630 -11.140
05640 -11.136
05650 -11.133
05660 -11.126
05670 -11.112
05680 -11.090
05690 -11.061
05700 -11.030
05710 -11.002
05720 -10.983
05730 -10.976
05740 -10.982
05750 -10.996
05760 -11.015
05770 -11.033
05780 -11.047
05790 -11.055
05800 -11.060
05810 -11.065
05820 -11.077
05830 -11.097
05840 -11.127
05850 -11.166
05860 -11.208
05870 -11.248
05880 -11.281
05890 -11.304
05900 -11.316
05910 -11.321
05920 -11.323
05930 -11.326
05940 -11.336
05950 -11.352
05960 -11.372
05970 -11.390
05980 -11.401
05990 -11.401
06000 -11.388
06010 -11.363
06020 -11.333
06030 -11.305
06040 -11.282
06050 -11.270
06060 -11.266
06070 -11.266
06080 -11.263
06090 -11.251
06100 -11.227
06110 -11.192
06120 -11.151
06130 -11.109
06140 -11.074
06150 -11.048
06160 -11.033
06170 -11.023
06180 -11.012
06190 -10.994
06200 -10.963
06210 -10.919
06220 -10.865
06230 -10.806
06240 -10.751
06250 -10.704
06260 -10.667
06270 -10.639
06280 -10.613
06290 -10.584
06300 -10.547
06310 -10.499
06320 -10.442
06330 -10.382
06340 -10.325
06350 -10.280
06360 -10.251
06370 -10.237
06380 -10.236
06390 -10.239
06400 -10.241
06410 -10.236
06420 -10.224
06430 -10.209
06440 -10.197
06450 -10.196
06460 -10.211
06470 -10.244
06480 -10.290
06490 -10.341
06500 -10.389
06510 -10.428
06520 -10.454
06530 -10.471
06540 -10.483
06550 -10.498
06560 -10.521
06570 -10.555
06580 -10.596
06590 -10.639
06600 -10.675
06610 -10.698
06620 -10.703
06630 -10.692
06640 -10.669
06650 -10.642
06660 -10.618
06670 -10.601
06680 -10.591
06690 -10.585
06700 -10.577
06710 -10.559
06720 -10.529
06730 -10.484
06740 -10.429
06750 -10.371
06760 -10.318
06770 -10.276
06780 -10.249
06790 -10.234
06800 -10.225
06810 -10.216
06820 -10.199
06830 -10.172
06840 -10.137
06850 -10.099
06860 -10.066
06870 -10.045
06880 -10.040
06890 -10.050
06900 -10.068
06910 -10.088
06920 -10.101
06930 -10.104
06940 -10.096
06950 -10.081
06960 -10.067
06970 -10.060
06980 -10.066
06990 -10.085
07000 -10.112
07010 -10.142
07020 -10.166
07030 -10.182
07040 -10.186
07050 -10.182
07060 -10.176
07070 -10.176
07080 -10.186
07090 -10.210
07100 -10.245
07110 -10.287
07120 -10.330
07130 -10.367
07140 -10.396
07150 -10.418
07160 -10.436
07170 -10.457
07180 -10.487
07190 -10.529
07200 -10.583
07210 -10.646
07220 -10.712
07230 -10.774
07240 -10.826
07250 -10.868
07260 -10.901
07270 -10.930
07280 -10.962
07290 -11.000
07300 -11.047
07310 -11.100
07320 -11.154
07330 -11.202
07340 -11.239
07350 -11.263
07360 -11.273
07370 -11.275
07380 -11.274
07390 -11.275
07400 -11.283
07410 -11.297
07420 -11.315
07430 -11.331
07440 -11.341
07450 -11.341
07460 -11.331
07470 -11.314
07480 -11.294
07490 -11.279
07500 -11.273
07510 -11.278
07520 -11.292
07530 -11.313
07540 -11.335
07550 -11.353
07560 -11.364
07570 -11.369
07580 -11.372
07590 -11.377
07600 -11.390
07610 -11.413
07620 -11.447
07630 -11.487
07640 -11.529
07650 -11.565
07660 -11.591
07670 -11.606
07680 -11.611
07690 -11.610
07700 -11.608
07710 -11.608
07720 -11.612
07730 -11.617
07740 -11.619
07750 -11.611
07760 -11.589
07770 -11.552
07780 -11.499
07790 -11.436
07800 -11.366
07810 -11.297
07820 -11.231
07830 -11.168
07840 -11.108
07850 -11.045
07860 -10.977
07870 -10.899
07880 -10.814
07890 -10.722
07900 -10.630
07910 -10.542
07920 -10.463
07930 -10.395
07940 -10.337
07950 -10.285
07960 -10.235
07970 -10.183
07980 -10.125
07990 -10.063
08000 -10.000
08010 -9.940
08020 -9.888
08030 -9.848
08040 -9.819
08050 -9.798
08060 -9.780
08070 -9.760
08080 -9.734
08090 -9.703
08100 -9.667
08110 -9.633
08120 -9.605
08130 -9.588
08140 -9.581
08150 -9.584
08160 -9.592
08170 -9.601
08180 -9.606
08190 -9.607
08200 -9.606
08210 -9.606
08220 -9.613
08230 -9.629
08240 -9.657
08250 -9.697
08260 -9.744
08270 -9.794
08280 -9.845
08290 -9.893
08300 -9.938
08310 -9.983
08320 -10.031
08330 -10.085
08340 -10.148
08350 -10.219
08360 -10.297
08370 -10.379
08380 -10.459
08390 -10.534
08400 -10.605
08410 -10.670
08420 -10.734
08430 -10.798
08440 -10.867
08450 -10.941
08460 -11.019
08470 -11.098
08480 -11.175
08490 -11.245
08500 -11.309
08510 -11.365
08520 -11.416
08530 -11.464
08540 -11.513
08550 -11.564
08560 -11.617
08570 -11.670
08580 -11.721
08590 -11.766
08600 -11.805
08610 -11.836
08620 -11.860
08630 -11.880
08640 -11.899
08650 -11.918
08660 -11.938
08670 -11.959
08680 -11.979
08690 -11.996
08700 -12.008
08710 -12.014
08720 -12.013
08730 -12.007
08740 -11.999
08750 -11.990
08760 -11.982
08770 -11.976
08780 -11.971
08790 -11.964
08800 -11.955
08810 -11.940
08820 -11.920
08830 -11.896
08840 -11.868
08850 -11.840
08860 -11.813
08870 -11.789
08880 -11.767
08890 -11.746
08900 -11.725
08910 -11.701
08920 -11.673
08930 -11.642
08940 -11.610
08950 -11.577
08960 -11.547
08970 -11.520
08980 -11.497
08990 -11.476
09000 -11.456
09010 -11.436
09020 -11.414
09030 -11.389
09040 -11.363
09050 -11.335
09060 -11.309
09070 -11.284
09080 -11.262
09090 -11.242
09100 -11.221
09110 -11.200
09120 -11.175
09130 -11.147
09140 -11.114
09150 -11.078
09160 -11.040
09170 -11.001
09180 -10.963
09190 -10.926
09200 -10.888
09210 -10.849
09220 -10.807
09230 -10.761
09240 -10.711
09250 -10.659
09260 -10.607
09270 -10.556
09280 -10.507
09290 -10.463
09300 -10.422
09310 -10.383
09320 -10.346
09330 -10.309
09340 -10.273
09350 -10.240
09360 -10.210
09370 -10.186
09380 -10.169
09390 -10.159
09400 -10.155
09410 -10.157
09420 -10.163
09430 -10.171
09440 -10.182
09450 -10.197
09460 -10.216
09470 -10.240
09480 -10.270
09490 -10.306
09500 -10.347
09510 -10.392
09520 -10.439
09530 -10.487
09540 -10.536
09550 -10.586
09560 -10.639
09570 -10.694
09580 -10.753
09590 -10.817
09600 -10.884
09610 -10.953
09620 -11.022
09630 -11.092
09640 -11.162
09650 -11.232
09660 -11.302
09670 -11.376
09680 -11.452
09690 -11.532
09700 -11.614
09710 -11.697
09720 -11.781
09730 -11.863
09740 -11.944
09750 -12.024
09760 -12.104
09770 -12.183
09780 -12.264
09790 -12.347
09800 -12.429
09810 -12.511
09820 -12.591
09830 -12.668
09840 -12.741
09850 -12.810
09860 -12.875
09870 -12.939
09880 -13.000
09890 -13.060
09900 -13.119
09910 -13.174
09920 -13.227
09930 -13.274
09940 -13.316
09950 -13.352
09960 -13.382
09970 -13.409
09980 -13.431
09990 -13.452
10000 -13.469
10010 -13.484
10020 -13.495
10030 -13.500
10040 -13.500
10050 -13.493
10060 -13.480
10070 -13.462
10080 -13.440
10090 -13.416
10100 -13.389
10110 -13.359
10120 -13.327
10130 -13.291
10140 -13.250
10150 -13.204
10160 -13.153
10170 -13.098
10180 -13.041
10190 -12.983
10200 -12.925
10210 -12.867
10220 -12.810
10230 -12.754
10240 -12.696
10250 -12.637
10260 -12.577
10270 -12.517
10280 -12.457
10290 -12.400
10300 -12.346
10310 -12.296
10320 -12.251
10330 -12.209
10340 -12.170
10350 -12.134
10360 -12.099
10370 -12.066
10380 -12.036
10390 -12.009
10400 -11.986
10410 -11.969
10420 -11.958
10430 -11.953
10440 -11.952
10450 -11.956
10460 -11.963
10470 -11.973
10480 -11.986
10490 -12.002
10500 -12.022
10510 -12.049
10520 -12.081
10530 -12.119
10540 -12.163
10550 -12.211
10560 -12.261
10570 -12.313
10580 -12.364
10590 -12.416
10600 -12.467
10610 -12.519
10620 -12.572
10630 -12.624
10640 -12.676
10650 -12.725
10660 -12.769
10670 -12.806
10680 -12.835
10690 -12.855
10700 -12.867
10710 -12.871
10720 -12.869
10730 -12.860
10740 -12.847
10750 -12.828
10760 -12.802
10770 -12.770
10780 -12.731
10790 -12.685
10800 -12.633
10810 -12.578
10820 -12.521
10830 -12.463
10840 -12.406
10850 -12.350
10860 -12.294
10870 -12.239
10880 -12.182
10890 -12.126
10900 -12.069
10910 -12.014
10920 -11.961
10930 -11.910
10940 -11.864
10950 -11.821
10960 -11.781
10970 -11.744
10980 -11.709
10990 -11.675
11000 -11.642
11010 -11.609
11020 -11.578
11030 -11.548
11040 -11.519
11050 -11.493
11060 -11.467
11070 -11.441
11080 -11.415
11090 -11.385
11100 -11.353
11110 -11.317
11120 -11.277
11130 -11.234
11140 -11.187
11150 -11.137
11160 -11.083
11170 -11.024
11180 -10.960
11190 -10.890
11200 -10.812
11210 -10.728
11220 -10.638
11230 -10.541
11240 -10.438
11250 -10.330
11260 -10.217
11270 -10.098
11280 -9.973
11290 -9.841
11300 -9.702
11310 -9.556
11320 -9.404
11330 -9.248
11340 -9.087
11350 -8.923
11360 -8.756
11370 -8.584
11380 -8.409
11390 -8.229
11400 -8.047
11410 -7.865
11420 -7.684
11430 -7.507
11440 -7.336
11450 -7.173
11460 -7.019
11470 -6.873
11480 -6.737
11490 -6.610
11500 -6.497
11510 -6.398
11520 -6.318
11530 -6.258
11540 -6.218
11550 -6.198
11560 -6.194
11570 -6.203
11580 -6.224
11590 -6.253
11600 -6.291
11610 -6.338
11620 -6.396
11630 -6.463
11640 -6.540
11650 -6.622
11660 -6.707
11670 -6.791
11680 -6.872
11690 -6.948
11700 -7.020
11710 -7.089
11720 -7.158
11730 -7.227
11740 -7.297
11750 -7.367
11760 -7.433
11770 -7.493
11780 -7.545
11790 -7.587
11800 -7.620
11810 -7.645
11820 -7.664
11830 -7.679
11840 -7.691
11850 -7.700
11860 -7.703
11870 -7.699
11880 -7.685
11890 -7.657
11900 -7.617
11910 -7.564
11920 -7.501
11930 -7.431
11940 -7.356
11950 -7.280
11960 -7.201
11970 -7.119
11980 -7.031
11990 -6.936
12000 -6.832
12010 -6.719
12020 -6.602
12030 -6.483
12040 -6.368
12050 -6.261
12060 -6.164
12070 -6.076
12080 -5.995
12090 -5.915
12100 -5.834
12110 -5.751
12120 -5.667
12130 -5.585
12140 -5.511
12150 -5.448
12160 -5.398
12170 -5.360
12180 -5.332
12190 -5.306
12200 -5.279
12210 -5.247
12220 -5.210
12230 -5.172
12240 -5.135
12250 -5.105
12260 -5.085
12270 -5.075
12280 -5.074
12290 -5.075
12300 -5.074
12310 -5.067
12320 -5.053
12330 -5.031
12340 -5.005
12350 -4.981
12360 -4.964
12370 -4.956
12380 -4.956
12390 -4.964
12400 -4.972
12410 -4.975
12420 -4.970
12430 -4.954
12440 -4.931
12450 -4.904
12460 -4.881
12470 -4.866
12480 -4.862
12490 -4.869
12500 -4.881
12510 -4.890
12520 -4.891
12530 -4.879
12540 -4.854
12550 -4.821
12560 -4.786
12570 -4.756
12580 -4.736
12590 -4.728
12600 -4.726
12610 -4.725
12620 -4.715
12630 -4.689
12640 -4.647
12650 -4.588
12660 -4.521
12670 -4.451
12680 -4.387
12690 -4.333
12700 -4.288
12710 -4.246
12720 -4.199
12730 -4.139
12740 -4.058
12750 -3.957
12760 -3.838
12770 -3.710
12780 -3.581
12790 -3.462
12800 -3.355
12810 -3.260
12820 -3.169
12830 -3.072
12840 -2.958
12850 -2.822
12860 -2.662
12870 -2.488
12880 -2.309
12890 -2.141
12900 -1.995
12910 -1.874
12920 -1.774
12930 -1.681
12940 -1.580
12950 -1.460
12960 -1.315
12970 -1.152
12980 -0.984
12990 -0.831
13000 -0.707
13010 -0.623
13020 -0.573
13030 -0.541
13040 -0.509
13050 -0.457
13060 -0.376
13070 -0.270
13080 -0.151
13090 -0.037
13100 +0.053
13110 +0.106
13120 +0.123
13130 +0.119
13140 +0.115
13150 +0.131
13160 +0.181
13170 +0.270
13180 +0.387
13190 +0.515
13200 +0.631
13210 +0.715
13220 +0.759
13230 +0.769
13240 +0.766
13250 +0.775
13260 +0.816
13270 +0.902
13280 +1.027
13290 +1.174
13300 +1.314
13310 +1.418
13320 +1.469
13330 +1.467
13340 +1.434
13350 +1.401
13360 +1.397
13370 +1.440
13380 +1.530
13390 +1.650
13400 +1.768
13410 +1.852
13420 +1.880
13430 +1.850
13440 +1.783
13450 +1.712
13460 +1.669
13470 +1.676
13480 +1.739
13490 +1.845
13500 +1.969
13510 +2.080
13520 +2.152
13530 +2.173
13540 +2.155
13550 +2.121
13560 +2.104
13570 +2.132
13580 +2.220
13590 +2.368
13600 +2.560
13610 +2.767
13620 +2.955
13630 +3.098
13640 +3.187
13650 +3.234
13660 +3.274
13670 +3.344
13680 +3.478
13690 +3.691
13700 +3.980
13710 +4.319
13720 +4.667
13730 +4.974
13740 +5.208
13750 +5.367
13760 +5.484
13770 +5.615
13780 +5.815
13790 +6.120
13800 +6.539
13810 +7.048
13820 +7.587
13830 +8.075
13840 +8.438
13850 +8.651
13860 +8.755
13870 +8.835
13880 +8.975
13890 +9.227
13900 +9.597
13910 +10.038
13920 +10.449
13930 +10.702
13940 +10.706
13950 +10.475
13960 +10.113
13970 +9.749
13980 +9.475
13990 +9.329
14000 +9.294
14010 +9.306
14020 +9.264
14030 +9.070
14040 +8.688
14050 +8.163
14060 +7.591
14070 +7.067
14080 +6.651
14090 +6.363
14100 +6.182
14110 +6.050
14120 +5.889
14130 +5.631
14140 +5.251
14150 +4.782
14160 +4.292
14170 +3.849
14180 +3.500
14190 +3.261
14200 +3.118
14210 +3.030
14220 +2.945
14230 +2.813
14240 +2.612
14250 +2.355
14260 +2.077
14270 +1.824
14280 +1.630
14290 +1.511
14300 +1.465
14310 +1.470
14320 +1.493
14330 +1.496
14340 +1.452
14350 +1.351
14360 +1.207
14370 +1.045
14380 +0.896
14390 +0.785
14400 +0.724
14410 +0.708
14420 +0.720
14430 +0.728
14440 +0.701
14450 +0.615
14460 +0.467
14470 +0.277
14480 +0.077
14490 -0.101
14500 -0.233
14510 -0.313
14520 -0.351
14530 -0.374
14540 -0.414
14550 -0.496
14560 -0.626
14570 -0.791
14580 -0.962
14590 -1.109
14600 -1.210
14610 -1.255
14620 -1.253
14630 -1.222
14640 -1.188
14650 -1.176
14660 -1.198
14670 -1.252
14680 -1.326
14690 -1.399
14700 -1.452
14710 -1.474
14720 -1.460
14730 -1.419
14740 -1.365
14750 -1.319
14760 -1.301
14770 -1.321
14780 -1.379
14790 -1.462
14800 -1.550
14810 -1.622
14820 -1.663
14830 -1.669
14840 -1.646
14850 -1.614
14860 -1.597
14870 -1.615
14880 -1.678
14890 -1.776
14900 -1.887
14910 -1.984
14920 -2.044
14930 -2.056
14940 -2.024
14950 -1.966
14960 -1.907
14970 -1.874
14980 -1.878
14990 -1.916
15000 -1.968
15010 -2.009
15020 -2.018
15030 -1.983
15040 -1.909
15050 -1.811
15060 -1.714
15070 -1.644
15080 -1.616
15090 -1.634
15100 -1.689
15110 -1.760
15120 -1.829
15130 -1.882
15140 -1.915
15150 -1.935
15160 -1.960
15170 -2.011
15180 -2.109
15190 -2.261
15200 -2.463
15210 -2.695
15220 -2.934
15230 -3.159
15240 -3.361
15250 -3.542
15260 -3.716
15270 -3.903
15280 -4.122
15290 -4.381
15300 -4.674
15310 -4.983
15320 -5.287
15330 -5.567
15340 -5.814
15350 -6.029
15360 -6.222
15370 -6.407
15380 -6.597
15390 -6.800
15400 -7.014
15410 -7.229
15420 -7.433
15430 -7.613
15440 -7.762
15450 -7.879
15460 -7.968
15470 -8.039
15480 -8.102
15490 -8.166
15500 -8.239
15510 -8.321
15520 -8.409
15530 -8.494
15540 -8.568
15550 -8.626
15560 -8.664
15570 -8.686
15580 -8.700
15590 -8.718
15600 -8.753
15610 -8.812
15620 -8.894
15630 -8.991
15640 -9.089
15650 -9.175
15660 -9.241
15670 -9.287
15680 -9.320
15690 -9.353
15700 -9.401
15710 -9.471
15720 -9.562
15730 -9.663
15740 -9.760
15750 -9.837
15760 -9.890
15770 -9.920
15780 -9.934
15790 -9.944
15800 -9.964
15810 -10.001
15820 -10.055
15830 -10.120
15840 -10.187
15850 -10.246
15860 -10.293
15870 -10.326
15880 -10.350
15890 -10.370
15900 -10.397
15910 -10.438
15920 -10.498
15930 -10.575
15940 -10.663
15950 -10.756
15960 -10.843
15970 -10.918
15980 -10.981
15990 -11.035
16000 -11.086
16010 -11.144
16020 -11.218
16030 -11.309
16040 -11.414
16050 -11.522
16060 -11.620
16070 -11.698
16080 -11.752
16090 -11.784
16100 -11.803
16110 -11.819
16120 -11.844
16130 -11.883
16140 -11.930
16150 -11.978
16160 -12.015
16170 -12.033
16180 -12.030
16190 -12.012
16200 -11.988
16210 -11.972
16220 -11.972
16230 -11.995
16240 -12.038
16250 -12.094
16260 -12.152
16270 -12.204
16280 -12.247
16290 -12.278
16300 -12.302
16310 -12.324
16320 -12.349
16330 -12.382
16340 -12.423
16350 -12.464
16360 -12.496
16370 -12.507
16380 -12.486
16390 -12.426
16400 -12.328
16410 -12.196
16420 -12.037
16430 -11.862
16440 -11.681
16450 -11.497
16460 -11.309
16470 -11.110
16480 -10.890
16490 -10.646
16500 -10.379
16510 -10.099
16520 -9.824
16530 -9.573
16540 -9.365
16550 -9.204
16560 -9.085
16570 -8.993
16580 -8.912
16590 -8.833
16600 -8.756
16610 -8.689
16620 -8.644
16630 -8.632
16640 -8.662
16650 -8.734
16660 -8.842
16670 -8.972
16680 -9.111
16690 -9.245
16700 -9.367
16710 -9.476
16720 -9.576
16730 -9.676
16740 -9.786
16750 -9.916
16760 -10.066
16770 -10.229
16780 -10.388
16790 -10.521
16800 -10.614
16810 -10.660
16820 -10.664
16830 -10.640
16840 -10.606
16850 -10.580
16860 -10.570
16870 -10.572
16880 -10.569
16890 -10.542
16900 -10.475
16910 -10.367
16920 -10.226
16930 -10.071
16940 -9.924
16950 -9.808
16960 -9.734
16970 -9.699
16980 -9.689
16990 -9.683
17000 -9.665
17010 -9.628
17020 -9.578
17030 -9.527
17040 -9.491
17050 -9.486
17060 -9.519
17070 -9.590
17080 -9.688
17090 -9.795
17100 -9.891
17110 -9.961
17120 -9.995
17130 -9.994
17140 -9.963
17150 -9.916
17160 -9.869
17170 -9.832
17180 -9.806
17190 -9.778
17200 -9.726
17210 -9.629
17220 -9.473
17230 -9.262
17240 -9.011
17250 -8.746
17260 -8.498
17270 -8.296
17280 -8.148
17290 -8.042
17300 -7.954
17310 -7.854
17320 -7.727
17330 -7.574
17340 -7.411
17350 -7.265
17360 -7.161
17370 -7.120
17380 -7.139
17390 -7.204
17400 -7.287
17410 -7.368
17420 -7.431
17430 -7.475
17440 -7.504
17450 -7.527
17460 -7.555
17470 -7.597
17480 -7.658
17490 -7.738
17500 -7.830
17510 -7.919
17520 -7.985
17530 -8.003
17540 -7.955
17550 -7.835
17560 -7.655
17570 -7.444
17580 -7.237
17590 -7.061
17600 -6.921
17610 -6.800
17620 -6.666
17630 -6.487
17640 -6.250
17650 -5.969
17660 -5.678
17670 -5.423
17680 -5.241
17690 -5.151
17700 -5.144
17710 -5.189
17720 -5.252
17730 -5.309
17740 -5.357
17750 -5.407
17760 -5.480
17770 -5.594
17780 -5.760
17790 -5.978
17800 -6.242
17810 -6.540
17820 -6.860
17830 -7.189
17840 -7.514
17850 -7.825
17860 -8.109
17870 -8.357
17880 -8.561
17890 -8.720
17900 -8.842
17910 -8.939
17920 -9.019
17930 -9.071
17940 -9.067
17950 -8.974
17960 -8.764
17970 -8.433
17980 -8.014
17990 -7.575
18000 -7.199
18010 -6.941
18020 -6.797
18030 -6.718
18040 -6.639
18050 -6.517
18060 -6.338
18070 -6.124
18080 -5.920
18090 -5.778
18100 -5.728
18110 -5.768
18120 -5.866
18130 -5.978
18140 -6.071
18150 -6.124
18160 -6.132
18170 -6.101
18180 -6.044
18190 -5.980
18200 -5.925
18210 -5.891
18220 -5.880
18230 -5.886
18240 -5.890
18250 -5.870
18260 -5.799
18270 -5.661
18280 -5.457
18290 -5.209
18300 -4.964
18310 -4.770
18320 -4.659
18330 -4.629
18340 -4.644
18350 -4.659
18360 -4.637
18370 -4.565
18380 -4.462
18390 -4.370
18400 -4.343
18410 -4.413
18420 -4.578
18430 -4.805
18440 -5.052
18450 -5.282
18460 -5.480
18470 -5.645
18480 -5.794
18490 -5.948
18500 -6.126
18510 -6.333
18520 -6.563
18530 -6.801
18540 -7.029
18550 -7.229
18560 -7.390
18570 -7.501
18580 -7.559
18590 -7.563
18600 -7.521
18610 -7.445
18620 -7.352
18630 -7.256
18640 -7.163
18650 -7.067
18660 -6.955
18670 -6.809
18680 -6.618
18690 -6.386
18700 -6.135
18710 -5.898
18720 -5.712
18730 -5.597
18740 -5.546
18750 -5.531
18760 -5.520
18770 -5.490
18780 -5.433
18790 -5.365
18800 -5.312
18810 -5.303
18820 -5.356
18830 -5.466
18840 -5.611
18850 -5.763
18860 -5.900
18870 -6.010
18880 -6.096
18890 -6.170
18900 -6.244
18910 -6.332
18920 -6.440
18930 -6.563
18940 -6.693
18950 -6.815
18960 -6.917
18970 -6.988
18980 -7.024
18990 -7.027
19000 -7.004
19010 -6.969
19020 -6.938
19030 -6.924
19040 -6.931
19050 -6.952
19060 -6.968
19070 -6.959
19080 -6.913
19090 -6.829
19100 -6.720
19110 -6.611
19120 -6.530
19130 -6.502
19140 -6.528
19150 -6.590
19160 -6.656
19170 -6.694
19180 -6.691
19190 -6.648
19200 -6.589
19210 -6.546
19220 -6.554
19230 -6.634
19240 -6.781
19250 -6.967
19260 -7.155
19270 -7.314
19280 -7.429
19290 -7.506
19300 -7.564
19310 -7.635
19320 -7.746
19330 -7.918
19340 -8.148
19350 -8.414
19360 -8.681
19370 -8.910
19380 -9.071
19390 -9.155
19400 -9.171
19410 -9.147
19420 -9.125
19430 -9.146
19440 -9.231
19450 -9.372
19460 -9.528
19470 -9.647
19480 -9.686
19490 -9.628
19500 -9.485
19510 -9.301
19520 -9.135
19530 -9.047
19540 -9.068
19550 -9.187
19560 -9.350
19570 -9.489
19580 -9.548
19590 -9.503
19600 -9.366
19610 -9.182
19620 -9.018
19630 -8.942
19640 -8.992
19650 -9.158
19660 -9.381
19670 -9.588
19680 -9.717
19690 -9.734
19700 -9.648
19710 -9.501
19720 -9.363
19730 -9.307
19740 -9.379
19750 -9.577
19760 -9.846
19770 -10.114
19780 -10.313
19790 -10.404
19800 -10.385
19810 -10.291
19820 -10.187
19830 -10.150
19840 -10.235
19850 -10.449
19860 -10.751
19870 -11.070
19880 -11.340
19890 -11.512
19900 -11.574
19910 -11.550
19920 -11.496
19930 -11.486
19940 -11.582
19950 -11.806
19960 -12.131
19970 -12.497
19980 -12.837
19990 -13.098
20000 -13.258
20010 -13.323
20020 -13.337
20030 -13.365
20040 -13.474
20050 -13.703
20060 -14.044
20070 -14.447
20080 -14.848
20090 -15.188
20100 -15.425
20110 -15.544
20120 -15.562
20130 -15.528
20140 -15.508
20150 -15.556
20160 -15.680
20170 -15.839
20180 -15.963
20190 -15.986
20200 -15.870
20210 -15.618
20220 -15.282
20230 -14.952
20240 -14.726
20250 -14.667
20260 -14.772
20270 -14.986
20280 -15.235
20290 -15.455
20300 -15.607
20310 -15.677
20320 -15.679
20330 -15.653
20340 -15.653
20350 -15.726
20360 -15.891
20370 -16.127
20380 -16.389
20390 -16.626
20400 -16.796
20410 -16.874
20420 -16.857
20430 -16.767
20440 -16.651
20450 -16.566
20460 -16.560
20470 -16.640
20480 -16.776
20490 -16.910
20500 -16.987
20510 -16.964
20520 -16.823
20530 -16.573
20540 -16.256
20550 -15.950
20560 -15.740
20570 -15.672
20580 -15.723
20590 -15.815
20600 -15.864
20610 -15.803
20620 -15.599
20630 -15.261
20640 -14.851
20650 -14.491
20660 -14.326
20670 -14.430
20680 -14.743
20690 -15.122
20700 -15.439
20710 -15.619
20720 -15.648
20730 -15.564
20740 -15.467
20750 -15.501
20760 -15.793
20770 -16.348
20780 -17.048
20790 -17.739
20800 -18.316
20810 -18.734
20820 -18.998
20830 -19.148
20840 -19.258
20850 -19.424
20860 -19.729
20870 -20.184
20880 -20.715
20890 -21.205
20900 -21.557
20910 -21.713
20920 -21.655
20930 -21.389
20940 -20.954
20950 -20.425
20960 -19.920
20970 -19.559
20980 -19.394
20990 -19.369
21000 -19.378
21010 -19.329
21020 -19.188
21030 -18.982
21040 -18.809
21050 -18.838
21060 -19.247
21070 -20.085
21080 -21.224
21090 -22.460
21100 -23.636
21110 -24.679
21120 -25.582
21130 -26.393
21140 -27.201
21150 -28.125
21160 -29.290
21170 -30.779
21180 -32.583
21190 -34.577
21200 -36.528
21210 -38.132
21220 -39.103
21230 -39.316
21240 -38.823
21250 -37.771
21260 -36.366
21270 -34.863
21280 -33.485
21290 -32.331
21300 -31.388
21310 -30.582
21320 -29.832
21330 -29.074
21340 -28.273
21350 -27.429
21360 -26.589
21370 -25.834
21380 -25.243
21390 -24.833
21400 -24.547
21410 -24.294
21420 -23.993
21430 -23.596
21440 -23.089
21450 -22.501
21460 -21.904
21470 -21.405
21480 -21.099
21490 -21.002
21500 -21.035
21510 -21.083
21520 -21.059
21530 -20.919
21540 -20.666
21550 -20.343
21560 -20.029
21570 -19.820
21580 -19.790
21590 -19.939
21600 -20.190
21610 -20.443
21620 -20.617
21630 -20.671
21640 -20.600
21650 -20.431
21660 -20.219
21670 -20.039
21680 -19.962
21690 -20.025
21700 -20.202
21710 -20.415
21720 -20.578
21730 -20.627
21740 -20.534
21750 -20.306
21760 -19.986
21770 -19.649
21780 -19.389
21790 -19.290
21800 -19.366
21810 -19.551
21820 -19.736
21830 -19.828
21840 -19.776
21850 -19.576
21860 -19.268
21870 -18.934
21880 -18.683
21890 -18.617
21900 -18.768
21910 -19.073
21920 -19.410
21930 -19.671
21940 -19.796
21950 -19.774
21960 -19.640
21970 -19.466
21980 -19.347
21990 -19.372
22000 -19.580
22010 -19.935
22020 -20.341
22030 -20.698
22040 -20.934
22050 -21.022
22060 -20.973
22070 -20.836
22080 -20.685
22090 -20.605
22100 -20.664
22110 -20.873
22120 -21.176
22130 -21.481
22140 -21.697
22150 -21.770
22160 -21.689
22170 -21.483
22180 -21.220
22190 -20.990
22200 -20.885
22210 -20.957
22220 -21.179
22230 -21.462
22240 -21.700
22250 -21.815
22260 -21.774
22270 -21.594
22280 -21.335
22290 -21.087
22300 -20.950
22310 -20.994
22320 -21.215
22330 -21.540
22340 -21.860
22350 -22.083
22360 -22.160
22370 -22.090
22380 -21.913
22390 -21.706
22400 -21.565
22410 -21.570
22420 -21.750
22430 -22.066
22440 -22.428
22450 -22.740
22460 -22.927
22470 -22.957
22480 -22.843
22490 -22.641
22500 -22.439
22510 -22.336
22520 -22.405
22530 -22.654
22540 -23.020
22550 -23.397
22560 -23.684
22570 -23.814
22580 -23.765
22590 -23.572
22600 -23.319
22610 -23.123
22620 -23.097
22630 -23.293
22640 -23.675
22650 -24.137
22660 -24.551
22670 -24.817
22680 -24.881
22690 -24.754
22700 -24.509
22710 -24.269
22720 -24.169
22730 -24.302
22740 -24.665
22750 -25.163
22760 -25.658
22770 -26.017
22780 -26.155
22790 -26.050
22800 -25.756
22810 -25.389
22820 -25.095
22830 -25.004
22840 -25.161
22850 -25.508
22860 -25.905
22870 -26.199
22880 -26.273
22890 -26.081
22900 -25.657
22910 -25.103
22920 -24.566
22930 -24.200
22940 -24.103
22950 -24.267
22960 -24.569
22970 -24.841
22980 -24.939
22990 -24.786
23000 -24.383
23010 -23.808
23020 -23.191
23030 -22.696
23040 -22.462
23050 -22.531
23060 -22.814
23070 -23.139
23080 -23.343
23090 -23.319
23100 -23.037
23110 -22.542
23120 -21.942
23130 -21.393
23140 -21.057
23150 -21.029
23160 -21.267
23170 -21.625
23180 -21.930
23190 -22.051
23200 -21.922
23210 -21.546
23220 -20.997
23230 -20.412
23240 -19.969
23250 -19.816
23260 -19.981
23270 -20.352
23280 -20.750
23290 -21.015
23300 -21.042
23310 -20.791
23320 -20.296
23330 -19.676
23340 -19.125
23350 -18.850
23360 -18.948
23370 -19.333
23380 -19.809
23390 -20.188
23400 -20.335
23410 -20.181
23420 -19.730
23430 -19.080
23440 -18.436
23450 -18.055
23460 -18.090
23470 -18.469
23480 -18.979
23490 -19.411
23500 -19.618
23510 -19.518
23520 -19.091
23530 -18.407
23540 -17.661
23550 -17.144
23560 -17.075
23570 -17.412
23580 -17.925
23590 -18.380
23600 -18.621
23610 -18.552
23620 -18.128
23630 -17.380
23640 -16.479
23650 -15.763
23660 -15.568
23670 -15.908
23680 -16.491
23690 -17.019
23700 -17.309
23710 -17.256
23720 -16.795
23730 -15.924
23740 -14.797
23750 -13.848
23760 -13.620
23770 -14.135
23780 -14.916
23790 -15.561
23800 -15.882
23810 -15.791
23820 -15.227
23830 -14.177
23840 -12.811
23850 -11.736
23860 -11.728
23870 -12.621
23880 -13.641
23890 -14.360
23900 -14.652
23910 -14.476
23920 -13.795
23930 -12.615
23940 -11.169
23950 -10.266
23960 -10.729
23970 -11.995
23980 -13.161
23990 -13.890
