00000 +6.332
00010 +5.525
00020 +3.971
00030 +2.628
00040 +1.724
00050 +1.215
00060 +1.012
00070 +1.031
00080 +1.169
00090 +1.282
00100 +1.189
00110 +0.774
00120 +0.102
00130 -0.634
00140 -1.266
00150 -1.724
00160 -2.010
00170 -2.159
00180 -2.221
00190 -2.251
00200 -2.303
00210 -2.420
00220 -2.616
00230 -2.863
00240 -3.114
00250 -3.320
00260 -3.451
00270 -3.502
00280 -3.487
00290 -3.426
00300 -3.349
00310 -3.283
00320 -3.248
00330 -3.250
00340 -3.278
00350 -3.306
00360 -3.306
00370 -3.258
00380 -3.158
00390 -3.011
00400 -2.837
00410 -2.661
00420 -2.511
00430 -2.410
00440 -2.365
00450 -2.367
00460 -2.391
00470 -2.411
00480 -2.412
00490 -2.397
00500 -2.385
00510 -2.410
00520 -2.504
00530 -2.689
00540 -2.964
00550 -3.302
00560 -3.662
00570 -4.007
00580 -4.314
00590 -4.581
00600 -4.821
00610 -5.057
00620 -5.306
00630 -5.579
00640 -5.869
00650 -6.158
00660 -6.421
00670 -6.637
00680 -6.793
00690 -6.891
00700 -6.942
00710 -6.964
00720 -6.976
00730 -6.992
00740 -7.015
00750 -7.043
00760 -7.062
00770 -7.059
00780 -7.023
00790 -6.950
00800 -6.847
00810 -6.730
00820 -6.617
00830 -6.529
00840 -6.479
00850 -6.475
00860 -6.511
00870 -6.575
00880 -6.652
00890 -6.732
00900 -6.813
00910 -6.904
00920 -7.023
00930 -7.185
00940 -7.403
00950 -7.676
00960 -7.989
00970 -8.319
00980 -8.637
00990 -8.923
01000 -9.166
01010 -9.370
01020 -9.548
01030 -9.717
01040 -9.887
01050 -10.060
01060 -10.223
01070 -10.356
01080 -10.435
01090 -10.444
01100 -10.376
01110 -10.243
01120 -10.061
01130 -9.852
01140 -9.633
01150 -9.410
01160 -9.180
01170 -8.930
01180 -8.646
01190 -8.317
01200 -7.945
01210 -7.540
01220 -7.123
01230 -6.719
01240 -6.349
01250 -6.028
01260 -5.759
01270 -5.537
01280 -5.349
01290 -5.186
01300 -5.043
01310 -4.928
01320 -4.851
01330 -4.827
01340 -4.862
01350 -4.954
01360 -5.089
01370 -5.249
01380 -5.412
01390 -5.562
01400 -5.690
01410 -5.793
01420 -5.876
01430 -5.946
01440 -6.008
01450 -6.066
01460 -6.115
01470 -6.149
01480 -6.156
01490 -6.126
01500 -6.052
01510 -5.930
01520 -5.765
01530 -5.565
01540 -5.344
01550 -5.116
01560 -4.890
01570 -4.671
01580 -4.460
01590 -4.254
01600 -4.052
01610 -3.856
01620 -3.680
01630 -3.540
01640 -3.455
01650 -3.439
01660 -3.494
01670 -3.609
01680 -3.764
01690 -3.939
01700 -4.117
01710 -4.287
01720 -4.450
01730 -4.609
01740 -4.770
01750 -4.938
01760 -5.113
01770 -5.290
01780 -5.461
01790 -5.615
01800 -5.746
01810 -5.850
01820 -5.928
01830 -5.986
01840 -6.032
01850 -6.074
01860 -6.116
01870 -6.158
01880 -6.198
01890 -6.228
01900 -6.242
01910 -6.234
01920 -6.206
01930 -6.160
01940 -6.105
01950 -6.049
01960 -6.000
01970 -5.962
01980 -5.934
01990 -5.914
02000 -5.895
02010 -5.873
02020 -5.847
02030 -5.822
02040 -5.806
02050 -5.810
02060 -5.843
02070 -5.912
02080 -6.014
02090 -6.144
02100 -6.292
02110 -6.448
02120 -6.606
02130 -6.765
02140 -6.927
02150 -7.095
02160 -7.273
02170 -7.461
02180 -7.656
02190 -7.850
02200 -8.033
02210 -8.197
02220 -8.338
02230 -8.452
02240 -8.544
02250 -8.618
02260 -8.682
02270 -8.741
02280 -8.798
02290 -8.851
02300 -8.895
02310 -8.926
02320 -8.938
02330 -8.933
02340 -8.913
02350 -8.885
02360 -8.859
02370 -8.842
02380 -8.840
02390 -8.854
02400 -8.881
02410 -8.914
02420 -8.951
02430 -8.987
02440 -9.025
02450 -9.068
02460 -9.123
02470 -9.196
02480 -9.288
02490 -9.399
02500 -9.524
02510 -9.655
02520 -9.785
02530 -9.909
02540 -10.024
02550 -10.129
02560 -10.228
02570 -10.326
02580 -10.425
02590 -10.526
02600 -10.628
02610 -10.726
02620 -10.813
02630 -10.882
02640 -10.931
02650 -10.957
02660 -10.963
02670 -10.954
02680 -10.935
02690 -10.909
02700 -10.879
02710 -10.841
02720 -10.789
02730 -10.716
02740 -10.617
02750 -10.489
02760 -10.335
02770 -10.164
02780 -9.985
02790 -9.811
02800 -9.652
02810 -9.510
02820 -9.387
02830 -9.280
02840 -9.188
02850 -9.112
02860 -9.058
02870 -9.032
02880 -9.040
02890 -9.083
02900 -9.157
02910 -9.253
02920 -9.361
02930 -9.468
02940 -9.568
02950 -9.652
02960 -9.721
02970 -9.774
02980 -9.817
02990 -9.852
03000 -9.885
03010 -9.917
03020 -9.945
03030 -9.967
03040 -9.976
03050 -9.969
03060 -9.942
03070 -9.898
03080 -9.840
03090 -9.774
03100 -9.708
03110 -9.647
03120 -9.592
03130 -9.540
03140 -9.487
03150 -9.426
03160 -9.353
03170 -9.269
03180 -9.178
03190 -9.089
03200 -9.012
03210 -8.957
03220 -8.928
03230 -8.925
03240 -8.942
03250 -8.973
03260 -9.012
03270 -9.059
03280 -9.117
03290 -9.192
03300 -9.294
03310 -9.424
03320 -9.582
03330 -9.760
03340 -9.947
03350 -10.134
03360 -10.309
03370 -10.468
03380 -10.611
03390 -10.739
03400 -10.857
03410 -10.968
03420 -11.075
03430 -11.176
03440 -11.267
03450 -11.344
03460 -11.403
03470 -11.438
03480 -11.452
03490 -11.447
03500 -11.427
03510 -11.400
03520 -11.370
03530 -11.342
03540 -11.315
03550 -11.286
03560 -11.250
03570 -11.203
03580 -11.142
03590 -11.067
03600 -10.983
03610 -10.896
03620 -10.813
03630 -10.740
03640 -10.678
03650 -10.627
03660 -10.582
03670 -10.538
03680 -10.490
03690 -10.437
03700 -10.384
03710 -10.337
03720 -10.306
03730 -10.300
03740 -10.322
03750 -10.374
03760 -10.452
03770 -10.549
03780 -10.661
03790 -10.784
03800 -10.921
03810 -11.077
03820 -11.257
03830 -11.467
03840 -11.708
03850 -11.973
03860 -12.256
03870 -12.544
03880 -12.827
03890 -13.095
03900 -13.345
03910 -13.573
03920 -13.782
03930 -13.972
03940 -14.145
03950 -14.298
03960 -14.428
03970 -14.530
03980 -14.600
03990 -14.636
04000 -14.638
04010 -14.611
04020 -14.560
04030 -14.493
04040 -14.419
04050 -14.343
04060 -14.269
04070 -14.196
04080 -14.122
04090 -14.045
04100 -13.964
04110 -13.878
04120 -13.792
04130 -13.709
04140 -13.636
04150 -13.577
04160 -13.537
04170 -13.514
04180 -13.505
04190 -13.505
04200 -13.509
04210 -13.514
04220 -13.518
04230 -13.524
04240 -13.534
04250 -13.554
04260 -13.587
04270 -13.632
04280 -13.687
04290 -13.745
04300 -13.799
04310 -13.845
04320 -13.880
04330 -13.903
04340 -13.918
04350 -13.930
04360 -13.943
04370 -13.961
04380 -13.981
04390 -14.002
04400 -14.016
04410 -14.018
04420 -14.007
04430 -13.981
04440 -13.945
04450 -13.904
04460 -13.863
04470 -13.827
04480 -13.799
04490 -13.776
04500 -13.754
04510 -13.729
04520 -13.698
04530 -13.658
04540 -13.612
04550 -13.564
04560 -13.519
04570 -13.482
04580 -13.457
04590 -13.443
04600 -13.439
04610 -13.440
04620 -13.440
04630 -13.437
04640 -13.428
04650 -13.416
04660 -13.405
04670 -13.399
04680 -13.403
04690 -13.420
04700 -13.448
04710 -13.484
04720 -13.520
04730 -13.552
04740 -13.575
04750 -13.588
04760 -13.594
04770 -13.599
04780 -13.608
04790 -13.626
04800 -13.654
04810 -13.689
04820 -13.724
04830 -13.752
04840 -13.767
04850 -13.768
04860 -13.757
04870 -13.740
04880 -13.724
04890 -13.716
04900 -13.718
04910 -13.729
04920 -13.743
04930 -13.753
04940 -13.755
04950 -13.745
04960 -13.724
04970 -13.698
04980 -13.673
04990 -13.655
05000 -13.650
05010 -13.656
05020 -13.671
05030 -13.689
05040 -13.703
05050 -13.709
05060 -13.706
05070 -13.696
05080 -13.683
05090 -13.674
05100 -13.674
05110 -13.686
05120 -13.708
05130 -13.737
05140 -13.765
05150 -13.786
05160 -13.796
05170 -13.794
05180 -13.783
05190 -13.770
05200 -13.761
05210 -13.761
05220 -13.772
05230 -13.790
05240 -13.810
05250 -13.823
05260 -13.823
05270 -13.808
05280 -13.779
05290 -13.742
05300 -13.704
05310 -13.673
05320 -13.653
05330 -13.643
05340 -13.637
05350 -13.629
05360 -13.610
05370 -13.576
05380 -13.528
05390 -13.471
05400 -13.412
05410 -13.359
05420 -13.319
05430 -13.293
05440 -13.278
05450 -13.267
05460 -13.251
05470 -13.224
05480 -13.184
05490 -13.135
05500 -13.081
05510 -13.033
05520 -12.996
05530 -12.975
05540 -12.968
05550 -12.969
05560 -12.971
05570 -12.965
05580 -12.947
05590 -12.917
05600 -12.880
05610 -12.844
05620 -12.817
05630 -12.804
05640 -12.806
05650 -12.821
05660 -12.841
05670 -12.857
05680 -12.863
05690 -12.857
05700 -12.840
05710 -12.818
05720 -12.801
05730 -12.794
05740 -12.803
05750 -12.826
05760 -12.858
05770 -12.890
05780 -12.914
05790 -12.924
05800 -12.919
05810 -12.902
05820 -12.883
05830 -12.869
05840 -12.868
05850 -12.882
05860 -12.908
05870 -12.938
05880 -12.962
05890 -12.973
05900 -12.966
05910 -12.945
05920 -12.916
05930 -12.889
05940 -12.874
05950 -12.877
05960 -12.896
05970 -12.925
05980 -12.953
05990 -12.972
06000 -12.976
06010 -12.965
06020 -12.945
06030 -12.925
06040 -12.916
06050 -12.923
06060 -12.949
06070 -12.989
06080 -13.033
06090 -13.073
06100 -13.102
06110 -13.116
06120 -13.118
06130 -13.115
06140 -13.117
06150 -13.129
06160 -13.158
06170 -13.201
06180 -13.253
06190 -13.305
06200 -13.348
06210 -13.377
06220 -13.389
06230 -13.388
06240 -13.381
06250 -13.379
06260 -13.389
06270 -13.414
06280 -13.454
06290 -13.500
06300 -13.541
06310 -13.570
06320 -13.579
06330 -13.571
06340 -13.552
06350 -13.533
06360 -13.527
06370 -13.540
06380 -13.574
06390 -13.622
06400 -13.673
06410 -13.715
06420 -13.739
06430 -13.745
06440 -13.738
06450 -13.729
06460 -13.729
06470 -13.749
06480 -13.791
06490 -13.850
06500 -13.915
06510 -13.974
06520 -14.017
06530 -14.039
06540 -14.042
06550 -14.034
06560 -14.027
06570 -14.032
06580 -14.052
06590 -14.089
06600 -14.135
06610 -14.177
06620 -14.206
06630 -14.213
06640 -14.198
06650 -14.164
06660 -14.122
06670 -14.085
06680 -14.063
06690 -14.059
06700 -14.073
06710 -14.093
06720 -14.109
06730 -14.109
06740 -14.089
06750 -14.050
06760 -14.000
06770 -13.953
06780 -13.922
06790 -13.917
06800 -13.937
06810 -13.976
06820 -14.022
06830 -14.061
06840 -14.083
06850 -14.086
06860 -14.076
06870 -14.065
06880 -14.067
06890 -14.094
06900 -14.149
06910 -14.227
06920 -14.317
06930 -14.403
06940 -14.472
06950 -14.517
06960 -14.542
06970 -14.554
06980 -14.567
06990 -14.595
07000 -14.645
07010 -14.717
07020 -14.801
07030 -14.882
07040 -14.946
07050 -14.983
07060 -14.992
07070 -14.980
07080 -14.960
07090 -14.948
07100 -14.955
07110 -14.986
07120 -15.036
07130 -15.092
07140 -15.141
07150 -15.170
07160 -15.173
07170 -15.155
07180 -15.127
07190 -15.105
07200 -15.102
07210 -15.128
07220 -15.180
07230 -15.249
07240 -15.320
07250 -15.379
07260 -15.415
07270 -15.429
07280 -15.427
07290 -15.421
07300 -15.427
07310 -15.456
07320 -15.509
07330 -15.582
07340 -15.659
07350 -15.727
07360 -15.772
07370 -15.788
07380 -15.777
07390 -15.750
07400 -15.722
07410 -15.707
07420 -15.714
07430 -15.743
07440 -15.784
07450 -15.821
07460 -15.840
07470 -15.831
07480 -15.793
07490 -15.735
07500 -15.672
07510 -15.621
07520 -15.595
07530 -15.598
07540 -15.625
07550 -15.661
07560 -15.689
07570 -15.699
07580 -15.684
07590 -15.650
07600 -15.609
07610 -15.579
07620 -15.574
07630 -15.601
07640 -15.657
07650 -15.728
07660 -15.801
07670 -15.859
07680 -15.895
07690 -15.908
07700 -15.905
07710 -15.901
07720 -15.908
07730 -15.935
07740 -15.985
07750 -16.049
07760 -16.113
07770 -16.164
07780 -16.188
07790 -16.179
07800 -16.142
07810 -16.085
07820 -16.024
07830 -15.972
07840 -15.938
07850 -15.921
07860 -15.914
07870 -15.902
07880 -15.872
07890 -15.814
07900 -15.727
07910 -15.619
07920 -15.504
07930 -15.402
07940 -15.326
07950 -15.282
07960 -15.263
07970 -15.257
07980 -15.247
07990 -15.219
08000 -15.168
08010 -15.098
08020 -15.022
08030 -14.957
08040 -14.919
08050 -14.915
08060 -14.942
08070 -14.986
08080 -15.032
08090 -15.062
08100 -15.067
08110 -15.046
08120 -15.008
08130 -14.967
08140 -14.937
08150 -14.928
08160 -14.940
08170 -14.966
08180 -14.990
08190 -14.996
08200 -14.972
08210 -14.914
08220 -14.825
08230 -14.718
08240 -14.608
08250 -14.510
08260 -14.430
08270 -14.367
08280 -14.312
08290 -14.249
08300 -14.165
08310 -14.053
08320 -13.913
08330 -13.755
08340 -13.596
08350 -13.452
08360 -13.336
08370 -13.250
08380 -13.188
08390 -13.134
08400 -13.072
08410 -12.992
08420 -12.891
08430 -12.774
08440 -12.657
08450 -12.556
08460 -12.483
08470 -12.444
08480 -12.429
08490 -12.427
08500 -12.418
08510 -12.391
08520 -12.339
08530 -12.265
08540 -12.179
08550 -12.096
08560 -12.030
08570 -11.984
08580 -11.957
08590 -11.936
08600 -11.906
08610 -11.854
08620 -11.772
08630 -11.662
08640 -11.533
08650 -11.398
08660 -11.273
08670 -11.169
08680 -11.086
08690 -11.015
08700 -10.945
08710 -10.861
08720 -10.756
08730 -10.630
08740 -10.493
08750 -10.359
08760 -10.245
08770 -10.163
08780 -10.114
08790 -10.089
08800 -10.073
08810 -10.052
08820 -10.018
08830 -9.970
08840 -9.916
08850 -9.870
08860 -9.845
08870 -9.849
08880 -9.881
08890 -9.931
08900 -9.982
08910 -10.023
08920 -10.043
08930 -10.043
08940 -10.029
08950 -10.013
08960 -10.006
08970 -10.017
08980 -10.046
08990 -10.085
09000 -10.120
09010 -10.141
09020 -10.138
09030 -10.111
09040 -10.067
09050 -10.018
09060 -9.977
09070 -9.956
09080 -9.957
09090 -9.975
09100 -9.999
09110 -10.016
09120 -10.016
09130 -9.998
09140 -9.967
09150 -9.937
09160 -9.921
09170 -9.932
09180 -9.974
09190 -10.041
09200 -10.123
09210 -10.203
09220 -10.270
09230 -10.320
09240 -10.356
09250 -10.388
09260 -10.429
09270 -10.491
09280 -10.578
09290 -10.687
09300 -10.808
09310 -10.925
09320 -11.027
09330 -11.105
09340 -11.158
09350 -11.194
09360 -11.224
09370 -11.259
09380 -11.308
09390 -11.372
09400 -11.445
09410 -11.515
09420 -11.569
09430 -11.596
09440 -11.594
09450 -11.566
09460 -11.520
09470 -11.472
09480 -11.432
09490 -11.408
09500 -11.399
09510 -11.399
09520 -11.394
09530 -11.375
09540 -11.334
09550 -11.271
09560 -11.194
09570 -11.113
09580 -11.044
09590 -10.995
09600 -10.972
09610 -10.969
09620 -10.977
09630 -10.985
09640 -10.981
09650 -10.962
09660 -10.929
09670 -10.890
09680 -10.857
09690 -10.839
09700 -10.845
09710 -10.874
09720 -10.919
09730 -10.971
09740 -11.016
09750 -11.047
09760 -11.060
09770 -11.059
09780 -11.051
09790 -11.046
09800 -11.053
09810 -11.077
09820 -11.117
09830 -11.164
09840 -11.208
09850 -11.239
09860 -11.249
09870 -11.236
09880 -11.205
09890 -11.166
09900 -11.127
09910 -11.098
09920 -11.083
09930 -11.078
09940 -11.076
09950 -11.068
09960 -11.044
09970 -11.001
09980 -10.939
09990 -10.864
10000 -10.787
10010 -10.718
10020 -10.663
10030 -10.626
10040 -10.604
10050 -10.588
10060 -10.570
10070 -10.542
10080 -10.501
10090 -10.448
10100 -10.390
10110 -10.335
10120 -10.292
10130 -10.268
10140 -10.263
10150 -10.273
10160 -10.289
10170 -10.301
10180 -10.302
10190 -10.287
10200 -10.259
10210 -10.224
10220 -10.191
10230 -10.169
10240 -10.162
10250 -10.171
10260 -10.188
10270 -10.204
10280 -10.208
10290 -10.194
10300 -10.159
10310 -10.106
10320 -10.044
10330 -9.983
10340 -9.931
10350 -9.892
10360 -9.864
10370 -9.839
10380 -9.808
10390 -9.761
10400 -9.693
10410 -9.604
10420 -9.501
10430 -9.394
10440 -9.293
10450 -9.207
10460 -9.139
10470 -9.084
10480 -9.037
10490 -8.986
10500 -8.924
10510 -8.848
10520 -8.759
10530 -8.665
10540 -8.576
10550 -8.503
10560 -8.453
10570 -8.427
10580 -8.418
10590 -8.418
10600 -8.415
10610 -8.400
10620 -8.368
10630 -8.324
10640 -8.275
10650 -8.233
10660 -8.208
10670 -8.205
10680 -8.221
10690 -8.247
10700 -8.271
10710 -8.279
10720 -8.264
10730 -8.224
10740 -8.167
10750 -8.104
10760 -8.047
10770 -8.006
10780 -7.984
10790 -7.972
10800 -7.961
10810 -7.936
10820 -7.887
10830 -7.811
10840 -7.712
10850 -7.601
10860 -7.492
10870 -7.399
10880 -7.327
10890 -7.277
10900 -7.239
10910 -7.202
10920 -7.155
10930 -7.091
10940 -7.012
10950 -6.927
10960 -6.849
10970 -6.794
10980 -6.771
10990 -6.785
11000 -6.830
11010 -6.895
11020 -6.965
11030 -7.029
11040 -7.083
11050 -7.129
11060 -7.176
11070 -7.237
11080 -7.322
11090 -7.437
11100 -7.578
11110 -7.733
11120 -7.886
11130 -8.022
11140 -8.129
11150 -8.208
11160 -8.262
11170 -8.304
11180 -8.347
11190 -8.401
11200 -8.467
11210 -8.538
11220 -8.600
11230 -8.638
11240 -8.641
11250 -8.605
11260 -8.535
11270 -8.444
11280 -8.348
11290 -8.260
11300 -8.187
11310 -8.127
11320 -8.071
11330 -8.005
11340 -7.917
11350 -7.802
11360 -7.663
11370 -7.510
11380 -7.358
11390 -7.223
11400 -7.114
11410 -7.034
11420 -6.974
11430 -6.924
11440 -6.870
11450 -6.804
11460 -6.724
11470 -6.637
11480 -6.556
11490 -6.493
11500 -6.460
11510 -6.460
11520 -6.488
11530 -6.534
11540 -6.583
11550 -6.626
11560 -6.656
11570 -6.675
11580 -6.690
11590 -6.713
11600 -6.754
11610 -6.817
11620 -6.902
11630 -7.001
11640 -7.101
11650 -7.190
11660 -7.260
11670 -7.310
11680 -7.341
11690 -7.365
11700 -7.391
11710 -7.427
11720 -7.476
11730 -7.535
11740 -7.593
11750 -7.640
11760 -7.667
11770 -7.669
11780 -7.648
11790 -7.611
11800 -7.570
11810 -7.535
11820 -7.512
11830 -7.502
11840 -7.498
11850 -7.491
11860 -7.471
11870 -7.432
11880 -7.375
11890 -7.305
11900 -7.233
11910 -7.169
11920 -7.120
11930 -7.090
11940 -7.072
11950 -7.060
11960 -7.043
11970 -7.015
11980 -6.975
11990 -6.925
12000 -6.874
12010 -6.829
12020 -6.799
12030 -6.785
12040 -6.786
12050 -6.794
12060 -6.802
12070 -6.803
12080 -6.793
12090 -6.773
12100 -6.748
12110 -6.725
12120 -6.710
12130 -6.706
12140 -6.714
12150 -6.727
12160 -6.741
12170 -6.749
12180 -6.746
12190 -6.732
12200 -6.709
12210 -6.682
12220 -6.657
12230 -6.639
12240 -6.628
12250 -6.622
12260 -6.617
12270 -6.608
12280 -6.590
12290 -6.561
12300 -6.525
12310 -6.484
12320 -6.445
12330 -6.413
12340 -6.387
12350 -6.369
12360 -6.354
12370 -6.339
12380 -6.319
12390 -6.295
12400 -6.266
12410 -6.237
12420 -6.211
12430 -6.192
12440 -6.180
12450 -6.175
12460 -6.173
12470 -6.173
12480 -6.170
12490 -6.165
12500 -6.159
12510 -6.153
12520 -6.151
12530 -6.153
12540 -6.161
12550 -6.172
12560 -6.186
12570 -6.198
12580 -6.209
12590 -6.217
12600 -6.225
12610 -6.234
12620 -6.246
12630 -6.261
12640 -6.280
12650 -6.300
12660 -6.320
12670 -6.336
12680 -6.348
12690 -6.357
12700 -6.366
12710 -6.376
12720 -6.389
12730 -6.406
12740 -6.426
12750 -6.445
12760 -6.461
12770 -6.472
12780 -6.476
12790 -6.475
12800 -6.473
12810 -6.473
12820 -6.478
12830 -6.488
12840 -6.502
12850 -6.516
12860 -6.526
12870 -6.529
12880 -6.524
12890 -6.513
12900 -6.501
12910 -6.491
12920 -6.488
12930 -6.493
12940 -6.505
12950 -6.519
12960 -6.532
12970 -6.538
12980 -6.535
12990 -6.524
13000 -6.509
13010 -6.496
13020 -6.491
13030 -6.496
13040 -6.511
13050 -6.532
13060 -6.553
13070 -6.567
13080 -6.570
13090 -6.560
13100 -6.542
13110 -6.522
13120 -6.506
13130 -6.502
13140 -6.510
13150 -6.527
13160 -6.545
13170 -6.556
13180 -6.552
13190 -6.531
13200 -6.496
13210 -6.454
13220 -6.414
13230 -6.385
13240 -6.371
13250 -6.369
13260 -6.374
13270 -6.374
13280 -6.360
13290 -6.328
13300 -6.279
13310 -6.220
13320 -6.163
13330 -6.117
13340 -6.089
13350 -6.081
13360 -6.087
13370 -6.095
13380 -6.096
13390 -6.080
13400 -6.048
13410 -6.002
13420 -5.954
13430 -5.917
13440 -5.899
13450 -5.906
13460 -5.934
13470 -5.973
13480 -6.008
13490 -6.029
13500 -6.029
13510 -6.009
13520 -5.979
13530 -5.954
13540 -5.945
13550 -5.963
13560 -6.006
13570 -6.064
13580 -6.123
13590 -6.167
13600 -6.185
13610 -6.177
13620 -6.151
13630 -6.121
13640 -6.106
13650 -6.115
13660 -6.154
13670 -6.213
13680 -6.277
13690 -6.330
13700 -6.359
13710 -6.361
13720 -6.340
13730 -6.312
13740 -6.295
13750 -6.301
13760 -6.339
13770 -6.405
13780 -6.485
13790 -6.563
13800 -6.624
13810 -6.658
13820 -6.669
13830 -6.664
13840 -6.661
13850 -6.676
13860 -6.721
13870 -6.797
13880 -6.896
13890 -7.000
13900 -7.090
13910 -7.153
13920 -7.182
13930 -7.184
13940 -7.173
13950 -7.168
13960 -7.188
13970 -7.241
13980 -7.320
13990 -7.410
14000 -7.490
14010 -7.541
14020 -7.551
14030 -7.525
14040 -7.476
14050 -7.426
14060 -7.395
14070 -7.399
14080 -7.437
14090 -7.495
14100 -7.552
14110 -7.586
14120 -7.585
14130 -7.547
14140 -7.482
14150 -7.412
14160 -7.358
14170 -7.340
14180 -7.364
14190 -7.420
14200 -7.490
14210 -7.550
14220 -7.583
14230 -7.580
14240 -7.547
14250 -7.498
14260 -7.458
14270 -7.449
14280 -7.482
14290 -7.557
14300 -7.656
14310 -7.756
14320 -7.831
14330 -7.867
14340 -7.863
14350 -7.829
14360 -7.789
14370 -7.769
14380 -7.788
14390 -7.851
14400 -7.944
14410 -8.044
14420 -8.123
14430 -8.162
14440 -8.154
14450 -8.108
14460 -8.045
14470 -7.993
14480 -7.977
14490 -8.006
14500 -8.074
14510 -8.160
14520 -8.239
14530 -8.288
14540 -8.296
14550 -8.265
14560 -8.214
14570 -8.167
14580 -8.151
14590 -8.182
14600 -8.262
14610 -8.377
14620 -8.500
14630 -8.608
14640 -8.683
14650 -8.717
14660 -8.721
14670 -8.716
14680 -8.728
14690 -8.781
14700 -8.885
14710 -9.029
14720 -9.192
14730 -9.345
14740 -9.462
14750 -9.533
14760 -9.559
14770 -9.560
14780 -9.562
14790 -9.594
14800 -9.671
14810 -9.791
14820 -9.935
14830 -10.076
14840 -10.188
14850 -10.255
14860 -10.278
14870 -10.268
14880 -10.250
14890 -10.253
14900 -10.298
14910 -10.389
14920 -10.515
14930 -10.654
14940 -10.782
14950 -10.879
14960 -10.938
14970 -10.963
14980 -10.972
14990 -10.989
15000 -11.040
15010 -11.138
15020 -11.283
15030 -11.457
15040 -11.635
15050 -11.793
15060 -11.914
15070 -11.994
15080 -12.042
15090 -12.081
15100 -12.140
15110 -12.240
15120 -12.388
15130 -12.571
15140 -12.765
15150 -12.941
15160 -13.076
15170 -13.160
15180 -13.199
15190 -13.212
15200 -13.229
15210 -13.278
15220 -13.371
15230 -13.502
15240 -13.649
15250 -13.786
15260 -13.890
15270 -13.946
15280 -13.958
15290 -13.942
15300 -13.922
15310 -13.928
15320 -13.977
15330 -14.071
15340 -14.196
15350 -14.330
15360 -14.448
15370 -14.537
15380 -14.590
15390 -14.614
15400 -14.629
15410 -14.659
15420 -14.725
15430 -14.838
15440 -14.993
15450 -15.172
15460 -15.352
15470 -15.513
15480 -15.640
15490 -15.733
15500 -15.801
15510 -15.864
15520 -15.946
15530 -16.064
15540 -16.223
15550 -16.409
15560 -16.600
15570 -16.774
15580 -16.910
15590 -17.000
15600 -17.048
15610 -17.069
15620 -17.089
15630 -17.130
15640 -17.205
15650 -17.308
15660 -17.424
15670 -17.529
15680 -17.606
15690 -17.643
15700 -17.640
15710 -17.609
15720 -17.573
15730 -17.556
15740 -17.576
15750 -17.634
15760 -17.720
15770 -17.816
15780 -17.902
15790 -17.966
15800 -18.002
15810 -18.014
15820 -18.018
15830 -18.032
15840 -18.075
15850 -18.156
15860 -18.268
15870 -18.398
15880 -18.528
15890 -18.642
15900 -18.728
15910 -18.785
15920 -18.818
15930 -18.843
15940 -18.878
15950 -18.935
15960 -19.016
15970 -19.111
15980 -19.203
15990 -19.278
16000 -19.322
16010 -19.330
16020 -19.306
16030 -19.264
16040 -19.222
16050 -19.199
16060 -19.201
16070 -19.223
16080 -19.252
16090 -19.275
16100 -19.282
16110 -19.269
16120 -19.243
16130 -19.216
16140 -19.204
16150 -19.221
16160 -19.271
16170 -19.350
16180 -19.445
16190 -19.545
16200 -19.644
16210 -19.740
16220 -19.840
16230 -19.954
16240 -20.095
16250 -20.270
16260 -20.476
16270 -20.704
16280 -20.936
16290 -21.163
16300 -21.381
16310 -21.596
16320 -21.822
16330 -22.074
16340 -22.363
16350 -22.686
16360 -23.026
16370 -23.350
16380 -23.632
16390 -23.862
16400 -24.050
16410 -24.221
16420 -24.400
16430 -24.606
16440 -24.848
16450 -25.111
16460 -25.361
16470 -25.556
16480 -25.673
16490 -25.716
16500 -25.717
16510 -25.710
16520 -25.730
16530 -25.803
16540 -25.942
16550 -26.149
16560 -26.403
16570 -26.665
16580 -26.896
16590 -27.073
16600 -27.200
16610 -27.305
16620 -27.429
16630 -27.615
16640 -27.907
16650 -28.340
16660 -28.931
16670 -29.660
16680 -30.460
16690 -31.229
16700 -31.880
16710 -32.387
16720 -32.808
16730 -33.252
16740 -33.850
16750 -34.736
16760 -36.046
16770 -37.914
16780 -40.447
16790 -43.590
16800 -46.505
16810 -47.295
16820 -46.417
16830 -45.717
16840 -45.825
16850 -46.882
16860 -48.848
16870 -50.652
16880 -49.629
16890 -46.955
16900 -44.772
16910 -43.375
16920 -42.638
16930 -42.434
16940 -42.676
16950 -43.293
16960 -44.189
16970 -45.194
16980 -46.063
16990 -46.570
17000 -46.603
17010 -46.064
17020 -44.834
17030 -42.987
17040 -40.843
17050 -38.719
17060 -36.810
17070 -35.212
17080 -33.971
17090 -33.095
17100 -32.557
17110 -32.291
17120 -32.190
17130 -32.117
17140 -31.926
17150 -31.516
17160 -30.888
17170 -30.152
17180 -29.463
17190 -28.953
17200 -28.699
17210 -28.711
17220 -28.953
17230 -29.349
17240 -29.797
17250 -30.170
17260 -30.349
17270 -30.295
17280 -30.083
17290 -29.867
17300 -29.786
17310 -29.914
17320 -30.254
17330 -30.736
17340 -31.218
17350 -31.482
17360 -31.321
17370 -30.697
17380 -29.787
17390 -28.832
17400 -28.001
17410 -27.366
17420 -26.922
17430 -26.614
17440 -26.355
17450 -26.052
17460 -25.630
17470 -25.061
17480 -24.381
17490 -23.675
17500 -23.039
17510 -22.549
17520 -22.237
17530 -22.089
17540 -22.055
17550 -22.065
17560 -22.045
17570 -21.937
17580 -21.717
17590 -21.415
17600 -21.102
17610 -20.861
17620 -20.750
17630 -20.782
17640 -20.934
17650 -21.159
17660 -21.395
17670 -21.579
17680 -21.658
17690 -21.612
17700 -21.467
17710 -21.286
17720 -21.134
17730 -21.049
17740 -21.030
17750 -21.046
17760 -21.043
17770 -20.958
17780 -20.737
17790 -20.359
17800 -19.846
17810 -19.264
17820 -18.691
17830 -18.186
17840 -17.776
17850 -17.451
17860 -17.179
17870 -16.916
17880 -16.619
17890 -16.263
17900 -15.846
17910 -15.403
17920 -14.988
17930 -14.653
17940 -14.426
17950 -14.300
17960 -14.248
17970 -14.232
17980 -14.220
17990 -14.190
18000 -14.135
18010 -14.071
18020 -14.025
18030 -14.028
18040 -14.097
18050 -14.230
18060 -14.417
18070 -14.640
18080 -14.883
18090 -15.132
18100 -15.370
18110 -15.580
18120 -15.748
18130 -15.870
18140 -15.951
18150 -16.004
18160 -16.040
18170 -16.059
18180 -16.054
18190 -16.002
18200 -15.875
18210 -15.641
18220 -15.288
18230 -14.840
18240 -14.350
18250 -13.879
18260 -13.468
18270 -13.127
18280 -12.840
18290 -12.581
18300 -12.324
18310 -12.054
18320 -11.775
18330 -11.512
18340 -11.297
18350 -11.154
18360 -11.081
18370 -11.063
18380 -11.085
18390 -11.133
18400 -11.206
18410 -11.306
18420 -11.433
18430 -11.581
18440 -11.732
18450 -11.868
18460 -11.978
18470 -12.059
18480 -12.116
18490 -12.146
18500 -12.141
18510 -12.077
18520 -11.921
18530 -11.643
18540 -11.235
18550 -10.718
18560 -10.130
18570 -9.503
18580 -8.853
18590 -8.183
18600 -7.489
18610 -6.776
18620 -6.069
18630 -5.413
18640 -4.863
18650 -4.452
18660 -4.160
18670 -3.934
18680 -3.721
18690 -3.498
18700 -3.282
18710 -3.121
18720 -3.083
18730 -3.213
18740 -3.497
18750 -3.859
18760 -4.199
18770 -4.450
18780 -4.596
18790 -4.667
18800 -4.713
18810 -4.796
18820 -4.959
18830 -5.212
18840 -5.519
18850 -5.815
18860 -6.029
18870 -6.121
18880 -6.082
18890 -5.931
18900 -5.703
18910 -5.439
18920 -5.177
18930 -4.948
18940 -4.772
18950 -4.648
18960 -4.555
18970 -4.455
18980 -4.313
18990 -4.116
19000 -3.883
19010 -3.663
19020 -3.522
19030 -3.521
19040 -3.683
19050 -3.979
19060 -4.337
19070 -4.670
19080 -4.911
19090 -5.036
19100 -5.070
19110 -5.077
19120 -5.130
19130 -5.287
19140 -5.563
19150 -5.934
19160 -6.341
19170 -6.713
19180 -6.994
19190 -7.159
19200 -7.223
19210 -7.231
19220 -7.243
19230 -7.303
19240 -7.429
19250 -7.606
19260 -7.799
19270 -7.960
19280 -8.045
19290 -8.021
19300 -7.882
19310 -7.649
19320 -7.371
19330 -7.113
19340 -6.937
19350 -6.877
19360 -6.932
19370 -7.060
19380 -7.198
19390 -7.282
19400 -7.270
19410 -7.163
19420 -7.005
19430 -6.870
19440 -6.827
19450 -6.909
19460 -7.106
19470 -7.370
19480 -7.637
19490 -7.845
19500 -7.951
19510 -7.949
19520 -7.873
19530 -7.790
19540 -7.767
19550 -7.845
19560 -8.024
19570 -8.266
19580 -8.514
19590 -8.707
19600 -8.796
19610 -8.754
19620 -8.592
19630 -8.357
19640 -8.119
19650 -7.938
19660 -7.846
19670 -7.835
19680 -7.870
19690 -7.900
19700 -7.875
19710 -7.761
19720 -7.555
19730 -7.295
19740 -7.056
19750 -6.910
19760 -6.897
19770 -7.003
19780 -7.181
19790 -7.369
19800 -7.510
19810 -7.563
19820 -7.513
19830 -7.386
19840 -7.241
19850 -7.154
19860 -7.172
19870 -7.295
19880 -7.488
19890 -7.697
19900 -7.872
19910 -7.973
19920 -7.976
19930 -7.892
19940 -7.765
19950 -7.664
19960 -7.648
19970 -7.730
19980 -7.886
19990 -8.069
20000 -8.233
20010 -8.338
20020 -8.357
20030 -8.286
20040 -8.155
20050 -8.024
20060 -7.960
20070 -7.990
20080 -8.100
20090 -8.246
20100 -8.384
20110 -8.472
20120 -8.478
20130 -8.385
20140 -8.209
20150 -8.006
20160 -7.859
20170 -7.820
20180 -7.882
20190 -7.996
20200 -8.104
20210 -8.150
20220 -8.064
20230 -7.755
20240 -7.137
20250 -6.293
20260 -5.634
20270 -5.494
20280 -5.716
20290 -6.022
20300 -6.281
20310 -6.467
20320 -6.586
20330 -6.655
20340 -6.691
20350 -6.710
20360 -6.727
20370 -6.749
20380 -6.772
20390 -6.775
20400 -6.731
20410 -6.622
20420 -6.448
20430 -6.228
20440 -5.993
20450 -5.778
20460 -5.617
20470 -5.534
20480 -5.526
20490 -5.555
20500 -5.560
20510 -5.489
20520 -5.318
20530 -5.060
20540 -4.751
20550 -4.448
20560 -4.211
20570 -4.095
20580 -4.117
20590 -4.237
20600 -4.363
20610 -4.400
20620 -4.297
20630 -4.055
20640 -3.723
20650 -3.373
20660 -3.094
20670 -2.969
20680 -3.048
20690 -3.303
20700 -3.623
20710 -3.856
20720 -3.890
20730 -3.707
20740 -3.374
20750 -2.995
20760 -2.683
20770 -2.543
20780 -2.663
20790 -3.090
20800 -3.781
20810 -4.516
20820 -4.914
20830 -4.735
20840 -4.160
20850 -3.525
20860 -3.015
20870 -2.673
20880 -2.473
20890 -2.373
20900 -2.333
20910 -2.319
20920 -2.304
20930 -2.265
20940 -2.194
20950 -2.108
20960 -2.090
20970 -2.274
20980 -2.695
20990 -3.184
21000 -3.559
21010 -3.764
21020 -3.815
21030 -3.741
21040 -3.569
21050 -3.337
21060 -3.129
21070 -3.076
21080 -3.294
21090 -3.733
21100 -4.201
21110 -4.534
21120 -4.671
21130 -4.622
21140 -4.422
21150 -4.120
21160 -3.806
21170 -3.618
21180 -3.708
21190 -4.097
21200 -4.618
21210 -5.052
21220 -5.273
21230 -5.261
21240 -5.043
21250 -4.679
21260 -4.260
21270 -3.934
21280 -3.889
21290 -4.210
21300 -4.765
21310 -5.298
21320 -5.616
21330 -5.655
21340 -5.431
21350 -5.004
21360 -4.472
21370 -3.995
21380 -3.799
21390 -4.043
21400 -4.635
21410 -5.286
21420 -5.735
21430 -5.863
21440 -5.666
21450 -5.203
21460 -4.582
21470 -3.984
21480 -3.676
21490 -3.883
21500 -4.553
21510 -5.366
21520 -6.001
21530 -6.290
21540 -6.204
21550 -5.800
21560 -5.190
21570 -4.559
21580 -4.173
21590 -4.284
21600 -4.898
21610 -5.732
21620 -6.450
21630 -6.838
21640 -6.825
21650 -6.437
21660 -5.766
21670 -4.964
21680 -4.272
21690 -3.999
21700 -4.311
21710 -5.034
21720 -5.803
21730 -6.324
21740 -6.453
21750 -6.166
21760 -5.523
21770 -4.651
21780 -3.777
21790 -3.259
21800 -3.409
21810 -4.161
21820 -5.114
21830 -5.894
21840 -6.299
21850 -6.268
21860 -5.838
21870 -5.126
21880 -4.351
21890 -3.859
21900 -3.993
21910 -4.764
21920 -5.826
21930 -6.800
21940 -7.456
21950 -7.703
21960 -7.548
21970 -7.085
21980 -6.485
21990 -6.012
22000 -5.957
22010 -6.445
22020 -7.303
22030 -8.216
22040 -8.927
22050 -9.287
22060 -9.255
22070 -8.875
22080 -8.272
22090 -7.655
22100 -7.308
22110 -7.461
22120 -8.093
22130 -8.942
22140 -9.710
22150 -10.193
22160 -10.297
22170 -10.026
22180 -9.477
22190 -8.839
22200 -8.396
22210 -8.425
22220 -8.983
22230 -9.850
22240 -10.719
22250 -11.356
22260 -11.636
22270 -11.531
22280 -11.113
22290 -10.551
22300 -10.106
22310 -10.055
22320 -10.505
22330 -11.305
22340 -12.182
22350 -12.896
22360 -13.293
22370 -13.302
22380 -12.946
22390 -12.351
22400 -11.742
22410 -11.400
22420 -11.521
22430 -12.067
22440 -12.806
22450 -13.479
22460 -13.887
22470 -13.908
22480 -13.514
22490 -12.783
22500 -11.915
22510 -11.222
22520 -11.012
22530 -11.357
22540 -12.040
22550 -12.752
22560 -13.250
22570 -13.377
22580 -13.063
22590 -12.342
22600 -11.383
22610 -10.510
22620 -10.114
22630 -10.380
22640 -11.111
22650 -11.955
22660 -12.636
22670 -12.977
22680 -12.878
22690 -12.327
22700 -11.433
22710 -10.469
22720 -9.851
22730 -9.909
22740 -10.583
22750 -11.522
22760 -12.395
22770 -12.985
22780 -13.149
22790 -12.817
22800 -12.018
22810 -10.931
22820 -9.926
22830 -9.500
22840 -9.902
22850 -10.868
22860 -11.955
22870 -12.839
22880 -13.319
22890 -13.269
22900 -12.657
22910 -11.585
22920 -10.347
22930 -9.485
22940 -9.560
22950 -10.541
22960 -11.889
22970 -13.139
22980 -14.023
22990 -14.373
23000 -14.108
23010 -13.277
23020 -12.113
23030 -11.103
23040 -10.902
23050 -11.747
23060 -13.186
23070 -14.684
23080 -15.920
23090 -16.683
23100 -16.822
23110 -16.298
23120 -15.272
23130 -14.156
23140 -13.579
23150 -13.993
23160 -15.200
23170 -16.690
23180 -18.086
23190 -19.134
23200 -19.592
23210 -19.267
23220 -18.185
23230 -16.704
23240 -15.494
23250 -15.253
23260 -16.043
23270 -17.339
23280 -18.680
23290 -19.786
23300 -20.402
23310 -20.235
23320 -19.118
23330 -17.300
23340 -15.538
23350 -14.821
23360 -15.375
23370 -16.545
23380 -17.777
23390 -18.817
23400 -19.484
23410 -19.517
23420 -18.620
23430 -16.805
23440 -14.802
23450 -13.882
23460 -14.410
23470 -15.563
23480 -16.735
23490 -17.724
23500 -18.424
23510 -18.644
23520 -18.035
23530 -16.301
23540 -13.908
23550 -12.577
23560 -13.169
23570 -14.482
23580 -15.726
23590 -16.738
23600 -17.477
23610 -17.795
23620 -17.264
23630 -15.132
23640 -11.235
23650 -8.920
23660 -10.724
23670 -12.836
23680 -14.347
23690 -15.409
23700 -16.123
23710 -16.398
23720 -15.723
23730 -12.628
23740 -3.886
23750 -3.874
23760 -9.827
23770 -12.397
23780 -13.810
23790 -14.691
23800 -15.242
23810 -15.450
23820 -14.916
23830 -11.853
23840 -2.520
23850 -9.341
23860 -12.779
23870 -14.234
23880 -15.017
23890 -15.512
23900 -15.864
23910 -16.149
23920 -16.442
23930 -16.917
23940 -17.922
23950 -17.603
23960 -17.045
23970 -16.887
23980 -16.842
23990 -16.829
