00000 +0.962
00010 +0.758
00020 +0.277
00030 -0.243
00040 -0.656
00050 -0.918
00060 -1.038
00070 -1.047
00080 -0.994
00090 -0.941
00100 -0.964
00110 -1.118
00120 -1.401
00130 -1.747
00140 -2.073
00150 -2.325
00160 -2.483
00170 -2.560
00180 -2.579
00190 -2.573
00200 -2.576
00210 -2.615
00220 -2.704
00230 -2.836
00240 -2.983
00250 -3.111
00260 -3.196
00270 -3.230
00280 -3.216
00290 -3.172
00300 -3.119
00310 -3.078
00320 -3.068
00330 -3.094
00340 -3.150
00350 -3.216
00360 -3.267
00370 -3.288
00380 -3.272
00390 -3.227
00400 -3.167
00410 -3.117
00420 -3.097
00430 -3.122
00440 -3.197
00450 -3.308
00460 -3.434
00470 -3.555
00480 -3.658
00490 -3.743
00500 -3.823
00510 -3.918
00520 -4.050
00530 -4.228
00540 -4.453
00550 -4.709
00560 -4.970
00570 -5.214
00580 -5.422
00590 -5.592
00600 -5.730
00610 -5.851
00620 -5.969
00630 -6.094
00640 -6.231
00650 -6.375
00660 -6.513
00670 -6.632
00680 -6.722
00690 -6.777
00700 -6.800
00710 -6.801
00720 -6.791
00730 -6.784
00740 -6.790
00750 -6.812
00760 -6.847
00770 -6.887
00780 -6.920
00790 -6.937
00800 -6.933
00810 -6.910
00820 -6.880
00830 -6.858
00840 -6.857
00850 -6.888
00860 -6.954
00870 -7.050
00880 -7.160
00890 -7.270
00900 -7.366
00910 -7.445
00920 -7.512
00930 -7.579
00940 -7.658
00950 -7.756
00960 -7.872
00970 -7.995
00980 -8.110
00990 -8.203
01000 -8.263
01010 -8.291
01020 -8.293
01030 -8.281
01040 -8.268
01050 -8.263
01060 -8.270
01070 -8.285
01080 -8.305
01090 -8.320
01100 -8.325
01110 -8.316
01120 -8.296
01130 -8.272
01140 -8.251
01150 -8.243
01160 -8.254
01170 -8.288
01180 -8.345
01190 -8.421
01200 -8.513
01210 -8.617
01220 -8.731
01230 -8.858
01240 -9.004
01250 -9.175
01260 -9.379
01270 -9.620
01280 -9.898
01290 -10.209
01300 -10.541
01310 -10.880
01320 -11.207
01330 -11.509
01340 -11.781
01350 -12.020
01360 -12.232
01370 -12.422
01380 -12.590
01390 -12.735
01400 -12.850
01410 -12.930
01420 -12.973
01430 -12.982
01440 -12.964
01450 -12.930
01460 -12.889
01470 -12.850
01480 -12.817
01490 -12.792
01500 -12.775
01510 -12.765
01520 -12.759
01530 -12.756
01540 -12.757
01550 -12.764
01560 -12.780
01570 -12.808
01580 -12.851
01590 -12.910
01600 -12.985
01610 -13.071
01620 -13.163
01630 -13.252
01640 -13.331
01650 -13.394
01660 -13.438
01670 -13.466
01680 -13.479
01690 -13.483
01700 -13.478
01710 -13.465
01720 -13.445
01730 -13.415
01740 -13.375
01750 -13.325
01760 -13.269
01770 -13.209
01780 -13.147
01790 -13.086
01800 -13.028
01810 -12.973
01820 -12.922
01830 -12.875
01840 -12.830
01850 -12.785
01860 -12.741
01870 -12.696
01880 -12.649
01890 -12.601
01900 -12.552
01910 -12.503
01920 -12.454
01930 -12.406
01940 -12.360
01950 -12.314
01960 -12.266
01970 -12.214
01980 -12.155
01990 -12.087
02000 -12.009
02010 -11.922
02020 -11.825
02030 -11.721
02040 -11.612
02050 -11.501
02060 -11.388
02070 -11.273
02080 -11.155
02090 -11.031
02100 -10.901
02110 -10.766
02120 -10.630
02130 -10.496
02140 -10.370
02150 -10.257
02160 -10.159
02170 -10.073
02180 -9.995
02190 -9.919
02200 -9.840
02210 -9.755
02220 -9.662
02230 -9.564
02240 -9.466
02250 -9.370
02260 -9.280
02270 -9.194
02280 -9.110
02290 -9.023
02300 -8.926
02310 -8.814
02320 -8.687
02330 -8.544
02340 -8.391
02350 -8.232
02360 -8.076
02370 -7.927
02380 -7.786
02390 -7.652
02400 -7.520
02410 -7.385
02420 -7.242
02430 -7.093
02440 -6.944
02450 -6.803
02460 -6.684
02470 -6.597
02480 -6.548
02490 -6.533
02500 -6.545
02510 -6.569
02520 -6.596
02530 -6.620
02540 -6.642
02550 -6.668
02560 -6.708
02570 -6.768
02580 -6.851
02590 -6.950
02600 -7.055
02610 -7.152
02620 -7.230
02630 -7.283
02640 -7.310
02650 -7.318
02660 -7.317
02670 -7.314
02680 -7.317
02690 -7.325
02700 -7.333
02710 -7.329
02720 -7.305
02730 -7.252
02740 -7.170
02750 -7.065
02760 -6.947
02770 -6.832
02780 -6.735
02790 -6.670
02800 -6.640
02810 -6.646
02820 -6.681
02830 -6.742
02840 -6.824
02850 -6.929
02860 -7.064
02870 -7.234
02880 -7.441
02890 -7.681
02900 -7.944
02910 -8.214
02920 -8.473
02930 -8.708
02940 -8.910
02950 -9.077
02960 -9.213
02970 -9.329
02980 -9.432
02990 -9.532
03000 -9.631
03010 -9.728
03020 -9.815
03030 -9.886
03040 -9.934
03050 -9.953
03060 -9.948
03070 -9.922
03080 -9.886
03090 -9.849
03100 -9.817
03110 -9.792
03120 -9.771
03130 -9.747
03140 -9.713
03150 -9.661
03160 -9.590
03170 -9.502
03180 -9.406
03190 -9.311
03200 -9.228
03210 -9.164
03220 -9.121
03230 -9.095
03240 -9.081
03250 -9.071
03260 -9.060
03270 -9.049
03280 -9.041
03290 -9.046
03300 -9.072
03310 -9.127
03320 -9.213
03330 -9.327
03340 -9.461
03350 -9.601
03360 -9.737
03370 -9.861
03380 -9.971
03390 -10.070
03400 -10.164
03410 -10.262
03420 -10.368
03430 -10.484
03440 -10.604
03450 -10.720
03460 -10.819
03470 -10.895
03480 -10.942
03490 -10.961
03500 -10.961
03510 -10.949
03520 -10.936
03530 -10.928
03540 -10.925
03550 -10.919
03560 -10.901
03570 -10.861
03580 -10.790
03590 -10.685
03600 -10.552
03610 -10.400
03620 -10.239
03630 -10.079
03640 -9.925
03650 -9.775
03660 -9.620
03670 -9.449
03680 -9.252
03690 -9.025
03700 -8.769
03710 -8.496
03720 -8.220
03730 -7.959
03740 -7.725
03750 -7.524
03760 -7.353
03770 -7.202
03780 -7.062
03790 -6.925
03800 -6.793
03810 -6.674
03820 -6.580
03830 -6.525
03840 -6.515
03850 -6.549
03860 -6.617
03870 -6.701
03880 -6.784
03890 -6.853
03900 -6.899
03910 -6.923
03920 -6.932
03930 -6.936
03940 -6.943
03950 -6.959
03960 -6.983
03970 -7.006
03980 -7.017
03990 -7.005
04000 -6.962
04010 -6.887
04020 -6.789
04030 -6.680
04040 -6.578
04050 -6.496
04060 -6.443
04070 -6.417
04080 -6.409
04090 -6.406
04100 -6.400
04110 -6.387
04120 -6.375
04130 -6.375
04140 -6.403
04150 -6.469
04160 -6.575
04170 -6.713
04180 -6.868
04190 -7.024
04200 -7.166
04210 -7.287
04220 -7.388
04230 -7.476
04240 -7.559
04250 -7.647
04260 -7.744
04270 -7.850
04280 -7.956
04290 -8.052
04300 -8.130
04310 -8.182
04320 -8.209
04330 -8.214
04340 -8.207
04350 -8.198
04360 -8.196
04370 -8.205
04380 -8.223
04390 -8.245
04400 -8.263
04410 -8.270
04420 -8.261
04430 -8.238
04440 -8.208
04450 -8.179
04460 -8.162
04470 -8.164
04480 -8.186
04490 -8.226
04500 -8.275
04510 -8.325
04520 -8.369
04530 -8.402
04540 -8.427
04550 -8.449
04560 -8.476
04570 -8.517
04580 -8.574
04590 -8.646
04600 -8.728
04610 -8.807
04620 -8.876
04630 -8.926
04640 -8.957
04650 -8.970
04660 -8.974
04670 -8.978
04680 -8.989
04690 -9.010
04700 -9.037
04710 -9.063
04720 -9.079
04730 -9.075
04740 -9.048
04750 -9.001
04760 -8.941
04770 -8.879
04780 -8.826
04790 -8.788
04800 -8.765
04810 -8.754
04820 -8.745
04830 -8.730
04840 -8.705
04850 -8.668
04860 -8.628
04870 -8.593
04880 -8.576
04890 -8.585
04900 -8.622
04910 -8.682
04920 -8.757
04930 -8.834
04940 -8.905
04950 -8.966
04960 -9.017
04970 -9.064
04980 -9.116
04990 -9.180
05000 -9.258
05010 -9.348
05020 -9.441
05030 -9.527
05040 -9.595
05050 -9.639
05060 -9.657
05070 -9.655
05080 -9.642
05090 -9.630
05100 -9.626
05110 -9.634
05120 -9.647
05130 -9.658
05140 -9.657
05150 -9.636
05160 -9.595
05170 -9.539
05180 -9.477
05190 -9.424
05200 -9.388
05210 -9.376
05220 -9.385
05230 -9.407
05240 -9.433
05250 -9.454
05260 -9.467
05270 -9.475
05280 -9.485
05290 -9.508
05300 -9.553
05310 -9.624
05320 -9.719
05330 -9.831
05340 -9.949
05350 -10.064
05360 -10.167
05370 -10.256
05380 -10.335
05390 -10.410
05400 -10.491
05410 -10.583
05420 -10.690
05430 -10.806
05440 -10.925
05450 -11.035
05460 -11.128
05470 -11.200
05480 -11.253
05490 -11.297
05500 -11.342
05510 -11.399
05520 -11.473
05530 -11.564
05540 -11.664
05550 -11.764
05560 -11.855
05570 -11.932
05580 -11.996
05590 -12.055
05600 -12.119
05610 -12.197
05620 -12.295
05630 -12.413
05640 -12.545
05650 -12.680
05660 -12.810
05670 -12.929
05680 -13.035
05690 -13.130
05700 -13.221
05710 -13.315
05720 -13.416
05730 -13.527
05740 -13.643
05750 -13.759
05760 -13.866
05770 -13.957
05780 -14.027
05790 -14.076
05800 -14.107
05810 -14.127
05820 -14.145
05830 -14.166
05840 -14.194
05850 -14.227
05860 -14.259
05870 -14.282
05880 -14.291
05890 -14.282
05900 -14.258
05910 -14.227
05920 -14.199
05930 -14.185
05940 -14.189
05950 -14.212
05960 -14.248
05970 -14.287
05980 -14.321
05990 -14.346
06000 -14.361
06010 -14.373
06020 -14.389
06030 -14.419
06040 -14.469
06050 -14.538
06060 -14.622
06070 -14.711
06080 -14.796
06090 -14.871
06100 -14.932
06110 -14.981
06120 -15.024
06130 -15.067
06140 -15.116
06150 -15.174
06160 -15.241
06170 -15.310
06180 -15.373
06190 -15.423
06200 -15.452
06210 -15.460
06220 -15.450
06230 -15.428
06240 -15.405
06250 -15.388
06260 -15.384
06270 -15.391
06280 -15.402
06290 -15.409
06300 -15.402
06310 -15.378
06320 -15.340
06330 -15.294
06340 -15.253
06350 -15.230
06360 -15.231
06370 -15.257
06380 -15.301
06390 -15.351
06400 -15.398
06410 -15.433
06420 -15.457
06430 -15.476
06440 -15.500
06450 -15.538
06460 -15.598
06470 -15.679
06480 -15.777
06490 -15.881
06500 -15.980
06510 -16.067
06520 -16.136
06530 -16.190
06540 -16.234
06550 -16.276
06560 -16.325
06570 -16.387
06580 -16.460
06590 -16.541
06600 -16.619
06610 -16.685
06620 -16.731
06630 -16.754
06640 -16.757
06650 -16.750
06660 -16.746
06670 -16.755
06680 -16.785
06690 -16.833
06700 -16.891
06710 -16.946
06720 -16.986
06730 -17.006
06740 -17.007
06750 -17.000
06760 -16.998
06770 -17.014
06780 -17.058
06790 -17.127
06800 -17.213
06810 -17.301
06820 -17.380
06830 -17.440
06840 -17.481
06850 -17.510
06860 -17.538
06870 -17.576
06880 -17.634
06890 -17.711
06900 -17.804
06910 -17.900
06920 -17.988
06930 -18.058
06940 -18.106
06950 -18.133
06960 -18.146
06970 -18.156
06980 -18.174
06990 -18.208
07000 -18.259
07010 -18.323
07020 -18.388
07030 -18.443
07040 -18.478
07050 -18.490
07060 -18.483
07070 -18.468
07080 -18.461
07090 -18.475
07100 -18.518
07110 -18.588
07120 -18.675
07130 -18.761
07140 -18.833
07150 -18.882
07160 -18.912
07170 -18.933
07180 -18.961
07190 -19.011
07200 -19.092
07210 -19.202
07220 -19.329
07230 -19.457
07240 -19.571
07250 -19.659
07260 -19.722
07270 -19.766
07280 -19.805
07290 -19.851
07300 -19.916
07310 -20.000
07320 -20.099
07330 -20.199
07340 -20.288
07350 -20.354
07360 -20.391
07370 -20.401
07380 -20.395
07390 -20.386
07400 -20.388
07410 -20.411
07420 -20.457
07430 -20.518
07440 -20.583
07450 -20.634
07460 -20.662
07470 -20.664
07480 -20.646
07490 -20.622
07500 -20.609
07510 -20.623
07520 -20.670
07530 -20.745
07540 -20.833
07550 -20.915
07560 -20.978
07570 -21.015
07580 -21.029
07590 -21.033
07600 -21.045
07610 -21.081
07620 -21.147
07630 -21.242
07640 -21.353
07650 -21.463
07660 -21.556
07670 -21.624
07680 -21.666
07690 -21.692
07700 -21.715
07710 -21.750
07720 -21.808
07730 -21.890
07740 -21.991
07750 -22.096
07760 -22.192
07770 -22.267
07780 -22.314
07790 -22.337
07800 -22.346
07810 -22.355
07820 -22.379
07830 -22.428
07840 -22.501
07850 -22.589
07860 -22.677
07870 -22.748
07880 -22.793
07890 -22.809
07900 -22.803
07910 -22.793
07920 -22.794
07930 -22.821
07940 -22.878
07950 -22.957
07960 -23.042
07970 -23.118
07980 -23.170
07990 -23.193
08000 -23.194
08010 -23.186
08020 -23.184
08030 -23.204
08040 -23.252
08050 -23.322
08060 -23.404
08070 -23.481
08080 -23.539
08090 -23.570
08100 -23.574
08110 -23.561
08120 -23.542
08130 -23.531
08140 -23.536
08150 -23.559
08160 -23.592
08170 -23.623
08180 -23.637
08190 -23.622
08200 -23.573
08210 -23.495
08220 -23.396
08230 -23.292
08240 -23.196
08250 -23.116
08260 -23.051
08270 -22.994
08280 -22.929
08290 -22.846
08300 -22.735
08310 -22.597
08320 -22.441
08330 -22.282
08340 -22.136
08350 -22.014
08360 -21.920
08370 -21.847
08380 -21.782
08390 -21.712
08400 -21.626
08410 -21.521
08420 -21.402
08430 -21.281
08440 -21.172
08450 -21.086
08460 -21.030
08470 -21.001
08480 -20.987
08490 -20.977
08500 -20.959
08510 -20.926
08520 -20.880
08530 -20.826
08540 -20.776
08550 -20.741
08560 -20.731
08570 -20.746
08580 -20.781
08590 -20.824
08600 -20.864
08610 -20.891
08620 -20.898
08630 -20.889
08640 -20.872
08650 -20.857
08660 -20.857
08670 -20.877
08680 -20.916
08690 -20.966
08700 -21.013
08710 -21.046
08720 -21.055
08730 -21.041
08740 -21.010
08750 -20.974
08760 -20.947
08770 -20.939
08780 -20.952
08790 -20.980
08800 -21.011
08810 -21.033
08820 -21.037
08830 -21.019
08840 -20.986
08850 -20.946
08860 -20.913
08870 -20.898
08880 -20.904
08890 -20.928
08900 -20.961
08910 -20.991
08920 -21.008
08930 -21.007
08940 -20.988
08950 -20.958
08960 -20.927
08970 -20.906
08980 -20.901
08990 -20.912
09000 -20.932
09010 -20.952
09020 -20.961
09030 -20.951
09040 -20.922
09050 -20.877
09060 -20.824
09070 -20.774
09080 -20.737
09090 -20.716
09100 -20.708
09110 -20.705
09120 -20.699
09130 -20.681
09140 -20.648
09150 -20.602
09160 -20.550
09170 -20.503
09180 -20.469
09190 -20.454
09200 -20.457
09210 -20.471
09220 -20.489
09230 -20.504
09240 -20.509
09250 -20.506
09260 -20.498
09270 -20.494
09280 -20.500
09290 -20.521
09300 -20.559
09310 -20.609
09320 -20.666
09330 -20.721
09340 -20.770
09350 -20.810
09360 -20.843
09370 -20.873
09380 -20.906
09390 -20.946
09400 -20.996
09410 -21.054
09420 -21.117
09430 -21.179
09440 -21.234
09450 -21.278
09460 -21.312
09470 -21.338
09480 -21.360
09490 -21.385
09500 -21.415
09510 -21.451
09520 -21.493
09530 -21.537
09540 -21.577
09550 -21.611
09560 -21.636
09570 -21.655
09580 -21.672
09590 -21.690
09600 -21.713
09610 -21.746
09620 -21.787
09630 -21.834
09640 -21.883
09650 -21.931
09660 -21.976
09670 -22.017
09680 -22.057
09690 -22.098
09700 -22.144
09710 -22.197
09720 -22.259
09730 -22.327
09740 -22.400
09750 -22.473
09760 -22.543
09770 -22.610
09780 -22.672
09790 -22.731
09800 -22.790
09810 -22.850
09820 -22.913
09830 -22.979
09840 -23.044
09850 -23.108
09860 -23.166
09870 -23.216
09880 -23.257
09890 -23.290
09900 -23.315
09910 -23.336
09920 -23.354
09930 -23.369
09940 -23.383
09950 -23.393
09960 -23.398
09970 -23.395
09980 -23.383
09990 -23.363
10000 -23.335
10010 -23.302
10020 -23.267
10030 -23.231
10040 -23.195
10050 -23.160
10060 -23.125
10070 -23.087
10080 -23.045
10090 -22.999
10100 -22.948
10110 -22.895
10120 -22.842
10130 -22.791
10140 -22.743
10150 -22.700
10160 -22.659
10170 -22.620
10180 -22.580
10190 -22.539
10200 -22.494
10210 -22.448
10220 -22.401
10230 -22.356
10240 -22.314
10250 -22.276
10260 -22.242
10270 -22.210
10280 -22.177
10290 -22.143
10300 -22.105
10310 -22.063
10320 -22.018
10330 -21.972
10340 -21.928
10350 -21.885
10360 -21.846
10370 -21.807
10380 -21.769
10390 -21.727
10400 -21.680
10410 -21.628
10420 -21.572
10430 -21.512
10440 -21.451
10450 -21.392
10460 -21.335
10470 -21.281
10480 -21.228
10490 -21.174
10500 -21.117
10510 -21.056
10520 -20.991
10530 -20.925
10540 -20.861
10550 -20.801
10560 -20.750
10570 -20.708
10580 -20.674
10590 -20.646
10600 -20.622
10610 -20.600
10620 -20.580
10630 -20.564
10640 -20.554
10650 -20.555
10660 -20.568
10670 -20.595
10680 -20.632
10690 -20.677
10700 -20.725
10710 -20.773
10720 -20.818
10730 -20.861
10740 -20.905
10750 -20.951
10760 -21.003
10770 -21.061
10780 -21.122
10790 -21.185
10800 -21.244
10810 -21.295
10820 -21.339
10830 -21.373
10840 -21.401
10850 -21.426
10860 -21.450
10870 -21.476
10880 -21.504
10890 -21.531
10900 -21.554
10910 -21.569
10920 -21.575
10930 -21.570
10940 -21.556
10950 -21.536
10960 -21.515
10970 -21.494
10980 -21.476
10990 -21.461
11000 -21.446
11010 -21.427
11020 -21.401
11030 -21.367
11040 -21.326
11050 -21.280
11060 -21.234
11070 -21.192
11080 -21.158
11090 -21.134
11100 -21.118
11110 -21.107
11120 -21.095
11130 -21.080
11140 -21.059
11150 -21.035
11160 -21.010
11170 -20.990
11180 -20.979
11190 -20.979
11200 -20.989
11210 -21.003
11220 -21.016
11230 -21.022
11240 -21.016
11250 -20.998
11260 -20.971
11270 -20.942
11280 -20.914
11290 -20.892
11300 -20.877
11310 -20.863
11320 -20.847
11330 -20.820
11340 -20.778
11350 -20.721
11360 -20.650
11370 -20.572
11380 -20.493
11390 -20.420
11400 -20.356
11410 -20.299
11420 -20.245
11430 -20.187
11440 -20.120
11450 -20.042
11460 -19.953
11470 -19.859
11480 -19.769
11490 -19.690
11500 -19.627
11510 -19.582
11520 -19.550
11530 -19.525
11540 -19.499
11550 -19.467
11560 -19.427
11570 -19.383
11580 -19.340
11590 -19.306
11600 -19.287
11610 -19.284
11620 -19.294
11630 -19.309
11640 -19.320
11650 -19.320
11660 -19.304
11670 -19.273
11680 -19.232
11690 -19.188
11700 -19.149
11710 -19.118
11720 -19.097
11730 -19.080
11740 -19.062
11750 -19.033
11760 -18.989
11770 -18.928
11780 -18.856
11790 -18.778
11800 -18.706
11810 -18.646
11820 -18.605
11830 -18.580
11840 -18.568
11850 -18.561
11860 -18.551
11870 -18.535
11880 -18.513
11890 -18.494
11900 -18.485
11910 -18.497
11920 -18.538
11930 -18.608
11940 -18.703
11950 -18.816
11960 -18.933
11970 -19.047
11980 -19.153
11990 -19.253
12000 -19.354
12010 -19.464
12020 -19.591
12030 -19.734
12040 -19.890
12050 -20.047
12060 -20.191
12070 -20.307
12080 -20.388
12090 -20.431
12100 -20.444
12110 -20.434
12120 -20.411
12130 -20.379
12140 -20.339
12150 -20.284
12160 -20.204
12170 -20.091
12180 -19.941
12190 -19.758
12200 -19.550
12210 -19.329
12220 -19.109
12230 -18.897
12240 -18.699
12250 -18.513
12260 -18.335
12270 -18.161
12280 -17.985
12290 -17.807
12300 -17.632
12310 -17.465
12320 -17.316
12330 -17.192
12340 -17.098
12350 -17.036
12360 -17.003
12370 -16.992
12380 -16.994
12390 -17.002
12400 -17.011
12410 -17.022
12420 -17.038
12430 -17.062
12440 -17.099
12450 -17.149
12460 -17.210
12470 -17.272
12480 -17.326
12490 -17.361
12500 -17.370
12510 -17.351
12520 -17.307
12530 -17.243
12540 -17.168
12550 -17.089
12560 -17.007
12570 -16.925
12580 -16.840
12590 -16.748
12600 -16.647
12610 -16.537
12620 -16.418
12630 -16.298
12640 -16.182
12650 -16.080
12660 -15.996
12670 -15.936
12680 -15.899
12690 -15.882
12700 -15.878
12710 -15.881
12720 -15.885
12730 -15.889
12740 -15.897
12750 -15.913
12760 -15.945
12770 -15.998
12780 -16.073
12790 -16.167
12800 -16.273
12810 -16.382
12820 -16.484
12830 -16.575
12840 -16.653
12850 -16.724
12860 -16.793
12870 -16.867
12880 -16.951
12890 -17.045
12900 -17.144
12910 -17.238
12920 -17.318
12930 -17.376
12940 -17.410
12950 -17.421
12960 -17.416
12970 -17.402
12980 -17.390
12990 -17.383
13000 -17.383
13010 -17.386
13020 -17.384
13030 -17.369
13040 -17.336
13050 -17.284
13060 -17.219
13070 -17.149
13080 -17.084
13090 -17.035
13100 -17.008
13110 -17.000
13120 -17.007
13130 -17.016
13140 -17.018
13150 -17.007
13160 -16.981
13170 -16.948
13180 -16.918
13190 -16.900
13200 -16.904
13210 -16.932
13220 -16.977
13230 -17.029
13240 -17.073
13250 -17.101
13260 -17.106
13270 -17.092
13280 -17.067
13290 -17.042
13300 -17.028
13310 -17.033
13320 -17.055
13330 -17.086
13340 -17.113
13350 -17.125
13360 -17.112
13370 -17.074
13380 -17.017
13390 -16.952
13400 -16.894
13410 -16.854
13420 -16.840
13430 -16.846
13440 -16.865
13450 -16.880
13460 -16.881
13470 -16.859
13480 -16.816
13490 -16.763
13500 -16.713
13510 -16.683
13520 -16.683
13530 -16.713
13540 -16.767
13550 -16.827
13560 -16.877
13570 -16.906
13580 -16.908
13590 -16.890
13600 -16.867
13610 -16.853
13620 -16.864
13630 -16.904
13640 -16.969
13650 -17.044
13660 -17.113
13670 -17.159
13680 -17.176
13690 -17.165
13700 -17.136
13710 -17.106
13720 -17.090
13730 -17.099
13740 -17.136
13750 -17.191
13760 -17.250
13770 -17.299
13780 -17.324
13790 -17.323
13800 -17.300
13810 -17.269
13820 -17.247
13830 -17.250
13840 -17.286
13850 -17.353
13860 -17.440
13870 -17.530
13880 -17.605
13890 -17.653
13900 -17.674
13910 -17.676
13920 -17.676
13930 -17.692
13940 -17.738
13950 -17.817
13960 -17.922
13970 -18.033
13980 -18.132
13990 -18.201
14000 -18.235
14010 -18.238
14020 -18.225
14030 -18.216
14040 -18.226
14050 -18.266
14060 -18.332
14070 -18.410
14080 -18.481
14090 -18.529
14100 -18.542
14110 -18.522
14120 -18.479
14130 -18.430
14140 -18.396
14150 -18.390
14160 -18.417
14170 -18.470
14180 -18.534
14190 -18.592
14200 -18.629
14210 -18.639
14220 -18.626
14230 -18.602
14240 -18.587
14250 -18.597
14260 -18.643
14270 -18.726
14280 -18.833
14290 -18.946
14300 -19.045
14310 -19.117
14320 -19.159
14330 -19.177
14340 -19.188
14350 -19.212
14360 -19.265
14370 -19.352
14380 -19.464
14390 -19.585
14400 -19.695
14410 -19.775
14420 -19.818
14430 -19.828
14440 -19.818
14450 -19.806
14460 -19.812
14470 -19.844
14480 -19.901
14490 -19.971
14500 -20.037
14510 -20.083
14520 -20.098
14530 -20.082
14540 -20.042
14550 -19.993
14560 -19.952
14570 -19.934
14580 -19.945
14590 -19.980
14600 -20.027
14610 -20.071
14620 -20.098
14630 -20.098
14640 -20.070
14650 -20.023
14660 -19.971
14670 -19.932
14680 -19.917
14690 -19.931
14700 -19.965
14710 -20.004
14720 -20.028
14730 -20.022
14740 -19.980
14750 -19.904
14760 -19.807
14770 -19.710
14780 -19.630
14790 -19.576
14800 -19.546
14810 -19.527
14820 -19.502
14830 -19.453
14840 -19.371
14850 -19.256
14860 -19.121
14870 -18.984
14880 -18.865
14890 -18.778
14900 -18.727
14910 -18.705
14920 -18.699
14930 -18.691
14940 -18.669
14950 -18.628
14960 -18.570
14970 -18.509
14980 -18.461
14990 -18.443
15000 -18.463
15010 -18.522
15020 -18.607
15030 -18.700
15040 -18.782
15050 -18.841
15060 -18.871
15070 -18.880
15080 -18.881
15090 -18.893
15100 -18.933
15110 -19.004
15120 -19.100
15130 -19.203
15140 -19.293
15150 -19.353
15160 -19.373
15170 -19.357
15180 -19.318
15190 -19.277
15200 -19.253
15210 -19.257
15220 -19.287
15230 -19.330
15240 -19.368
15250 -19.382
15260 -19.363
15270 -19.311
15280 -19.236
15290 -19.157
15300 -19.094
15310 -19.062
15320 -19.065
15330 -19.095
15340 -19.139
15350 -19.179
15360 -19.200
15370 -19.196
15380 -19.170
15390 -19.132
15400 -19.100
15410 -19.091
15420 -19.115
15430 -19.171
15440 -19.248
15450 -19.326
15460 -19.386
15470 -19.414
15480 -19.405
15490 -19.367
15500 -19.314
15510 -19.266
15520 -19.242
15530 -19.249
15540 -19.278
15550 -19.312
15560 -19.331
15570 -19.316
15580 -19.260
15590 -19.165
15600 -19.048
15610 -18.931
15620 -18.836
15630 -18.777
15640 -18.752
15650 -18.748
15660 -18.743
15670 -18.718
15680 -18.662
15690 -18.575
15700 -18.467
15710 -18.358
15720 -18.270
15730 -18.221
15740 -18.216
15750 -18.246
15760 -18.290
15770 -18.326
15780 -18.337
15790 -18.313
15800 -18.256
15810 -18.181
15820 -18.109
15830 -18.061
15840 -18.051
15850 -18.077
15860 -18.122
15870 -18.159
15880 -18.165
15890 -18.122
15900 -18.026
15910 -17.889
15920 -17.732
15930 -17.584
15940 -17.470
15950 -17.398
15960 -17.355
15970 -17.315
15980 -17.247
15990 -17.129
16000 -16.953
16010 -16.727
16020 -16.475
16030 -16.232
16040 -16.033
16050 -15.898
16060 -15.819
16070 -15.770
16080 -15.716
16090 -15.626
16100 -15.487
16110 -15.300
16120 -15.088
16130 -14.886
16140 -14.734
16150 -14.660
16160 -14.664
16170 -14.717
16180 -14.776
16190 -14.799
16200 -14.760
16210 -14.649
16220 -14.483
16230 -14.295
16240 -14.132
16250 -14.036
16260 -14.020
16270 -14.063
16280 -14.115
16290 -14.122
16300 -14.045
16310 -13.869
16320 -13.608
16330 -13.300
16340 -13.010
16350 -12.800
16360 -12.706
16370 -12.711
16380 -12.755
16390 -12.769
16400 -12.702
16410 -12.540
16420 -12.304
16430 -12.048
16440 -11.853
16450 -11.793
16460 -11.900
16470 -12.136
16480 -12.426
16490 -12.692
16500 -12.887
16510 -12.998
16520 -13.045
16530 -13.071
16540 -13.131
16550 -13.275
16560 -13.521
16570 -13.846
16580 -14.199
16590 -14.519
16600 -14.759
16610 -14.894
16620 -14.927
16630 -14.886
16640 -14.818
16650 -14.780
16660 -14.818
16670 -14.943
16680 -15.128
16690 -15.314
16700 -15.443
16710 -15.479
16720 -15.414
16730 -15.274
16740 -15.115
16750 -15.005
16760 -15.004
16770 -15.136
16780 -15.371
16790 -15.646
16800 -15.895
16810 -16.076
16820 -16.179
16830 -16.224
16840 -16.254
16850 -16.321
16860 -16.470
16870 -16.715
16880 -17.038
16890 -17.394
16900 -17.732
16910 -18.011
16920 -18.209
16930 -18.326
16940 -18.383
16950 -18.416
16960 -18.467
16970 -18.569
16980 -18.734
16990 -18.947
17000 -19.168
17010 -19.350
17020 -19.454
17030 -19.459
17040 -19.372
17050 -19.220
17060 -19.053
17070 -18.925
17080 -18.873
17090 -18.906
17100 -18.992
17110 -19.076
17120 -19.105
17130 -19.044
17140 -18.891
17150 -18.676
17160 -18.455
17170 -18.294
17180 -18.243
17190 -18.317
17200 -18.483
17210 -18.680
17220 -18.850
17230 -18.956
17240 -18.990
17250 -18.973
17260 -18.946
17270 -18.956
17280 -19.039
17290 -19.205
17300 -19.437
17310 -19.695
17320 -19.934
17330 -20.117
17340 -20.221
17350 -20.241
17360 -20.191
17370 -20.102
17380 -20.011
17390 -19.954
17400 -19.951
17410 -19.995
17420 -20.055
17430 -20.084
17440 -20.038
17450 -19.888
17460 -19.631
17470 -19.293
17480 -18.924
17490 -18.590
17500 -18.346
17510 -18.213
17520 -18.165
17530 -18.140
17540 -18.071
17550 -17.915
17560 -17.666
17570 -17.361
17580 -17.070
17590 -16.874
17600 -16.827
17610 -16.931
17620 -17.134
17630 -17.361
17640 -17.548
17650 -17.657
17660 -17.683
17670 -17.646
17680 -17.580
17690 -17.523
17700 -17.503
17710 -17.531
17720 -17.598
17730 -17.679
17740 -17.739
17750 -17.741
17760 -17.656
17770 -17.469
17780 -17.180
17790 -16.815
17800 -16.417
17810 -16.040
17820 -15.730
17830 -15.503
17840 -15.333
17850 -15.158
17860 -14.912
17870 -14.544
17880 -14.043
17890 -13.453
17900 -12.882
17910 -12.470
17920 -12.324
17930 -12.436
17940 -12.700
17950 -12.987
17960 -13.208
17970 -13.337
17980 -13.396
17990 -13.445
18000 -13.542
18010 -13.719
18020 -13.963
18030 -14.234
18040 -14.482
18050 -14.667
18060 -14.763
18070 -14.760
18080 -14.658
18090 -14.468
18100 -14.212
18110 -13.915
18120 -13.602
18130 -13.295
18140 -13.004
18150 -12.720
18160 -12.416
18170 -12.052
18180 -11.587
18190 -10.984
18200 -10.229
18210 -9.338
18220 -8.374
18230 -7.446
18240 -6.685
18250 -6.170
18260 -5.873
18270 -5.696
18280 -5.560
18290 -5.475
18300 -5.554
18310 -5.938
18320 -6.664
18330 -7.619
18340 -8.637
18350 -9.592
18360 -10.426
18370 -11.123
18380 -11.697
18390 -12.174
18400 -12.582
18410 -12.947
18420 -13.284
18430 -13.600
18440 -13.891
18450 -14.149
18460 -14.363
18470 -14.522
18480 -14.613
18490 -14.624
18500 -14.544
18510 -14.363
18520 -14.078
18530 -13.697
18540 -13.244
18550 -12.754
18560 -12.266
18570 -11.793
18580 -11.314
18590 -10.771
18600 -10.092
18610 -9.220
18620 -8.155
18630 -7.034
18640 -6.200
18650 -6.034
18660 -6.519
18670 -7.272
18680 -7.978
18690 -8.522
18700 -8.915
18710 -9.224
18720 -9.527
18730 -9.871
18740 -10.249
18750 -10.613
18760 -10.904
18770 -11.081
18780 -11.123
18790 -11.024
18800 -10.790
18810 -10.431
18820 -9.960
18830 -9.395
18840 -8.762
18850 -8.089
18860 -7.405
18870 -6.739
18880 -6.110
18890 -5.540
18900 -5.082
18910 -4.855
18920 -5.039
18930 -5.746
18940 -6.877
18950 -8.189
18960 -9.464
18970 -10.583
18980 -11.510
18990 -12.258
19000 -12.870
19010 -13.396
19020 -13.881
19030 -14.357
19040 -14.828
19050 -15.281
19060 -15.687
19070 -16.021
19080 -16.270
19090 -16.436
19100 -16.534
19110 -16.586
19120 -16.617
19130 -16.651
19140 -16.702
19150 -16.776
19160 -16.871
19170 -16.977
19180 -17.086
19190 -17.194
19200 -17.305
19210 -17.431
19220 -17.598
19230 -17.837
19240 -18.179
19250 -18.650
19260 -19.253
19270 -19.966
19280 -20.742
19290 -21.525
19300 -22.267
19310 -22.948
19320 -23.578
19330 -24.188
19340 -24.811
19350 -25.466
19360 -26.140
19370 -26.785
19380 -27.332
19390 -27.720
19400 -27.932
19410 -28.002
19420 -27.991
19430 -27.962
19440 -27.954
19450 -27.978
19460 -28.021
19470 -28.051
19480 -28.034
19490 -27.950
19500 -27.807
19510 -27.631
19520 -27.457
19530 -27.318
19540 -27.238
19550 -27.227
19560 -27.279
19570 -27.378
19580 -27.496
19590 -27.603
19600 -27.679
19610 -27.719
19620 -27.737
19630 -27.757
19640 -27.803
19650 -27.888
19660 -28.012
19670 -28.155
19680 -28.286
19690 -28.369
19700 -28.381
19710 -28.324
19720 -28.222
19730 -28.111
19740 -28.022
19750 -27.974
19760 -27.970
19770 -27.997
19780 -28.030
19790 -28.040
19800 -28.005
19810 -27.920
19820 -27.801
19830 -27.674
19840 -27.566
19850 -27.496
19860 -27.470
19870 -27.481
19880 -27.512
19890 -27.538
19900 -27.535
19910 -27.491
19920 -27.408
19930 -27.304
19940 -27.205
19950 -27.132
19960 -27.098
19970 -27.104
19980 -27.138
19990 -27.182
20000 -27.212
20010 -27.209
20020 -27.163
20030 -27.084
20040 -26.992
20050 -26.912
20060 -26.864
20070 -26.856
20080 -26.885
20090 -26.939
20100 -26.996
20110 -27.030
20120 -27.022
20130 -26.965
20140 -26.871
20150 -26.768
20160 -26.688
20170 -26.648
20180 -26.652
20190 -26.687
20200 -26.713
20210 -26.663
20220 -26.449
20230 -26.035
20240 -25.523
20250 -25.097
20260 -24.856
20270 -24.775
20280 -24.794
20290 -24.860
20300 -24.944
20310 -25.028
20320 -25.106
20330 -25.173
20340 -25.229
20350 -25.276
20360 -25.316
20370 -25.354
20380 -25.393
20390 -25.435
20400 -25.481
20410 -25.530
20420 -25.577
20430 -25.618
20440 -25.650
20450 -25.672
20460 -25.687
20470 -25.700
20480 -25.717
20490 -25.743
20500 -25.780
20510 -25.830
20520 -25.888
20530 -25.949
20540 -26.006
20550 -26.054
20560 -26.090
20570 -26.119
20580 -26.145
20590 -26.174
20600 -26.214
20610 -26.266
20620 -26.332
20630 -26.405
20640 -26.478
20650 -26.541
20660 -26.588
20670 -26.618
20680 -26.634
20690 -26.643
20700 -26.652
20710 -26.669
20720 -26.695
20730 -26.730
20740 -26.768
20750 -26.801
20760 -26.821
20770 -26.823
20780 -26.809
20790 -26.782
20800 -26.751
20810 -26.723
20820 -26.704
20830 -26.699
20840 -26.708
20850 -26.729
20860 -26.754
20870 -26.775
20880 -26.786
20890 -26.784
20900 -26.776
20910 -26.771
20920 -26.784
20930 -26.833
20940 -26.931
20950 -27.067
20960 -27.197
20970 -27.263
20980 -27.248
20990 -27.174
21000 -27.077
21010 -26.981
21020 -26.900
21030 -26.841
21040 -26.802
21050 -26.784
21060 -26.782
21070 -26.791
21080 -26.803
21090 -26.812
21100 -26.814
21110 -26.806
21120 -26.792
21130 -26.778
21140 -26.770
21150 -26.778
21160 -26.805
21170 -26.852
21180 -26.913
21190 -26.979
21200 -27.039
21210 -27.085
21220 -27.113
21230 -27.127
21240 -27.137
21250 -27.155
21260 -27.194
21270 -27.262
21280 -27.358
21290 -27.477
21300 -27.603
21310 -27.721
21320 -27.817
21330 -27.888
21340 -27.942
21350 -27.992
21360 -28.061
21370 -28.166
21380 -28.321
21390 -28.525
21400 -28.768
21410 -29.026
21420 -29.275
21430 -29.498
21440 -29.692
21450 -29.873
21460 -30.068
21470 -30.309
21480 -30.623
21490 -31.018
21500 -31.479
21510 -31.964
21520 -32.418
21530 -32.785
21540 -33.036
21550 -33.178
21560 -33.245
21570 -33.284
21580 -33.331
21590 -33.404
21600 -33.499
21610 -33.592
21620 -33.653
21630 -33.656
21640 -33.594
21650 -33.480
21660 -33.345
21670 -33.225
21680 -33.157
21690 -33.166
21700 -33.263
21710 -33.442
21720 -33.675
21730 -33.920
21740 -34.137
21750 -34.297
21760 -34.403
21770 -34.481
21780 -34.580
21790 -34.750
21800 -35.031
21810 -35.436
21820 -35.941
21830 -36.476
21840 -36.941
21850 -37.235
21860 -37.314
21870 -37.210
21880 -37.010
21890 -36.803
21900 -36.640
21910 -36.527
21920 -36.424
21930 -36.269
21940 -36.013
21950 -35.647
21960 -35.203
21970 -34.738
21980 -34.308
21990 -33.958
22000 -33.714
22010 -33.588
22020 -33.567
22030 -33.621
22040 -33.705
22050 -33.772
22060 -33.786
22070 -33.737
22080 -33.640
22090 -33.532
22100 -33.458
22110 -33.460
22120 -33.566
22130 -33.779
22140 -34.073
22150 -34.390
22160 -34.660
22170 -34.819
22180 -34.841
22190 -34.751
22200 -34.613
22210 -34.506
22220 -34.498
22230 -34.625
22240 -34.880
22250 -35.206
22260 -35.510
22270 -35.692
22280 -35.697
22290 -35.542
22300 -35.305
22310 -35.093
22320 -34.997
22330 -35.071
22340 -35.328
22350 -35.735
22360 -36.223
22370 -36.704
22380 -37.097
22390 -37.354
22400 -37.489
22410 -37.572
22420 -37.701
22430 -37.972
22440 -38.454
22450 -39.189
22460 -40.178
22470 -41.377
22480 -42.662
22490 -43.790
22500 -44.449
22510 -44.520
22520 -44.230
22530 -43.918
22540 -43.788
22550 -43.844
22560 -43.895
22570 -43.625
22580 -42.832
22590 -41.631
22600 -40.308
22610 -39.093
22620 -38.111
22630 -37.418
22640 -37.018
22650 -36.876
22660 -36.913
22670 -37.026
22680 -37.107
22690 -37.085
22700 -36.949
22710 -36.749
22720 -36.569
22730 -36.494
22740 -36.584
22750 -36.872
22760 -37.353
22770 -37.996
22780 -38.746
22790 -39.528
22800 -40.255
22810 -40.857
22820 -41.312
22830 -41.671
22840 -42.036
22850 -42.526
22860 -43.244
22870 -44.264
22880 -45.638
22890 -47.371
22900 -49.320
22910 -50.931
22920 -51.282
22930 -50.378
22940 -49.181
22950 -48.289
22960 -47.855
22970 -47.845
22980 -48.123
22990 -48.447
23000 -48.497
23010 -48.053
23020 -47.203
23030 -46.226
23040 -45.371
23050 -44.779
23060 -44.508
23070 -44.561
23080 -44.910
23090 -45.489
23100 -46.194
23110 -46.865
23120 -47.321
23130 -47.447
23140 -47.296
23150 -47.052
23160 -46.907
23170 -46.995
23180 -47.390
23190 -48.115
23200 -49.137
23210 -50.304
23220 -51.223
23230 -51.330
23240 -50.505
23250 -49.257
23260 -48.077
23270 -47.179
23280 -46.605
23290 -46.314
23300 -46.211
23310 -46.155
23320 -45.981
23330 -45.569
23340 -44.911
23350 -44.120
23360 -43.345
23370 -42.704
23380 -42.268
23390 -42.058
23400 -42.064
23410 -42.243
23420 -42.532
23430 -42.849
23440 -43.104
23450 -43.231
23460 -43.222
23470 -43.130
23480 -43.044
23490 -43.047
23500 -43.197
23510 -43.519
23520 -44.021
23530 -44.691
23540 -45.500
23550 -46.392
23560 -47.277
23570 -48.036
23580 -48.568
23590 -48.858
23600 -48.992
23610 -49.103
23620 -49.308
23630 -49.695
23640 -50.329
23650 -51.267
23660 -52.564
23670 -54.239
23680 -56.148
23690 -57.633
23700 -57.664
23710 -56.435
23720 -55.023
23730 -53.966
23740 -53.383
23750 -53.272
23760 -53.593
23770 -54.246
23780 -54.946
23790 -55.158
23800 -54.491
23810 -53.234
23820 -51.933
23830 -50.895
23840 -50.222
23850 -49.935
23860 -50.032
23870 -50.510
23880 -51.356
23890 -52.513
23900 -53.821
23910 -54.965
23920 -55.601
23930 -55.707
23940 -55.625
23950 -55.725
23960 -56.242
23970 -57.323
23980 -59.043
23990 -61.179
