00000 +0.204
00010 -0.052
00020 -0.611
00030 -1.151
00040 -1.517
00050 -1.692
00060 -1.705
00070 -1.604
00080 -1.458
00090 -1.360
00100 -1.416
00110 -1.677
00120 -2.079
00130 -2.487
00140 -2.792
00150 -2.957
00160 -2.995
00170 -2.945
00180 -2.857
00190 -2.783
00200 -2.771
00210 -2.848
00220 -3.005
00230 -3.200
00240 -3.374
00250 -3.483
00260 -3.509
00270 -3.459
00280 -3.359
00290 -3.244
00300 -3.152
00310 -3.114
00320 -3.143
00330 -3.230
00340 -3.344
00350 -3.444
00360 -3.497
00370 -3.488
00380 -3.421
00390 -3.320
00400 -3.222
00410 -3.164
00420 -3.177
00430 -3.274
00440 -3.438
00450 -3.634
00460 -3.820
00470 -3.961
00480 -4.049
00490 -4.099
00500 -4.147
00510 -4.234
00520 -4.397
00530 -4.648
00540 -4.968
00550 -5.316
00560 -5.640
00570 -5.903
00580 -6.087
00590 -6.205
00600 -6.285
00610 -6.363
00620 -6.470
00630 -6.618
00640 -6.798
00650 -6.985
00660 -7.148
00670 -7.262
00680 -7.314
00690 -7.308
00700 -7.261
00710 -7.201
00720 -7.154
00730 -7.137
00740 -7.157
00750 -7.206
00760 -7.269
00770 -7.322
00780 -7.349
00790 -7.339
00800 -7.296
00810 -7.232
00820 -7.172
00830 -7.142
00840 -7.162
00850 -7.239
00860 -7.367
00870 -7.526
00880 -7.690
00890 -7.835
00900 -7.947
00910 -8.031
00920 -8.106
00930 -8.200
00940 -8.336
00950 -8.522
00960 -8.748
00970 -8.986
00980 -9.205
00990 -9.374
01000 -9.478
01010 -9.521
01020 -9.524
01030 -9.516
01040 -9.524
01050 -9.561
01060 -9.626
01070 -9.703
01080 -9.770
01090 -9.807
01100 -9.802
01110 -9.756
01120 -9.683
01130 -9.605
01140 -9.545
01150 -9.517
01160 -9.526
01170 -9.566
01180 -9.622
01190 -9.678
01200 -9.723
01210 -9.752
01220 -9.772
01230 -9.797
01240 -9.848
01250 -9.943
01260 -10.091
01270 -10.296
01280 -10.548
01290 -10.834
01300 -11.138
01310 -11.447
01320 -11.751
01330 -12.046
01340 -12.334
01350 -12.621
01360 -12.910
01370 -13.200
01380 -13.482
01390 -13.744
01400 -13.967
01410 -14.137
01420 -14.245
01430 -14.296
01440 -14.306
01450 -14.297
01460 -14.292
01470 -14.305
01480 -14.337
01490 -14.385
01500 -14.435
01510 -14.478
01520 -14.504
01530 -14.514
01540 -14.514
01550 -14.516
01560 -14.535
01570 -14.578
01580 -14.645
01590 -14.730
01600 -14.817
01610 -14.889
01620 -14.930
01630 -14.930
01640 -14.888
01650 -14.813
01660 -14.721
01670 -14.623
01680 -14.528
01690 -14.435
01700 -14.342
01710 -14.243
01720 -14.135
01730 -14.018
01740 -13.898
01750 -13.780
01760 -13.673
01770 -13.582
01780 -13.511
01790 -13.457
01800 -13.417
01810 -13.385
01820 -13.356
01830 -13.327
01840 -13.295
01850 -13.263
01860 -13.232
01870 -13.206
01880 -13.187
01890 -13.176
01900 -13.171
01910 -13.169
01920 -13.166
01930 -13.158
01940 -13.142
01950 -13.117
01960 -13.081
01970 -13.037
01980 -12.985
01990 -12.926
02000 -12.860
02010 -12.783
02020 -12.693
02030 -12.588
02040 -12.465
02050 -12.327
02060 -12.175
02070 -12.014
02080 -11.848
02090 -11.679
02100 -11.512
02110 -11.348
02120 -11.188
02130 -11.034
02140 -10.890
02150 -10.758
02160 -10.638
02170 -10.531
02180 -10.437
02190 -10.354
02200 -10.280
02210 -10.212
02220 -10.150
02230 -10.093
02240 -10.041
02250 -9.994
02260 -9.951
02270 -9.912
02280 -9.874
02290 -9.834
02300 -9.788
02310 -9.734
02320 -9.670
02330 -9.597
02340 -9.516
02350 -9.428
02360 -9.336
02370 -9.240
02380 -9.139
02390 -9.031
02400 -8.913
02410 -8.782
02420 -8.638
02430 -8.483
02440 -8.322
02450 -8.159
02460 -8.001
02470 -7.851
02480 -7.712
02490 -7.582
02500 -7.457
02510 -7.335
02520 -7.214
02530 -7.094
02540 -6.978
02550 -6.872
02560 -6.780
02570 -6.705
02580 -6.645
02590 -6.598
02600 -6.557
02610 -6.517
02620 -6.473
02630 -6.423
02640 -6.368
02650 -6.309
02660 -6.250
02670 -6.194
02680 -6.141
02690 -6.089
02700 -6.035
02710 -5.973
02720 -5.895
02730 -5.796
02740 -5.676
02750 -5.533
02760 -5.372
02770 -5.197
02780 -5.014
02790 -4.827
02800 -4.638
02810 -4.447
02820 -4.252
02830 -4.054
02840 -3.859
02850 -3.679
02860 -3.531
02870 -3.434
02880 -3.402
02890 -3.438
02900 -3.533
02910 -3.670
02920 -3.828
02930 -3.991
02940 -4.149
02950 -4.296
02960 -4.436
02970 -4.570
02980 -4.700
02990 -4.828
03000 -4.949
03010 -5.060
03020 -5.155
03030 -5.228
03040 -5.279
03050 -5.307
03060 -5.316
03070 -5.312
03080 -5.300
03090 -5.284
03100 -5.266
03110 -5.245
03120 -5.219
03130 -5.183
03140 -5.134
03150 -5.072
03160 -4.998
03170 -4.917
03180 -4.837
03190 -4.767
03200 -4.712
03210 -4.677
03220 -4.663
03230 -4.669
03240 -4.694
03250 -4.738
03260 -4.803
03270 -4.893
03280 -5.014
03290 -5.170
03300 -5.363
03310 -5.590
03320 -5.844
03330 -6.117
03340 -6.400
03350 -6.685
03360 -6.965
03370 -7.239
03380 -7.506
03390 -7.764
03400 -8.015
03410 -8.260
03420 -8.496
03430 -8.722
03440 -8.934
03450 -9.129
03460 -9.306
03470 -9.463
03480 -9.601
03490 -9.721
03500 -9.827
03510 -9.920
03520 -10.003
03530 -10.076
03540 -10.138
03550 -10.187
03560 -10.219
03570 -10.233
03580 -10.227
03590 -10.202
03600 -10.159
03610 -10.102
03620 -10.031
03630 -9.949
03640 -9.857
03650 -9.753
03660 -9.635
03670 -9.502
03680 -9.354
03690 -9.194
03700 -9.024
03710 -8.851
03720 -8.681
03730 -8.518
03740 -8.370
03750 -8.239
03760 -8.129
03770 -8.044
03780 -7.986
03790 -7.959
03800 -7.965
03810 -8.006
03820 -8.081
03830 -8.192
03840 -8.337
03850 -8.515
03860 -8.723
03870 -8.960
03880 -9.221
03890 -9.502
03900 -9.802
03910 -10.114
03920 -10.437
03930 -10.769
03940 -11.110
03950 -11.459
03960 -11.818
03970 -12.187
03980 -12.564
03990 -12.942
04000 -13.314
04010 -13.666
04020 -13.983
04030 -14.247
04040 -14.442
04050 -14.553
04060 -14.568
04070 -14.479
04080 -14.282
04090 -13.977
04100 -13.573
04110 -13.086
04120 -12.538
04130 -11.953
04140 -11.358
04150 -10.774
04160 -10.219
04170 -9.706
04180 -9.247
04190 -8.845
04200 -8.501
04210 -8.212
04220 -7.975
04230 -7.783
04240 -7.631
04250 -7.516
04260 -7.438
04270 -7.394
04280 -7.385
04290 -7.407
04300 -7.454
04310 -7.519
04320 -7.591
04330 -7.663
04340 -7.729
04350 -7.788
04360 -7.840
04370 -7.889
04380 -7.938
04390 -7.988
04400 -8.038
04410 -8.082
04420 -8.115
04430 -8.130
04440 -8.125
04450 -8.101
04460 -8.062
04470 -8.017
04480 -7.972
04490 -7.934
04500 -7.905
04510 -7.884
04520 -7.866
04530 -7.848
04540 -7.827
04550 -7.804
04560 -7.782
04570 -7.766
04580 -7.761
04590 -7.772
04600 -7.800
04610 -7.843
04620 -7.897
04630 -7.957
04640 -8.017
04650 -8.076
04660 -8.134
04670 -8.193
04680 -8.259
04690 -8.335
04700 -8.423
04710 -8.524
04720 -8.633
04730 -8.745
04740 -8.856
04750 -8.961
04760 -9.060
04770 -9.153
04780 -9.245
04790 -9.339
04800 -9.438
04810 -9.542
04820 -9.648
04830 -9.752
04840 -9.849
04850 -9.934
04860 -10.007
04870 -10.069
04880 -10.122
04890 -10.171
04900 -10.219
04910 -10.268
04920 -10.318
04930 -10.366
04940 -10.411
04950 -10.448
04960 -10.479
04970 -10.502
04980 -10.521
04990 -10.539
05000 -10.559
05010 -10.584
05020 -10.614
05030 -10.648
05040 -10.686
05050 -10.724
05060 -10.760
05070 -10.793
05080 -10.823
05090 -10.851
05100 -10.881
05110 -10.915
05120 -10.955
05130 -10.999
05140 -11.047
05150 -11.095
05160 -11.140
05170 -11.180
05180 -11.214
05190 -11.244
05200 -11.270
05210 -11.297
05220 -11.325
05230 -11.355
05240 -11.385
05250 -11.413
05260 -11.437
05270 -11.455
05280 -11.466
05290 -11.472
05300 -11.475
05310 -11.479
05320 -11.484
05330 -11.493
05340 -11.504
05350 -11.516
05360 -11.529
05370 -11.540
05380 -11.549
05390 -11.559
05400 -11.569
05410 -11.582
05420 -11.600
05430 -11.623
05440 -11.651
05450 -11.683
05460 -11.718
05470 -11.755
05480 -11.792
05490 -11.829
05500 -11.868
05510 -11.909
05520 -11.953
05530 -12.002
05540 -12.056
05550 -12.112
05560 -12.170
05570 -12.227
05580 -12.282
05590 -12.335
05600 -12.386
05610 -12.437
05620 -12.490
05630 -12.545
05640 -12.602
05650 -12.660
05660 -12.716
05670 -12.769
05680 -12.818
05690 -12.863
05700 -12.907
05710 -12.952
05720 -12.999
05730 -13.050
05740 -13.105
05750 -13.163
05760 -13.223
05770 -13.282
05780 -13.340
05790 -13.399
05800 -13.461
05810 -13.527
05820 -13.599
05830 -13.679
05840 -13.767
05850 -13.861
05860 -13.960
05870 -14.060
05880 -14.161
05890 -14.262
05900 -14.365
05910 -14.470
05920 -14.580
05930 -14.696
05940 -14.818
05950 -14.945
05960 -15.074
05970 -15.201
05980 -15.323
05990 -15.439
06000 -15.548
06010 -15.654
06020 -15.758
06030 -15.864
06040 -15.973
06050 -16.084
06060 -16.193
06070 -16.297
06080 -16.392
06090 -16.477
06100 -16.553
06110 -16.624
06120 -16.693
06130 -16.766
06140 -16.844
06150 -16.928
06160 -17.016
06170 -17.104
06180 -17.189
06190 -17.270
06200 -17.346
06210 -17.422
06220 -17.500
06230 -17.587
06240 -17.685
06250 -17.796
06260 -17.918
06270 -18.047
06280 -18.179
06290 -18.311
06300 -18.441
06310 -18.569
06320 -18.698
06330 -18.833
06340 -18.977
06350 -19.133
06360 -19.299
06370 -19.472
06380 -19.646
06390 -19.816
06400 -19.977
06410 -20.127
06420 -20.269
06430 -20.408
06440 -20.547
06450 -20.693
06460 -20.846
06470 -21.005
06480 -21.164
06490 -21.317
06500 -21.460
06510 -21.589
06520 -21.708
06530 -21.821
06540 -21.936
06550 -22.059
06560 -22.194
06570 -22.341
06580 -22.497
06590 -22.654
06600 -22.805
06610 -22.947
06620 -23.080
06630 -23.205
06640 -23.332
06650 -23.465
06660 -23.611
06670 -23.770
06680 -23.938
06690 -24.108
06700 -24.270
06710 -24.417
06720 -24.545
06730 -24.656
06740 -24.756
06750 -24.851
06760 -24.950
06770 -25.055
06780 -25.163
06790 -25.270
06800 -25.366
06810 -25.444
06820 -25.499
06830 -25.533
06840 -25.553
06850 -25.566
06860 -25.584
06870 -25.611
06880 -25.650
06890 -25.696
06900 -25.742
06910 -25.781
06920 -25.806
06930 -25.814
06940 -25.811
06950 -25.803
06960 -25.798
06970 -25.805
06980 -25.826
06990 -25.857
07000 -25.893
07010 -25.922
07020 -25.935
07030 -25.927
07040 -25.897
07050 -25.853
07060 -25.802
07070 -25.755
07080 -25.715
07090 -25.685
07100 -25.657
07110 -25.624
07120 -25.576
07130 -25.509
07140 -25.424
07150 -25.326
07160 -25.225
07170 -25.133
07180 -25.057
07190 -24.999
07200 -24.957
07210 -24.923
07220 -24.889
07230 -24.850
07240 -24.802
07250 -24.749
07260 -24.696
07270 -24.652
07280 -24.623
07290 -24.613
07300 -24.619
07310 -24.637
07320 -24.658
07330 -24.673
07340 -24.678
07350 -24.669
07360 -24.650
07370 -24.625
07380 -24.603
07390 -24.589
07400 -24.583
07410 -24.583
07420 -24.582
07430 -24.572
07440 -24.546
07450 -24.500
07460 -24.436
07470 -24.360
07480 -24.280
07490 -24.205
07500 -24.140
07510 -24.084
07520 -24.035
07530 -23.984
07540 -23.926
07550 -23.857
07560 -23.777
07570 -23.692
07580 -23.608
07590 -23.534
07600 -23.475
07610 -23.433
07620 -23.404
07630 -23.384
07640 -23.366
07650 -23.345
07660 -23.320
07670 -23.292
07680 -23.265
07690 -23.246
07700 -23.238
07710 -23.244
07720 -23.264
07730 -23.293
07740 -23.326
07750 -23.357
07760 -23.383
07770 -23.403
07780 -23.418
07790 -23.431
07800 -23.446
07810 -23.467
07820 -23.495
07830 -23.528
07840 -23.565
07850 -23.598
07860 -23.625
07870 -23.641
07880 -23.648
07890 -23.647
07900 -23.643
07910 -23.640
07920 -23.641
07930 -23.649
07940 -23.661
07950 -23.674
07960 -23.683
07970 -23.686
07980 -23.681
07990 -23.669
08000 -23.654
08010 -23.639
08020 -23.628
08030 -23.624
08040 -23.625
08050 -23.630
08060 -23.635
08070 -23.637
08080 -23.633
08090 -23.624
08100 -23.609
08110 -23.594
08120 -23.580
08130 -23.570
08140 -23.565
08150 -23.565
08160 -23.567
08170 -23.571
08180 -23.574
08190 -23.575
08200 -23.574
08210 -23.572
08220 -23.572
08230 -23.577
08240 -23.587
08250 -23.606
08260 -23.632
08270 -23.665
08280 -23.704
08290 -23.746
08300 -23.790
08310 -23.834
08320 -23.878
08330 -23.924
08340 -23.973
08350 -24.025
08360 -24.082
08370 -24.143
08380 -24.206
08390 -24.268
08400 -24.324
08410 -24.371
08420 -24.405
08430 -24.424
08440 -24.431
08450 -24.425
08460 -24.409
08470 -24.384
08480 -24.349
08490 -24.302
08500 -24.239
08510 -24.158
08520 -24.058
08530 -23.942
08540 -23.811
08550 -23.672
08560 -23.527
08570 -23.382
08580 -23.239
08590 -23.100
08600 -22.965
08610 -22.835
08620 -22.708
08630 -22.585
08640 -22.467
08650 -22.355
08660 -22.251
08670 -22.159
08680 -22.080
08690 -22.015
08700 -21.966
08710 -21.930
08720 -21.904
08730 -21.886
08740 -21.871
08750 -21.858
08760 -21.846
08770 -21.835
08780 -21.830
08790 -21.831
08800 -21.840
08810 -21.856
08820 -21.876
08830 -21.895
08840 -21.907
08850 -21.910
08860 -21.902
08870 -21.885
08880 -21.862
08890 -21.838
08900 -21.817
08910 -21.800
08920 -21.786
08930 -21.771
08940 -21.752
08950 -21.726
08960 -21.691
08970 -21.649
08980 -21.605
08990 -21.563
09000 -21.530
09010 -21.508
09020 -21.500
09030 -21.501
09040 -21.509
09050 -21.519
09060 -21.527
09070 -21.533
09080 -21.539
09090 -21.549
09100 -21.567
09110 -21.599
09120 -21.646
09130 -21.705
09140 -21.773
09150 -21.843
09160 -21.910
09170 -21.972
09180 -22.026
09190 -22.075
09200 -22.125
09210 -22.180
09220 -22.242
09230 -22.311
09240 -22.385
09250 -22.457
09260 -22.521
09270 -22.572
09280 -22.608
09290 -22.631
09300 -22.645
09310 -22.656
09320 -22.670
09330 -22.688
09340 -22.709
09350 -22.731
09360 -22.746
09370 -22.750
09380 -22.741
09390 -22.719
09400 -22.689
09410 -22.656
09420 -22.626
09430 -22.603
09440 -22.588
09450 -22.577
09460 -22.568
09470 -22.552
09480 -22.528
09490 -22.492
09500 -22.447
09510 -22.398
09520 -22.350
09530 -22.307
09540 -22.271
09550 -22.242
09560 -22.215
09570 -22.184
09580 -22.146
09590 -22.097
09600 -22.038
09610 -21.971
09620 -21.903
09630 -21.837
09640 -21.778
09650 -21.725
09660 -21.678
09670 -21.633
09680 -21.584
09690 -21.530
09700 -21.469
09710 -21.402
09720 -21.334
09730 -21.269
09740 -21.212
09750 -21.164
09760 -21.126
09770 -21.095
09780 -21.068
09790 -21.041
09800 -21.012
09810 -20.980
09820 -20.947
09830 -20.916
09840 -20.891
09850 -20.875
09860 -20.869
09870 -20.872
09880 -20.882
09890 -20.895
09900 -20.907
09910 -20.916
09920 -20.922
09930 -20.927
09940 -20.933
09950 -20.943
09960 -20.960
09970 -20.984
09980 -21.014
09990 -21.048
10000 -21.081
10010 -21.111
10020 -21.135
10030 -21.155
10040 -21.172
10050 -21.189
10060 -21.209
10070 -21.234
10080 -21.264
10090 -21.297
10100 -21.332
10110 -21.366
10120 -21.395
10130 -21.418
10140 -21.437
10150 -21.454
10160 -21.470
10170 -21.490
10180 -21.514
10190 -21.543
10200 -21.574
10210 -21.606
10220 -21.635
10230 -21.658
10240 -21.676
10250 -21.688
10260 -21.697
10270 -21.704
10280 -21.713
10290 -21.724
10300 -21.736
10310 -21.748
10320 -21.756
10330 -21.758
10340 -21.751
10350 -21.735
10360 -21.711
10370 -21.680
10380 -21.646
10390 -21.610
10400 -21.574
10410 -21.535
10420 -21.492
10430 -21.443
10440 -21.386
10450 -21.319
10460 -21.243
10470 -21.160
10480 -21.072
10490 -20.982
10500 -20.892
10510 -20.802
10520 -20.712
10530 -20.621
10540 -20.526
10550 -20.428
10560 -20.327
10570 -20.223
10580 -20.119
10590 -20.017
10600 -19.920
10610 -19.828
10620 -19.742
10630 -19.662
10640 -19.586
10650 -19.514
10660 -19.446
10670 -19.381
10680 -19.321
10690 -19.264
10700 -19.212
10710 -19.165
10720 -19.122
10730 -19.083
10740 -19.047
10750 -19.015
10760 -18.984
10770 -18.955
10780 -18.925
10790 -18.893
10800 -18.858
10810 -18.818
10820 -18.774
10830 -18.726
10840 -18.676
10850 -18.626
10860 -18.576
10870 -18.528
10880 -18.480
10890 -18.431
10900 -18.378
10910 -18.321
10920 -18.260
10930 -18.197
10940 -18.136
10950 -18.081
10960 -18.035
10970 -18.001
10980 -17.981
10990 -17.971
11000 -17.970
11010 -17.972
11020 -17.977
11030 -17.984
11040 -17.997
11050 -18.021
11060 -18.062
11070 -18.124
11080 -18.208
11090 -18.311
11100 -18.425
11110 -18.542
11120 -18.653
11130 -18.756
11140 -18.851
11150 -18.943
11160 -19.042
11170 -19.153
11180 -19.278
11190 -19.413
11200 -19.547
11210 -19.665
11220 -19.757
11230 -19.816
11240 -19.844
11250 -19.849
11260 -19.845
11270 -19.840
11280 -19.842
11290 -19.846
11300 -19.843
11310 -19.818
11320 -19.761
11330 -19.665
11340 -19.535
11350 -19.381
11360 -19.221
11370 -19.068
11380 -18.932
11390 -18.814
11400 -18.706
11410 -18.595
11420 -18.468
11430 -18.318
11440 -18.146
11450 -17.963
11460 -17.785
11470 -17.627
11480 -17.503
11490 -17.415
11500 -17.356
11510 -17.314
11520 -17.274
11530 -17.222
11540 -17.155
11550 -17.081
11560 -17.011
11570 -16.964
11580 -16.952
11590 -16.982
11600 -17.049
11610 -17.139
11620 -17.234
11630 -17.318
11640 -17.382
11650 -17.426
11660 -17.462
11670 -17.507
11680 -17.576
11690 -17.678
11700 -17.812
11710 -17.964
11720 -18.114
11730 -18.240
11740 -18.327
11750 -18.374
11760 -18.387
11770 -18.385
11780 -18.388
11790 -18.409
11800 -18.447
11810 -18.492
11820 -18.524
11830 -18.521
11840 -18.471
11850 -18.372
11860 -18.237
11870 -18.088
11880 -17.949
11890 -17.836
11900 -17.753
11910 -17.689
11920 -17.630
11930 -17.556
11940 -17.457
11950 -17.331
11960 -17.189
11970 -17.046
11980 -16.923
11990 -16.833
12000 -16.778
12010 -16.752
12020 -16.741
12030 -16.728
12040 -16.701
12050 -16.656
12060 -16.598
12070 -16.539
12080 -16.494
12090 -16.475
12100 -16.485
12110 -16.522
12120 -16.574
12130 -16.627
12140 -16.670
12150 -16.695
12160 -16.703
12170 -16.703
12180 -16.706
12190 -16.723
12200 -16.759
12210 -16.814
12220 -16.878
12230 -16.940
12240 -16.987
12250 -17.012
12260 -17.013
12270 -16.998
12280 -16.974
12290 -16.955
12300 -16.945
12310 -16.947
12320 -16.955
12330 -16.958
12340 -16.948
12350 -16.919
12360 -16.870
12370 -16.807
12380 -16.740
12390 -16.681
12400 -16.637
12410 -16.609
12420 -16.593
12430 -16.581
12440 -16.566
12450 -16.543
12460 -16.511
12470 -16.477
12480 -16.448
12490 -16.433
12500 -16.437
12510 -16.460
12520 -16.498
12530 -16.544
12540 -16.590
12550 -16.631
12560 -16.668
12570 -16.705
12580 -16.746
12590 -16.799
12600 -16.867
12610 -16.949
12620 -17.039
12630 -17.131
12640 -17.216
12650 -17.291
12660 -17.356
12670 -17.413
12680 -17.468
12690 -17.526
12700 -17.590
12710 -17.659
12720 -17.729
12730 -17.793
12740 -17.844
12750 -17.879
12760 -17.898
12770 -17.907
12780 -17.911
12790 -17.917
12800 -17.930
12810 -17.951
12820 -17.976
12830 -17.999
12840 -18.014
12850 -18.017
12860 -18.009
12870 -17.994
12880 -17.981
12890 -17.976
12900 -17.985
12910 -18.009
12920 -18.045
12930 -18.085
12940 -18.122
12950 -18.151
12960 -18.169
12970 -18.180
12980 -18.192
12990 -18.212
13000 -18.245
13010 -18.295
13020 -18.357
13030 -18.423
13040 -18.484
13050 -18.531
13060 -18.563
13070 -18.579
13080 -18.587
13090 -18.596
13100 -18.613
13110 -18.643
13120 -18.682
13130 -18.726
13140 -18.764
13150 -18.786
13160 -18.789
13170 -18.774
13180 -18.747
13190 -18.717
13200 -18.696
13210 -18.690
13220 -18.700
13230 -18.722
13240 -18.746
13250 -18.762
13260 -18.764
13270 -18.749
13280 -18.723
13290 -18.694
13300 -18.674
13310 -18.672
13320 -18.691
13330 -18.728
13340 -18.775
13350 -18.819
13360 -18.850
13370 -18.864
13380 -18.860
13390 -18.848
13400 -18.837
13410 -18.839
13420 -18.860
13430 -18.900
13440 -18.952
13450 -19.003
13460 -19.040
13470 -19.055
13480 -19.045
13490 -19.018
13500 -18.984
13510 -18.957
13520 -18.947
13530 -18.957
13540 -18.983
13550 -19.014
13560 -19.036
13570 -19.039
13580 -19.018
13590 -18.977
13600 -18.927
13610 -18.883
13620 -18.858
13630 -18.857
13640 -18.879
13650 -18.915
13660 -18.949
13670 -18.970
13680 -18.971
13690 -18.951
13700 -18.918
13710 -18.887
13720 -18.869
13730 -18.872
13740 -18.899
13750 -18.940
13760 -18.985
13770 -19.017
13780 -19.029
13790 -19.017
13800 -18.984
13810 -18.943
13820 -18.907
13830 -18.887
13840 -18.887
13850 -18.904
13860 -18.930
13870 -18.950
13880 -18.954
13890 -18.937
13900 -18.898
13910 -18.849
13920 -18.801
13930 -18.767
13940 -18.756
13950 -18.768
13960 -18.797
13970 -18.830
13980 -18.855
13990 -18.864
14000 -18.854
14010 -18.830
14020 -18.804
14030 -18.788
14040 -18.792
14050 -18.818
14060 -18.863
14070 -18.915
14080 -18.962
14090 -18.995
14100 -19.006
14110 -18.999
14120 -18.980
14130 -18.961
14140 -18.952
14150 -18.959
14160 -18.981
14170 -19.011
14180 -19.038
14190 -19.051
14200 -19.043
14210 -19.014
14220 -18.970
14230 -18.919
14240 -18.875
14250 -18.844
14260 -18.831
14270 -18.831
14280 -18.836
14290 -18.836
14300 -18.824
14310 -18.795
14320 -18.754
14330 -18.708
14340 -18.667
14350 -18.639
14360 -18.630
14370 -18.636
14380 -18.651
14390 -18.666
14400 -18.671
14410 -18.663
14420 -18.639
14430 -18.607
14440 -18.572
14450 -18.544
14460 -18.526
14470 -18.518
14480 -18.516
14490 -18.511
14500 -18.496
14510 -18.466
14520 -18.419
14530 -18.360
14540 -18.294
14550 -18.230
14560 -18.173
14570 -18.128
14580 -18.091
14590 -18.058
14600 -18.025
14610 -17.988
14620 -17.947
14630 -17.905
14640 -17.869
14650 -17.845
14660 -17.840
14670 -17.856
14680 -17.892
14690 -17.943
14700 -18.006
14710 -18.076
14720 -18.152
14730 -18.235
14740 -18.328
14750 -18.433
14760 -18.554
14770 -18.689
14780 -18.836
14790 -18.992
14800 -19.152
14810 -19.311
14820 -19.470
14830 -19.626
14840 -19.780
14850 -19.933
14860 -20.085
14870 -20.234
14880 -20.378
14890 -20.512
14900 -20.634
14910 -20.741
14920 -20.831
14930 -20.904
14940 -20.959
14950 -20.997
14960 -21.019
14970 -21.023
14980 -21.011
14990 -20.980
15000 -20.933
15010 -20.868
15020 -20.788
15030 -20.695
15040 -20.593
15050 -20.485
15060 -20.376
15070 -20.268
15080 -20.163
15090 -20.062
15100 -19.965
15110 -19.871
15120 -19.782
15130 -19.700
15140 -19.629
15150 -19.573
15160 -19.536
15170 -19.519
15180 -19.520
15190 -19.537
15200 -19.564
15210 -19.597
15220 -19.635
15230 -19.680
15240 -19.733
15250 -19.799
15260 -19.879
15270 -19.974
15280 -20.079
15290 -20.188
15300 -20.292
15310 -20.385
15320 -20.466
15330 -20.534
15340 -20.594
15350 -20.650
15360 -20.705
15370 -20.761
15380 -20.814
15390 -20.861
15400 -20.893
15410 -20.905
15420 -20.897
15430 -20.868
15440 -20.826
15450 -20.778
15460 -20.732
15470 -20.694
15480 -20.664
15490 -20.639
15500 -20.615
15510 -20.584
15520 -20.542
15530 -20.489
15540 -20.431
15550 -20.375
15560 -20.331
15570 -20.307
15580 -20.305
15590 -20.321
15600 -20.348
15610 -20.375
15620 -20.392
15630 -20.397
15640 -20.391
15650 -20.381
15660 -20.376
15670 -20.384
15680 -20.408
15690 -20.446
15700 -20.489
15710 -20.523
15720 -20.537
15730 -20.525
15740 -20.486
15750 -20.427
15760 -20.359
15770 -20.293
15780 -20.237
15790 -20.191
15800 -20.151
15810 -20.107
15820 -20.047
15830 -19.965
15840 -19.858
15850 -19.733
15860 -19.602
15870 -19.479
15880 -19.376
15890 -19.297
15900 -19.242
15910 -19.201
15920 -19.162
15930 -19.112
15940 -19.046
15950 -18.967
15960 -18.885
15970 -18.813
15980 -18.765
15990 -18.750
16000 -18.764
16010 -18.799
16020 -18.840
16030 -18.870
16040 -18.880
16050 -18.867
16060 -18.840
16070 -18.811
16080 -18.794
16090 -18.798
16100 -18.823
16110 -18.860
16120 -18.896
16130 -18.914
16140 -18.902
16150 -18.858
16160 -18.788
16170 -18.706
16180 -18.627
16190 -18.564
16200 -18.523
16210 -18.499
16220 -18.482
16230 -18.458
16240 -18.416
16250 -18.351
16260 -18.268
16270 -18.179
16280 -18.100
16290 -18.046
16300 -18.025
16310 -18.032
16320 -18.057
16330 -18.087
16340 -18.107
16350 -18.112
16360 -18.101
16370 -18.084
16380 -18.075
16390 -18.086
16400 -18.122
16410 -18.179
16420 -18.246
16430 -18.308
16440 -18.352
16450 -18.372
16460 -18.367
16470 -18.345
16480 -18.318
16490 -18.296
16500 -18.284
16510 -18.279
16520 -18.275
16530 -18.260
16540 -18.229
16550 -18.177
16560 -18.110
16570 -18.035
16580 -17.966
16590 -17.911
16600 -17.876
16610 -17.857
16620 -17.849
16630 -17.843
16640 -17.836
16650 -17.826
16660 -17.820
16670 -17.826
16680 -17.852
16690 -17.903
16700 -17.977
16710 -18.066
16720 -18.160
16730 -18.251
16740 -18.336
16750 -18.416
16760 -18.499
16770 -18.592
16780 -18.701
16790 -18.825
16800 -18.955
16810 -19.080
16820 -19.188
16830 -19.271
16840 -19.330
16850 -19.370
16860 -19.403
16870 -19.439
16880 -19.486
16890 -19.544
16900 -19.605
16910 -19.657
16920 -19.688
16930 -19.694
16940 -19.674
16950 -19.640
16960 -19.604
16970 -19.584
16980 -19.592
16990 -19.634
17000 -19.702
17010 -19.782
17020 -19.856
17030 -19.911
17040 -19.942
17050 -19.958
17060 -19.976
17070 -20.016
17080 -20.100
17090 -20.236
17100 -20.419
17110 -20.628
17120 -20.833
17130 -21.009
17140 -21.144
17150 -21.242
17160 -21.323
17170 -21.414
17180 -21.543
17190 -21.724
17200 -21.951
17210 -22.196
17220 -22.419
17230 -22.586
17240 -22.679
17250 -22.700
17260 -22.672
17270 -22.633
17280 -22.615
17290 -22.645
17300 -22.725
17310 -22.835
17320 -22.940
17330 -23.005
17340 -23.010
17350 -22.952
17360 -22.851
17370 -22.743
17380 -22.669
17390 -22.664
17400 -22.745
17410 -22.905
17420 -23.109
17430 -23.312
17440 -23.474
17450 -23.572
17460 -23.609
17470 -23.616
17480 -23.637
17490 -23.723
17500 -23.907
17510 -24.191
17520 -24.539
17530 -24.891
17540 -25.180
17550 -25.360
17560 -25.419
17570 -25.384
17580 -25.308
17590 -25.259
17600 -25.286
17610 -25.404
17620 -25.580
17630 -25.749
17640 -25.842
17650 -25.812
17660 -25.648
17670 -25.382
17680 -25.079
17690 -24.813
17700 -24.651
17710 -24.626
17720 -24.727
17730 -24.903
17740 -25.089
17750 -25.227
17760 -25.285
17770 -25.267
17780 -25.214
17790 -25.195
17800 -25.292
17810 -25.569
17820 -26.045
17830 -26.694
17840 -27.462
17850 -28.284
17860 -29.111
17870 -29.916
17880 -30.706
17890 -31.538
17900 -32.517
17910 -33.773
17920 -35.425
17930 -37.536
17940 -39.924
17950 -41.462
17960 -40.415
17970 -37.821
17980 -35.261
17990 -33.138
18000 -31.481
18010 -30.256
18020 -29.388
18030 -28.758
18040 -28.231
18050 -27.692
18060 -27.073
18070 -26.359
18080 -25.581
18090 -24.811
18100 -24.141
18110 -23.657
18120 -23.405
18130 -23.363
18140 -23.451
18150 -23.567
18160 -23.624
18170 -23.562
18180 -23.367
18190 -23.074
18200 -22.770
18210 -22.580
18220 -22.617
18230 -22.921
18240 -23.436
18250 -24.053
18260 -24.656
18270 -25.154
18280 -25.485
18290 -25.635
18300 -25.664
18310 -25.715
18320 -25.960
18330 -26.488
18340 -27.246
18350 -28.093
18360 -28.866
18370 -29.397
18380 -29.524
18390 -29.169
18400 -28.440
18410 -27.632
18420 -27.060
18430 -26.868
18440 -26.983
18450 -27.227
18460 -27.424
18470 -27.439
18480 -27.191
18490 -26.672
18500 -25.979
18510 -25.313
18520 -24.911
18530 -24.902
18540 -25.231
18550 -25.731
18560 -26.234
18570 -26.602
18580 -26.726
18590 -26.530
18600 -26.020
18610 -25.351
18620 -24.809
18630 -24.634
18640 -24.823
18650 -25.177
18660 -25.476
18670 -25.554
18680 -25.293
18690 -24.640
18700 -23.666
18710 -22.623
18720 -21.890
18730 -21.695
18740 -21.915
18750 -22.265
18760 -22.528
18770 -22.588
18780 -22.398
18790 -21.975
18800 -21.430
18810 -20.987
18820 -20.892
18830 -21.208
18840 -21.773
18850 -22.379
18860 -22.897
18870 -23.274
18880 -23.509
18890 -23.636
18900 -23.733
18910 -23.922
18920 -24.323
18930 -24.971
18940 -25.770
18950 -26.576
18960 -27.282
18970 -27.842
18980 -28.249
18990 -28.512
19000 -28.644
19010 -28.674
19020 -28.653
19030 -28.636
19040 -28.641
19050 -28.634
19060 -28.568
19070 -28.406
19080 -28.128
19090 -27.724
19100 -27.218
19110 -26.693
19120 -26.291
19130 -26.137
19140 -26.215
19150 -26.396
19160 -26.550
19170 -26.608
19180 -26.554
19190 -26.412
19200 -26.240
19210 -26.141
19220 -26.236
19230 -26.589
19240 -27.138
19250 -27.741
19260 -28.274
19270 -28.681
19280 -28.963
19290 -29.148
19300 -29.284
19310 -29.423
19320 -29.611
19330 -29.858
19340 -30.105
19350 -30.254
19360 -30.234
19370 -30.038
19380 -29.693
19390 -29.232
19400 -28.687
19410 -28.102
19420 -27.555
19430 -27.158
19440 -26.987
19450 -27.011
19460 -27.099
19470 -27.126
19480 -27.028
19490 -26.797
19500 -26.467
19510 -26.110
19520 -25.850
19530 -25.835
19540 -26.149
19550 -26.711
19560 -27.326
19570 -27.824
19580 -28.135
19590 -28.269
19600 -28.280
19610 -28.247
19620 -28.250
19630 -28.354
19640 -28.564
19650 -28.807
19660 -28.973
19670 -28.978
19680 -28.799
19690 -28.453
19700 -27.980
19710 -27.429
19720 -26.864
19730 -26.369
19740 -26.044
19750 -25.951
19760 -26.061
19770 -26.252
19780 -26.383
19790 -26.363
19800 -26.166
19810 -25.820
19820 -25.399
19830 -25.021
19840 -24.835
19850 -24.951
19860 -25.353
19870 -25.881
19880 -26.339
19890 -26.596
19900 -26.616
19910 -26.438
19920 -26.164
19930 -25.933
19940 -25.884
19950 -26.086
19960 -26.479
19970 -26.906
19980 -27.213
19990 -27.314
20000 -27.194
20010 -26.894
20020 -26.482
20030 -26.045
20040 -25.683
20050 -25.485
20060 -25.497
20070 -25.688
20080 -25.961
20090 -26.192
20100 -26.283
20110 -26.187
20120 -25.916
20130 -25.535
20140 -25.156
20150 -24.908
20160 -24.893
20170 -25.124
20180 -25.511
20190 -25.909
20200 -26.184
20210 -26.252
20220 -26.097
20230 -25.772
20240 -25.388
20250 -25.093
20260 -25.021
20270 -25.223
20280 -25.635
20290 -26.117
20300 -26.517
20310 -26.724
20320 -26.690
20330 -26.444
20340 -26.085
20350 -25.765
20360 -25.640
20370 -25.799
20380 -26.215
20390 -26.759
20400 -27.272
20410 -27.614
20420 -27.704
20430 -27.542
20440 -27.215
20450 -26.878
20460 -26.707
20470 -26.817
20480 -27.183
20490 -27.622
20500 -27.858
20510 -27.665
20520 -27.022
20530 -26.132
20540 -25.273
20550 -24.655
20560 -24.365
20570 -24.376
20580 -24.599
20590 -24.938
20600 -25.317
20610 -25.681
20620 -25.988
20630 -26.209
20640 -26.326
20650 -26.349
20660 -26.328
20670 -26.340
20680 -26.442
20690 -26.640
20700 -26.889
20710 -27.133
20720 -27.325
20730 -27.425
20740 -27.411
20750 -27.282
20760 -27.073
20770 -26.852
20780 -26.688
20790 -26.603
20800 -26.574
20810 -26.557
20820 -26.515
20830 -26.428
20840 -26.293
20850 -26.129
20860 -25.976
20870 -25.886
20880 -25.895
20890 -26.005
20900 -26.177
20910 -26.360
20920 -26.513
20930 -26.617
20940 -26.674
20950 -26.706
20960 -26.748
20970 -26.841
20980 -27.010
20990 -27.244
21000 -27.498
21010 -27.723
21020 -27.886
21030 -27.984
21040 -28.038
21050 -28.084
21060 -28.170
21070 -28.340
21080 -28.615
21090 -28.973
21100 -29.348
21110 -29.665
21120 -29.880
21130 -29.994
21140 -30.047
21150 -30.103
21160 -30.233
21170 -30.506
21180 -30.963
21190 -31.596
21200 -32.333
21210 -33.046
21220 -33.597
21230 -33.912
21240 -34.034
21250 -34.113
21260 -34.334
21270 -34.889
21280 -35.990
21290 -38.000
21300 -41.886
21310 -49.625
21320 -40.747
21330 -33.488
21340 -29.352
21350 -27.590
21360 -27.411
21370 -27.886
21380 -28.521
21390 -29.145
21400 -29.714
21410 -30.221
21420 -30.678
21430 -31.102
21440 -31.520
21450 -31.979
21460 -32.548
21470 -33.328
21480 -34.406
21490 -35.704
21500 -36.816
21510 -37.264
21520 -37.063
21530 -36.564
21540 -36.028
21550 -35.574
21560 -35.279
21570 -35.236
21580 -35.569
21590 -36.384
21600 -37.615
21610 -38.857
21620 -39.436
21630 -39.041
21640 -38.032
21650 -36.871
21660 -35.823
21670 -35.042
21680 -34.675
21690 -34.862
21700 -35.653
21710 -36.894
21720 -38.170
21730 -38.871
21740 -38.619
21750 -37.662
21760 -36.496
21770 -35.480
21780 -34.847
21790 -34.771
21800 -35.342
21810 -36.514
21820 -38.074
21830 -39.596
21840 -40.413
21850 -40.093
21860 -39.010
21870 -37.815
21880 -36.941
21890 -36.639
21900 -37.053
21910 -38.215
21920 -40.060
21930 -42.434
21940 -44.848
21950 -45.937
21960 -44.907
21970 -43.157
21980 -41.797
21990 -41.194
22000 -41.494
22010 -42.759
22020 -45.030
22030 -48.491
22040 -53.821
22050 -61.527
22060 -57.922
22070 -53.770
22080 -52.323
22090 -52.920
22100 -55.186
22110 -55.274
22120 -51.263
22130 -47.873
22140 -45.621
22150 -44.181
22160 -43.366
22170 -43.139
22180 -43.576
22190 -44.761
22200 -46.288
22210 -46.396
22220 -44.500
22230 -42.364
22240 -40.708
22250 -39.527
22260 -38.734
22270 -38.296
22280 -38.243
22290 -38.633
22300 -39.414
22310 -40.181
22320 -40.277
22330 -39.575
22340 -38.533
22350 -37.508
22360 -36.631
22370 -35.959
22380 -35.559
22390 -35.548
22400 -36.040
22410 -36.990
22420 -38.024
22430 -38.552
22440 -38.298
22450 -37.494
22460 -36.484
22470 -35.488
22480 -34.660
22490 -34.172
22500 -34.227
22510 -34.938
22520 -36.159
22530 -37.444
22540 -38.188
22550 -37.992
22560 -36.990
22570 -35.596
22580 -34.168
22590 -32.994
22600 -32.357
22610 -32.447
22620 -33.194
22630 -34.281
22640 -35.287
22650 -35.765
22660 -35.399
22670 -34.241
22680 -32.660
22690 -31.106
22700 -30.006
22710 -29.664
22720 -30.056
22730 -30.884
22740 -31.806
22750 -32.514
22760 -32.715
22770 -32.203
22780 -31.029
22790 -29.550
22800 -28.299
22810 -27.748
22820 -27.993
22830 -28.753
22840 -29.689
22850 -30.547
22860 -31.104
22870 -31.116
22880 -30.411
22890 -29.115
22900 -27.745
22910 -26.975
22920 -27.102
22930 -27.858
22940 -28.850
22950 -29.826
22960 -30.614
22970 -31.015
22980 -30.782
22990 -29.801
23000 -28.421
23010 -27.438
23020 -27.404
23030 -28.120
23040 -29.133
23050 -30.175
23060 -31.121
23070 -31.864
23080 -32.221
23090 -31.942
23100 -30.984
23110 -29.907
23120 -29.495
23130 -29.875
23140 -30.659
23150 -31.545
23160 -32.410
23170 -33.205
23180 -33.879
23190 -34.302
23200 -34.222
23210 -33.503
23220 -32.637
23230 -32.287
23240 -32.451
23250 -32.831
23260 -33.250
23270 -33.644
23280 -33.994
23290 -34.281
23300 -34.443
23310 -34.337
23320 -33.888
23330 -33.418
23340 -33.219
23350 -33.202
23360 -33.236
23370 -33.262
23380 -33.263
23390 -33.238
23400 -33.204
23410 -33.206
23420 -33.322
23430 -33.521
23440 -33.629
23450 -33.603
23460 -33.502
23470 -33.367
23480 -33.216
23490 -33.069
23500 -32.969
23510 -33.032
23520 -33.467
23530 -34.262
23540 -34.844
23550 -34.913
23560 -34.713
23570 -34.446
23580 -34.187
23590 -33.966
23600 -33.832
23610 -33.919
23620 -34.558
23630 -36.025
23640 -37.271
23650 -37.193
23660 -36.586
23670 -36.024
23680 -35.595
23690 -35.295
23700 -35.154
23710 -35.341
23720 -36.475
23730 -39.756
23740 -41.504
23750 -39.330
23760 -37.831
23770 -37.020
23780 -36.574
23790 -36.366
23800 -36.406
23810 -36.927
23820 -39.017
23830 -46.058
23840 -40.452
23850 -37.355
23860 -36.338
23870 -35.914
23880 -35.722
23890 -35.664
23900 -35.731
23910 -36.001
23920 -36.813
23930 -40.047
23940 -42.220
23950 -35.953
23960 -34.940
23970 -34.695
23980 -34.614
23990 -34.584
