00000 -0.257
00010 -0.191
00020 -0.035
00030 +0.133
00040 +0.263
00050 +0.340
00060 +0.364
00070 +0.344
00080 +0.293
00090 +0.233
00100 +0.190
00110 +0.192
00120 +0.245
00130 +0.332
00140 +0.424
00150 +0.497
00160 +0.541
00170 +0.558
00180 +0.552
00190 +0.533
00200 +0.514
00210 +0.504
00220 +0.511
00230 +0.535
00240 +0.569
00250 +0.604
00260 +0.629
00270 +0.640
00280 +0.636
00290 +0.621
00300 +0.600
00310 +0.579
00320 +0.565
00330 +0.562
00340 +0.571
00350 +0.586
00360 +0.603
00370 +0.614
00380 +0.617
00390 +0.610
00400 +0.597
00410 +0.583
00420 +0.576
00430 +0.582
00440 +0.606
00450 +0.649
00460 +0.705
00470 +0.768
00480 +0.829
00490 +0.887
00500 +0.945
00510 +1.011
00520 +1.092
00530 +1.198
00540 +1.329
00550 +1.478
00560 +1.632
00570 +1.774
00580 +1.896
00590 +1.997
00600 +2.081
00610 +2.155
00620 +2.225
00630 +2.292
00640 +2.356
00650 +2.409
00660 +2.448
00670 +2.469
00680 +2.472
00690 +2.460
00700 +2.440
00710 +2.415
00720 +2.391
00730 +2.368
00740 +2.347
00750 +2.327
00760 +2.305
00770 +2.278
00780 +2.245
00790 +2.205
00800 +2.161
00810 +2.115
00820 +2.073
00830 +2.037
00840 +2.010
00850 +1.992
00860 +1.982
00870 +1.976
00880 +1.971
00890 +1.965
00900 +1.959
00910 +1.957
00920 +1.961
00930 +1.976
00940 +2.001
00950 +2.034
00960 +2.069
00970 +2.100
00980 +2.124
00990 +2.140
01000 +2.150
01010 +2.157
01020 +2.165
01030 +2.177
01040 +2.193
01050 +2.212
01060 +2.233
01070 +2.250
01080 +2.263
01090 +2.271
01100 +2.275
01110 +2.278
01120 +2.281
01130 +2.289
01140 +2.302
01150 +2.320
01160 +2.343
01170 +2.367
01180 +2.390
01190 +2.411
01200 +2.430
01210 +2.448
01220 +2.466
01230 +2.489
01240 +2.518
01250 +2.555
01260 +2.597
01270 +2.644
01280 +2.691
01290 +2.735
01300 +2.775
01310 +2.810
01320 +2.843
01330 +2.875
01340 +2.911
01350 +2.949
01360 +2.990
01370 +3.030
01380 +3.065
01390 +3.092
01400 +3.108
01410 +3.114
01420 +3.114
01430 +3.109
01440 +3.104
01450 +3.101
01460 +3.098
01470 +3.094
01480 +3.086
01490 +3.072
01500 +3.050
01510 +3.021
01520 +2.986
01530 +2.948
01540 +2.910
01550 +2.873
01560 +2.839
01570 +2.807
01580 +2.774
01590 +2.739
01600 +2.700
01610 +2.654
01620 +2.603
01630 +2.551
01640 +2.501
01650 +2.457
01660 +2.422
01670 +2.396
01680 +2.377
01690 +2.362
01700 +2.347
01710 +2.330
01720 +2.311
01730 +2.292
01740 +2.276
01750 +2.267
01760 +2.266
01770 +2.273
01780 +2.285
01790 +2.298
01800 +2.309
01810 +2.315
01820 +2.316
01830 +2.314
01840 +2.312
01850 +2.313
01860 +2.320
01870 +2.333
01880 +2.351
01890 +2.372
01900 +2.391
01910 +2.406
01920 +2.416
01930 +2.423
01940 +2.429
01950 +2.437
01960 +2.451
01970 +2.472
01980 +2.501
01990 +2.535
02000 +2.571
02010 +2.604
02020 +2.634
02030 +2.659
02040 +2.683
02050 +2.708
02060 +2.737
02070 +2.774
02080 +2.817
02090 +2.864
02100 +2.912
02110 +2.954
02120 +2.989
02130 +3.016
02140 +3.037
02150 +3.056
02160 +3.076
02170 +3.102
02180 +3.132
02190 +3.167
02200 +3.202
02210 +3.235
02220 +3.263
02230 +3.286
02240 +3.305
02250 +3.323
02260 +3.344
02270 +3.370
02280 +3.401
02290 +3.438
02300 +3.477
02310 +3.516
02320 +3.551
02330 +3.581
02340 +3.603
02350 +3.621
02360 +3.635
02370 +3.648
02380 +3.662
02390 +3.676
02400 +3.689
02410 +3.698
02420 +3.699
02430 +3.689
02440 +3.666
02450 +3.632
02460 +3.588
02470 +3.539
02480 +3.489
02490 +3.438
02500 +3.387
02510 +3.335
02520 +3.278
02530 +3.213
02540 +3.140
02550 +3.059
02560 +2.974
02570 +2.887
02580 +2.803
02590 +2.723
02600 +2.649
02610 +2.579
02620 +2.509
02630 +2.437
02640 +2.360
02650 +2.279
02660 +2.194
02670 +2.110
02680 +2.028
02690 +1.954
02700 +1.886
02710 +1.826
02720 +1.771
02730 +1.720
02740 +1.670
02750 +1.623
02760 +1.580
02770 +1.546
02780 +1.525
02790 +1.523
02800 +1.542
02810 +1.584
02820 +1.648
02830 +1.730
02840 +1.825
02850 +1.929
02860 +2.036
02870 +2.143
02880 +2.248
02890 +2.349
02900 +2.447
02910 +2.540
02920 +2.625
02930 +2.699
02940 +2.761
02950 +2.807
02960 +2.836
02970 +2.852
02980 +2.856
02990 +2.852
03000 +2.846
03010 +2.840
03020 +2.835
03030 +2.829
03040 +2.821
03050 +2.809
03060 +2.789
03070 +2.763
03080 +2.733
03090 +2.701
03100 +2.671
03110 +2.647
03120 +2.630
03130 +2.620
03140 +2.613
03150 +2.609
03160 +2.604
03170 +2.598
03180 +2.593
03190 +2.591
03200 +2.596
03210 +2.612
03220 +2.641
03230 +2.681
03240 +2.730
03250 +2.784
03260 +2.840
03270 +2.896
03280 +2.949
03290 +3.001
03300 +3.054
03310 +3.109
03320 +3.167
03330 +3.228
03340 +3.290
03350 +3.350
03360 +3.406
03370 +3.456
03380 +3.499
03390 +3.535
03400 +3.566
03410 +3.596
03420 +3.626
03430 +3.659
03440 +3.694
03450 +3.729
03460 +3.764
03470 +3.795
03480 +3.821
03490 +3.840
03500 +3.855
03510 +3.867
03520 +3.879
03530 +3.893
03540 +3.909
03550 +3.927
03560 +3.945
03570 +3.958
03580 +3.965
03590 +3.964
03600 +3.953
03610 +3.933
03620 +3.908
03630 +3.880
03640 +3.848
03650 +3.814
03660 +3.775
03670 +3.727
03680 +3.666
03690 +3.590
03700 +3.497
03710 +3.390
03720 +3.271
03730 +3.144
03740 +3.012
03750 +2.878
03760 +2.742
03770 +2.602
03780 +2.457
03790 +2.307
03800 +2.154
03810 +2.000
03820 +1.851
03830 +1.712
03840 +1.588
03850 +1.481
03860 +1.393
03870 +1.322
03880 +1.268
03890 +1.228
03900 +1.201
03910 +1.186
03920 +1.186
03930 +1.203
03940 +1.237
03950 +1.291
03960 +1.364
03970 +1.454
03980 +1.558
03990 +1.673
04000 +1.794
04010 +1.920
04020 +2.049
04030 +2.181
04040 +2.318
04050 +2.460
04060 +2.607
04070 +2.756
04080 +2.903
04090 +3.043
04100 +3.171
04110 +3.284
04120 +3.378
04130 +3.453
04140 +3.511
04150 +3.554
04160 +3.583
04170 +3.600
04180 +3.605
04190 +3.596
04200 +3.573
04210 +3.533
04220 +3.480
04230 +3.415
04240 +3.344
04250 +3.271
04260 +3.202
04270 +3.138
04280 +3.083
04290 +3.034
04300 +2.991
04310 +2.953
04320 +2.918
04330 +2.888
04340 +2.864
04350 +2.850
04360 +2.848
04370 +2.861
04380 +2.888
04390 +2.928
04400 +2.978
04410 +3.034
04420 +3.095
04430 +3.158
04440 +3.223
04450 +3.291
04460 +3.364
04470 +3.442
04480 +3.525
04490 +3.611
04500 +3.697
04510 +3.780
04520 +3.856
04530 +3.923
04540 +3.980
04550 +4.028
04560 +4.068
04570 +4.103
04580 +4.134
04590 +4.160
04600 +4.182
04610 +4.196
04620 +4.202
04630 +4.199
04640 +4.185
04650 +4.163
04660 +4.134
04670 +4.101
04680 +4.066
04690 +4.033
04700 +3.999
04710 +3.967
04720 +3.933
04730 +3.896
04740 +3.856
04750 +3.813
04760 +3.768
04770 +3.724
04780 +3.683
04790 +3.648
04800 +3.619
04810 +3.596
04820 +3.578
04830 +3.562
04840 +3.548
04850 +3.533
04860 +3.518
04870 +3.506
04880 +3.497
04890 +3.495
04900 +3.499
04910 +3.511
04920 +3.528
04930 +3.547
04940 +3.566
04950 +3.584
04960 +3.599
04970 +3.613
04980 +3.628
04990 +3.646
05000 +3.668
05010 +3.694
05020 +3.724
05030 +3.755
05040 +3.786
05050 +3.815
05060 +3.841
05070 +3.866
05080 +3.890
05090 +3.915
05100 +3.944
05110 +3.977
05120 +4.014
05130 +4.055
05140 +4.098
05150 +4.141
05160 +4.182
05170 +4.221
05180 +4.258
05190 +4.293
05200 +4.330
05210 +4.368
05220 +4.409
05230 +4.451
05240 +4.492
05250 +4.529
05260 +4.560
05270 +4.582
05280 +4.593
05290 +4.596
05300 +4.591
05310 +4.580
05320 +4.565
05330 +4.547
05340 +4.524
05350 +4.495
05360 +4.459
05370 +4.414
05380 +4.360
05390 +4.301
05400 +4.239
05410 +4.178
05420 +4.122
05430 +4.072
05440 +4.028
05450 +3.990
05460 +3.956
05470 +3.924
05480 +3.895
05490 +3.869
05500 +3.849
05510 +3.836
05520 +3.833
05530 +3.842
05540 +3.862
05550 +3.893
05560 +3.932
05570 +3.976
05580 +4.023
05590 +4.074
05600 +4.127
05610 +4.186
05620 +4.251
05630 +4.324
05640 +4.405
05650 +4.493
05660 +4.584
05670 +4.675
05680 +4.763
05690 +4.847
05700 +4.927
05710 +5.003
05720 +5.077
05730 +5.150
05740 +5.224
05750 +5.296
05760 +5.366
05770 +5.431
05780 +5.489
05790 +5.538
05800 +5.580
05810 +5.614
05820 +5.643
05830 +5.671
05840 +5.698
05850 +5.726
05860 +5.754
05870 +5.781
05880 +5.807
05890 +5.828
05900 +5.846
05910 +5.860
05920 +5.872
05930 +5.884
05940 +5.898
05950 +5.916
05960 +5.938
05970 +5.962
05980 +5.986
05990 +6.007
06000 +6.025
06010 +6.037
06020 +6.045
06030 +6.049
06040 +6.053
06050 +6.058
06060 +6.063
06070 +6.069
06080 +6.073
06090 +6.073
06100 +6.066
06110 +6.051
06120 +6.030
06130 +6.002
06140 +5.971
06150 +5.939
06160 +5.908
06170 +5.878
06180 +5.848
06190 +5.816
06200 +5.779
06210 +5.738
06220 +5.691
06230 +5.640
06240 +5.588
06250 +5.538
06260 +5.492
06270 +5.450
06280 +5.414
06290 +5.381
06300 +5.348
06310 +5.315
06320 +5.280
06330 +5.243
06340 +5.207
06350 +5.173
06360 +5.145
06370 +5.124
06380 +5.111
06390 +5.103
06400 +5.097
06410 +5.091
06420 +5.081
06430 +5.068
06440 +5.052
06450 +5.035
06460 +5.022
06470 +5.013
06480 +5.010
06490 +5.010
06500 +5.012
06510 +5.010
06520 +5.003
06530 +4.990
06540 +4.972
06550 +4.952
06560 +4.934
06570 +4.919
06580 +4.911
06590 +4.908
06600 +4.907
06610 +4.907
06620 +4.904
06630 +4.897
06640 +4.888
06650 +4.877
06660 +4.870
06670 +4.869
06680 +4.876
06690 +4.891
06700 +4.913
06710 +4.938
06720 +4.963
06730 +4.986
06740 +5.006
06750 +5.024
06760 +5.044
06770 +5.068
06780 +5.098
06790 +5.136
06800 +5.179
06810 +5.223
06820 +5.266
06830 +5.303
06840 +5.333
06850 +5.356
06860 +5.375
06870 +5.393
06880 +5.412
06890 +5.435
06900 +5.460
06910 +5.485
06920 +5.505
06930 +5.518
06940 +5.523
06950 +5.518
06960 +5.507
06970 +5.494
06980 +5.482
06990 +5.474
07000 +5.471
07010 +5.471
07020 +5.471
07030 +5.468
07040 +5.460
07050 +5.446
07060 +5.430
07070 +5.413
07080 +5.401
07090 +5.395
07100 +5.398
07110 +5.408
07120 +5.423
07130 +5.438
07140 +5.450
07150 +5.459
07160 +5.464
07170 +5.468
07180 +5.473
07190 +5.484
07200 +5.501
07210 +5.525
07220 +5.552
07230 +5.579
07240 +5.602
07250 +5.618
07260 +5.627
07270 +5.630
07280 +5.632
07290 +5.635
07300 +5.643
07310 +5.656
07320 +5.672
07330 +5.688
07340 +5.700
07350 +5.705
07360 +5.704
07370 +5.696
07380 +5.687
07390 +5.678
07400 +5.674
07410 +5.676
07420 +5.684
07430 +5.694
07440 +5.703
07450 +5.708
07460 +5.707
07470 +5.701
07480 +5.692
07490 +5.684
07500 +5.679
07510 +5.679
07520 +5.685
07530 +5.695
07540 +5.704
07550 +5.711
07560 +5.711
07570 +5.704
07580 +5.691
07590 +5.675
07600 +5.660
07610 +5.648
07620 +5.640
07630 +5.636
07640 +5.632
07650 +5.626
07660 +5.613
07670 +5.593
07680 +5.566
07690 +5.535
07700 +5.503
07710 +5.473
07720 +5.449
07730 +5.430
07740 +5.415
07750 +5.401
07760 +5.384
07770 +5.363
07780 +5.337
07790 +5.308
07800 +5.280
07810 +5.255
07820 +5.238
07830 +5.230
07840 +5.229
07850 +5.233
07860 +5.238
07870 +5.242
07880 +5.243
07890 +5.241
07900 +5.237
07910 +5.236
07920 +5.240
07930 +5.251
07940 +5.269
07950 +5.291
07960 +5.316
07970 +5.337
07980 +5.353
07990 +5.362
08000 +5.366
08010 +5.366
08020 +5.367
08030 +5.371
08040 +5.381
08050 +5.394
08060 +5.409
08070 +5.420
08080 +5.425
08090 +5.420
08100 +5.408
08110 +5.390
08120 +5.369
08130 +5.351
08140 +5.338
08150 +5.329
08160 +5.324
08170 +5.318
08180 +5.307
08190 +5.289
08200 +5.263
08210 +5.231
08220 +5.198
08230 +5.166
08240 +5.139
08250 +5.120
08260 +5.107
08270 +5.097
08280 +5.087
08290 +5.072
08300 +5.050
08310 +5.022
08320 +4.990
08330 +4.959
08340 +4.932
08350 +4.913
08360 +4.902
08370 +4.896
08380 +4.891
08390 +4.883
08400 +4.868
08410 +4.844
08420 +4.815
08430 +4.784
08440 +4.757
08450 +4.737
08460 +4.727
08470 +4.725
08480 +4.728
08490 +4.730
08500 +4.728
08510 +4.720
08520 +4.708
08530 +4.695
08540 +4.689
08550 +4.692
08560 +4.710
08570 +4.740
08580 +4.780
08590 +4.825
08600 +4.870
08610 +4.913
08620 +4.954
08630 +4.995
08640 +5.041
08650 +5.097
08660 +5.165
08670 +5.245
08680 +5.335
08690 +5.430
08700 +5.525
08710 +5.616
08720 +5.700
08730 +5.779
08740 +5.857
08750 +5.938
08760 +6.026
08770 +6.122
08780 +6.225
08790 +6.332
08800 +6.436
08810 +6.535
08820 +6.624
08830 +6.705
08840 +6.779
08850 +6.851
08860 +6.926
08870 +7.007
08880 +7.092
08890 +7.180
08900 +7.264
08910 +7.341
08920 +7.406
08930 +7.458
08940 +7.499
08950 +7.532
08960 +7.560
08970 +7.587
08980 +7.614
08990 +7.639
09000 +7.658
09010 +7.666
09020 +7.661
09030 +7.639
09040 +7.602
09050 +7.553
09060 +7.496
09070 +7.435
09080 +7.373
09090 +7.311
09100 +7.248
09110 +7.181
09120 +7.106
09130 +7.021
09140 +6.926
09150 +6.822
09160 +6.713
09170 +6.604
09180 +6.499
09190 +6.400
09200 +6.307
09210 +6.219
09220 +6.130
09230 +6.039
09240 +5.941
09250 +5.839
09260 +5.734
09270 +5.631
09280 +5.534
09290 +5.448
09300 +5.373
09310 +5.309
09320 +5.250
09330 +5.194
09340 +5.136
09350 +5.077
09360 +5.017
09370 +4.961
09380 +4.913
09390 +4.877
09400 +4.855
09410 +4.847
09420 +4.849
09430 +4.856
09440 +4.865
09450 +4.872
09460 +4.879
09470 +4.886
09480 +4.898
09490 +4.919
09500 +4.951
09510 +4.994
09520 +5.045
09530 +5.101
09540 +5.156
09550 +5.207
09560 +5.253
09570 +5.293
09580 +5.332
09590 +5.373
09600 +5.418
09610 +5.471
09620 +5.529
09630 +5.588
09640 +5.646
09650 +5.697
09660 +5.739
09670 +5.771
09680 +5.795
09690 +5.817
09700 +5.838
09710 +5.862
09720 +5.889
09730 +5.916
09740 +5.941
09750 +5.959
09760 +5.967
09770 +5.964
09780 +5.950
09790 +5.930
09800 +5.908
09810 +5.886
09820 +5.867
09830 +5.850
09840 +5.833
09850 +5.813
09860 +5.786
09870 +5.750
09880 +5.706
09890 +5.656
09900 +5.603
09910 +5.551
09920 +5.504
09930 +5.463
09940 +5.425
09950 +5.390
09960 +5.352
09970 +5.309
09980 +5.260
09990 +5.205
10000 +5.147
10010 +5.091
10020 +5.039
10030 +4.995
10040 +4.957
10050 +4.925
10060 +4.894
10070 +4.860
10080 +4.821
10090 +4.777
10100 +4.730
10110 +4.683
10120 +4.640
10130 +4.604
10140 +4.577
10150 +4.557
10160 +4.540
10170 +4.524
10180 +4.505
10190 +4.481
10200 +4.454
10210 +4.425
10220 +4.400
10230 +4.380
10240 +4.368
10250 +4.365
10260 +4.367
10270 +4.371
10280 +4.375
10290 +4.375
10300 +4.371
10310 +4.364
10320 +4.357
10330 +4.354
10340 +4.358
10350 +4.370
10360 +4.390
10370 +4.415
10380 +4.442
10390 +4.466
10400 +4.486
10410 +4.502
10420 +4.517
10430 +4.534
10440 +4.557
10450 +4.589
10460 +4.630
10470 +4.679
10480 +4.733
10490 +4.786
10500 +4.836
10510 +4.881
10520 +4.923
10530 +4.964
10540 +5.010
10550 +5.062
10560 +5.123
10570 +5.190
10580 +5.259
10590 +5.327
10600 +5.387
10610 +5.438
10620 +5.479
10630 +5.512
10640 +5.541
10650 +5.569
10660 +5.598
10670 +5.627
10680 +5.655
10690 +5.676
10700 +5.689
10710 +5.689
10720 +5.677
10730 +5.655
10740 +5.626
10750 +5.596
10760 +5.567
10770 +5.542
10780 +5.521
10790 +5.500
10800 +5.476
10810 +5.448
10820 +5.413
10830 +5.372
10840 +5.328
10850 +5.285
10860 +5.247
10870 +5.217
10880 +5.195
10890 +5.179
10900 +5.167
10910 +5.154
10920 +5.139
10930 +5.120
10940 +5.099
10950 +5.078
10960 +5.063
10970 +5.055
10980 +5.057
10990 +5.068
11000 +5.085
11010 +5.106
11020 +5.126
11030 +5.143
11040 +5.156
11050 +5.169
11060 +5.183
11070 +5.203
11080 +5.232
11090 +5.270
11100 +5.316
11110 +5.367
11120 +5.417
11130 +5.464
11140 +5.505
11150 +5.540
11160 +5.574
11170 +5.609
11180 +5.651
11190 +5.701
11200 +5.759
11210 +5.822
11220 +5.886
11230 +5.946
11240 +5.998
11250 +6.043
11260 +6.084
11270 +6.125
11280 +6.172
11290 +6.228
11300 +6.295
11310 +6.369
11320 +6.446
11330 +6.522
11340 +6.591
11350 +6.654
11360 +6.713
11370 +6.771
11380 +6.834
11390 +6.905
11400 +6.986
11410 +7.074
11420 +7.166
11430 +7.256
11440 +7.340
11450 +7.415
11460 +7.483
11470 +7.544
11480 +7.605
11490 +7.667
11500 +7.735
11510 +7.806
11520 +7.879
11530 +7.949
11540 +8.011
11550 +8.062
11560 +8.101
11570 +8.129
11580 +8.151
11590 +8.170
11600 +8.191
11610 +8.215
11620 +8.241
11630 +8.267
11640 +8.287
11650 +8.297
11660 +8.297
11670 +8.285
11680 +8.265
11690 +8.243
11700 +8.222
11710 +8.208
11720 +8.200
11730 +8.196
11740 +8.193
11750 +8.185
11760 +8.170
11770 +8.146
11780 +8.116
11790 +8.084
11800 +8.056
11810 +8.036
11820 +8.027
11830 +8.027
11840 +8.034
11850 +8.042
11860 +8.045
11870 +8.043
11880 +8.035
11890 +8.024
11900 +8.015
11910 +8.014
11920 +8.024
11930 +8.046
11940 +8.076
11950 +8.110
11960 +8.142
11970 +8.166
11980 +8.182
11990 +8.192
12000 +8.199
12010 +8.209
12020 +8.228
12030 +8.257
12040 +8.296
12050 +8.340
12060 +8.383
12070 +8.417
12080 +8.441
12090 +8.455
12100 +8.462
12110 +8.469
12120 +8.482
12130 +8.505
12140 +8.539
12150 +8.580
12160 +8.623
12170 +8.659
12180 +8.685
12190 +8.699
12200 +8.704
12210 +8.706
12220 +8.712
12230 +8.728
12240 +8.754
12250 +8.790
12260 +8.830
12270 +8.867
12280 +8.894
12290 +8.909
12300 +8.913
12310 +8.910
12320 +8.907
12330 +8.910
12340 +8.922
12350 +8.945
12360 +8.974
12370 +9.003
12380 +9.025
12390 +9.036
12400 +9.034
12410 +9.021
12420 +9.003
12430 +8.987
12440 +8.979
12450 +8.983
12460 +8.997
12470 +9.016
12480 +9.034
12490 +9.044
12500 +9.041
12510 +9.025
12520 +9.001
12530 +8.977
12540 +8.959
12550 +8.955
12560 +8.966
12570 +8.989
12580 +9.016
12590 +9.041
12600 +9.055
12610 +9.057
12620 +9.049
12630 +9.037
12640 +9.029
12650 +9.035
12660 +9.058
12670 +9.098
12680 +9.148
12690 +9.200
12700 +9.246
12710 +9.279
12720 +9.300
12730 +9.311
12740 +9.321
12750 +9.340
12760 +9.374
12770 +9.425
12780 +9.492
12790 +9.565
12800 +9.636
12810 +9.694
12820 +9.736
12830 +9.761
12840 +9.777
12850 +9.794
12860 +9.821
12870 +9.866
12880 +9.930
12890 +10.006
12900 +10.083
12910 +10.151
12920 +10.198
12930 +10.224
12940 +10.231
12950 +10.231
12960 +10.236
12970 +10.256
12980 +10.296
12990 +10.354
13000 +10.418
13010 +10.474
13020 +10.509
13030 +10.517
13040 +10.500
13050 +10.466
13060 +10.428
13070 +10.401
13080 +10.394
13090 +10.407
13100 +10.432
13110 +10.457
13120 +10.466
13130 +10.450
13140 +10.407
13150 +10.342
13160 +10.268
13170 +10.201
13180 +10.156
13190 +10.138
13200 +10.145
13210 +10.167
13220 +10.188
13230 +10.193
13240 +10.173
13250 +10.129
13260 +10.071
13270 +10.015
13280 +9.981
13290 +9.980
13300 +10.018
13310 +10.085
13320 +10.165
13330 +10.238
13340 +10.289
13350 +10.313
13360 +10.315
13370 +10.313
13380 +10.329
13390 +10.380
13400 +10.476
13410 +10.612
13420 +10.771
13430 +10.930
13440 +11.067
13450 +11.171
13460 +11.244
13470 +11.299
13480 +11.357
13490 +11.441
13500 +11.561
13510 +11.719
13520 +11.901
13530 +12.083
13540 +12.243
13550 +12.364
13560 +12.442
13570 +12.485
13580 +12.513
13590 +12.551
13600 +12.619
13610 +12.726
13620 +12.868
13630 +13.027
13640 +13.179
13650 +13.300
13660 +13.378
13670 +13.413
13680 +13.424
13690 +13.436
13700 +13.477
13710 +13.566
13720 +13.702
13730 +13.868
13740 +14.034
13750 +14.165
13760 +14.238
13770 +14.248
13780 +14.208
13790 +14.148
13800 +14.096
13810 +14.074
13820 +14.085
13830 +14.112
13840 +14.125
13850 +14.096
13860 +14.007
13870 +13.858
13880 +13.664
13890 +13.453
13900 +13.253
13910 +13.085
13920 +12.957
13930 +12.865
13940 +12.791
13950 +12.713
13960 +12.613
13970 +12.479
13980 +12.314
13990 +12.129
14000 +11.943
14010 +11.777
14020 +11.647
14030 +11.558
14040 +11.503
14050 +11.464
14060 +11.415
14070 +11.338
14080 +11.219
14090 +11.062
14100 +10.881
14110 +10.700
14120 +10.542
14130 +10.423
14140 +10.343
14150 +10.289
14160 +10.236
14170 +10.157
14180 +10.035
14190 +9.868
14200 +9.667
14210 +9.458
14220 +9.268
14230 +9.118
14240 +9.016
14250 +8.955
14260 +8.914
14270 +8.867
14280 +8.796
14290 +8.694
14300 +8.566
14310 +8.429
14320 +8.306
14330 +8.219
14340 +8.179
14350 +8.189
14360 +8.236
14370 +8.299
14380 +8.358
14390 +8.395
14400 +8.405
14410 +8.394
14420 +8.378
14430 +8.379
14440 +8.421
14450 +8.513
14460 +8.654
14470 +8.826
14480 +9.002
14490 +9.154
14500 +9.262
14510 +9.322
14520 +9.348
14530 +9.361
14540 +9.387
14550 +9.440
14560 +9.520
14570 +9.605
14580 +9.667
14590 +9.678
14600 +9.624
14610 +9.504
14620 +9.337
14630 +9.147
14640 +8.963
14650 +8.800
14660 +8.665
14670 +8.552
14680 +8.445
14690 +8.329
14700 +8.189
14710 +8.021
14720 +7.829
14730 +7.624
14740 +7.420
14750 +7.236
14760 +7.081
14770 +6.962
14780 +6.871
14790 +6.797
14800 +6.723
14810 +6.634
14820 +6.524
14830 +6.393
14840 +6.254
14850 +6.126
14860 +6.028
14870 +5.974
14880 +5.967
14890 +5.998
14900 +6.049
14910 +6.100
14920 +6.139
14930 +6.162
14940 +6.178
14950 +6.204
14960 +6.260
14970 +6.360
14980 +6.507
14990 +6.692
15000 +6.898
15010 +7.105
15020 +7.296
15030 +7.465
15040 +7.613
15050 +7.746
15060 +7.876
15070 +8.015
15080 +8.168
15090 +8.334
15100 +8.507
15110 +8.674
15120 +8.822
15130 +8.942
15140 +9.025
15150 +9.072
15160 +9.089
15170 +9.087
15180 +9.078
15190 +9.074
15200 +9.079
15210 +9.090
15220 +9.097
15230 +9.084
15240 +9.036
15250 +8.947
15260 +8.817
15270 +8.657
15280 +8.485
15290 +8.321
15300 +8.178
15310 +8.059
15320 +7.953
15330 +7.844
15340 +7.715
15350 +7.553
15360 +7.358
15370 +7.142
15380 +6.924
15390 +6.726
15400 +6.564
15410 +6.443
15420 +6.355
15430 +6.285
15440 +6.216
15450 +6.135
15460 +6.037
15470 +5.925
15480 +5.812
15490 +5.710
15500 +5.632
15510 +5.587
15520 +5.572
15530 +5.578
15540 +5.593
15550 +5.600
15560 +5.589
15570 +5.553
15580 +5.495
15590 +5.426
15600 +5.361
15610 +5.315
15620 +5.298
15630 +5.309
15640 +5.338
15650 +5.369
15660 +5.385
15670 +5.376
15680 +5.339
15690 +5.286
15700 +5.233
15710 +5.201
15720 +5.203
15730 +5.242
15740 +5.311
15750 +5.393
15760 +5.471
15770 +5.532
15780 +5.572
15790 +5.597
15800 +5.621
15810 +5.657
15820 +5.718
15830 +5.809
15840 +5.926
15850 +6.058
15860 +6.192
15870 +6.315
15880 +6.419
15890 +6.502
15900 +6.568
15910 +6.625
15920 +6.685
15930 +6.757
15940 +6.846
15950 +6.951
15960 +7.065
15970 +7.175
15980 +7.268
15990 +7.333
16000 +7.366
16010 +7.370
16020 +7.356
16030 +7.340
16040 +7.336
16050 +7.351
16060 +7.382
16070 +7.417
16080 +7.436
16090 +7.425
16100 +7.373
16110 +7.283
16120 +7.168
16130 +7.050
16140 +6.948
16150 +6.873
16160 +6.824
16170 +6.790
16180 +6.752
16190 +6.696
16200 +6.613
16210 +6.503
16220 +6.376
16230 +6.247
16240 +6.131
16250 +6.037
16260 +5.969
16270 +5.919
16280 +5.877
16290 +5.829
16300 +5.764
16310 +5.673
16320 +5.556
16330 +5.417
16340 +5.267
16350 +5.122
16360 +4.993
16370 +4.888
16380 +4.802
16390 +4.724
16400 +4.636
16410 +4.520
16420 +4.368
16430 +4.183
16440 +3.984
16450 +3.798
16460 +3.655
16470 +3.572
16480 +3.545
16490 +3.556
16500 +3.578
16510 +3.592
16520 +3.590
16530 +3.580
16540 +3.582
16550 +3.616
16560 +3.693
16570 +3.812
16580 +3.956
16590 +4.107
16600 +4.247
16610 +4.363
16620 +4.452
16630 +4.516
16640 +4.561
16650 +4.599
16660 +4.636
16670 +4.680
16680 +4.731
16690 +4.786
16700 +4.841
16710 +4.887
16720 +4.917
16730 +4.925
16740 +4.910
16750 +4.877
16760 +4.837
16770 +4.804
16780 +4.793
16790 +4.810
16800 +4.854
16810 +4.916
16820 +4.983
16830 +5.044
16840 +5.093
16850 +5.137
16860 +5.189
16870 +5.266
16880 +5.381
16890 +5.535
16900 +5.719
16910 +5.917
16920 +6.112
16930 +6.291
16940 +6.448
16950 +6.584
16960 +6.705
16970 +6.819
16980 +6.932
16990 +7.048
17000 +7.162
17010 +7.270
17020 +7.363
17030 +7.434
17040 +7.479
17050 +7.495
17060 +7.483
17070 +7.448
17080 +7.393
17090 +7.327
17100 +7.253
17110 +7.174
17120 +7.089
17130 +6.992
17140 +6.876
17150 +6.733
17160 +6.555
17170 +6.343
17180 +6.104
17190 +5.858
17200 +5.627
17210 +5.432
17220 +5.279
17230 +5.164
17240 +5.074
17250 +4.998
17260 +4.934
17270 +4.889
17280 +4.876
17290 +4.905
17300 +4.979
17310 +5.085
17320 +5.207
17330 +5.330
17340 +5.440
17350 +5.532
17360 +5.601
17370 +5.648
17380 +5.675
17390 +5.685
17400 +5.683
17410 +5.669
17420 +5.642
17430 +5.603
17440 +5.548
17450 +5.475
17460 +5.381
17470 +5.263
17480 +5.121
17490 +4.953
17500 +4.763
17510 +4.558
17520 +4.351
17530 +4.159
17540 +4.002
17550 +3.896
17560 +3.846
17570 +3.849
17580 +3.900
17590 +3.998
17600 +4.154
17610 +4.384
17620 +4.693
17630 +5.065
17640 +5.466
17650 +5.859
17660 +6.217
17670 +6.528
17680 +6.793
17690 +7.022
17700 +7.224
17710 +7.408
17720 +7.575
17730 +7.721
17740 +7.841
17750 +7.932
17760 +7.991
17770 +8.021
17780 +8.024
17790 +8.004
17800 +7.961
17810 +7.898
17820 +7.816
17830 +7.712
17840 +7.587
17850 +7.437
17860 +7.258
17870 +7.043
17880 +6.789
17890 +6.491
17900 +6.150
17910 +5.778
17920 +5.395
17930 +5.021
17940 +4.670
17950 +4.345
17960 +4.048
17970 +3.791
17980 +3.602
17990 +3.519
18000 +3.566
18010 +3.728
18020 +3.953
18030 +4.184
18040 +4.384
18050 +4.545
18060 +4.673
18070 +4.781
18080 +4.877
18090 +4.961
18100 +5.026
18110 +5.060
18120 +5.054
18130 +5.003
18140 +4.909
18150 +4.775
18160 +4.607
18170 +4.412
18180 +4.194
18190 +3.954
18200 +3.695
18210 +3.418
18220 +3.124
18230 +2.818
18240 +2.507
18250 +2.208
18260 +1.941
18270 +1.735
18280 +1.616
18290 +1.602
18300 +1.699
18310 +1.899
18320 +2.185
18330 +2.534
18340 +2.920
18350 +3.319
18360 +3.712
18370 +4.083
18380 +4.428
18390 +4.745
18400 +5.038
18410 +5.309
18420 +5.556
18430 +5.778
18440 +5.968
18450 +6.124
18460 +6.243
18470 +6.328
18480 +6.384
18490 +6.420
18500 +6.440
18510 +6.450
18520 +6.451
18530 +6.443
18540 +6.426
18550 +6.398
18560 +6.358
18570 +6.306
18580 +6.247
18590 +6.187
18600 +6.133
18610 +6.100
18620 +6.101
18630 +6.148
18640 +6.248
18650 +6.397
18660 +6.583
18670 +6.789
18680 +6.998
18690 +7.203
18700 +7.405
18710 +7.611
18720 +7.829
18730 +8.058
18740 +8.289
18750 +8.505
18760 +8.689
18770 +8.827
18780 +8.916
18790 +8.965
18800 +8.987
18810 +8.997
18820 +9.006
18830 +9.018
18840 +9.030
18850 +9.034
18860 +9.019
18870 +8.980
18880 +8.913
18890 +8.823
18900 +8.718
18910 +8.607
18920 +8.499
18930 +8.403
18940 +8.322
18950 +8.259
18960 +8.215
18970 +8.189
18980 +8.181
18990 +8.193
19000 +8.229
19010 +8.295
19020 +8.400
19030 +8.550
19040 +8.751
19050 +9.001
19060 +9.290
19070 +9.604
19080 +9.924
19090 +10.229
19100 +10.502
19110 +10.734
19120 +10.929
19130 +11.101
19140 +11.265
19150 +11.433
19160 +11.608
19170 +11.785
19180 +11.952
19190 +12.095
19200 +12.204
19210 +12.279
19220 +12.330
19230 +12.373
19240 +12.427
19250 +12.505
19260 +12.614
19270 +12.755
19280 +12.920
19290 +13.099
19300 +13.282
19310 +13.461
19320 +13.635
19330 +13.811
19340 +14.000
19350 +14.216
19360 +14.472
19370 +14.771
19380 +15.104
19390 +15.447
19400 +15.760
19410 +15.997
19420 +16.124
19430 +16.139
19440 +16.076
19450 +15.985
19460 +15.905
19470 +15.854
19480 +15.823
19490 +15.785
19500 +15.705
19510 +15.561
19520 +15.352
19530 +15.105
19540 +14.860
19550 +14.651
19560 +14.498
19570 +14.402
19580 +14.346
19590 +14.305
19600 +14.247
19610 +14.150
19620 +14.008
19630 +13.834
19640 +13.655
19650 +13.498
19660 +13.384
19670 +13.316
19680 +13.285
19690 +13.273
19700 +13.254
19710 +13.206
19720 +13.117
19730 +12.991
19740 +12.847
19750 +12.711
19760 +12.603
19770 +12.534
19780 +12.501
19790 +12.491
19800 +12.484
19810 +12.459
19820 +12.400
19830 +12.304
19840 +12.181
19850 +12.053
19860 +11.942
19870 +11.861
19880 +11.815
19890 +11.796
19900 +11.789
19910 +11.776
19920 +11.739
19930 +11.669
19940 +11.569
19950 +11.454
19960 +11.345
19970 +11.258
19980 +11.202
19990 +11.176
20000 +11.170
20010 +11.169
20020 +11.155
20030 +11.115
20040 +11.044
20050 +10.950
20060 +10.849
20070 +10.759
20080 +10.692
20090 +10.652
20100 +10.631
20110 +10.615
20120 +10.584
20130 +10.515
20140 +10.396
20150 +10.232
20160 +10.042
20170 +9.854
20180 +9.690
20190 +9.559
20200 +9.462
20210 +9.392
20220 +9.340
20230 +9.300
20240 +9.268
20250 +9.245
20260 +9.234
20270 +9.237
20280 +9.258
20290 +9.297
20300 +9.353
20310 +9.423
20320 +9.505
20330 +9.593
20340 +9.683
20350 +9.769
20360 +9.850
20370 +9.924
20380 +9.996
20390 +10.070
20400 +10.153
20410 +10.250
20420 +10.364
20430 +10.495
20440 +10.640
20450 +10.791
20460 +10.940
20470 +11.080
20480 +11.208
20490 +11.328
20500 +11.447
20510 +11.578
20520 +11.730
20530 +11.909
20540 +12.116
20550 +12.346
20560 +12.583
20570 +12.810
20580 +13.012
20590 +13.184
20600 +13.334
20610 +13.481
20620 +13.644
20630 +13.837
20640 +14.063
20650 +14.313
20660 +14.557
20670 +14.759
20680 +14.888
20690 +14.935
20700 +14.920
20710 +14.877
20720 +14.839
20730 +14.824
20740 +14.832
20750 +14.848
20760 +14.842
20770 +14.783
20780 +14.658
20790 +14.477
20800 +14.268
20810 +14.065
20820 +13.894
20830 +13.765
20840 +13.680
20850 +13.625
20860 +13.583
20870 +13.534
20880 +13.462
20890 +13.364
20900 +13.251
20910 +13.141
20920 +13.055
20930 +13.008
20940 +13.006
20950 +13.048
20960 +13.123
20970 +13.206
20980 +13.270
20990 +13.287
21000 +13.249
21010 +13.165
21020 +13.062
21030 +12.962
21040 +12.880
21050 +12.818
21060 +12.766
21070 +12.709
21080 +12.634
21090 +12.534
21100 +12.415
21110 +12.287
21120 +12.168
21130 +12.069
21140 +11.999
21150 +11.960
21160 +11.946
21170 +11.950
21180 +11.959
21190 +11.959
21200 +11.942
21210 +11.906
21220 +11.856
21230 +11.805
21240 +11.764
21250 +11.743
21260 +11.747
21270 +11.775
21280 +11.817
21290 +11.863
21300 +11.896
21310 +11.905
21320 +11.889
21330 +11.855
21340 +11.817
21350 +11.791
21360 +11.788
21370 +11.814
21380 +11.865
21390 +11.930
21400 +11.987
21410 +12.019
21420 +12.011
21430 +11.965
21440 +11.898
21450 +11.830
21460 +11.781
21470 +11.758
21480 +11.759
21490 +11.767
21500 +11.758
21510 +11.707
21520 +11.602
21530 +11.452
21540 +11.281
21550 +11.114
21560 +10.972
21570 +10.860
21580 +10.776
21590 +10.707
21600 +10.639
21610 +10.560
21620 +10.462
21630 +10.347
21640 +10.224
21650 +10.105
21660 +9.998
21670 +9.909
21680 +9.839
21690 +9.786
21700 +9.740
21710 +9.693
21720 +9.634
21730 +9.555
21740 +9.457
21750 +9.343
21760 +9.224
21770 +9.108
21780 +9.003
21790 +8.914
21800 +8.838
21810 +8.771
21820 +8.704
21830 +8.627
21840 +8.536
21850 +8.430
21860 +8.318
21870 +8.211
21880 +8.121
21890 +8.057
21900 +8.026
21910 +8.027
21920 +8.056
21930 +8.100
21940 +8.147
21950 +8.188
21960 +8.220
21970 +8.250
21980 +8.287
21990 +8.342
22000 +8.422
22010 +8.529
22020 +8.659
22030 +8.797
22040 +8.928
22050 +9.038
22060 +9.118
22070 +9.171
22080 +9.208
22090 +9.243
22100 +9.288
22110 +9.355
22120 +9.443
22130 +9.547
22140 +9.652
22150 +9.738
22160 +9.791
22170 +9.806
22180 +9.790
22190 +9.759
22200 +9.735
22210 +9.733
22220 +9.761
22230 +9.815
22240 +9.880
22250 +9.931
22260 +9.944
22270 +9.911
22280 +9.837
22290 +9.743
22300 +9.654
22310 +9.588
22320 +9.555
22330 +9.551
22340 +9.562
22350 +9.565
22360 +9.540
22370 +9.477
22380 +9.378
22390 +9.259
22400 +9.139
22410 +9.032
22420 +8.951
22430 +8.895
22440 +8.859
22450 +8.828
22460 +8.787
22470 +8.720
22480 +8.622
22490 +8.497
22500 +8.355
22510 +8.212
22520 +8.082
22530 +7.973
22540 +7.889
22550 +7.827
22560 +7.774
22570 +7.715
22580 +7.636
22590 +7.530
22600 +7.401
22610 +7.263
22620 +7.132
22630 +7.024
22640 +6.953
22650 +6.924
22660 +6.930
22670 +6.957
22680 +6.985
22690 +6.995
22700 +6.979
22710 +6.944
22720 +6.905
22730 +6.881
22740 +6.889
22750 +6.938
22760 +7.026
22770 +7.140
22780 +7.255
22790 +7.349
22800 +7.403
22810 +7.417
22820 +7.400
22830 +7.374
22840 +7.359
22850 +7.371
22860 +7.419
22870 +7.500
22880 +7.596
22890 +7.684
22900 +7.741
22910 +7.751
22920 +7.718
22930 +7.657
22940 +7.593
22950 +7.555
22960 +7.561
22970 +7.624
22980 +7.737
22990 +7.879
23000 +8.015
23010 +8.115
23020 +8.163
23030 +8.168
23040 +8.161
23050 +8.176
23060 +8.249
23070 +8.401
23080 +8.632
23090 +8.918
23100 +9.213
23110 +9.462
23120 +9.633
23130 +9.723
23140 +9.762
23150 +9.794
23160 +9.864
23170 +10.000
23180 +10.210
23190 +10.478
23200 +10.760
23210 +10.998
23220 +11.145
23230 +11.186
23240 +11.143
23250 +11.063
23260 +11.000
23270 +10.996
23280 +11.076
23290 +11.241
23300 +11.460
23310 +11.678
23320 +11.829
23330 +11.867
23340 +11.794
23350 +11.653
23360 +11.510
23370 +11.424
23380 +11.440
23390 +11.571
23400 +11.799
23410 +12.064
23420 +12.280
23430 +12.369
23440 +12.311
23450 +12.152
23460 +11.968
23470 +11.833
23480 +11.798
23490 +11.880
23500 +12.062
23510 +12.286
23520 +12.470
23530 +12.535
23540 +12.451
23550 +12.255
23560 +12.017
23570 +11.811
23580 +11.685
23590 +11.663
23600 +11.743
23610 +11.888
23620 +12.036
23630 +12.111
23640 +12.063
23650 +11.892
23660 +11.650
23670 +11.407
23680 +11.222
23690 +11.134
23700 +11.157
23710 +11.275
23720 +11.439
23730 +11.573
23740 +11.599
23750 +11.483
23760 +11.259
23770 +11.003
23780 +10.792
23790 +10.677
23800 +10.683
23810 +10.802
23820 +10.991
23830 +11.173
23840 +11.261
23850 +11.204
23860 +11.022
23870 +10.789
23880 +10.585
23890 +10.467
23900 +10.459
23910 +10.559
23920 +10.735
23930 +10.930
23940 +11.066
23950 +11.085
23960 +10.978
23970 +10.792
23980 +10.597
23990 +10.455
