00000 +0.965
00010 +0.972
00020 +0.992
00030 +1.013
00040 +1.027
00050 +1.028
00060 +1.014
00070 +0.986
00080 +0.948
00090 +0.907
00100 +0.870
00110 +0.845
00120 +0.833
00130 +0.833
00140 +0.835
00150 +0.834
00160 +0.823
00170 +0.802
00180 +0.774
00190 +0.744
00200 +0.717
00210 +0.700
00220 +0.695
00230 +0.703
00240 +0.718
00250 +0.732
00260 +0.742
00270 +0.743
00280 +0.738
00290 +0.730
00300 +0.726
00310 +0.730
00320 +0.747
00330 +0.777
00340 +0.818
00350 +0.864
00360 +0.907
00370 +0.945
00380 +0.977
00390 +1.007
00400 +1.040
00410 +1.084
00420 +1.143
00430 +1.219
00440 +1.310
00450 +1.410
00460 +1.510
00470 +1.605
00480 +1.694
00490 +1.778
00500 +1.864
00510 +1.958
00520 +2.064
00530 +2.183
00540 +2.309
00550 +2.435
00560 +2.549
00570 +2.646
00580 +2.723
00590 +2.784
00600 +2.835
00610 +2.883
00620 +2.933
00630 +2.986
00640 +3.041
00650 +3.092
00660 +3.134
00670 +3.164
00680 +3.182
00690 +3.192
00700 +3.199
00710 +3.210
00720 +3.231
00730 +3.263
00740 +3.307
00750 +3.358
00760 +3.409
00770 +3.456
00780 +3.494
00790 +3.524
00800 +3.549
00810 +3.574
00820 +3.603
00830 +3.640
00840 +3.681
00850 +3.720
00860 +3.750
00870 +3.761
00880 +3.749
00890 +3.713
00900 +3.661
00910 +3.598
00920 +3.533
00930 +3.470
00940 +3.411
00950 +3.353
00960 +3.292
00970 +3.226
00980 +3.153
00990 +3.078
01000 +3.005
01010 +2.940
01020 +2.888
01030 +2.853
01040 +2.835
01050 +2.831
01060 +2.836
01070 +2.845
01080 +2.855
01090 +2.864
01100 +2.874
01110 +2.889
01120 +2.912
01130 +2.945
01140 +2.991
01150 +3.046
01160 +3.107
01170 +3.168
01180 +3.225
01190 +3.275
01200 +3.318
01210 +3.356
01220 +3.394
01230 +3.435
01240 +3.481
01250 +3.530
01260 +3.579
01270 +3.625
01280 +3.661
01290 +3.686
01300 +3.699
01310 +3.703
01320 +3.703
01330 +3.702
01340 +3.704
01350 +3.710
01360 +3.719
01370 +3.728
01380 +3.733
01390 +3.733
01400 +3.727
01410 +3.718
01420 +3.710
01430 +3.707
01440 +3.714
01450 +3.733
01460 +3.764
01470 +3.805
01480 +3.852
01490 +3.903
01500 +3.956
01510 +4.011
01520 +4.067
01530 +4.127
01540 +4.192
01550 +4.264
01560 +4.339
01570 +4.414
01580 +4.482
01590 +4.535
01600 +4.568
01610 +4.578
01620 +4.566
01630 +4.535
01640 +4.492
01650 +4.442
01660 +4.389
01670 +4.334
01680 +4.276
01690 +4.212
01700 +4.141
01710 +4.063
01720 +3.980
01730 +3.896
01740 +3.817
01750 +3.747
01760 +3.688
01770 +3.640
01780 +3.600
01790 +3.566
01800 +3.532
01810 +3.497
01820 +3.460
01830 +3.423
01840 +3.391
01850 +3.367
01860 +3.353
01870 +3.350
01880 +3.358
01890 +3.372
01900 +3.388
01910 +3.403
01920 +3.415
01930 +3.426
01940 +3.436
01950 +3.452
01960 +3.476
01970 +3.510
01980 +3.552
01990 +3.600
02000 +3.647
02010 +3.688
02020 +3.719
02030 +3.739
02040 +3.750
02050 +3.755
02060 +3.760
02070 +3.766
02080 +3.773
02090 +3.778
02100 +3.778
02110 +3.768
02120 +3.748
02130 +3.718
02140 +3.683
02150 +3.649
02160 +3.621
02170 +3.602
02180 +3.594
02190 +3.595
02200 +3.600
02210 +3.608
02220 +3.615
02230 +3.620
02240 +3.625
02250 +3.632
02260 +3.646
02270 +3.667
02280 +3.699
02290 +3.738
02300 +3.782
02310 +3.826
02320 +3.865
02330 +3.897
02340 +3.920
02350 +3.936
02360 +3.945
02370 +3.952
02380 +3.958
02390 +3.962
02400 +3.961
02410 +3.953
02420 +3.933
02430 +3.899
02440 +3.853
02450 +3.796
02460 +3.735
02470 +3.673
02480 +3.617
02490 +3.566
02500 +3.523
02510 +3.483
02520 +3.446
02530 +3.407
02540 +3.368
02550 +3.328
02560 +3.290
02570 +3.258
02580 +3.235
02590 +3.222
02600 +3.218
02610 +3.223
02620 +3.232
02630 +3.242
02640 +3.252
02650 +3.261
02660 +3.269
02670 +3.280
02680 +3.297
02690 +3.321
02700 +3.353
02710 +3.392
02720 +3.435
02730 +3.479
02740 +3.520
02750 +3.555
02760 +3.585
02770 +3.611
02780 +3.633
02790 +3.655
02800 +3.676
02810 +3.696
02820 +3.712
02830 +3.720
02840 +3.719
02850 +3.705
02860 +3.681
02870 +3.648
02880 +3.613
02890 +3.579
02900 +3.552
02910 +3.532
02920 +3.520
02930 +3.514
02940 +3.511
02950 +3.510
02960 +3.508
02970 +3.506
02980 +3.506
02990 +3.510
03000 +3.520
03010 +3.539
03020 +3.565
03030 +3.596
03040 +3.630
03050 +3.662
03060 +3.690
03070 +3.713
03080 +3.731
03090 +3.747
03100 +3.763
03110 +3.780
03120 +3.800
03130 +3.820
03140 +3.837
03150 +3.846
03160 +3.843
03170 +3.826
03180 +3.794
03190 +3.749
03200 +3.695
03210 +3.636
03220 +3.573
03230 +3.509
03240 +3.442
03250 +3.372
03260 +3.296
03270 +3.217
03280 +3.138
03290 +3.063
03300 +2.999
03310 +2.950
03320 +2.919
03330 +2.906
03340 +2.908
03350 +2.921
03360 +2.942
03370 +2.968
03380 +2.998
03390 +3.031
03400 +3.069
03410 +3.115
03420 +3.168
03430 +3.229
03440 +3.296
03450 +3.367
03460 +3.438
03470 +3.507
03480 +3.571
03490 +3.631
03500 +3.687
03510 +3.741
03520 +3.795
03530 +3.851
03540 +3.908
03550 +3.964
03560 +4.016
03570 +4.060
03580 +4.094
03590 +4.115
03600 +4.124
03610 +4.123
03620 +4.111
03630 +4.093
03640 +4.066
03650 +4.031
03660 +3.984
03670 +3.922
03680 +3.843
03690 +3.744
03700 +3.627
03710 +3.496
03720 +3.355
03730 +3.209
03740 +3.064
03750 +2.920
03760 +2.779
03770 +2.641
03780 +2.507
03790 +2.378
03800 +2.258
03810 +2.149
03820 +2.056
03830 +1.982
03840 +1.929
03850 +1.897
03860 +1.883
03870 +1.886
03880 +1.900
03890 +1.924
03900 +1.955
03910 +1.991
03920 +2.033
03930 +2.080
03940 +2.133
03950 +2.191
03960 +2.251
03970 +2.312
03980 +2.370
03990 +2.422
04000 +2.464
04010 +2.494
04020 +2.514
04030 +2.523
04040 +2.522
04050 +2.512
04060 +2.494
04070 +2.467
04080 +2.430
04090 +2.380
04100 +2.316
04110 +2.237
04120 +2.147
04130 +2.046
04140 +1.941
04150 +1.835
04160 +1.733
04170 +1.635
04180 +1.544
04190 +1.459
04200 +1.379
04210 +1.305
04220 +1.238
04230 +1.181
04240 +1.137
04250 +1.108
04260 +1.098
04270 +1.105
04280 +1.129
04290 +1.166
04300 +1.215
04310 +1.272
04320 +1.335
04330 +1.406
04340 +1.483
04350 +1.570
04360 +1.667
04370 +1.773
04380 +1.887
04390 +2.006
04400 +2.127
04410 +2.246
04420 +2.362
04430 +2.474
04440 +2.582
04450 +2.688
04460 +2.792
04470 +2.896
04480 +2.998
04490 +3.097
04500 +3.190
04510 +3.274
04520 +3.349
04530 +3.414
04540 +3.471
04550 +3.522
04560 +3.570
04570 +3.617
04580 +3.665
04590 +3.713
04600 +3.762
04610 +3.810
04620 +3.856
04630 +3.900
04640 +3.944
04650 +3.990
04660 +4.040
04670 +4.096
04680 +4.160
04690 +4.230
04700 +4.307
04710 +4.387
04720 +4.469
04730 +4.551
04740 +4.633
04750 +4.715
04760 +4.799
04770 +4.885
04780 +4.974
04790 +5.065
04800 +5.155
04810 +5.243
04820 +5.324
04830 +5.396
04840 +5.458
04850 +5.510
04860 +5.550
04870 +5.581
04880 +5.603
04890 +5.617
04900 +5.622
04910 +5.617
04920 +5.601
04930 +5.574
04940 +5.536
04950 +5.488
04960 +5.434
04970 +5.376
04980 +5.319
04990 +5.264
05000 +5.214
05010 +5.168
05020 +5.127
05030 +5.090
05040 +5.055
05050 +5.023
05060 +4.995
05070 +4.971
05080 +4.955
05090 +4.946
05100 +4.946
05110 +4.954
05120 +4.967
05130 +4.982
05140 +4.998
05150 +5.013
05160 +5.026
05170 +5.038
05180 +5.049
05190 +5.060
05200 +5.072
05210 +5.084
05220 +5.094
05230 +5.100
05240 +5.099
05250 +5.090
05260 +5.072
05270 +5.046
05280 +5.014
05290 +4.978
05300 +4.939
05310 +4.900
05320 +4.860
05330 +4.819
05340 +4.776
05350 +4.730
05360 +4.681
05370 +4.631
05380 +4.582
05390 +4.536
05400 +4.497
05410 +4.465
05420 +4.442
05430 +4.427
05440 +4.418
05450 +4.413
05460 +4.410
05470 +4.409
05480 +4.409
05490 +4.413
05500 +4.421
05510 +4.436
05520 +4.457
05530 +4.482
05540 +4.509
05550 +4.534
05560 +4.555
05570 +4.570
05580 +4.578
05590 +4.579
05600 +4.576
05610 +4.570
05620 +4.561
05630 +4.549
05640 +4.532
05650 +4.508
05660 +4.473
05670 +4.428
05680 +4.371
05690 +4.305
05700 +4.232
05710 +4.157
05720 +4.083
05730 +4.011
05740 +3.943
05750 +3.877
05760 +3.812
05770 +3.747
05780 +3.683
05790 +3.620
05800 +3.563
05810 +3.514
05820 +3.478
05830 +3.457
05840 +3.449
05850 +3.453
05860 +3.466
05870 +3.484
05880 +3.505
05890 +3.528
05900 +3.554
05910 +3.586
05920 +3.627
05930 +3.678
05940 +3.738
05950 +3.804
05960 +3.873
05970 +3.940
05980 +4.001
05990 +4.057
06000 +4.107
06010 +4.155
06020 +4.203
06030 +4.253
06040 +4.307
06050 +4.363
06060 +4.417
06070 +4.467
06080 +4.509
06090 +4.542
06100 +4.569
06110 +4.590
06120 +4.612
06130 +4.636
06140 +4.665
06150 +4.699
06160 +4.737
06170 +4.775
06180 +4.811
06190 +4.843
06200 +4.871
06210 +4.897
06220 +4.926
06230 +4.960
06240 +5.002
06250 +5.053
06260 +5.110
06270 +5.172
06280 +5.233
06290 +5.290
06300 +5.343
06310 +5.392
06320 +5.439
06330 +5.487
06340 +5.539
06350 +5.595
06360 +5.656
06370 +5.716
06380 +5.774
06390 +5.823
06400 +5.864
06410 +5.894
06420 +5.918
06430 +5.937
06440 +5.955
06450 +5.975
06460 +5.997
06470 +6.020
06480 +6.040
06490 +6.056
06500 +6.064
06510 +6.064
06520 +6.058
06530 +6.050
06540 +6.042
06550 +6.038
06560 +6.040
06570 +6.048
06580 +6.060
06590 +6.072
06600 +6.081
06610 +6.086
06620 +6.085
06630 +6.081
06640 +6.076
06650 +6.074
06660 +6.078
06670 +6.088
06680 +6.102
06690 +6.117
06700 +6.128
06710 +6.133
06720 +6.128
06730 +6.115
06740 +6.097
06750 +6.077
06760 +6.059
06770 +6.044
06780 +6.033
06790 +6.022
06800 +6.007
06810 +5.985
06820 +5.954
06830 +5.913
06840 +5.865
06850 +5.813
06860 +5.763
06870 +5.718
06880 +5.680
06890 +5.646
06900 +5.614
06910 +5.579
06920 +5.540
06930 +5.494
06940 +5.442
06950 +5.389
06960 +5.338
06970 +5.293
06980 +5.257
06990 +5.229
07000 +5.208
07010 +5.188
07020 +5.164
07030 +5.134
07040 +5.097
07050 +5.053
07060 +5.008
07070 +4.966
07080 +4.929
07090 +4.900
07100 +4.876
07110 +4.853
07120 +4.826
07130 +4.790
07140 +4.744
07150 +4.687
07160 +4.625
07170 +4.561
07180 +4.503
07190 +4.452
07200 +4.409
07210 +4.371
07220 +4.333
07230 +4.290
07240 +4.240
07250 +4.182
07260 +4.119
07270 +4.058
07280 +4.004
07290 +3.962
07300 +3.934
07310 +3.918
07320 +3.909
07330 +3.901
07340 +3.888
07350 +3.870
07360 +3.848
07370 +3.825
07380 +3.809
07390 +3.804
07400 +3.814
07410 +3.836
07420 +3.865
07430 +3.896
07440 +3.921
07450 +3.936
07460 +3.943
07470 +3.943
07480 +3.944
07490 +3.951
07500 +3.968
07510 +3.995
07520 +4.028
07530 +4.061
07540 +4.089
07550 +4.105
07560 +4.110
07570 +4.106
07580 +4.099
07590 +4.095
07600 +4.100
07610 +4.116
07620 +4.141
07630 +4.170
07640 +4.198
07650 +4.218
07660 +4.230
07670 +4.233
07680 +4.232
07690 +4.234
07700 +4.245
07710 +4.267
07720 +4.302
07730 +4.345
07740 +4.391
07750 +4.432
07760 +4.464
07770 +4.487
07780 +4.502
07790 +4.515
07800 +4.533
07810 +4.559
07820 +4.595
07830 +4.638
07840 +4.684
07850 +4.724
07860 +4.754
07870 +4.771
07880 +4.775
07890 +4.772
07900 +4.768
07910 +4.768
07920 +4.777
07930 +4.793
07940 +4.812
07950 +4.829
07960 +4.838
07970 +4.835
07980 +4.821
07990 +4.797
08000 +4.772
08010 +4.750
08020 +4.737
08030 +4.735
08040 +4.740
08050 +4.748
08060 +4.754
08070 +4.752
08080 +4.740
08090 +4.720
08100 +4.696
08110 +4.675
08120 +4.661
08130 +4.660
08140 +4.669
08150 +4.685
08160 +4.703
08170 +4.716
08180 +4.721
08190 +4.717
08200 +4.707
08210 +4.696
08220 +4.691
08230 +4.698
08240 +4.717
08250 +4.747
08260 +4.782
08270 +4.815
08280 +4.842
08290 +4.860
08300 +4.871
08310 +4.880
08320 +4.894
08330 +4.920
08340 +4.959
08350 +5.013
08360 +5.075
08370 +5.140
08380 +5.202
08390 +5.256
08400 +5.304
08410 +5.347
08420 +5.394
08430 +5.449
08440 +5.518
08450 +5.599
08460 +5.691
08470 +5.786
08480 +5.878
08490 +5.962
08500 +6.034
08510 +6.098
08520 +6.157
08530 +6.217
08540 +6.283
08550 +6.358
08560 +6.438
08570 +6.519
08580 +6.594
08590 +6.656
08600 +6.703
08610 +6.734
08620 +6.753
08630 +6.766
08640 +6.781
08650 +6.800
08660 +6.824
08670 +6.849
08680 +6.870
08690 +6.882
08700 +6.880
08710 +6.864
08720 +6.837
08730 +6.805
08740 +6.775
08750 +6.752
08760 +6.737
08770 +6.728
08780 +6.721
08790 +6.711
08800 +6.692
08810 +6.663
08820 +6.625
08830 +6.582
08840 +6.539
08850 +6.502
08860 +6.474
08870 +6.453
08880 +6.436
08890 +6.419
08900 +6.396
08910 +6.365
08920 +6.324
08930 +6.276
08940 +6.225
08950 +6.179
08960 +6.139
08970 +6.109
08980 +6.087
08990 +6.068
09000 +6.048
09010 +6.022
09020 +5.990
09030 +5.953
09040 +5.915
09050 +5.880
09060 +5.855
09070 +5.843
09080 +5.842
09090 +5.850
09100 +5.862
09110 +5.874
09120 +5.882
09130 +5.887
09140 +5.890
09150 +5.897
09160 +5.912
09170 +5.937
09180 +5.974
09190 +6.019
09200 +6.069
09210 +6.119
09220 +6.163
09230 +6.201
09240 +6.233
09250 +6.262
09260 +6.291
09270 +6.323
09280 +6.361
09290 +6.403
09300 +6.446
09310 +6.485
09320 +6.516
09330 +6.535
09340 +6.542
09350 +6.540
09360 +6.532
09370 +6.523
09380 +6.516
09390 +6.511
09400 +6.508
09410 +6.503
09420 +6.492
09430 +6.473
09440 +6.445
09450 +6.410
09460 +6.371
09470 +6.335
09480 +6.303
09490 +6.279
09500 +6.263
09510 +6.251
09520 +6.239
09530 +6.226
09540 +6.209
09550 +6.189
09560 +6.167
09570 +6.148
09580 +6.134
09590 +6.128
09600 +6.130
09610 +6.137
09620 +6.146
09630 +6.153
09640 +6.156
09650 +6.154
09660 +6.148
09670 +6.140
09680 +6.132
09690 +6.128
09700 +6.127
09710 +6.128
09720 +6.130
09730 +6.130
09740 +6.124
09750 +6.111
09760 +6.092
09770 +6.067
09780 +6.040
09790 +6.013
09800 +5.988
09810 +5.967
09820 +5.947
09830 +5.927
09840 +5.905
09850 +5.878
09860 +5.846
09870 +5.811
09880 +5.774
09890 +5.738
09900 +5.707
09910 +5.681
09920 +5.660
09930 +5.643
09940 +5.628
09950 +5.611
09960 +5.593
09970 +5.573
09980 +5.552
09990 +5.533
10000 +5.517
10010 +5.507
10020 +5.502
10030 +5.501
10040 +5.503
10050 +5.505
10060 +5.505
10070 +5.501
10080 +5.495
10090 +5.487
10100 +5.480
10110 +5.474
10120 +5.471
10130 +5.471
10140 +5.472
10150 +5.472
10160 +5.469
10170 +5.461
10180 +5.448
10190 +5.431
10200 +5.412
10210 +5.392
10220 +5.373
10230 +5.357
10240 +5.341
10250 +5.325
10260 +5.308
10270 +5.286
10280 +5.260
10290 +5.229
10300 +5.196
10310 +5.161
10320 +5.128
10330 +5.097
10340 +5.068
10350 +5.040
10360 +5.012
10370 +4.981
10380 +4.946
10390 +4.906
10400 +4.863
10410 +4.818
10420 +4.773
10430 +4.729
10440 +4.687
10450 +4.646
10460 +4.605
10470 +4.561
10480 +4.514
10490 +4.463
10500 +4.407
10510 +4.349
10520 +4.290
10530 +4.233
10540 +4.179
10550 +4.129
10560 +4.081
10570 +4.035
10580 +3.989
10590 +3.944
10600 +3.899
10610 +3.856
10620 +3.817
10630 +3.785
10640 +3.761
10650 +3.746
10660 +3.741
10670 +3.744
10680 +3.753
10690 +3.768
10700 +3.788
10710 +3.813
10720 +3.845
10730 +3.885
10740 +3.934
10750 +3.991
10760 +4.056
10770 +4.128
10780 +4.203
10790 +4.281
10800 +4.359
10810 +4.438
10820 +4.516
10830 +4.593
10840 +4.671
10850 +4.749
10860 +4.827
10870 +4.901
10880 +4.973
10890 +5.038
10900 +5.096
10910 +5.146
10920 +5.188
10930 +5.221
10940 +5.246
10950 +5.265
10960 +5.277
10970 +5.282
10980 +5.280
10990 +5.271
11000 +5.253
11010 +5.226
11020 +5.192
11030 +5.150
11040 +5.103
11050 +5.052
11060 +4.999
11070 +4.946
11080 +4.893
11090 +4.841
11100 +4.789
11110 +4.740
11120 +4.692
11130 +4.649
11140 +4.610
11150 +4.580
11160 +4.558
11170 +4.548
11180 +4.549
11190 +4.562
11200 +4.586
11210 +4.622
11220 +4.668
11230 +4.724
11240 +4.792
11250 +4.871
11260 +4.960
11270 +5.060
11280 +5.168
11290 +5.284
11300 +5.404
11310 +5.528
11320 +5.651
11330 +5.774
11340 +5.893
11350 +6.007
11360 +6.115
11370 +6.215
11380 +6.305
11390 +6.385
11400 +6.453
11410 +6.506
11420 +6.546
11430 +6.570
11440 +6.580
11450 +6.575
11460 +6.557
11470 +6.526
11480 +6.483
11490 +6.431
11500 +6.369
11510 +6.299
11520 +6.222
11530 +6.140
11540 +6.054
11550 +5.966
11560 +5.877
11570 +5.789
11580 +5.704
11590 +5.622
11600 +5.544
11610 +5.470
11620 +5.403
11630 +5.342
11640 +5.289
11650 +5.246
11660 +5.213
11670 +5.191
11680 +5.179
11690 +5.178
11700 +5.186
11710 +5.204
11720 +5.231
11730 +5.268
11740 +5.315
11750 +5.372
11760 +5.440
11770 +5.517
11780 +5.600
11790 +5.689
11800 +5.780
11810 +5.871
11820 +5.962
11830 +6.052
11840 +6.141
11850 +6.231
11860 +6.318
11870 +6.403
11880 +6.483
11890 +6.555
11900 +6.617
11910 +6.667
11920 +6.707
11930 +6.738
11940 +6.761
11950 +6.779
11960 +6.793
11970 +6.804
11980 +6.811
11990 +6.813
12000 +6.809
12010 +6.799
12020 +6.785
12030 +6.768
12040 +6.751
12050 +6.739
12060 +6.732
12070 +6.733
12080 +6.742
12090 +6.756
12100 +6.774
12110 +6.794
12120 +6.816
12130 +6.840
12140 +6.870
12150 +6.909
12160 +6.958
12170 +7.020
12180 +7.094
12190 +7.177
12200 +7.264
12210 +7.353
12220 +7.441
12230 +7.527
12240 +7.613
12250 +7.702
12260 +7.797
12270 +7.901
12280 +8.011
12290 +8.125
12300 +8.237
12310 +8.343
12320 +8.437
12330 +8.520
12340 +8.593
12350 +8.660
12360 +8.725
12370 +8.792
12380 +8.862
12390 +8.934
12400 +9.002
12410 +9.062
12420 +9.111
12430 +9.147
12440 +9.174
12450 +9.195
12460 +9.217
12470 +9.246
12480 +9.287
12490 +9.338
12500 +9.399
12510 +9.463
12520 +9.526
12530 +9.585
12540 +9.640
12550 +9.694
12560 +9.755
12570 +9.831
12580 +9.927
12590 +10.048
12600 +10.190
12610 +10.348
12620 +10.512
12630 +10.674
12640 +10.831
12650 +10.984
12660 +11.140
12670 +11.310
12680 +11.501
12690 +11.717
12700 +11.953
12710 +12.196
12720 +12.426
12730 +12.627
12740 +12.787
12750 +12.905
12760 +12.988
12770 +13.043
12780 +13.078
12790 +13.093
12800 +13.078
12810 +13.022
12820 +12.913
12830 +12.746
12840 +12.527
12850 +12.267
12860 +11.982
12870 +11.688
12880 +11.400
12890 +11.125
12900 +10.869
12910 +10.628
12920 +10.396
12930 +10.165
12940 +9.929
12950 +9.689
12960 +9.448
12970 +9.216
12980 +9.004
12990 +8.821
13000 +8.672
13010 +8.554
13020 +8.457
13030 +8.367
13040 +8.271
13050 +8.163
13060 +8.044
13070 +7.923
13080 +7.814
13090 +7.730
13100 +7.680
13110 +7.665
13120 +7.674
13130 +7.690
13140 +7.697
13150 +7.687
13160 +7.659
13170 +7.622
13180 +7.591
13190 +7.584
13200 +7.611
13210 +7.674
13220 +7.764
13230 +7.865
13240 +7.959
13250 +8.034
13260 +8.086
13270 +8.123
13280 +8.159
13290 +8.208
13300 +8.285
13310 +8.395
13320 +8.531
13330 +8.679
13340 +8.818
13350 +8.933
13360 +9.015
13370 +9.065
13380 +9.093
13390 +9.115
13400 +9.144
13410 +9.192
13420 +9.257
13430 +9.325
13440 +9.378
13450 +9.395
13460 +9.363
13470 +9.281
13480 +9.156
13490 +9.008
13500 +8.855
13510 +8.715
13520 +8.597
13530 +8.494
13540 +8.392
13550 +8.270
13560 +8.111
13570 +7.911
13580 +7.675
13590 +7.418
13600 +7.164
13610 +6.935
13620 +6.744
13630 +6.594
13640 +6.471
13650 +6.349
13660 +6.207
13670 +6.031
13680 +5.819
13690 +5.584
13700 +5.349
13710 +5.140
13720 +4.980
13730 +4.875
13740 +4.816
13750 +4.778
13760 +4.731
13770 +4.653
13780 +4.537
13790 +4.390
13800 +4.236
13810 +4.105
13820 +4.025
13830 +4.010
13840 +4.054
13850 +4.127
13860 +4.195
13870 +4.228
13880 +4.211
13890 +4.151
13900 +4.069
13910 +3.996
13920 +3.965
13930 +3.994
13940 +4.078
13950 +4.193
13960 +4.304
13970 +4.378
13980 +4.399
13990 +4.367
14000 +4.300
14010 +4.229
14020 +4.187
14030 +4.195
14040 +4.259
14050 +4.362
14060 +4.472
14070 +4.557
14080 +4.595
14090 +4.578
14100 +4.518
14110 +4.441
14120 +4.380
14130 +4.363
14140 +4.407
14150 +4.505
14160 +4.631
14170 +4.750
14180 +4.831
14190 +4.859
14200 +4.837
14210 +4.785
14220 +4.737
14230 +4.730
14240 +4.786
14250 +4.907
14260 +5.070
14270 +5.237
14280 +5.369
14290 +5.443
14300 +5.455
14310 +5.421
14320 +5.376
14330 +5.356
14340 +5.389
14350 +5.484
14360 +5.622
14370 +5.767
14380 +5.880
14390 +5.933
14400 +5.916
14410 +5.840
14420 +5.733
14430 +5.629
14440 +5.560
14450 +5.542
14460 +5.569
14470 +5.612
14480 +5.634
14490 +5.603
14500 +5.502
14510 +5.332
14520 +5.113
14530 +4.878
14540 +4.665
14550 +4.502
14560 +4.401
14570 +4.345
14580 +4.303
14590 +4.238
14600 +4.120
14610 +3.942
14620 +3.716
14630 +3.474
14640 +3.260
14650 +3.115
14660 +3.057
14670 +3.077
14680 +3.138
14690 +3.194
14700 +3.205
14710 +3.154
14720 +3.045
14730 +2.907
14740 +2.780
14750 +2.706
14760 +2.708
14770 +2.783
14780 +2.902
14790 +3.020
14800 +3.099
14810 +3.115
14820 +3.064
14830 +2.965
14840 +2.852
14850 +2.767
14860 +2.741
14870 +2.789
14880 +2.895
14890 +3.027
14900 +3.144
14910 +3.212
14920 +3.213
14930 +3.153
14940 +3.059
14950 +2.972
14960 +2.939
14970 +2.993
14980 +3.134
14990 +3.336
15000 +3.548
15010 +3.723
15020 +3.827
15030 +3.854
15040 +3.826
15050 +3.791
15060 +3.802
15070 +3.903
15080 +4.101
15090 +4.365
15100 +4.644
15110 +4.883
15120 +5.043
15130 +5.114
15140 +5.118
15150 +5.096
15160 +5.105
15170 +5.186
15180 +5.354
15190 +5.586
15200 +5.839
15210 +6.062
15220 +6.217
15230 +6.288
15240 +6.286
15250 +6.245
15260 +6.209
15270 +6.221
15280 +6.303
15290 +6.452
15300 +6.635
15310 +6.812
15320 +6.942
15330 +7.001
15340 +6.984
15350 +6.910
15360 +6.816
15370 +6.747
15380 +6.739
15390 +6.806
15400 +6.932
15410 +7.082
15420 +7.213
15430 +7.289
15440 +7.293
15450 +7.231
15460 +7.137
15470 +7.056
15480 +7.034
15490 +7.097
15500 +7.240
15510 +7.433
15520 +7.633
15530 +7.799
15540 +7.907
15550 +7.956
15560 +7.971
15570 +7.993
15580 +8.067
15590 +8.226
15600 +8.474
15610 +8.789
15620 +9.136
15630 +9.478
15640 +9.787
15650 +10.054
15660 +10.287
15670 +10.509
15680 +10.756
15690 +11.057
15700 +11.429
15710 +11.868
15720 +12.351
15730 +12.851
15740 +13.335
15750 +13.776
15760 +14.158
15770 +14.478
15780 +14.755
15790 +15.021
15800 +15.312
15810 +15.650
15820 +16.040
15830 +16.466
15840 +16.893
15850 +17.285
15860 +17.603
15870 +17.827
15880 +17.968
15890 +18.068
15900 +18.187
15910 +18.379
15920 +18.670
15930 +19.058
15940 +19.518
15950 +20.013
15960 +20.504
15970 +20.956
15980 +21.355
15990 +21.719
16000 +22.093
16010 +22.531
16020 +23.079
16030 +23.760
16040 +24.577
16050 +25.522
16060 +26.575
16070 +27.704
16080 +28.848
16090 +29.912
16100 +30.762
16110 +31.256
16120 +31.302
16130 +30.916
16140 +30.208
16150 +29.323
16160 +28.390
16170 +27.501
16180 +26.715
16190 +26.066
16200 +25.560
16210 +25.177
16220 +24.860
16230 +24.534
16240 +24.129
16250 +23.614
16260 +23.004
16270 +22.349
16280 +21.706
16290 +21.129
16300 +20.652
16310 +20.285
16320 +20.009
16330 +19.772
16340 +19.511
16350 +19.174
16360 +18.741
16370 +18.230
16380 +17.685
16390 +17.157
16400 +16.690
16410 +16.314
16420 +16.036
16430 +15.835
16440 +15.672
16450 +15.501
16460 +15.289
16470 +15.024
16480 +14.717
16490 +14.398
16500 +14.101
16510 +13.860
16520 +13.697
16530 +13.615
16540 +13.597
16550 +13.611
16560 +13.617
16570 +13.585
16580 +13.497
16590 +13.356
16600 +13.187
16610 +13.022
16620 +12.898
16630 +12.841
16640 +12.856
16650 +12.926
16660 +13.015
16670 +13.077
16680 +13.076
16690 +12.996
16700 +12.847
16710 +12.663
16720 +12.489
16730 +12.368
16740 +12.322
16750 +12.347
16760 +12.412
16770 +12.470
16780 +12.476
16790 +12.403
16800 +12.252
16810 +12.054
16820 +11.853
16830 +11.696
16840 +11.616
16850 +11.620
16860 +11.691
16870 +11.792
16880 +11.880
16890 +11.922
16900 +11.901
16910 +11.826
16920 +11.725
16930 +11.636
16940 +11.598
16950 +11.634
16960 +11.748
16970 +11.922
16980 +12.118
16990 +12.292
17000 +12.408
17010 +12.445
17020 +12.410
17030 +12.336
17040 +12.268
17050 +12.254
17060 +12.323
17070 +12.475
17080 +12.682
17090 +12.893
17100 +13.051
17110 +13.111
17120 +13.059
17130 +12.919
17140 +12.747
17150 +12.610
17160 +12.561
17170 +12.619
17180 +12.763
17190 +12.940
17200 +13.082
17210 +13.135
17220 +13.076
17230 +12.929
17240 +12.756
17250 +12.631
17260 +12.611
17270 +12.722
17280 +12.947
17290 +13.245
17300 +13.561
17310 +13.842
17320 +14.053
17330 +14.188
17340 +14.268
17350 +14.340
17360 +14.459
17370 +14.668
17380 +14.989
17390 +15.416
17400 +15.920
17410 +16.454
17420 +16.958
17430 +17.377
17440 +17.681
17450 +17.894
17460 +18.086
17470 +18.352
17480 +18.774
17490 +19.395
17500 +20.209
17510 +21.138
17520 +22.007
17530 +22.551
17540 +22.571
17550 +22.138
17560 +21.532
17570 +20.995
17580 +20.622
17590 +20.376
17600 +20.140
17610 +19.786
17620 +19.251
17630 +18.569
17640 +17.841
17650 +17.168
17660 +16.628
17670 +16.256
17680 +16.059
17690 +16.013
17700 +16.077
17710 +16.195
17720 +16.309
17730 +16.367
17740 +16.339
17750 +16.228
17760 +16.067
17770 +15.915
17780 +15.832
17790 +15.865
17800 +16.028
17810 +16.299
17820 +16.618
17830 +16.888
17840 +17.007
17850 +16.909
17860 +16.606
17870 +16.191
17880 +15.784
17890 +15.490
17900 +15.362
17910 +15.382
17920 +15.469
17930 +15.489
17940 +15.306
17950 +14.859
17960 +14.207
17970 +13.502
17980 +12.917
17990 +12.582
18000 +12.543
18010 +12.769
18020 +13.164
18030 +13.609
18040 +13.990
18050 +14.227
18060 +14.305
18070 +14.273
18080 +14.220
18090 +14.234
18100 +14.375
18110 +14.658
18120 +15.053
18130 +15.487
18140 +15.844
18150 +15.990
18160 +15.834
18170 +15.393
18180 +14.795
18190 +14.205
18200 +13.751
18210 +13.488
18220 +13.399
18230 +13.398
18240 +13.356
18250 +13.144
18260 +12.698
18270 +12.080
18280 +11.463
18290 +11.037
18300 +10.922
18310 +11.138
18320 +11.625
18330 +12.294
18340 +13.051
18350 +13.815
18360 +14.530
18370 +15.178
18380 +15.788
18390 +16.414
18400 +17.109
18410 +17.914
18420 +18.854
18430 +19.943
18440 +21.181
18450 +22.544
18460 +23.952
18470 +25.233
18480 +26.139
18490 +26.507
18500 +26.436
18510 +26.189
18520 +25.976
18530 +25.858
18540 +25.758
18550 +25.497
18560 +24.902
18570 +23.959
18580 +22.825
18590 +21.704
18600 +20.742
18610 +20.012
18620 +19.529
18630 +19.267
18640 +19.160
18650 +19.114
18660 +19.023
18670 +18.812
18680 +18.473
18690 +18.071
18700 +17.710
18710 +17.483
18720 +17.455
18730 +17.651
18740 +18.062
18750 +18.648
18760 +19.335
18770 +20.024
18780 +20.605
18790 +21.003
18800 +21.226
18810 +21.365
18820 +21.539
18830 +21.841
18840 +22.308
18850 +22.894
18860 +23.444
18870 +23.694
18880 +23.412
18890 +22.629
18900 +21.608
18910 +20.615
18920 +19.806
18930 +19.241
18940 +18.909
18950 +18.748
18960 +18.653
18970 +18.497
18980 +18.176
18990 +17.662
19000 +17.020
19010 +16.361
19020 +15.798
19030 +15.405
19040 +15.217
19050 +15.222
19060 +15.372
19070 +15.583
19080 +15.760
19090 +15.826
19100 +15.756
19110 +15.593
19120 +15.424
19130 +15.342
19140 +15.412
19150 +15.658
19160 +16.061
19170 +16.552
19180 +17.022
19190 +17.330
19200 +17.364
19210 +17.111
19220 +16.671
19230 +16.194
19240 +15.804
19250 +15.571
19260 +15.499
19270 +15.537
19280 +15.586
19290 +15.526
19300 +15.267
19310 +14.799
19320 +14.198
19330 +13.582
19340 +13.062
19350 +12.708
19360 +12.545
19370 +12.542
19380 +12.624
19390 +12.686
19400 +12.628
19410 +12.392
19420 +11.999
19430 +11.536
19440 +11.115
19450 +10.838
19460 +10.763
19470 +10.894
19480 +11.180
19490 +11.527
19500 +11.817
19510 +11.951
19520 +11.889
19530 +11.680
19540 +11.430
19550 +11.255
19560 +11.238
19570 +11.405
19580 +11.722
19590 +12.105
19600 +12.437
19610 +12.606
19620 +12.548
19630 +12.286
19640 +11.917
19650 +11.566
19660 +11.340
19670 +11.298
19680 +11.442
19690 +11.718
19700 +12.026
19710 +12.250
19720 +12.292
19730 +12.121
19740 +11.786
19750 +11.397
19760 +11.073
19770 +10.906
19780 +10.937
19790 +11.146
19800 +11.457
19810 +11.759
19820 +11.932
19830 +11.896
19840 +11.646
19850 +11.260
19860 +10.859
19870 +10.564
19880 +10.458
19890 +10.559
19900 +10.824
19910 +11.155
19920 +11.425
19930 +11.521
19940 +11.382
19950 +11.037
19960 +10.591
19970 +10.184
19980 +9.935
19990 +9.913
20000 +10.111
20010 +10.450
20020 +10.808
20030 +11.044
20040 +11.050
20050 +10.795
20060 +10.350
20070 +9.861
20080 +9.489
20090 +9.361
20100 +9.524
20110 +9.929
20120 +10.441
20130 +10.879
20140 +11.065
20150 +10.893
20160 +10.397
20170 +9.746
20180 +9.191
20190 +8.966
20200 +9.129
20210 +9.460
20220 +9.641
20230 +9.519
20240 +9.155
20250 +8.693
20260 +8.252
20270 +7.905
20280 +7.689
20290 +7.617
20300 +7.681
20310 +7.858
20320 +8.113
20330 +8.393
20340 +8.633
20350 +8.767
20360 +8.745
20370 +8.567
20380 +8.299
20390 +8.050
20400 +7.927
20410 +7.990
20420 +8.236
20430 +8.607
20440 +9.009
20450 +9.335
20460 +9.484
20470 +9.405
20480 +9.127
20490 +8.769
20500 +8.481
20510 +8.387
20520 +8.534
20530 +8.885
20540 +9.346
20550 +9.790
20560 +10.083
20570 +10.120
20580 +9.875
20590 +9.437
20600 +8.980
20610 +8.683
20620 +8.656
20630 +8.901
20640 +9.332
20650 +9.816
20660 +10.202
20670 +10.347
20680 +10.166
20690 +9.694
20700 +9.096
20710 +8.594
20720 +8.366
20730 +8.464
20740 +8.819
20750 +9.295
20760 +9.734
20770 +9.974
20780 +9.879
20790 +9.407
20800 +8.679
20810 +7.960
20820 +7.523
20830 +7.503
20840 +7.843
20850 +8.379
20860 +8.928
20870 +9.308
20880 +9.352
20890 +9.023
20900 +8.602
20910 +8.551
20920 +9.024
20930 +9.803
20940 +10.635
20950 +11.363
20960 +11.896
20970 +12.185
20980 +12.219
20990 +12.042
21000 +11.736
21010 +11.405
21020 +11.144
21030 +11.014
21040 +11.043
21050 +11.216
21060 +11.487
21070 +11.781
21080 +12.007
21090 +12.069
21100 +11.917
21110 +11.584
21120 +11.192
21130 +10.893
21140 +10.799
21150 +10.948
21160 +11.301
21170 +11.772
21180 +12.242
21190 +12.570
21200 +12.629
21210 +12.378
21220 +11.922
21230 +11.471
21240 +11.230
21250 +11.309
21260 +11.699
21270 +12.309
21280 +12.996
21290 +13.574
21300 +13.830
21310 +13.628
21320 +13.041
21330 +12.343
21340 +11.846
21350 +11.745
21360 +12.064
21370 +12.688
21380 +13.427
21390 +14.026
21400 +14.207
21410 +13.803
21420 +12.939
21430 +11.964
21440 +11.237
21450 +10.964
21460 +11.147
21470 +11.638
21480 +12.229
21490 +12.713
21500 +12.910
21510 +12.731
21520 +12.243
21530 +11.642
21540 +11.161
21550 +10.961
21560 +11.088
21570 +11.485
21580 +12.047
21590 +12.652
21600 +13.172
21610 +13.479
21620 +13.477
21630 +13.168
21640 +12.688
21650 +12.250
21660 +12.040
21670 +12.137
21680 +12.514
21690 +13.073
21700 +13.683
21710 +14.177
21720 +14.361
21730 +14.089
21740 +13.409
21750 +12.585
21760 +11.946
21770 +11.695
21780 +11.847
21790 +12.282
21800 +12.823
21810 +13.258
21820 +13.340
21830 +12.882
21840 +11.935
21850 +10.827
21860 +9.967
21870 +9.603
21880 +9.727
21890 +10.162
21900 +10.701
21910 +11.146
21920 +11.312
21930 +11.067
21940 +10.431
21950 +9.629
21960 +8.988
21970 +8.743
21980 +8.930
21990 +9.428
22000 +10.071
22010 +10.696
22020 +11.129
22030 +11.187
22040 +10.760
22050 +9.944
22060 +9.053
22070 +8.453
22080 +8.340
22090 +8.671
22100 +9.255
22110 +9.870
22120 +10.283
22130 +10.253
22140 +9.629
22150 +8.504
22160 +7.250
22170 +6.337
22180 +6.064
22190 +6.377
22200 +6.996
22210 +7.637
22220 +8.074
22230 +8.129
22240 +7.715
22250 +6.926
22260 +6.068
22270 +5.526
22280 +5.521
22290 +5.988
22300 +6.704
22310 +7.467
22320 +8.129
22330 +8.581
22340 +8.739
22350 +8.589
22360 +8.228
22370 +7.862
22380 +7.708
22390 +7.871
22400 +8.313
22410 +8.922
22420 +9.577
22430 +10.166
22440 +10.577
22450 +10.700
22460 +10.481
22470 +9.999
22480 +9.483
22490 +9.183
22500 +9.217
22510 +9.538
22520 +10.022
22530 +10.530
22540 +10.928
22550 +11.074
22560 +10.851
22570 +10.268
22580 +9.533
22590 +8.956
22600 +8.738
22610 +8.869
22620 +9.212
22630 +9.617
22640 +9.953
22650 +10.101
22660 +9.963
22670 +9.522
22680 +8.907
22690 +8.364
22700 +8.092
22710 +8.130
22720 +8.386
22730 +8.738
22740 +9.076
22750 +9.307
22760 +9.341
22770 +9.114
22780 +8.645
22790 +8.077
22800 +7.631
22810 +7.456
22820 +7.554
22830 +7.828
22840 +8.159
22850 +8.436
22860 +8.549
22870 +8.385
22880 +7.878
22890 +7.110
22900 +6.349
22910 +5.904
22920 +5.877
22930 +6.146
22940 +6.527
22950 +6.867
22960 +7.035
22970 +6.906
22980 +6.385
22990 +5.528
23000 +4.645
23010 +4.160
23020 +4.227
23030 +4.661
23040 +5.211
23050 +5.712
23060 +6.058
23070 +6.161
23080 +5.944
23090 +5.416
23100 +4.768
23110 +4.351
23120 +4.386
23130 +4.797
23140 +5.379
23150 +5.973
23160 +6.487
23170 +6.856
23180 +7.006
23190 +6.867
23200 +6.437
23210 +5.879
23220 +5.507
23230 +5.525
23240 +5.872
23250 +6.372
23260 +6.881
23270 +7.312
23280 +7.590
23290 +7.626
23300 +7.326
23310 +6.692
23320 +5.980
23330 +5.598
23340 +5.689
23350 +6.062
23360 +6.500
23370 +6.877
23380 +7.122
23390 +7.174
23400 +6.965
23410 +6.481
23420 +5.899
23430 +5.586
23440 +5.705
23450 +6.078
23460 +6.490
23470 +6.834
23480 +7.072
23490 +7.184
23500 +7.154
23510 +6.984
23520 +6.753
23530 +6.636
23540 +6.750
23550 +7.028
23560 +7.340
23570 +7.610
23580 +7.812
23590 +7.936
23600 +7.973
23610 +7.908
23620 +7.744
23630 +7.556
23640 +7.483
23650 +7.581
23660 +7.767
23670 +7.948
23680 +8.081
23690 +8.149
23700 +8.136
23710 +8.017
23720 +7.768
23730 +7.444
23740 +7.258
23750 +7.359
23760 +7.603
23770 +7.825
23780 +7.971
23790 +8.036
23800 +8.018
23810 +7.909
23820 +7.711
23830 +7.503
23840 +7.500
23850 +7.786
23860 +8.136
23870 +8.394
23880 +8.551
23890 +8.634
23900 +8.666
23910 +8.659
23920 +8.624
23930 +8.592
23940 +8.627
23950 +8.771
23960 +8.955
23970 +9.093
23980 +9.173
23990 +9.212
