-0.004063240324929889 -0.000294474576585778
-0.001989937564635039 -0.000253224550749390
-0.003290354348574252 -0.000324727873842070
-0.003886964304969825 -0.000237766112168226
-0.002150534114517112 -0.000257382438776099
-0.003565221112118570 -0.000251130017943535
-0.003189100023060359 -0.000214269479376398
-0.002521552846790492 -0.000280771968856927
-0.004049216899907011 -0.000322916781168648
-0.002450986023153624 -0.000517698354923731
-0.003505323960079651 -0.000569462243162876
-0.004057606162165094 -0.000473369737645618
-0.002449807634205187 -0.000647808837354669
-0.005590349687014259 -0.000480091973260136
-0.000699061864391399 -0.000331115886994179
-0.006259949423046149 -0.000185626974903347
-0.000233322876440255 -0.000113057867820485
-0.006424704526625664 -0.000300322722860803
-0.000652216752756707 -0.000330871916939687
-0.006335935672950457 -0.000442478485934031
-0.001212427604674354 -0.000357731408351915
-0.006096079954235708 -0.000395145026471038
-0.001711477299998134 -0.000489691108917101
-0.005858632696929605 -0.000428074061385781
-0.001650338227470895 -0.000355024704322885
-0.006355230665262964 -0.000321845325328163
-0.000895211080588706 -0.000338366893575765
-0.007638984412722721 -0.000416853629443291
+0.000952413589998393 -0.000348220476056997
-0.009755728804958116 -0.000349318359256955
+0.003357509934135682 -0.000287699671980489
-0.012650046161131762 -0.000379409803522317
+0.005841277860835053 -0.000416535657584017
-0.015483184961729762 -0.000442744547407088
+0.008844736619568949 -0.000363368613039987
-0.018753635922076344 -0.000396231730715572
+0.012401481279837447 -0.000260229255567813
-0.023152455002556048 -0.000405680968573211
+0.018836710833415975 -0.000185622504749351
-0.033863039488009138 -0.000376338250229208
+0.038327975889041035 -0.000213239701016750
-0.074485904446886617 -0.000360966895190338
+0.767761301368191873 -0.000205071183710551
+0.855488013124246272 -0.000329403416313095
+0.919575393935663232 -0.000241874901129415
+0.516444781015065302 -0.000375263503652659
-0.339626883133944735 -0.000217038072360520
-0.631933877568175095 -0.000388455698877123
-0.750162654837656873 +0.000005481257583530
-0.571270076332057952 -0.000362083434082546
-0.348680743878242327 +0.000042180629221597
+0.072173360513420881 -0.000461634952988194
+0.445207478718693928 -0.000044348048079590
+0.483173085000707714 -0.000425904788888018
+0.155731358301223588 -0.000050571859138005
-0.017456611682540972 -0.000246726840243065
-0.039046879258872860 +0.000387641123366280
+0.011917106163096495 -0.000029853404872668
-0.035342717551619801 +0.000809188422512086
-0.099795900796247547 -0.000149288443400446
-0.110631839425131606 +0.001188732818427587
-0.111501312119488161 -0.001207137714085310
-0.141705687769099253 +0.000791139947034974
-0.115198174857825131 +0.006333321384120480
-0.063785837418246366 +0.076678237304144276
+0.002357102336660948 +0.130137009062234632
+0.081198529613919407 +0.111489654752490133
+0.107924679620062983 +0.120596047183000252
+0.040913391744206398 +0.117329645385786385
-0.034477483389324812 +0.050894563618808793
-0.074842783871675173 -0.043941521091506258
-0.033531077266597056 -0.060206346631861710
-0.033453844852055291 -0.023003530823482339
-0.020891150572945421 +0.007383437366675931
-0.005853837004433548 +0.003627572752563101
+0.005271168411308161 -0.003254196814436453
+0.003353178639263158 +0.027997576497864197
-0.019075651379408948 +0.065626578004603392
-0.039897158801271163 +0.063520938206913846
-0.021210831916149721 +0.032312236419774223
-0.019391781343702293 +0.014590929279517148
-0.005384716394873821 +0.022426173328193966
+0.005848254508666575 +0.024652188438577395
-0.026657954385398541 +0.007619652348891102
-0.011677950329953120 -0.009666770563446961
-0.006508790999229947 -0.007612456669404478
+0.013702185042642166 +0.011921540768833467
+0.018002105437852446 +0.023920804425600829
-0.000457302206524090 +0.019293879059386822
+0.001876320080366875 +0.009488431928386788
-0.008733645320372505 -0.001494034389427783
-0.002771791639647661 -0.005948416247938846
-0.035002751228200304 -0.007321251862620476
-0.028712572089465638 -0.010437277413079168
-0.022330933839267444 -0.011602939081734704
-0.000447039363347913 -0.005005731353037456
+0.005071357358002361 +0.004301338865144956
-0.012547072066486257 +0.006066185492323096
+0.001482055798530462 -0.000178361839224438
-0.008720392699002745 -0.004670437837239893
+0.020032756615156997 -0.005067742781614513
+0.009666062351282102 -0.002963909313899738
-0.006397103092265397 -0.001837336929936707
-0.009932602784120399 -0.003401622457371142
-0.032177619084957768 -0.006026838322439592
-0.026695820456317774 -0.008496284669603407
-0.064348449707478828 -0.006633032388458066
-0.051574561253663331 -0.003790650759175950
-0.030579964899958290 -0.004887653485940609
+0.014432866894834251 -0.004410041401593575
+0.053866518983962192 -0.000260798354692029
+0.060240461320705541 +0.004252872126686912
+0.061914926748911477 +0.002943819750921706
+0.024816000444227111 -0.000222939855281878
+0.007647443941332698 -0.003658252123361821
-0.034051568211471706 -0.003519723987230989
-0.039144324718635166 -0.002276499230107026
-0.034731734098620938 -0.005508791958017800
-0.023770032770175996 -0.006694919822151691
+0.004852820380589535 -0.006550700921958180
-0.007379084646638548 -0.002927619375025892
+0.004709170242156924 -0.001166673086180270
-0.013429231980963744 -0.001903516385879937
-0.012962445851507468 -0.000640602981298969
-0.013357790487069735 +0.002352563107315629
-0.009058793013239228 +0.004994915292788717
+0.004441650862292108 +0.002824635405410098
-0.003104225602917519 +0.000264441796057709
+0.002431256131907309 -0.003701882225348364
-0.007713814200653221 -0.004786183121062113
-0.006386054940920005 -0.003866677109745873
-0.014108909463095844 -0.003281142235682669
-0.018854931629745497 -0.000984085054782023
-0.011845125540733163 +0.002050733736717798
-0.008675629301866352 +0.005674347083951446
-0.002610453383920621 +0.005069773569504922
-0.008201478790187207 +0.004051122232450022
-0.013017727692997236 +0.002685908635857032
-0.013019542249051502 +0.001220472879068391
-0.009959048042526968 +0.001561394559190957
-0.011357050121764568 +0.001069818244946728
-0.005760334615880328 +0.001743908250428926
-0.005753224286733681 +0.001505531702848692
+0.001180771984624381 +0.001652832223807365
-0.000398800356855216 +0.000995515916629978
+0.002216339017110046 +0.000789991585771508
-0.001033930836063175 +0.001918192854254870
-0.008390646729029829 +0.001783387793596636
-0.010168538068645219 +0.001917855075474844
-0.026500878937732848 +0.001078354147287521
-0.023928248629245280 +0.001321319568500225
-0.030352724057668055 +0.000447399043918985
-0.024214867463851181 -0.001369877659198694
-0.019538943760881881 -0.002499211656750816
-0.017255877767763890 -0.003159153019412813
-0.000308972901099621 -0.002537300442860795
-0.007885743989655714 -0.001902445577012860
-0.002055995203174646 -0.001679449441088675
-0.023522454361483390 -0.000936845365338811
-0.028639391111102599 +0.000837986235995601
-0.038587208236924533 +0.002072354723913578
-0.046500980091916361 +0.002874043240256727
-0.041944858589374648 +0.003011388446993221
-0.014556473447482576 +0.002950293239017771
+0.025045447335231515 +0.002548302497880831
+0.040665753057058954 +0.002066376058200206
+0.081296875713847389 +0.001233783789348933
+0.033510058665342769 +0.000028840297757695
+0.050534624465887634 -0.000035800642803966
+0.010448326561235186 -0.000710353384952161
-0.013457962062475959 -0.001274278220392638
+0.002067271241414398 -0.002223688331033920
-0.017426104282897745 -0.002521402032271241
+0.006583485911939621 -0.003135636565815885
+0.008476627043251493 -0.003269107989012337
-0.003535001310741366 -0.001644137787296919
+0.002317684597376302 -0.000321222531823023
-0.008379609667425097 +0.002015477882520291
+0.004768424581643050 +0.003008029330247939
+0.005746595613093621 +0.004030954890605778
+0.012239094236688910 +0.004594354877181812
+0.006677638673965910 +0.003210533532120051
+0.011002798199748766 +0.001199380965216155
-0.007415041456091131 -0.002179660062686526
-0.000438225248359625 -0.004092217943786187
-0.012679788473999941 -0.003964930192382948
-0.006991585374572522 -0.004320240964022880
+0.002606014084195855 -0.003385995151927420
-0.003143304979843307 -0.001232435176514244
+0.008839024976925552 +0.000288858801067203
-0.008373453190501066 +0.001069141938393289
-0.002069370656514091 -0.000543158139161104
-0.010089590057284603 -0.000875651726645693
-0.009032703340312068 -0.000517678404018129
-0.004207084527131463 -0.000506742727413131
-0.006923693410824938 +0.000433957957570678
+0.001737427044569074 -0.001239753938033812
-0.002793706073398077 -0.000346266412112394
+0.004517388319836520 +0.000213079463733430
-0.000287202542400679 +0.000380660649404008
+0.005835451164715621 +0.000919739590627885
+0.004180858557429870 -0.000223954900794870
+0.006739684517000494 +0.000944573455075442
+0.005428768821567915 +0.000508609858628346
-0.000021303698265585 +0.000316730270876786
-0.002173376649263935 -0.000461159859534139
-0.007754904368949909 -0.001551969947533095
-0.006806763387278175 -0.000606113329071619
-0.007750557218488163 -0.000345872185258329
-0.003815161986694371 +0.000671382159633126
-0.004862878534799479 +0.000881367586420169
+0.002097408227576150 +0.000990939504439100
-0.001115989975388323 +0.001147549119653116
+0.002967289408989332 +0.000912373774535056
+0.001082289588381515 +0.000544613508787538
-0.001712140428030245 +0.000188364673489068
+0.002403153100886263 -0.000072963663922984
-0.007072885516384194 -0.000049310332659613
-0.001100019799976311 -0.000089629860430065
-0.011975034166802550 -0.000555109620659079
-0.006276149183007290 -0.000551783549063102
-0.008926638291556238 -0.000914256274319478
-0.005918730383455911 -0.000362536308473520
-0.000473331894947355 -0.000046297192674554
-0.003233952534953463 +0.000367872717297773
+0.006040335694111382 +0.000747880121221779
-0.003313605236323701 +0.000435751605072090
+0.003695473728593572 +0.000837270457117726
-0.007415167638213663 +0.000349419151829190
-0.002941782069852784 +0.000350038940751626
-0.004221792161744307 +0.000047970111986407
-0.003753499991644675 +0.000085345619313875
+0.005786725529717519 +0.000317800717205044
-0.001073628569987767 +0.000208550554100516
+0.011087736954871669 +0.000452731728154568
+0.000310241991888643 +0.000151991578318941
+0.006890714159970709 +0.000377292300233600
+0.000742806212352773 +0.000330280632365254
+0.000899002885029983 +0.000219649488640549
+0.003375520157570373 -0.000041640117990648
-0.002061949130070993 -0.000367738685939778
+0.004920656171683004 -0.000532638077949235
-0.005248880961889290 -0.000722731200291979
+0.001986150599363326 -0.000831832264443309
-0.007495821497032687 -0.000783872739845837
-0.002186981177750257 -0.000355093398461536
-0.004122323330077548 +0.000002128267589548
-0.003765414924787704 +0.000567462323731636
+0.002019201837647344 +0.000542534680222645
-0.004383360916345985 +0.000583286177559137
+0.004744364878404267 +0.000323698032074642
-0.004270411614028173 +0.000080001999216419
+0.003107183305915115 -0.000166409425327276
-0.002037349353386286 -0.000559436622284615
+0.000676988960137298 -0.000399091235909695
+0.002403298866448897 -0.000597087153519172
-0.000981680260219458 -0.000330867416228409
+0.004779169403248488 -0.000479392734978140
-0.002725649437018139 -0.000373229802390628
+0.003598392988413584 -0.000306298063472065
-0.002632527033683539 -0.000240638767888660
+0.001177521019873091 +0.000098808093379057
-0.000837220821680087 +0.000011177016033726
-0.000595092053120208 +0.000385395162773150
+0.001494493871621089 +0.000145474691160150
-0.001256662735241638 +0.000288635552875275
+0.003121178288504214 +0.000070288511465250
-0.000761698889987073 +0.000030762662915685
+0.003853944991920107 +0.000030354916425926
+0.000273909714628880 -0.000170238584665917
+0.002553535797668787 +0.000051333258171349
-0.000412015996752819 -0.000244889122394990
-0.000708086378047111 +0.000012919491383902
-0.002021679930812748 -0.000300390523846969
-0.004163140857002129 -0.000151074372215286
-0.002235885363539756 -0.000201992746400838
-0.005297528354165635 -0.000179930358710671
-0.000047895422548095 +0.000088836634569553
-0.003945115784130071 -0.000161860533051818
+0.001625708926050802 +0.000207410807119745
-0.001952378982185610 -0.000063161613760469
+0.000486229819547269 +0.000181069574429383
-0.000638039433508346 +0.000048123817994892
-0.003247185441273086 +0.000023536814968454
+0.000275289385997735 +0.000091497672318775
-0.004963293735659238 -0.000155956584913200
+0.001330383888779588 +0.000014218744211413
-0.002941655656279799 -0.000309296013075931
+0.000755319575427427 -0.000148617755311073
-0.001027933581828139 -0.000246317970428954
-0.000415987606664912 -0.000097185237282980
-0.001041222486323433 +0.000009133231551100
-0.001278926324971746 +0.000075660680867340
+0.000043152933204423 +0.000249954957936928
-0.002701393977424152 +0.000148286757346864
+0.002789269932250210 +0.000215051338348308
-0.004275414640811444 +0.000064010209713406
+0.002762768929238959 +0.000107351438227246
-0.003025137549010487 -0.000003217747729510
-0.000339195850928897 +0.000064279269008060
+0.001792822432939878 -0.000005454236015568
-0.003454003372749287 +0.000099935174234234
+0.005313697668368894 +0.000098681265130817
-0.004264855208883173 +0.000063456495743856
+0.003777315708050843 +0.000096820844728244
-0.002833642569468997 -0.000151019921622604
-0.000678155805814012 +0.000038685413693052
-0.000542505446704700 -0.000262417303857260
-0.003566723162610447 -0.000097170089589247
+0.001419351895832033 -0.000158419553707345
-0.004147570054470848 -0.000169092087882314
+0.001781349623272607 +0.000044331321199860
-0.003694219579240855 -0.000182056322689785
+0.000875173806024223 +0.000078152225153090
-0.002231127958010337 -0.000095657657104807
-0.000524470017990081 +0.000035858035614927
+0.000085991600556223 +0.000051635823396673
-0.002311234784182915 -0.000062848608549852
+0.001872092597750175 +0.000008407258887482
-0.003734933732170875 -0.000090502685073611
+0.002058468141663029 -0.000086986708766897
-0.003414327744983001 -0.000068219776802089
+0.001133783300318693 -0.000110430372034356
-0.001044782996278026 -0.000070226795482756
-0.000246776086116625 +0.000021533454986788
+0.001591670650143668 -0.000096875876867276
-0.001929320576156239 +0.000083084015372673
+0.002683182426452869 -0.000160260826137806
-0.002970836937508247 -0.000021732740261285
+0.002018817345621853 -0.000064973369661527
-0.002452415850026052 -0.000154571799006423
+0.000067765672561379 +0.000088758808663982
-0.000748377638044400 -0.000219310136145869
-0.002004374425742965 +0.000117136300990806
+0.000825540412095552 -0.000141739148759847
-0.002908760368085645 -0.000003796482087065
+0.001350498090848690 +0.000008574996517390
-0.002354424923647173 -0.000145996529869066
+0.000897454798762239 +0.000117080106677474
-0.001464924354077146 -0.000179070288007103
-0.000384346562137451 +0.000066974772605392
-0.001117949556444041 -0.000159531917666591
-0.001855801037081553 -0.000100209925345240
-0.000781336092107135 -0.000116104461527923
-0.002789797626787641 -0.000189370604484687
+0.000016636981571407 -0.000039550910561599
-0.002852515587094847 -0.000147717822800262
+0.000662071505193600 +0.000018148635364140
-0.002259842320273178 -0.000065531996999214
+0.000157056891214611 +0.000051480221431843
-0.001299860722404666 -0.000027454707176672
-0.001151355355593176 +0.000035875268004536
+0.000000662474929502 -0.000027878949085713
-0.002266091491893879 -0.000027392619252390
+0.001127205651701306 -0.000024898883404465
-0.002764575740317052 -0.000122222406219922
+0.001253607344033870 -0.000022641428766403
-0.002561182584355085 -0.000183370982438228
+0.000117579298830111 +0.000003563473296012
-0.001398371320894392 -0.000126613633546701
-0.001634008316893413 +0.000009723207402419
+0.000404757970281350 -0.000007003243344089
-0.003070589693126097 -0.000032298626178306
+0.001485909209778424 +0.000078978256138548
-0.003494262898075695 -0.000098155667861999
+0.000918033115660438 +0.000064526613866401
-0.002587241672948243 -0.000120440428075602
-0.000730691309252657 +0.000002637199773953
-0.000727658195174435 -0.000062506568584309
-0.002371505862223794 -0.000057980227757591
+0.000918757607583138 -0.000009552347039170
-0.003357661748285307 -0.000103641427499585
+0.001331559561295636 -0.000002455942927064
-0.003363253559472808 -0.000123765022134359
+0.000379254965646199 -0.000032272668099148
-0.002236164944835164 -0.000113357542506091
-0.001319540142786936 -0.000053111559804668
-0.000431904449754394 -0.000082553729745683
-0.002968779723339520 -0.000064871316059532
+0.000974607614405608 -0.000059135397243629
-0.003732354560582329 -0.000084353858912807
+0.001190429441610391 -0.000029653254650842
-0.003064380154263975 -0.000094502012375836
+0.000098281126211618 +0.000004344193599082
-0.001296291886533967 -0.000089613891631227
-0.001712917815797715 +0.000009608184081697
+0.000465985797050696 -0.000077922498669505
-0.003199957184934598 -0.000035573641937709
+0.001220628227081687 -0.000055192817976663
-0.003417585397715205 -0.000100262989721525
+0.000723503539517173 -0.000022031918018770
-0.002281463606978665 -0.000134259948332488
-0.000688053392615875 -0.000001195426581962
-0.000637676813741013 -0.000123456640042434
-0.002257506566960993 -0.000020219609253002
+0.000477661537081996 -0.000086630756952135
-0.003139769459117053 -0.000067932219680045
+0.000570607479148370 -0.000040521791088563
-0.002930167953217313 -0.000109464858619722
-0.000191839747324571 -0.000014336256924547
-0.001954076086352633 -0.000135173049493673
-0.001312506255131721 -0.000018488914567168
-0.000871929895392720 -0.000135930882009208
-0.002293724962403967 -0.000046395611495199
-0.000173212592803368 -0.000103589584241512
-0.002838748650520041 -0.000084916926003969
-0.000000108965288425 -0.000047454979638489
-0.002809798393327570 -0.000125232115168000
-0.000352303016389832 -0.000008349684110925
-0.002215417677670748 -0.000156752172925226
-0.001237905728685048 -0.000013048858668018
-0.001173895100791008 -0.000145057208196962
-0.002379760389336983 -0.000056888538911329
-0.000131660318240319 -0.000083778290059374
-0.003074668727209072 -0.000111659339413166
+0.000190120638332290 -0.000014504743643394
-0.002794442861390930 -0.000149062360324487
-0.000491093944155295 +0.000010576135190719
-0.001847027781159263 -0.000143614344542636
-0.001621048787171309 -0.000021992141553345
-0.000927040066372061 -0.000096255981348589
-0.002436103594933434 -0.000085926898643295
-0.000396476739283218 -0.000042503039321328
-0.002754823144281287 -0.000134383974938782
-0.000250017094824320 -0.000018765920932786
-0.002752572735377076 -0.000142722054982445
-0.000523441735183233 -0.000036476748173248
-0.002349923774984913 -0.000116521979572394
-0.001366666591897589 -0.000070155446941015
-0.001384954196509927 -0.000085788482029839
-0.002604780656906315 -0.000095354673986636
-0.000281347684863480 -0.000068162985898032
-0.003551488408787717 -0.000110250050156689
+0.000096267921320420 -0.000056238829166168
-0.003452871823205628 -0.000125264842670872
-0.000670428585730774 -0.000044411709418506
-0.002230369096863263 -0.000131826880993112
-0.002123997388218959 -0.000045765613733434
-0.000694724612549753 -0.000114139231197838
-0.003355602467877691 -0.000083589536273858
+0.000121884026252850 -0.000072238597457731
-0.003675812993409996 -0.000141099473895980
-0.000220993059653731 -0.000035961810235808
-0.002968183629123995 -0.000169740649834327
-0.001390571614937487 -0.000040405800218135
-0.001682193833278351 -0.000140851629603405
-0.002702571736007516 -0.000083867219648848
-0.000556284414191168 -0.000082765911886552
-0.003522247256990715 -0.000130893084948680
-0.000167963913485508 -0.000046887835625373
-0.003444124847179986 -0.000141591445140938
-0.000684888528959635 -0.000052285448879984
-0.002591016829825220 -0.000120704379955832
-0.001777800933422756 -0.000078894798215889
-0.001485425649527136 -0.000103187043499096
-0.002905048306496571 -0.000098775936216305
-0.000659830604582274 -0.000103971785615379
-0.003577041618192877 -0.000108720678960350
-0.000455647098191930 -0.000104196821215991
-0.003442736204594055 -0.000122513064072652
-0.001017494453624861 -0.000084557613781735
-0.002579811374732201 -0.000145017273911323
-0.002158754755531327 -0.000062543814314318
-0.001450759514183178 -0.000155972348760591
-0.003283293254443782 -0.000071819717935240
-0.000720874687318437 -0.000131665262626945
-0.003714696870504689 -0.000117948358639644
-0.000827069626197649 -0.000082185180685175
-0.003230174582143168 -0.000170746001278568
-0.001671238774553264 -0.000049248391197889
-0.002239316750124593 -0.000186346240722690
-0.002736571715279267 -0.000064713832935179
-0.001361297662298583 -0.000151841267249599
-0.003444919160796879 -0.000115997308184382
-0.001008965050219468 -0.000096741940722291
-0.003531511122929005 -0.000162398921226465
-0.001258317781420502 -0.000065026465931844
-0.003092502300518681 -0.000178106025076810
-0.001933520463597536 -0.000074694708639730
-0.002405511960490771 -0.000160445416961030
-0.002717891833841732 -0.000106520329861709
-0.001765867728004984 -0.000129501078061818
-0.003283997713139579 -0.000136513209424959
-0.001421833611491904 -0.000102851361928965
-0.003452982704047586 -0.000155859861767673
-0.001519879802074485 -0.000088686480907389
-0.003203685851792058 -0.000168133496551083
-0.002058174491363994 -0.000088872528859361
-0.002613155584097696 -0.000168427589738891
-0.002853849468558925 -0.000103452094137087
-0.001906345584427815 -0.000150872959856055
-0.003563942101843104 -0.000135002835270367
-0.001472541878235770 -0.000120201317596075
-0.003801511271304028 -0.000170816866851910
-0.001660504639339859 -0.000095473955933148
-0.003363895747284081 -0.000188146659679653
-0.002477527929869765 -0.000097785253190126
-0.002465344818816419 -0.000171597441176718
-0.003323555017646774 -0.000130786651460100
-0.003463241446514914 -0.000131318366118985
-0.006214853536861735 -0.000177426280863539
-0.002075495119057975 -0.000094364820860782
-0.007694499222641709 -0.000210004836687069
+0.003045314882934318 -0.000081372246442110
-0.006032050459470667 -0.000201089912370260
-0.003285005686451787 -0.000264735071983170
+0.000062239165363751 -0.000157033237244246
-0.006096124208996138 -0.000275586151516462
-0.001158659641335465 -0.000088852867535255
-0.004783454933870342 -0.000281148927206892
-0.004971316012789594 -0.000180938327389211
-0.002430999067120889 -0.000274072342893857
