-0.000110836258110636 +0.000095745083335357
-0.000841681985244168 +0.000049428559942177
-0.000315855115186506 +0.000052235947451676
-0.001589539632980974 -0.000149752597893239
-0.001135950314146498 +0.000035579546301659
-0.002298993429280725 +0.000135140069428260
-0.000802513980352703 +0.000435934711336061
-0.001942734970147203 +0.000552323807875647
+0.000061770286015422 +0.000653382991843805
-0.001683450376666899 +0.000425376141719451
+0.000075091912810682 +0.000036937918130486
-0.002078152839581484 -0.000119636551938336
-0.000136969444038220 -0.000209002969450716
-0.002741936759322367 -0.000098801126530501
+0.000306128399143396 +0.000033142256979490
-0.002995004488913157 +0.000174251218408696
+0.000561306385919703 +0.000284317434269871
-0.003259828395282978 +0.000203383059148706
+0.001118864117281786 +0.000265510658785250
-0.003454532663533579 +0.000132534988648513
+0.001616661013206117 +0.000068770728755712
-0.003844143020208505 -0.000058799904652291
+0.001862894869930559 +0.000010612451010841
-0.004322510605499734 +0.000065000156518422
+0.002303319680661777 +0.000182296674849584
-0.004938163911767761 +0.000249102156268317
+0.002843779157868521 +0.000195780391769667
-0.005482119167962245 +0.000181939577887946
+0.003599378106075687 +0.000114692775606054
-0.006527208612342482 +0.000083656338965503
+0.004462914775584943 +0.000055160469345520
-0.007860949359547398 +0.000060247656258552
+0.005678040428453351 +0.000128692371889741
-0.009217037442056399 +0.000080281985347427
+0.007189588144034448 +0.000208837543612948
-0.011199888587751426 +0.000080581196292177
+0.009461615458199818 +0.000256306343714262
-0.013753498418180774 +0.000104124934076457
+0.012528481797600331 +0.000268368529315796
-0.017823038493109820 +0.000159859646679631
+0.017807684879099440 +0.000280905259028124
-0.025633434305450054 +0.000192974651070841
+0.030910415688102995 +0.000300364042194005
-0.051578915186790031 +0.000278247745702748
+0.299862997395836550 +0.000439857466850548
+0.682723230140000692 +0.000404720371857241
+0.921489940496713178 +0.000462898034188727
+0.853056188825288553 +0.000292602023201063
+0.102158951442678864 +0.000538417600243856
-0.878868089038033262 +0.000119722225089541
-0.881815279960219800 +0.000531767973125004
-0.349418853504602500 +0.000112687101761944
-0.117138919787625320 +0.001069074236141474
-0.046006095456248397 +0.000787971707673724
-0.061783549229441834 +0.001452350324556891
+0.211738050719403992 +0.000977246068113860
+0.349114176959372857 +0.000679949259584311
+0.255545200858566357 +0.000353166771076789
-0.032231505484817208 -0.001387871976910397
-0.112918286607023133 +0.011848830346060484
-0.111325387671304052 +0.085195798999677386
-0.050243551794975444 +0.154345194124536039
-0.063270355342017817 +0.244947468235836824
-0.032845518943350173 +0.259398854236008836
+0.015531122490615827 +0.167187965947348083
+0.052259052660228990 -0.022909764427954872
+0.033590846351650570 -0.129705878774104055
-0.028521609867885277 -0.118723843356383446
-0.074982937210679265 -0.079639131936533367
-0.027882336633473663 -0.041409505404038933
+0.021328495049500761 -0.004011855810377968
-0.004206375872840125 +0.048314908166098708
-0.033926203791026469 +0.065260428187470396
-0.008481466844149074 +0.061246631752120820
+0.018884289204855399 +0.049611747595433221
+0.044431008599512642 +0.021448340736944363
+0.055478853933771693 -0.007819099369314577
+0.032236066067864604 -0.013508738236938451
+0.026540786681816367 +0.005793778382876034
-0.000699264090092605 +0.021457771474814393
-0.036680412994369326 +0.020005166394396881
-0.025764430745594036 +0.013489772514711385
+0.007178013532363910 +0.006930639143695875
+0.032095301325473509 +0.005697633489023385
+0.030198872384873433 -0.002351814915151547
+0.018329868831090862 -0.009288797176309630
+0.005463277417257054 -0.004270681834490422
+0.007453128046562349 +0.004174690703469897
+0.001518705154635295 +0.005397848876009475
-0.042556965548414351 +0.003149139820290831
-0.074031240960059946 -0.001682902883008694
-0.052947376748572791 -0.001122756423956324
-0.046997081678502750 +0.000946727150372638
-0.026497203096247611 +0.006316396858229080
+0.005470790983119590 +0.013231195198682044
+0.016456594146802204 +0.016394924184133769
+0.018713556461942636 +0.020910608336987060
+0.002749930306271690 +0.022271446590886753
-0.018714182768480643 +0.015744703799381407
-0.010369799960520395 +0.005549741211485460
-0.004529687660725024 -0.000912074634989872
-0.007701426021906221 -0.007894116944511829
-0.009896116012492139 -0.011450590824050212
-0.009818112649842347 -0.008001368987478552
+0.007421479291218665 -0.002806071236072050
+0.013723381529664593 -0.000051046173123044
+0.007258008337512188 +0.003895031408849896
+0.000268173933805897 +0.005657159392270841
-0.002630961691589190 +0.003894339592904694
+0.001789327716228528 +0.004139898459592309
-0.000684605197290522 +0.000754312591361350
-0.009982632824047766 -0.005139349477980317
-0.007647768744667658 -0.007530326007627006
-0.001779369457845645 -0.006869963781371308
-0.002158178659947881 -0.007787257834414692
-0.005753660272894355 -0.010001919970343208
+0.001860595497771261 -0.011287300775983779
+0.013443340955653763 -0.011059947638573070
+0.016836290291853385 -0.006716196777425828
+0.010690608296745941 -0.001109430006849412
+0.002728983650435103 +0.001688941887053544
+0.001302140870279409 +0.005180035270446449
-0.006308123118660014 +0.005397063892624896
-0.021730653894517921 +0.003456030886488533
-0.025204951376873994 +0.000110144988234965
-0.019090178665583886 -0.006424954484028199
-0.008449359624793325 -0.012274241287625770
+0.000675276097362216 -0.012284774274260052
+0.003418368395974273 -0.007542255868686176
+0.005752407987444190 -0.002998801047513142
+0.013811943145414587 -0.000658459305009623
+0.017077349228952869 +0.000552604573399077
+0.010796327454782314 +0.005657007532485612
+0.000286300982418854 +0.008432109722007690
-0.003030196859665688 +0.006482003407034266
-0.010735880127356726 +0.003578386131806704
-0.016130380162694722 +0.000979841694370383
-0.017779484358377489 -0.000533180650002689
-0.022296556619596619 -0.003037082516528725
-0.019772925650674168 -0.004792905990515291
-0.011570289613527282 -0.005112767061203444
-0.003252181638330033 -0.004886393077059443
+0.007200421469264601 -0.004550021177482938
+0.014611028349720537 -0.001567940130183577
+0.018637909659427205 +0.003792732670539103
+0.013896248422586166 +0.007352124883683099
+0.010264568684396524 +0.007529104351767195
+0.001371876247515799 +0.007464446712337398
-0.012878462850681175 +0.007430140136097868
-0.021603288479152195 +0.005864581598500902
-0.023727418608918589 +0.002678178463366973
-0.021772395324981372 -0.000828944779790184
-0.016313532983598077 -0.003928553277535854
-0.010471367700097458 -0.006482473819350965
+0.001103869075139835 -0.007585840386280580
+0.010219308638502438 -0.004734028631777310
+0.016689883714580030 +0.000159983133428475
+0.017302488149862169 +0.002860364329687585
+0.012914168601767206 +0.003921051846370619
+0.010947654402654525 +0.006131600806546523
-0.002428427519528909 +0.006407991058224939
-0.016154662720421077 +0.004626814085221545
-0.022962713103786246 +0.001599476427470018
-0.028099912086474048 -0.001165523049556205
-0.025859190901200577 -0.001953269940133233
-0.019928584657062855 -0.002404173339105164
-0.018433451293095329 -0.002226081339218259
-0.005451679615795459 -0.000991460843853281
+0.012654197938159382 +0.001568034913165962
+0.024818899938179449 +0.001067004925955577
+0.034913120126186602 +0.000673688322915822
+0.031178869231075990 +0.002634826553403866
+0.011518536660959540 +0.004595788688466830
+0.001803705493303033 +0.005883444377463306
-0.004928199435680403 +0.005403404985248427
-0.006417281171643724 +0.006045113906526695
-0.003782433119049529 +0.004592018333584788
+0.001144215174564072 +0.001997324050839364
+0.005257655651518811 -0.000970262753501586
+0.007642392567575915 -0.003924768043189380
+0.008869495197470101 -0.004687736084211910
+0.004183594010685032 -0.004587869146950739
+0.000615767681993071 -0.003937715890149527
-0.004598359203361851 -0.002002916420218876
-0.006952827033077945 -0.001986038091291313
-0.007318005235735274 -0.001294192379799776
-0.004880252845408915 +0.001090277169349139
-0.000452628390402828 +0.000079084104123191
+0.000861697558594915 -0.000777782598135247
+0.002616479173267468 -0.001004309774268779
+0.003733215667724462 -0.002698885547971853
+0.002719694426086423 -0.001959826996546295
+0.003630875983907491 -0.000649149384910600
+0.002616394312214910 -0.000094778491311545
+0.000803381120081496 +0.001965494599712896
-0.000432051656896375 +0.002097567285314458
-0.002255804929675318 +0.002220164548027806
-0.004186071508271126 +0.001972962189654526
-0.004689932211254894 +0.000163032060366668
-0.004563793162977873 -0.000914016752739682
-0.003547077338266625 -0.002294416188629926
-0.001362964810346090 -0.003053516500801920
-0.000036921847751052 -0.002355157110656366
+0.001926240890968366 -0.001866477958123107
+0.003408980517184990 -0.000665166576445461
+0.003514638362186925 +0.000622791758218165
+0.003428184716355656 +0.001099102640531901
+0.001813402117483435 +0.001698191247915928
+0.000381624716354091 +0.001721704230255660
-0.000998429851128095 +0.001539995088156839
-0.003047089358247459 +0.001268709460587209
-0.002991508404988556 +0.000445126182272715
-0.002741596674812330 -0.000160406939215238
-0.002550821595124983 -0.000847865536667422
-0.000598096353152818 -0.001363470059152967
-0.000324996859285161 -0.001632409891158014
+0.001129895344753590 -0.001555110126698903
+0.002818462345264026 -0.001182059209013107
+0.002242408876425658 -0.000509735329385073
+0.001982154629739648 +0.000206473890623084
+0.000679153154683849 +0.000830528604341973
-0.001549679319325526 +0.001236601967719379
-0.002332565804080025 +0.001041366563787168
-0.003453178677344914 +0.000694555567823818
-0.004029807249089835 +0.000062518378187937
-0.003157261225875231 -0.000524496346402397
-0.002844496879705861 -0.000958809577347434
-0.001181168769138421 -0.001056649820402007
+0.000338379168613409 -0.000883950633930481
+0.001084713870466499 -0.000480973483992205
+0.002514230847219587 +0.000183138993955963
+0.001985514232893107 +0.000627786751633451
+0.001624117872693052 +0.001233613941731291
+0.000947739789617054 +0.001357462206451607
-0.000345214931006491 +0.001176356143911698
-0.000596099395361631 +0.001032277271950205
-0.001344571730931436 +0.000621968733198710
-0.001543809408215240 +0.000274682795588530
-0.001149694830062081 -0.000148948778944592
-0.000384600268857699 -0.000422910168131149
+0.000627423724582207 -0.000604422265248746
+0.001641474329072967 -0.000507587009400487
+0.002288753968257158 -0.000293371033744248
+0.002585485195177082 -0.000089521790269329
+0.002501275750096002 +0.000281802649113194
+0.001575095655968479 +0.000423033300214370
+0.000442874651203868 +0.000590880383166547
-0.001162205627961394 +0.000572376935860392
-0.002342198073398313 +0.000307524936668474
-0.002995249054866115 -0.000068604390837696
-0.003128613773509241 -0.000471425917180662
-0.002561473278429201 -0.000740657912757811
-0.001913438795874701 -0.000864032065378791
-0.000837968429322620 -0.000806725751940697
+0.000307081747600674 -0.000639845955107793
+0.001294265671338459 -0.000223917988736574
+0.001731940204849547 +0.000103576324105241
+0.001975460214945010 +0.000408700583948383
+0.001613440504874203 +0.000690094443458711
+0.000857897976657579 +0.000725764699312953
+0.000379174229485247 +0.000678329017130705
-0.000557237276092398 +0.000502616032912674
-0.001114460268970062 +0.000283752415649721
-0.001310221376455146 +0.000092697453069702
-0.001487430061041213 -0.000132084196351111
-0.001024794253020306 -0.000325699722070003
-0.000453048290212660 -0.000368096666775611
+0.000142369130326222 -0.000344074705692299
+0.000723662161270203 -0.000251924695353292
+0.000991985124597200 -0.000135563395782317
+0.000914039374547863 -0.000007159698335403
+0.000551929900285896 +0.000079958478014484
+0.000179819210916195 +0.000141632513098954
-0.000128529140022248 +0.000198070049981979
-0.000466663259883181 +0.000136498996921389
-0.000472645649138979 +0.000077834398813145
-0.000531565505408131 -0.000044125494468732
-0.000199901224183354 -0.000136542730106508
-0.000000044503573447 -0.000168545658265213
+0.000150425326657585 -0.000166692462246112
+0.000287032192852176 -0.000092237585417438
-0.000053685805214353 -0.000048916859948451
+0.000028544820812177 +0.000058131717542225
-0.000376666859817141 +0.000039423253083773
-0.000668140424924923 +0.000047210600549677
-0.000615259663115717 +0.000019755448348665
-0.000894074787058573 -0.000121083383718409
-0.000611050260067123 -0.000181068921364472
-0.000353702378404633 -0.000273503451044804
-0.000335732226175581 -0.000245373335720617
-0.000032169110042249 -0.000160973824721424
+0.000241768787642113 -0.000023015154584946
+0.000248312071905081 +0.000088314929573896
+0.000541287654459825 +0.000188027489307568
+0.000437099314533561 +0.000267904428105340
-0.000099750421238578 +0.000250686562105985
-0.000208507045953316 +0.000257151822291701
-0.000880908636380491 +0.000130223913595323
-0.001002093921417255 +0.000064969207920444
-0.000929881471990711 -0.000046185231426119
-0.000874330659035708 -0.000147475749233639
-0.000314978545448125 -0.000145670788238679
-0.000022436619619870 -0.000231373641349131
+0.000449211429723040 -0.000152228484167189
+0.000693316430503542 -0.000081720281492547
+0.000669129872836849 -0.000026072865265182
+0.000497002739727415 +0.000142802246175717
+0.000125557628827211 +0.000165227107421564
-0.000267576750381374 +0.000198609514690086
-0.000608570825004630 +0.000243272736356428
-0.000737820967496736 +0.000118648546257901
-0.000900472224227955 +0.000050368308731661
-0.000773178703918354 -0.000020925551834177
-0.000619168042881785 -0.000212149760968534
-0.000503057481340486 -0.000205331732680084
-0.000159621796796384 -0.000235538168571571
-0.000051610519309006 -0.000240444350781806
+0.000069622477287649 -0.000056260314127782
+0.000145451389467866 -0.000029403555733248
+0.000009525305364973 +0.000104023780222007
-0.000090499451173637 +0.000212029123546009
-0.000222437586088094 +0.000163391565232316
-0.000424328950793439 +0.000213176396947332
-0.000472918261845791 +0.000129323341871330
-0.000505170465473284 +0.000017908074543285
-0.000479444443593760 +0.000014190530313644
-0.000277405997095895 -0.000098225245443954
-0.000163315692787814 -0.000088840153619169
-0.000012949581490597 -0.000037970135323237
+0.000129083517436376 -0.000066083185259417
+0.000093191228067564 +0.000040741202499715
+0.000063950363649787 +0.000053489343329017
-0.000032747656487638 +0.000065957688518179
-0.000280743852881106 +0.000114024351199781
-0.000356830122942301 +0.000056216895372570
-0.000498597090909297 +0.000046108303673967
-0.000608834397175899 +0.000006389981211471
-0.000473472078725648 -0.000056624014677763
-0.000507480656312699 -0.000072979720096759
-0.000330148897819779 -0.000090706643436090
-0.000159608778321349 -0.000104757740080160
-0.000123572089897338 -0.000057421716167445
+0.000034178024689940 -0.000032628969597484
+0.000006170170661469 +0.000011243104301172
-0.000073904840854836 +0.000076533438257671
-0.000130886446794909 +0.000074542779616578
-0.000289061192875171 +0.000104015344884607
-0.000425232829462161 +0.000076022442199612
-0.000448818009510816 +0.000034378534370855
-0.000563770152635338 +0.000002563497521496
-0.000516316103569657 -0.000048155762551348
-0.000436462123310482 -0.000069661891261017
-0.000432588289118917 -0.000085819860677187
-0.000221159123094990 -0.000066043556361772
-0.000227826590064844 -0.000050045858090780
-0.000156057093007471 -0.000001464430866136
-0.000107714326170251 +0.000027902230565703
-0.000222134375672819 +0.000047873344200325
-0.000191587601953979 +0.000074539346225785
-0.000302062185222116 +0.000055079535287089
-0.000365417635401098 +0.000055634168521080
-0.000382187147824986 +0.000027981660536329
-0.000433470066196060 +0.000004438502987856
-0.000415203812867804 -0.000012485509741461
-0.000372125931951559 -0.000028717084131122
-0.000353752368186661 -0.000027001195467824
-0.000305131704455786 -0.000025397147307738
-0.000264065587641249 -0.000008504139488264
-0.000290187440359706 -0.000001474272037878
-0.000262026803044339 +0.000016761819249155
-0.000327652691689720 +0.000021583879148083
-0.000365946896518224 +0.000023113398037397
-0.000382314433548766 +0.000021078986501138
-0.000441723117917283 +0.000004095861692637
-0.000408343449718157 -0.000004574783539744
-0.000411234073229337 -0.000018577297462644
-0.000387688490940900 -0.000021781694264517
-0.000343556001797707 -0.000019698978505157
-0.000335257658464430 -0.000009537922275948
-0.000327440385676040 +0.000002724727058737
-0.000332147680392336 +0.000017757233880066
-0.000370619693149311 +0.000030113340252196
-0.000413765603050520 +0.000032727510146270
-0.000441384506744315 +0.000031337707170074
-0.000487891776509237 +0.000020024938565899
-0.000494444491890968 +0.000006200181132447
-0.000481076545423104 -0.000007567732184916
-0.000470127634174160 -0.000017134746335434
-0.000422090905595025 -0.000023053303071649
-0.000377828965074277 -0.000016897328342399
-0.000349586915102481 -0.000008593397801327
-0.000306945952234415 +0.000007130999275884
-0.000313272004261147 +0.000023420562404728
-0.000336240328425681 +0.000034690663612855
-0.000368581095442196 +0.000044085784248840
-0.000441036692902215 +0.000040097868104028
-0.000478308411228007 +0.000036832866751106
-0.000534602160887390 +0.000019226176639014
-0.000553093598757495 +0.000006332672965204
-0.000554212588474540 -0.000009972862335666
-0.000535426912186467 -0.000024730299248720
-0.000492177903467970 -0.000026351909697014
-0.000459966158791206 -0.000030879741394367
-0.000409732747022029 -0.000016475833387469
-0.000413077212328857 -0.000008022908842514
-0.000393291363691970 +0.000010404396896955
-0.000425287395795624 +0.000023285022181080
-0.000465514784474205 +0.000030648416752614
-0.000480795684947484 +0.000039641682097037
-0.000549218949514375 +0.000029418011442770
-0.000548498578434527 +0.000027007667003437
-0.000569033850740975 +0.000010302062737161
-0.000573775649602376 -0.000000561489290862
-0.000545546614323787 -0.000008187727390068
-0.000536102011932888 -0.000014312242516851
-0.000515168605792605 -0.000009957766946930
-0.000493740329258991 -0.000006296073715162
-0.000486686530111332 +0.000005026495619388
-0.000505019477447675 +0.000010781881484065
-0.000497900259131882 +0.000021866842282212
-0.000550731595328867 +0.000021552540327795
-0.000564006564067938 +0.000023501047523673
-0.000583684346795055 +0.000020037898951821
-0.000622278333326614 +0.000009799093084633
-0.000595272093154735 +0.000010384593706107
-0.000613626736530042 -0.000002652670246260
-0.000590354204233513 -0.000000293524260329
-0.000564485292977638 -0.000000730894623607
-0.000572043143045202 -0.000002439054180544
-0.000547572404231457 +0.000009488345139427
-0.000567301475670690 +0.000009170441171441
-0.000582778028707293 +0.000015254574063042
-0.000604022535536493 +0.000021413064777848
-0.000629491444025337 +0.000016004323481723
-0.000656700109730513 +0.000016976845843816
-0.000661237968886799 +0.000014233742544155
-0.000676166916065445 +0.000002363784900939
-0.000672950527914874 +0.000005097416064284
-0.000660240912917448 -0.000002284344935800
-0.000658313366022664 -0.000005249742141070
-0.000645244138310831 +0.000004711744234238
-0.000639363415298265 +0.000000153787993879
-0.000649632586860915 +0.000011042182174713
-0.000652567728299875 +0.000017791011189238
-0.000668543357805224 +0.000014874540869979
-0.000695715314858569 +0.000024371733150643
-0.000697911685395616 +0.000019294458265283
-0.000728901271493306 +0.000013433561245647
-0.000728052743918186 +0.000016366010832639
-0.000738409273799103 +0.000003710356072293
-0.000742425065416073 +0.000003834353556033
-0.000744498904114941 +0.000005736189041646
-0.000729644787434853 -0.000001822876348095
-0.000744825057227581 +0.000009918093774732
-0.000722510793142165 +0.000008749393493960
-0.000742762453164466 +0.000010968376154651
-0.000744844433084619 +0.000021002982679342
-0.000763885978123997 +0.000014278263129698
-0.000766825135407035 +0.000020014462605675
-0.000806705434542027 +0.000017387368132508
-0.000780139107236262 +0.000011475255505953
-0.000836175790726595 +0.000013133257907424
-0.000798866427574388 +0.000008748217142325
-0.000835328049987514 +0.000006753783861786
-0.000809950371169321 +0.000010253684416303
-0.000833241698114376 +0.000008562966325880
-0.000811770542025640 +0.000010004182867139
-0.000855162155157154 +0.000014661568404985
-0.000824341548726897 +0.000011946810914504
-0.000881116163674015 +0.000016666557390870
-0.000856957113819256 +0.000016890102767679
-0.000896515420720712 +0.000013347804399604
-0.000887123305200180 +0.000017474698363400
-0.000911288706661589 +0.000010650177732013
-0.000893608572454875 +0.000012326902550243
-0.000923506495031087 +0.000010877777070793
-0.000894670126557123 +0.000009815779044160
-0.000923680580974971 +0.000012657428014213
-0.000913425227304750 +0.000012753129270901
-0.000925446123685294 +0.000016783833343125
-0.000945057698657154 +0.000017016812160685
-0.000946385795288857 +0.000021077741002571
-0.000975863545635147 +0.000018548506055424
-0.000974398922783767 +0.000019512329436458
-0.001009779705737551 +0.000017009580205217
-0.000982784530705395 +0.000013155057052984
-0.001050737893058526 +0.000014080506533386
-0.000964985732480321 +0.000009031984407984
-0.001089701482039082 +0.000012351335162039
-0.000940453246841512 +0.000010840160912241
-0.001127131055412178 +0.000013751723784232
-0.000918087524756001 +0.000016539962484189
-0.001183495303677833 +0.000017387175281288
-0.000890762801523066 +0.000021805761019146
-0.001270989785442461 +0.000019429379712365
-0.000852235409397745 +0.000023801062310790
-0.001381573140618630 +0.000018126222652818
-0.000786432902265009 +0.000021476745252900
-0.001527993628786401 +0.000015452631295442
-0.000629506113614898 +0.000016819898071419
-0.001869495850200839 +0.000014608007854735
+0.000292401413287358 +0.000014336912820702
-0.000377116904663062 +0.000016483179197316
+0.001538653554067362 +0.000015958068532054
+0.000270559916441143 +0.000016776082718779
-0.000965319608347325 +0.000047357721680945
-0.002874521666606937 -0.000027713025049841
-0.002374800012780058 +0.000085617022982334
-0.002489792923695998 -0.000007869869742451
-0.001314849029366696 +0.000054073926448183
-0.000710319646420481 +0.000036685099353105
-0.001353771594368877 +0.000052988090134159
