00000 -0.404
00010 -0.410
00020 -0.426
00030 -0.443
00040 -0.455
00050 -0.457
00060 -0.448
00070 -0.429
00080 -0.401
00090 -0.370
00100 -0.340
00110 -0.317
00120 -0.303
00130 -0.298
00140 -0.297
00150 -0.294
00160 -0.287
00170 -0.272
00180 -0.253
00190 -0.230
00200 -0.207
00210 -0.189
00220 -0.177
00230 -0.173
00240 -0.174
00250 -0.176
00260 -0.177
00270 -0.173
00280 -0.165
00290 -0.153
00300 -0.142
00310 -0.134
00320 -0.131
00330 -0.136
00340 -0.147
00350 -0.163
00360 -0.179
00370 -0.194
00380 -0.205
00390 -0.215
00400 -0.225
00410 -0.240
00420 -0.262
00430 -0.294
00440 -0.338
00450 -0.390
00460 -0.446
00470 -0.503
00480 -0.557
00490 -0.608
00500 -0.659
00510 -0.711
00520 -0.769
00530 -0.832
00540 -0.898
00550 -0.960
00560 -1.012
00570 -1.048
00580 -1.066
00590 -1.069
00600 -1.060
00610 -1.046
00620 -1.030
00630 -1.014
00640 -0.998
00650 -0.980
00660 -0.959
00670 -0.932
00680 -0.900
00690 -0.863
00700 -0.825
00710 -0.789
00720 -0.758
00730 -0.734
00740 -0.716
00750 -0.704
00760 -0.694
00770 -0.684
00780 -0.672
00790 -0.659
00800 -0.645
00810 -0.635
00820 -0.632
00830 -0.638
00840 -0.654
00850 -0.680
00860 -0.711
00870 -0.743
00880 -0.772
00890 -0.798
00900 -0.820
00910 -0.841
00920 -0.865
00930 -0.893
00940 -0.924
00950 -0.957
00960 -0.988
00970 -1.013
00980 -1.030
00990 -1.039
01000 -1.043
01010 -1.044
01020 -1.045
01030 -1.049
01040 -1.056
01050 -1.066
01060 -1.076
01070 -1.085
01080 -1.089
01090 -1.089
01100 -1.084
01110 -1.077
01120 -1.069
01130 -1.064
01140 -1.062
01150 -1.063
01160 -1.066
01170 -1.069
01180 -1.069
01190 -1.064
01200 -1.054
01210 -1.039
01220 -1.022
01230 -1.005
01240 -0.990
01250 -0.979
01260 -0.969
01270 -0.960
01280 -0.948
01290 -0.931
01300 -0.909
01310 -0.882
01320 -0.852
01330 -0.822
01340 -0.794
01350 -0.771
01360 -0.752
01370 -0.736
01380 -0.723
01390 -0.708
01400 -0.692
01410 -0.675
01420 -0.657
01430 -0.642
01440 -0.633
01450 -0.631
01460 -0.637
01470 -0.652
01480 -0.673
01490 -0.698
01500 -0.724
01510 -0.749
01520 -0.773
01530 -0.796
01540 -0.820
01550 -0.845
01560 -0.874
01570 -0.905
01580 -0.935
01590 -0.960
01600 -0.975
01610 -0.976
01620 -0.964
01630 -0.940
01640 -0.910
01650 -0.879
01660 -0.851
01670 -0.829
01680 -0.811
01690 -0.796
01700 -0.780
01710 -0.762
01720 -0.742
01730 -0.723
01740 -0.708
01750 -0.700
01760 -0.702
01770 -0.714
01780 -0.735
01790 -0.763
01800 -0.794
01810 -0.825
01820 -0.855
01830 -0.884
01840 -0.914
01850 -0.948
01860 -0.989
01870 -1.037
01880 -1.093
01890 -1.154
01900 -1.216
01910 -1.277
01920 -1.332
01930 -1.381
01940 -1.424
01950 -1.462
01960 -1.499
01970 -1.536
01980 -1.572
01990 -1.605
02000 -1.632
02010 -1.646
02020 -1.645
02030 -1.626
02040 -1.591
02050 -1.543
02060 -1.486
02070 -1.425
02080 -1.361
02090 -1.296
02100 -1.228
02110 -1.155
02120 -1.076
02130 -0.992
02140 -0.906
02150 -0.822
02160 -0.744
02170 -0.678
02180 -0.625
02190 -0.587
02200 -0.561
02210 -0.547
02220 -0.541
02230 -0.544
02240 -0.555
02250 -0.576
02260 -0.609
02270 -0.656
02280 -0.720
02290 -0.799
02300 -0.893
02310 -0.999
02320 -1.112
02330 -1.228
02340 -1.344
02350 -1.458
02360 -1.567
02370 -1.672
02380 -1.772
02390 -1.866
02400 -1.953
02410 -2.029
02420 -2.090
02430 -2.132
02440 -2.152
02450 -2.150
02460 -2.129
02470 -2.093
02480 -2.047
02490 -1.997
02500 -1.945
02510 -1.893
02520 -1.840
02530 -1.783
02540 -1.723
02550 -1.661
02560 -1.597
02570 -1.537
02580 -1.483
02590 -1.441
02600 -1.411
02610 -1.395
02620 -1.390
02630 -1.396
02640 -1.410
02650 -1.432
02660 -1.462
02670 -1.502
02680 -1.555
02690 -1.625
02700 -1.712
02710 -1.816
02720 -1.936
02730 -2.066
02740 -2.203
02750 -2.338
02760 -2.467
02770 -2.584
02780 -2.685
02790 -2.767
02800 -2.829
02810 -2.867
02820 -2.882
02830 -2.870
02840 -2.833
02850 -2.770
02860 -2.685
02870 -2.583
02880 -2.471
02890 -2.355
02900 -2.242
02910 -2.137
02920 -2.042
02930 -1.957
02940 -1.881
02950 -1.811
02960 -1.747
02970 -1.688
02980 -1.635
02990 -1.590
03000 -1.556
03010 -1.534
03020 -1.525
03030 -1.529
03040 -1.542
03050 -1.562
03060 -1.586
03070 -1.613
03080 -1.642
03090 -1.674
03100 -1.711
03110 -1.753
03120 -1.801
03130 -1.855
03140 -1.911
03150 -1.966
03160 -2.016
03170 -2.059
03180 -2.092
03190 -2.114
03200 -2.127
03210 -2.131
03220 -2.128
03230 -2.119
03240 -2.102
03250 -2.075
03260 -2.039
03270 -1.991
03280 -1.931
03290 -1.862
03300 -1.786
03310 -1.707
03320 -1.628
03330 -1.553
03340 -1.482
03350 -1.417
03360 -1.356
03370 -1.299
03380 -1.245
03390 -1.194
03400 -1.149
03410 -1.111
03420 -1.083
03430 -1.068
03440 -1.065
03450 -1.076
03460 -1.099
03470 -1.133
03480 -1.175
03490 -1.226
03500 -1.284
03510 -1.351
03520 -1.429
03530 -1.519
03540 -1.622
03550 -1.738
03560 -1.866
03570 -2.002
03580 -2.143
03590 -2.289
03600 -2.435
03610 -2.582
03620 -2.728
03630 -2.873
03640 -3.016
03650 -3.155
03660 -3.289
03670 -3.412
03680 -3.520
03690 -3.610
03700 -3.678
03710 -3.722
03720 -3.741
03730 -3.736
03740 -3.709
03750 -3.662
03760 -3.596
03770 -3.513
03780 -3.412
03790 -3.294
03800 -3.160
03810 -3.012
03820 -2.852
03830 -2.685
03840 -2.514
03850 -2.345
03860 -2.179
03870 -2.020
03880 -1.869
03890 -1.725
03900 -1.589
03910 -1.461
03920 -1.342
03930 -1.235
03940 -1.142
03950 -1.067
03960 -1.012
03970 -0.978
03980 -0.965
03990 -0.971
04000 -0.991
04010 -1.025
04020 -1.069
04030 -1.122
04040 -1.184
04050 -1.254
04060 -1.331
04070 -1.414
04080 -1.499
04090 -1.583
04100 -1.662
04110 -1.733
04120 -1.795
04130 -1.847
04140 -1.888
04150 -1.921
04160 -1.946
04170 -1.965
04180 -1.979
04190 -1.988
04200 -1.991
04210 -1.989
04220 -1.980
04230 -1.965
04240 -1.944
04250 -1.921
04260 -1.896
04270 -1.871
04280 -1.849
04290 -1.830
04300 -1.813
04310 -1.798
04320 -1.784
04330 -1.769
04340 -1.754
04350 -1.739
04360 -1.725
04370 -1.714
04380 -1.706
04390 -1.703
04400 -1.703
04410 -1.706
04420 -1.710
04430 -1.712
04440 -1.712
04450 -1.709
04460 -1.704
04470 -1.698
04480 -1.692
04490 -1.687
04500 -1.682
04510 -1.678
04520 -1.672
04530 -1.663
04540 -1.650
04550 -1.633
04560 -1.613
04570 -1.589
04580 -1.565
04590 -1.541
04600 -1.518
04610 -1.498
04620 -1.478
04630 -1.460
04640 -1.440
04650 -1.419
04660 -1.397
04670 -1.374
04680 -1.352
04690 -1.333
04700 -1.318
04710 -1.309
04720 -1.305
04730 -1.305
04740 -1.309
04750 -1.314
04760 -1.319
04770 -1.325
04780 -1.332
04790 -1.342
04800 -1.357
04810 -1.378
04820 -1.403
04830 -1.433
04840 -1.463
04850 -1.493
04860 -1.520
04870 -1.542
04880 -1.559
04890 -1.574
04900 -1.587
04910 -1.598
04920 -1.610
04930 -1.620
04940 -1.627
04950 -1.629
04960 -1.625
04970 -1.615
04980 -1.598
04990 -1.577
05000 -1.555
05010 -1.532
05020 -1.513
05030 -1.496
05040 -1.481
05050 -1.468
05060 -1.454
05070 -1.439
05080 -1.422
05090 -1.404
05100 -1.387
05110 -1.374
05120 -1.365
05130 -1.363
05140 -1.365
05150 -1.370
05160 -1.375
05170 -1.379
05180 -1.379
05190 -1.376
05200 -1.372
05210 -1.367
05220 -1.365
05230 -1.364
05240 -1.365
05250 -1.367
05260 -1.366
05270 -1.360
05280 -1.349
05290 -1.333
05300 -1.313
05310 -1.290
05320 -1.268
05330 -1.248
05340 -1.230
05350 -1.214
05360 -1.198
05370 -1.181
05380 -1.162
05390 -1.140
05400 -1.116
05410 -1.093
05420 -1.072
05430 -1.054
05440 -1.042
05450 -1.034
05460 -1.030
05470 -1.027
05480 -1.025
05490 -1.021
05500 -1.015
05510 -1.008
05520 -1.002
05530 -0.999
05540 -0.998
05550 -1.001
05560 -1.007
05570 -1.012
05580 -1.016
05590 -1.015
05600 -1.009
05610 -0.999
05620 -0.984
05630 -0.968
05640 -0.951
05650 -0.935
05660 -0.919
05670 -0.901
05680 -0.880
05690 -0.853
05700 -0.820
05710 -0.781
05720 -0.738
05730 -0.692
05740 -0.646
05750 -0.602
05760 -0.560
05770 -0.520
05780 -0.481
05790 -0.442
05800 -0.401
05810 -0.358
05820 -0.314
05830 -0.271
05840 -0.232
05850 -0.200
05860 -0.174
05870 -0.156
05880 -0.144
05890 -0.135
05900 -0.127
05910 -0.120
05920 -0.113
05930 -0.108
05940 -0.106
05950 -0.110
05960 -0.121
05970 -0.139
05980 -0.161
05990 -0.184
06000 -0.207
06010 -0.227
06020 -0.245
06030 -0.260
06040 -0.275
06050 -0.292
06060 -0.311
06070 -0.334
06080 -0.359
06090 -0.383
06100 -0.405
06110 -0.423
06120 -0.437
06130 -0.448
06140 -0.457
06150 -0.467
06160 -0.479
06170 -0.495
06180 -0.514
06190 -0.536
06200 -0.557
06210 -0.578
06220 -0.596
06230 -0.612
06240 -0.629
06250 -0.647
06260 -0.668
06270 -0.694
06280 -0.725
06290 -0.759
06300 -0.795
06310 -0.830
06320 -0.862
06330 -0.892
06340 -0.919
06350 -0.946
06360 -0.973
06370 -1.003
06380 -1.034
06390 -1.066
06400 -1.098
06410 -1.127
06420 -1.151
06430 -1.170
06440 -1.184
06450 -1.195
06460 -1.204
06470 -1.214
06480 -1.224
06490 -1.235
06500 -1.246
06510 -1.255
06520 -1.261
06530 -1.264
06540 -1.264
06550 -1.262
06560 -1.260
06570 -1.259
06580 -1.262
06590 -1.268
06600 -1.277
06610 -1.288
06620 -1.300
06630 -1.310
06640 -1.320
06650 -1.329
06660 -1.338
06670 -1.349
06680 -1.363
06690 -1.381
06700 -1.401
06710 -1.424
06720 -1.446
06730 -1.466
06740 -1.483
06750 -1.497
06760 -1.508
06770 -1.519
06780 -1.530
06790 -1.541
06800 -1.553
06810 -1.565
06820 -1.575
06830 -1.582
06840 -1.584
06850 -1.582
06860 -1.576
06870 -1.567
06880 -1.558
06890 -1.548
06900 -1.538
06910 -1.529
06920 -1.520
06930 -1.509
06940 -1.495
06950 -1.479
06960 -1.459
06970 -1.439
06980 -1.418
06990 -1.399
07000 -1.383
07010 -1.369
07020 -1.358
07030 -1.349
07040 -1.339
07050 -1.329
07060 -1.319
07070 -1.307
07080 -1.297
07090 -1.289
07100 -1.284
07110 -1.283
07120 -1.285
07130 -1.289
07140 -1.294
07150 -1.298
07160 -1.299
07170 -1.300
07180 -1.299
07190 -1.299
07200 -1.300
07210 -1.304
07220 -1.309
07230 -1.316
07240 -1.322
07250 -1.326
07260 -1.327
07270 -1.326
07280 -1.322
07290 -1.318
07300 -1.314
07310 -1.311
07320 -1.310
07330 -1.310
07340 -1.311
07350 -1.310
07360 -1.308
07370 -1.304
07380 -1.298
07390 -1.291
07400 -1.285
07410 -1.281
07420 -1.280
07430 -1.283
07440 -1.288
07450 -1.294
07460 -1.301
07470 -1.306
07480 -1.311
07490 -1.316
07500 -1.321
07510 -1.330
07520 -1.343
07530 -1.359
07540 -1.380
07550 -1.402
07560 -1.425
07570 -1.447
07580 -1.467
07590 -1.486
07600 -1.505
07610 -1.525
07620 -1.548
07630 -1.573
07640 -1.601
07650 -1.630
07660 -1.657
07670 -1.682
07680 -1.703
07690 -1.721
07700 -1.736
07710 -1.749
07720 -1.761
07730 -1.773
07740 -1.784
07750 -1.794
07760 -1.800
07770 -1.802
07780 -1.799
07790 -1.789
07800 -1.773
07810 -1.753
07820 -1.729
07830 -1.704
07840 -1.677
07850 -1.650
07860 -1.621
07870 -1.590
07880 -1.556
07890 -1.517
07900 -1.475
07910 -1.431
07920 -1.387
07930 -1.345
07940 -1.307
07950 -1.273
07960 -1.243
07970 -1.215
07980 -1.189
07990 -1.163
08000 -1.136
08010 -1.110
08020 -1.085
08030 -1.065
08040 -1.050
08050 -1.041
08060 -1.037
08070 -1.037
08080 -1.038
08090 -1.038
08100 -1.038
08110 -1.037
08120 -1.035
08130 -1.036
08140 -1.040
08150 -1.049
08160 -1.061
08170 -1.076
08180 -1.092
08190 -1.107
08200 -1.119
08210 -1.129
08220 -1.138
08230 -1.147
08240 -1.157
08250 -1.172
08260 -1.190
08270 -1.212
08280 -1.236
08290 -1.259
08300 -1.280
08310 -1.299
08320 -1.316
08330 -1.333
08340 -1.352
08350 -1.375
08360 -1.402
08370 -1.433
08380 -1.466
08390 -1.500
08400 -1.531
08410 -1.559
08420 -1.585
08430 -1.608
08440 -1.631
08450 -1.655
08460 -1.681
08470 -1.709
08480 -1.737
08490 -1.763
08500 -1.786
08510 -1.803
08520 -1.814
08530 -1.819
08540 -1.819
08550 -1.817
08560 -1.813
08570 -1.808
08580 -1.802
08590 -1.793
08600 -1.780
08610 -1.760
08620 -1.734
08630 -1.702
08640 -1.664
08650 -1.623
08660 -1.581
08670 -1.539
08680 -1.499
08690 -1.460
08700 -1.422
08710 -1.382
08720 -1.339
08730 -1.293
08740 -1.244
08750 -1.195
08760 -1.148
08770 -1.104
08780 -1.065
08790 -1.032
08800 -1.003
08810 -0.975
08820 -0.947
08830 -0.917
08840 -0.884
08850 -0.851
08860 -0.818
08870 -0.788
08880 -0.763
08890 -0.743
08900 -0.727
08910 -0.713
08920 -0.698
08930 -0.680
08940 -0.658
08950 -0.634
08960 -0.608
08970 -0.583
08980 -0.563
08990 -0.548
09000 -0.539
09010 -0.534
09020 -0.530
09030 -0.526
09040 -0.519
09050 -0.511
09060 -0.502
09070 -0.497
09080 -0.497
09090 -0.506
09100 -0.524
09110 -0.549
09120 -0.579
09130 -0.610
09140 -0.640
09150 -0.667
09160 -0.695
09170 -0.723
09180 -0.757
09190 -0.797
09200 -0.843
09210 -0.895
09220 -0.948
09230 -1.000
09240 -1.048
09250 -1.089
09260 -1.125
09270 -1.157
09280 -1.188
09290 -1.219
09300 -1.251
09310 -1.284
09320 -1.316
09330 -1.343
09340 -1.364
09350 -1.375
09360 -1.378
09370 -1.374
09380 -1.365
09390 -1.354
09400 -1.343
09410 -1.332
09420 -1.322
09430 -1.309
09440 -1.293
09450 -1.272
09460 -1.244
09470 -1.211
09480 -1.175
09490 -1.139
09500 -1.106
09510 -1.077
09520 -1.054
09530 -1.034
09540 -1.016
09550 -0.998
09560 -0.977
09570 -0.955
09580 -0.931
09590 -0.909
09600 -0.892
09610 -0.882
09620 -0.879
09630 -0.883
09640 -0.891
09650 -0.901
09660 -0.911
09670 -0.918
09680 -0.924
09690 -0.930
09700 -0.939
09710 -0.953
09720 -0.974
09730 -1.001
09740 -1.032
09750 -1.065
09760 -1.097
09770 -1.127
09780 -1.152
09790 -1.176
09800 -1.200
09810 -1.226
09820 -1.257
09830 -1.294
09840 -1.336
09850 -1.380
09860 -1.424
09870 -1.466
09880 -1.504
09890 -1.538
09900 -1.572
09910 -1.607
09920 -1.646
09930 -1.691
09940 -1.742
09950 -1.796
09960 -1.853
09970 -1.908
09980 -1.960
09990 -2.009
10000 -2.056
10010 -2.103
10020 -2.153
10030 -2.208
10040 -2.269
10050 -2.334
10060 -2.402
10070 -2.471
10080 -2.536
10090 -2.599
10100 -2.658
10110 -2.715
10120 -2.773
10130 -2.834
10140 -2.899
10150 -2.969
10160 -3.042
10170 -3.115
10180 -3.186
10190 -3.253
10200 -3.314
10210 -3.371
10220 -3.425
10230 -3.478
10240 -3.532
10250 -3.588
10260 -3.645
10270 -3.701
10280 -3.752
10290 -3.796
10300 -3.830
10310 -3.855
10320 -3.871
10330 -3.879
10340 -3.883
10350 -3.884
10360 -3.882
10370 -3.875
10380 -3.861
10390 -3.838
10400 -3.804
10410 -3.759
10420 -3.704
10430 -3.641
10440 -3.573
10450 -3.503
10460 -3.433
10470 -3.364
10480 -3.294
10490 -3.223
10500 -3.149
10510 -3.071
10520 -2.989
10530 -2.906
10540 -2.823
10550 -2.743
10560 -2.669
10570 -2.603
10580 -2.543
10590 -2.489
10600 -2.439
10610 -2.390
10620 -2.341
10630 -2.292
10640 -2.245
10650 -2.202
10660 -2.166
10670 -2.139
10680 -2.120
10690 -2.110
10700 -2.105
10710 -2.103
10720 -2.101
10730 -2.099
10740 -2.096
10750 -2.095
10760 -2.099
10770 -2.108
10780 -2.125
10790 -2.148
10800 -2.176
10810 -2.205
10820 -2.232
10830 -2.256
10840 -2.275
10850 -2.291
10860 -2.305
10870 -2.320
10880 -2.337
10890 -2.357
10900 -2.377
10910 -2.397
10920 -2.412
10930 -2.421
10940 -2.421
10950 -2.413
10960 -2.399
10970 -2.381
10980 -2.361
10990 -2.342
11000 -2.323
11010 -2.304
11020 -2.282
11030 -2.254
11040 -2.219
11050 -2.175
11060 -2.125
11070 -2.069
11080 -2.011
11090 -1.954
11100 -1.899
11110 -1.846
11120 -1.793
11130 -1.738
11140 -1.677
11150 -1.609
11160 -1.533
11170 -1.450
11180 -1.363
11190 -1.276
11200 -1.190
11210 -1.107
11220 -1.026
11230 -0.943
11240 -0.857
11250 -0.763
11260 -0.660
11270 -0.549
11280 -0.433
11290 -0.315
11300 -0.198
11310 -0.086
11320 +0.021
11330 +0.125
11340 +0.228
11350 +0.333
11360 +0.442
11370 +0.556
11380 +0.671
11390 +0.785
11400 +0.892
11410 +0.989
11420 +1.073
11430 +1.145
11440 +1.207
11450 +1.264
11460 +1.319
11470 +1.372
11480 +1.424
11490 +1.472
11500 +1.512
11510 +1.539
11520 +1.553
11530 +1.553
11540 +1.542
11550 +1.526
11560 +1.508
11570 +1.493
11580 +1.480
11590 +1.470
11600 +1.458
11610 +1.442
11620 +1.419
11630 +1.389
11640 +1.354
11650 +1.318
11660 +1.286
11670 +1.261
11680 +1.246
11690 +1.239
11700 +1.240
11710 +1.243
11720 +1.247
11730 +1.249
11740 +1.250
11750 +1.251
11760 +1.257
11770 +1.270
11780 +1.294
11790 +1.329
11800 +1.373
11810 +1.423
11820 +1.475
11830 +1.525
11840 +1.572
11850 +1.615
11860 +1.657
11870 +1.701
11880 +1.750
11890 +1.806
11900 +1.868
11910 +1.933
11920 +1.997
11930 +2.055
11940 +2.105
11950 +2.146
11960 +2.178
11970 +2.205
11980 +2.231
11990 +2.260
12000 +2.292
12010 +2.326
12020 +2.359
12030 +2.387
12040 +2.407
12050 +2.416
12060 +2.417
12070 +2.412
12080 +2.405
12090 +2.402
12100 +2.403
12110 +2.410
12120 +2.421
12130 +2.432
12140 +2.439
12150 +2.441
12160 +2.436
12170 +2.426
12180 +2.415
12190 +2.406
12200 +2.404
12210 +2.409
12220 +2.421
12230 +2.436
12240 +2.450
12250 +2.460
12260 +2.463
12270 +2.459
12280 +2.450
12290 +2.440
12300 +2.432
12310 +2.429
12320 +2.431
12330 +2.435
12340 +2.438
12350 +2.435
12360 +2.424
12370 +2.401
12380 +2.369
12390 +2.330
12400 +2.290
12410 +2.251
12420 +2.216
12430 +2.185
12440 +2.154
12450 +2.120
12460 +2.079
12470 +2.030
12480 +1.973
12490 +1.911
12500 +1.848
12510 +1.790
12520 +1.739
12530 +1.697
12540 +1.662
12550 +1.631
12560 +1.601
12570 +1.568
12580 +1.533
12590 +1.496
12600 +1.460
12610 +1.431
12620 +1.410
12630 +1.402
12640 +1.404
12650 +1.415
12660 +1.432
12670 +1.450
12680 +1.467
12690 +1.482
12700 +1.497
12710 +1.514
12720 +1.538
12730 +1.572
12740 +1.616
12750 +1.669
12760 +1.728
12770 +1.788
12780 +1.845
12790 +1.896
12800 +1.941
12810 +1.983
12820 +2.024
12830 +2.068
12840 +2.119
12850 +2.174
12860 +2.233
12870 +2.291
12880 +2.343
12890 +2.386
12900 +2.418
12910 +2.441
12920 +2.458
12930 +2.474
12940 +2.494
12950 +2.518
12960 +2.546
12970 +2.575
12980 +2.602
12990 +2.621
13000 +2.632
13010 +2.633
13020 +2.627
13030 +2.620
13040 +2.616
13050 +2.617
13060 +2.626
13070 +2.640
13080 +2.655
13090 +2.667
13100 +2.671
13110 +2.666
13120 +2.653
13130 +2.635
13140 +2.618
13150 +2.607
13160 +2.602
13170 +2.604
13180 +2.609
13190 +2.613
13200 +2.611
13210 +2.598
13220 +2.576
13230 +2.547
13240 +2.516
13250 +2.489
13260 +2.469
13270 +2.459
13280 +2.455
13290 +2.454
13300 +2.451
13310 +2.443
13320 +2.427
13330 +2.406
13340 +2.385
13350 +2.368
13360 +2.361
13370 +2.367
13380 +2.385
13390 +2.412
13400 +2.442
13410 +2.472
13420 +2.497
13430 +2.516
13440 +2.532
13450 +2.551
13460 +2.577
13470 +2.614
13480 +2.666
13490 +2.728
13500 +2.796
13510 +2.865
13520 +2.928
13530 +2.982
13540 +3.028
13550 +3.072
13560 +3.118
13570 +3.174
13580 +3.243
13590 +3.324
13600 +3.411
13610 +3.499
13620 +3.578
13630 +3.644
13640 +3.697
13650 +3.741
13660 +3.782
13670 +3.828
13680 +3.883
13690 +3.948
13700 +4.018
13710 +4.086
13720 +4.143
13730 +4.183
13740 +4.206
13750 +4.215
13760 +4.217
13770 +4.221
13780 +4.232
13790 +4.252
13800 +4.278
13810 +4.304
13820 +4.323
13830 +4.327
13840 +4.315
13850 +4.288
13860 +4.252
13870 +4.215
13880 +4.184
13890 +4.162
13900 +4.148
13910 +4.138
13920 +4.122
13930 +4.093
13940 +4.047
13950 +3.984
13960 +3.909
13970 +3.831
13980 +3.757
13990 +3.694
14000 +3.640
14010 +3.593
14020 +3.544
14030 +3.487
14040 +3.417
14050 +3.333
14060 +3.240
14070 +3.148
14080 +3.064
14090 +2.995
14100 +2.942
14110 +2.902
14120 +2.869
14130 +2.838
14140 +2.801
14150 +2.759
14160 +2.713
14170 +2.669
14180 +2.634
14190 +2.613
14200 +2.608
14210 +2.619
14220 +2.639
14230 +2.664
14240 +2.685
14250 +2.699
14260 +2.704
14270 +2.704
14280 +2.705
14290 +2.712
14300 +2.730
14310 +2.761
14320 +2.801
14330 +2.844
14340 +2.882
14350 +2.909
14360 +2.923
14370 +2.926
14380 +2.924
14390 +2.926
14400 +2.938
14410 +2.962
14420 +2.997
14430 +3.037
14440 +3.075
14450 +3.103
14460 +3.120
14470 +3.125
14480 +3.125
14490 +3.128
14500 +3.141
14510 +3.166
14520 +3.202
14530 +3.244
14540 +3.285
14550 +3.318
14560 +3.339
14570 +3.346
14580 +3.344
14590 +3.337
14600 +3.333
14610 +3.335
14620 +3.345
14630 +3.358
14640 +3.370
14650 +3.373
14660 +3.362
14670 +3.333
14680 +3.290
14690 +3.237
14700 +3.183
14710 +3.134
14720 +3.093
14730 +3.059
14740 +3.029
14750 +2.995
14760 +2.951
14770 +2.896
14780 +2.830
14790 +2.758
14800 +2.689
14810 +2.629
14820 +2.584
14830 +2.551
14840 +2.529
14850 +2.512
14860 +2.492
14870 +2.467
14880 +2.436
14890 +2.402
14900 +2.370
14910 +2.346
14920 +2.333
14930 +2.333
14940 +2.344
14950 +2.361
14960 +2.378
14970 +2.391
14980 +2.396
14990 +2.392
15000 +2.384
15010 +2.375
15020 +2.370
15030 +2.374
15040 +2.387
15050 +2.406
15060 +2.427
15070 +2.442
15080 +2.447
15090 +2.440
15100 +2.422
15110 +2.399
15120 +2.377
15130 +2.362
15140 +2.359
15150 +2.366
15160 +2.378
15170 +2.388
15180 +2.391
15190 +2.384
15200 +2.366
15210 +2.343
15220 +2.322
15230 +2.310
15240 +2.311
15250 +2.325
15260 +2.347
15270 +2.370
15280 +2.389
15290 +2.397
15300 +2.395
15310 +2.383
15320 +2.369
15330 +2.356
15340 +2.351
15350 +2.355
15360 +2.364
15370 +2.375
15380 +2.380
15390 +2.373
15400 +2.350
15410 +2.311
15420 +2.259
15430 +2.201
15440 +2.143
15450 +2.092
15460 +2.049
15470 +2.010
15480 +1.970
15490 +1.920
15500 +1.855
15510 +1.773
15520 +1.677
15530 +1.577
15540 +1.483
15550 +1.405
15560 +1.346
15570 +1.305
15580 +1.274
15590 +1.245
15600 +1.211
15610 +1.168
15620 +1.119
15630 +1.075
15640 +1.043
15650 +1.033
15660 +1.046
15670 +1.080
15680 +1.125
15690 +1.174
15700 +1.217
15710 +1.249
15720 +1.272
15730 +1.288
15740 +1.306
15750 +1.330
15760 +1.366
15770 +1.412
15780 +1.465
15790 +1.517
15800 +1.561
15810 +1.591
15820 +1.603
15830 +1.599
15840 +1.586
15850 +1.573
15860 +1.568
15870 +1.576
15880 +1.598
15890 +1.629
15900 +1.659
15910 +1.682
15920 +1.691
15930 +1.688
15940 +1.680
15950 +1.677
15960 +1.689
15970 +1.725
15980 +1.782
15990 +1.855
16000 +1.933
16010 +2.007
16020 +2.069
16030 +2.118
16040 +2.158
16050 +2.198
16060 +2.244
16070 +2.303
16080 +2.373
16090 +2.450
16100 +2.526
16110 +2.592
16120 +2.641
16130 +2.669
16140 +2.678
16150 +2.673
16160 +2.661
16170 +2.648
16180 +2.639
16190 +2.635
16200 +2.633
16210 +2.627
16220 +2.610
16230 +2.576
16240 +2.524
16250 +2.455
16260 +2.380
16270 +2.308
16280 +2.249
16290 +2.212
16300 +2.195
16310 +2.192
16320 +2.195
16330 +2.193
16340 +2.183
16350 +2.166
16360 +2.149
16370 +2.144
16380 +2.162
16390 +2.209
16400 +2.282
16410 +2.374
16420 +2.471
16430 +2.564
16440 +2.644
16450 +2.710
16460 +2.767
16470 +2.821
16480 +2.880
16490 +2.950
16500 +3.029
16510 +3.113
16520 +3.192
16530 +3.258
16540 +3.302
16550 +3.320
16560 +3.313
16570 +3.287
16580 +3.249
16590 +3.209
16600 +3.175
16610 +3.150
16620 +3.132
16630 +3.115
16640 +3.090
16650 +3.048
16660 +2.988
16670 +2.915
16680 +2.839
16690 +2.774
16700 +2.735
16710 +2.725
16720 +2.742
16730 +2.774
16740 +2.808
16750 +2.831
16760 +2.836
16770 +2.827
16780 +2.813
16790 +2.805
16800 +2.815
16810 +2.845
16820 +2.892
16830 +2.943
16840 +2.987
16850 +3.010
16860 +3.006
16870 +2.976
16880 +2.926
16890 +2.865
16900 +2.803
16910 +2.747
16920 +2.697
16930 +2.648
16940 +2.594
16950 +2.525
16960 +2.434
16970 +2.319
16980 +2.182
16990 +2.033
17000 +1.882
17010 +1.744
17020 +1.626
17030 +1.532
17040 +1.458
17050 +1.395
17060 +1.331
17070 +1.257
17080 +1.174
17090 +1.086
17100 +1.007
17110 +0.951
17120 +0.930
17130 +0.944
17140 +0.984
17150 +1.038
17160 +1.088
17170 +1.123
17180 +1.139
17190 +1.142
17200 +1.141
17210 +1.149
17220 +1.173
17230 +1.214
17240 +1.268
17250 +1.324
17260 +1.371
17270 +1.402
17280 +1.414
17290 +1.408
17300 +1.393
17310 +1.377
17320 +1.369
17330 +1.379
17340 +1.408
17350 +1.459
17360 +1.526
17370 +1.603
17380 +1.683
17390 +1.760
17400 +1.834
17410 +1.911
17420 +2.002
17430 +2.118
17440 +2.268
17450 +2.454
17460 +2.666
17470 +2.892
17480 +3.114
17490 +3.319
17500 +3.500
17510 +3.659
17520 +3.807
17530 +3.955
17540 +4.112
17550 +4.279
17560 +4.447
17570 +4.601
17580 +4.724
17590 +4.801
17600 +4.825
17610 +4.799
17620 +4.730
17630 +4.631
17640 +4.514
17650 +4.383
17660 +4.240
17670 +4.083
17680 +3.906
17690 +3.704
17700 +3.475
17710 +3.219
17720 +2.945
17730 +2.662
17740 +2.390
17750 +2.148
17760 +1.953
17770 +1.815
17780 +1.728
17790 +1.677
17800 +1.640
17810 +1.597
17820 +1.542
17830 +1.482
17840 +1.434
17850 +1.416
17860 +1.442
17870 +1.506
17880 +1.590
17890 +1.664
17900 +1.702
17910 +1.684
17920 +1.610
17930 +1.488
17940 +1.337
17950 +1.173
17960 +1.008
17970 +0.841
17980 +0.661
17990 +0.453
18000 +0.201
18010 -0.104
18020 -0.463
18030 -0.868
18040 -1.306
18050 -1.758
18060 -2.206
18070 -2.628
18080 -3.009
18090 -3.341
18100 -3.619
18110 -3.849
18120 -4.036
18130 -4.183
18140 -4.282
18150 -4.316
18160 -4.261
18170 -4.100
18180 -3.835
18190 -3.488
18200 -3.098
18210 -2.705
18220 -2.343
18230 -2.026
18240 -1.751
18250 -1.502
18260 -1.255
18270 -0.992
18280 -0.706
18290 -0.407
18300 -0.115
18310 +0.144
18320 +0.349
18330 +0.492
18340 +0.576
18350 +0.616
18360 +0.633
18370 +0.650
18380 +0.680
18390 +0.725
18400 +0.779
18410 +0.830
18420 +0.863
18430 +0.873
18440 +0.859
18450 +0.832
18460 +0.811
18470 +0.820
18480 +0.881
18490 +1.012
18500 +1.212
18510 +1.469
18520 +1.755
18530 +2.040
18540 +2.299
18550 +2.522
18560 +2.716
18570 +2.901
18580 +3.104
18590 +3.343
18600 +3.622
18610 +3.925
18620 +4.224
18630 +4.482
18640 +4.675
18650 +4.795
18660 +4.852
18670 +4.873
18680 +4.889
18690 +4.925
18700 +4.990
18710 +5.074
18720 +5.155
18730 +5.204
18740 +5.199
18750 +5.136
18760 +5.024
18770 +4.889
18780 +4.760
18790 +4.666
18800 +4.626
18810 +4.646
18820 +4.718
18830 +4.824
18840 +4.943
18850 +5.059
18860 +5.167
18870 +5.273
18880 +5.397
18890 +5.562
18900 +5.793
18910 +6.104
18920 +6.492
18930 +6.938
18940 +7.407
18950 +7.864
18960 +8.281
18970 +8.650
18980 +8.986
18990 +9.322
19000 +9.698
19010 +10.147
19020 +10.685
19030 +11.302
19040 +11.961
19050 +12.610
19060 +13.199
19070 +13.705
19080 +14.140
19090 +14.553
19100 +15.014
19110 +15.587
19120 +16.315
19130 +17.208
19140 +18.226
19150 +19.283
19160 +20.265
19170 +21.086
19180 +21.755
19190 +22.387
19200 +23.155
19210 +24.235
19220 +25.770
19230 +27.794
19240 +29.915
19250 +30.783
19260 +29.695
19270 +28.014
19280 +26.646
19290 +25.710
19300 +25.069
19310 +24.500
19320 +23.771
19330 +22.777
19340 +21.610
19350 +20.447
19360 +19.425
19370 +18.601
19380 +17.973
19390 +17.501
19400 +17.120
19410 +16.754
19420 +16.331
19430 +15.814
19440 +15.218
19450 +14.598
19460 +14.018
19470 +13.520
19480 +13.120
19490 +12.807
19500 +12.549
19510 +12.307
19520 +12.040
19530 +11.719
19540 +11.343
19550 +10.940
19560 +10.552
19570 +10.221
19580 +9.972
19590 +9.808
19600 +9.717
19610 +9.675
19620 +9.648
19630 +9.603
19640 +9.519
19650 +9.396
19660 +9.259
19670 +9.141
19680 +9.074
19690 +9.068
19700 +9.117
19710 +9.192
19720 +9.256
19730 +9.264
19740 +9.186
19750 +9.019
19760 +8.795
19770 +8.562
19780 +8.368
19790 +8.238
19800 +8.170
19810 +8.141
19820 +8.113
19830 +8.041
19840 +7.893
19850 +7.659
19860 +7.362
19870 +7.052
19880 +6.778
19890 +6.575
19900 +6.446
19910 +6.372
19920 +6.309
19930 +6.205
19940 +6.011
19950 +5.704
19960 +5.304
19970 +4.868
19980 +4.470
19990 +4.161
20000 +3.955
20010 +3.823
20020 +3.715
20030 +3.578
20040 +3.380
20050 +3.121
20060 +2.830
20070 +2.551
20080 +2.324
20090 +2.168
20100 +2.081
20110 +2.043
20120 +2.021
20130 +1.982
20140 +1.897
20150 +1.750
20160 +1.545
20170 +1.306
20180 +1.067
20190 +0.861
20200 +0.709
20210 +0.614
20220 +0.559
20230 +0.514
20240 +0.445
20250 +0.321
20260 +0.128
20270 -0.129
20280 -0.423
20290 -0.715
20300 -0.967
20310 -1.158
20320 -1.290
20330 -1.387
20340 -1.490
20350 -1.645
20360 -1.884
20370 -2.213
20380 -2.595
20390 -2.959
20400 -3.211
20410 -3.278
20420 -3.144
20430 -2.860
20440 -2.512
20450 -2.185
20460 -1.930
20470 -1.756
20480 -1.641
20490 -1.553
20500 -1.467
20510 -1.370
20520 -1.265
20530 -1.165
20540 -1.086
20550 -1.046
20560 -1.055
20570 -1.118
20580 -1.227
20590 -1.366
20600 -1.510
20610 -1.636
20620 -1.727
20630 -1.777
20640 -1.794
20650 -1.798
20660 -1.813
20670 -1.861
20680 -1.955
20690 -2.093
20700 -2.257
20710 -2.421
20720 -2.552
20730 -2.630
20740 -2.648
20750 -2.622
20760 -2.577
20770 -2.548
20780 -2.562
20790 -2.628
20800 -2.739
20810 -2.864
20820 -2.963
20830 -3.002
20840 -2.962
20850 -2.852
20860 -2.705
20870 -2.564
20880 -2.468
20890 -2.442
20900 -2.482
20910 -2.562
20920 -2.639
20930 -2.676
20940 -2.651
20950 -2.572
20960 -2.471
20970 -2.392
20980 -2.372
20990 -2.435
21000 -2.578
21010 -2.775
21020 -2.990
21030 -3.184
21040 -3.333
21050 -3.431
21060 -3.494
21070 -3.547
21080 -3.620
21090 -3.736
21100 -3.902
21110 -4.109
21120 -4.334
21130 -4.546
21140 -4.714
21150 -4.820
21160 -4.861
21170 -4.852
21180 -4.824
21190 -4.806
21200 -4.824
21210 -4.884
21220 -4.974
21230 -5.069
21240 -5.135
21250 -5.146
21260 -5.091
21270 -4.982
21280 -4.851
21290 -4.735
21300 -4.664
21310 -4.655
21320 -4.702
21330 -4.783
21340 -4.865
21350 -4.918
21360 -4.927
21370 -4.895
21380 -4.844
21390 -4.804
21400 -4.804
21410 -4.861
21420 -4.974
21430 -5.127
21440 -5.291
21450 -5.436
21460 -5.538
21470 -5.591
21480 -5.600
21490 -5.588
21500 -5.581
21510 -5.600
21520 -5.654
21530 -5.737
21540 -5.829
21550 -5.900
21560 -5.922
21570 -5.878
21580 -5.769
21590 -5.611
21600 -5.437
21610 -5.275
21620 -5.150
21630 -5.067
21640 -5.017
21650 -4.974
21660 -4.911
21670 -4.807
21680 -4.656
21690 -4.474
21700 -4.289
21710 -4.134
21720 -4.036
21730 -4.008
21740 -4.042
21750 -4.116
21760 -4.199
21770 -4.266
21780 -4.302
21790 -4.311
21800 -4.312
21810 -4.333
21820 -4.400
21830 -4.528
21840 -4.713
21850 -4.939
21860 -5.177
21870 -5.398
21880 -5.580
21890 -5.712
21900 -5.805
21910 -5.879
21920 -5.959
21930 -6.068
21940 -6.212
21950 -6.386
21960 -6.565
21970 -6.722
21980 -6.828
21990 -6.868
22000 -6.847
22010 -6.788
22020 -6.722
22030 -6.682
22040 -6.687
22050 -6.741
22060 -6.829
22070 -6.924
22080 -6.998
22090 -7.032
22100 -7.025
22110 -6.993
22120 -6.964
22130 -6.970
22140 -7.034
22150 -7.161
22160 -7.341
22170 -7.548
22180 -7.751
22190 -7.923
22200 -8.050
22210 -8.137
22220 -8.205
22230 -8.280
22240 -8.388
22250 -8.539
22260 -8.727
22270 -8.927
22280 -9.104
22290 -9.223
22300 -9.259
22310 -9.211
22320 -9.100
22330 -8.957
22340 -8.817
22350 -8.699
22360 -8.610
22370 -8.535
22380 -8.449
22390 -8.324
22400 -8.143
22410 -7.908
22420 -7.637
22430 -7.361
22440 -7.114
22450 -6.918
22460 -6.784
22470 -6.704
22480 -6.657
22490 -6.613
22500 -6.548
22510 -6.449
22520 -6.322
22530 -6.188
22540 -6.074
22550 -6.003
22560 -5.990
22570 -6.033
22580 -6.112
22590 -6.200
22600 -6.266
22610 -6.289
22620 -6.263
22630 -6.200
22640 -6.125
22650 -6.061
22660 -6.029
22670 -6.033
22680 -6.064
22690 -6.100
22700 -6.113
22710 -6.080
22720 -5.990
22730 -5.849
22740 -5.679
22750 -5.508
22760 -5.362
22770 -5.258
22780 -5.199
22790 -5.174
22800 -5.159
22810 -5.131
22820 -5.069
22830 -4.971
22840 -4.849
22850 -4.727
22860 -4.634
22870 -4.593
22880 -4.615
22890 -4.695
22900 -4.812
22910 -4.936
22920 -5.039
22930 -5.103
22940 -5.129
22950 -5.136
22960 -5.151
22970 -5.200
22980 -5.302
22990 -5.456
23000 -5.645
23010 -5.837
23020 -5.997
23030 -6.097
23040 -6.129
23050 -6.105
23060 -6.052
23070 -6.000
23080 -5.975
23090 -5.985
23100 -6.022
23110 -6.064
23120 -6.078
23130 -6.037
23140 -5.928
23150 -5.760
23160 -5.557
23170 -5.354
23180 -5.180
23190 -5.054
23200 -4.981
23210 -4.946
23220 -4.924
23230 -4.883
23240 -4.801
23250 -4.671
23260 -4.508
23270 -4.338
23280 -4.193
23290 -4.096
23300 -4.059
23310 -4.075
23320 -4.119
23330 -4.158
23340 -4.158
23350 -4.102
23360 -3.990
23370 -3.843
23380 -3.691
23390 -3.559
23400 -3.462
23410 -3.400
23420 -3.355
23430 -3.300
23440 -3.205
23450 -3.050
23460 -2.831
23470 -2.561
23480 -2.266
23490 -1.970
23500 -1.692
23510 -1.441
23520 -1.215
23530 -1.002
23540 -0.781
23550 -0.535
23560 -0.252
23570 +0.068
23580 +0.415
23590 +0.772
23600 +1.120
23610 +1.443
23620 +1.735
23630 +1.996
23640 +2.237
23650 +2.476
23660 +2.728
23670 +3.006
23680 +3.312
23690 +3.640
23700 +3.976
23710 +4.303
23720 +4.609
23730 +4.890
23740 +5.147
23750 +5.390
23760 +5.633
23770 +5.892
23780 +6.175
23790 +6.485
23800 +6.816
23810 +7.159
23820 +7.502
23830 +7.836
23840 +8.155
23850 +8.459
23860 +8.753
23870 +9.042
23880 +9.336
23890 +9.638
23900 +9.949
23910 +10.265
23920 +10.574
23930 +10.866
23940 +11.126
23950 +11.345
23960 +11.517
23970 +11.642
23980 +11.724
23990 +11.770
