-0.001835275324116282 +0.000427156004507919
-0.000909977057786684 +0.000326406769375504
+0.000172082274861346 +0.000446809534080378
+0.001019100950055755 +0.000333331531332089
-0.001095216928003002 +0.000210720526377160
+0.001125923141778937 -0.000173112425665041
+0.001087235130564267 -0.000209244406587702
+0.001387357909844129 -0.000150430464201455
+0.001068277029307335 -0.000335166134137278
+0.000770041014023554 +0.000187114066175511
+0.000479580906471504 +0.000373412426602083
+0.000609168752019172 +0.000568477881878544
-0.000299928592237536 +0.000676888534854945
-0.000894367207568424 +0.000262293045649719
+0.000088702283902736 +0.000218250801711779
-0.000023218276365370 +0.000298538980350503
+0.001395675925448166 +0.000380927437939311
+0.000492395643264240 +0.000253490521918617
+0.000414447586644148 +0.000109536886540950
+0.001370269732867534 +0.000203714927941245
-0.000146299040997477 +0.000147383905492640
+0.001738701721055780 +0.000197835934977336
-0.000930314528255233 +0.000276694826801181
+0.001358621007658819 +0.000301001689406904
-0.000755377713709936 +0.000458833139065180
+0.000784169640701566 +0.000520785014971399
-0.000176282977375543 +0.000368102361555933
-0.000016505938933962 +0.000322819358487646
+0.000890743178688726 +0.000311683655186423
+0.000563819844849930 +0.000353187478818341
+0.001242026607386638 +0.000372025591214303
+0.001265620710570577 +0.000388158651031560
+0.000450406671124844 +0.000446319581527869
+0.002116309489397433 +0.000442062862477193
-0.000985043825355230 +0.000495060089229808
+0.002585004501982043 +0.000497691975980864
-0.002533028268417779 +0.000461192284686680
+0.002994618259807482 +0.000550863557317198
-0.003144794102056607 +0.000570828940958967
+0.004342798517252368 +0.000635640831247022
-0.004891258367713138 +0.000706295860018052
+0.009065432047178655 +0.000703920202153935
-0.017367950877964982 +0.000742229130944195
+0.113152215740670775 +0.000734408980343607
+0.747802536517086169 +0.000690314256737946
+0.684723940635221018 +0.000678114855240936
+0.763896267891270520 +0.000637918202807421
+0.336680893123306679 +0.000678122118522256
-0.343134339014244394 +0.000602341305550792
-0.455462399000006568 +0.000725279502879322
-0.333607623402750519 +0.000673539617307321
-0.442878943740314113 +0.000733000306518789
-0.460086585909872725 +0.000853554223997213
-0.158743696603552475 +0.000937699995313462
+0.262776006956716379 +0.000968191967224789
+0.504711037216321601 +0.000816213782510584
+0.271093385361015571 +0.000686126747781088
-0.058854535778195625 +0.000512148394199765
-0.034738960770401957 +0.002027988550041741
+0.166216113193949133 +0.036414388832092873
+0.003312164431541337 +0.106778440497534072
-0.239393563471894083 +0.135959114433405942
-0.232072301407008130 +0.125700554389651054
-0.070955977264451714 +0.123571118410855274
-0.018008310984899339 +0.081204344919731219
-0.077243156508013583 +0.006823598259253069
-0.090750898501473276 -0.042906276380660816
+0.042409123977824398 -0.050745377502805458
+0.152014846310136703 -0.009240189815122816
+0.100755425396627296 +0.019773674419761852
+0.000903506296588908 -0.003985599084325662
-0.041720259699122006 -0.023881735692376990
-0.018749246237364126 +0.015831372526258252
+0.011392743559539542 +0.054504141147135934
-0.035602521987632897 +0.042905754456425207
-0.083241385067710949 +0.022499755283150281
-0.057214463343410418 +0.023654959780516106
-0.004209729156463515 +0.029058057319393225
+0.020693877953676477 +0.017998333717174964
+0.002681137473273271 -0.004291610582867445
-0.005099668344921406 -0.016124596853441336
+0.031781069268660228 +0.000052812331615160
+0.049552231533053076 +0.014150858870323593
+0.017515824947034162 +0.010830338506664774
-0.027411101977303856 +0.005543899653341454
-0.036959468694839709 +0.010152654497478906
-0.027765017261208710 +0.014093241910736029
-0.030619854902814280 +0.011888237784389442
-0.036878921117150146 +0.009011262464329243
-0.024207576616456426 +0.007363346705378118
+0.007769668429783126 +0.010103796392271956
+0.040641983928212944 +0.014628613896389281
+0.050736692302576589 +0.014307762039110900
+0.047542173516546701 +0.009709266502266344
+0.028979890171790489 +0.001747671164206489
+0.029616134696398372 -0.008092221989158344
+0.002938203641395483 -0.012132629597635402
-0.008896517995756352 -0.011888674397072415
-0.012014580599866828 -0.011271188530675552
-0.020098309000171330 -0.009122652358430693
-0.008099917856764104 -0.004628435005080676
-0.015081756681259124 -0.000423652871579457
-0.004948375239831647 +0.002456128405047393
-0.008198949177405147 +0.003855691415025449
-0.001333533462923392 +0.002384481912185907
+0.006413282944296791 +0.001449946269389579
+0.008838323962033691 +0.004028937226156175
+0.025614304637742086 +0.006543002179389527
+0.010427903826682405 +0.008350773407508902
+0.008003978093115149 +0.007140762377726628
-0.003706230136003241 +0.003583934301081152
-0.001326168605373657 +0.001521341030210335
-0.004834995574311695 +0.002427341321854144
-0.013951494089983502 +0.002073399129601588
-0.005536076632501500 +0.000591771725958251
-0.003646053974591871 +0.000679350503536653
+0.013745450510448374 +0.002907178287356204
+0.004155363721226536 +0.003310691161414199
+0.009325038267004971 +0.002098669035632743
+0.005903339417972374 +0.001672428993722684
+0.002708600504396861 +0.002210541963753045
+0.003551307902364052 +0.004227263810179473
-0.018769542395561375 +0.004289501712466424
-0.015254641619579391 +0.002380575688614716
-0.024517896234660497 +0.001929663890988738
-0.016718846849946699 +0.002612872186956572
-0.017515334779964351 +0.003543432668739535
-0.012160559010073960 +0.002601653121110850
+0.009923135212629112 +0.002001422983013377
+0.019248777553060148 +0.002412945630740767
+0.033588265241337054 +0.003245821497592821
+0.024450394954028818 +0.003620019843031824
+0.023942720099647048 +0.002012586877231813
+0.016729224164917761 +0.000765044892925966
+0.010481130809486674 +0.001680564949158684
+0.001339160774950664 +0.003377771505831886
-0.010029952504973487 +0.002845126609963400
-0.003207367687894048 +0.002564783128677232
+0.000226283323527087 +0.002360257519901633
+0.004303348542060130 +0.002144819428756863
+0.006964455095365917 +0.002237630070260370
+0.019207024003209072 +0.001773087572656298
+0.025613946256882202 +0.002223073484277136
+0.028565741232808497 +0.003075956094922340
+0.026683960458322727 +0.003535696095626388
+0.015279526517906043 +0.002410002090777943
+0.009106665592169945 +0.001134872818379080
+0.000609185917204916 +0.001519962759218414
-0.012644108115220948 +0.000479747338347825
-0.019379444358139913 -0.001472726179547362
-0.018552762127723763 -0.003151987918379061
-0.020012381983475120 -0.002254386456029561
-0.015047763236525624 -0.000701410136213197
-0.006290060272049546 +0.000242865566885680
+0.007126166244541210 +0.001366483339435369
+0.010362167462996470 +0.003259388892272353
+0.013899971761002420 +0.005591380295142685
+0.010684475973960151 +0.006639380789855703
-0.000815878718617015 +0.006961545531481762
-0.000255816361093863 +0.007044972943057080
-0.010501358030792289 +0.006995498225657257
-0.011696305388210763 +0.006085263473475995
-0.016130082152766723 +0.003978837806710835
-0.011207654300368197 +0.001652631532491919
-0.006220205826798084 -0.000189140428246967
-0.005796144000696471 -0.001157200883546076
+0.013819541749363996 -0.002200436246869490
+0.014964691274024245 -0.002795545803922007
+0.009325153900646040 -0.001189156430963906
+0.007443263836996254 +0.001453816325748668
+0.001562829875034748 +0.004316531253325351
-0.000683002079396657 +0.007065692804969521
+0.000959625458613333 +0.009788996577858521
-0.012421240324295077 +0.010860173142765781
-0.014629688926228991 +0.009867981125954127
-0.009918473868763704 +0.007703952018606118
-0.007927718438233616 +0.004154661054344946
+0.003939687587764057 +0.000741804758225999
-0.007176581961348003 -0.001895384469444063
+0.006911518151761886 -0.003946843446537524
+0.005142589028401076 -0.004674954733430152
+0.003612790218801051 -0.003769841890199866
+0.006766623309454142 -0.002083184861354207
-0.009096364975818810 -0.000428391573703423
+0.000696604791115867 +0.000745550162965678
-0.010876128495651973 +0.000606490356874427
-0.006278178453311059 -0.000339427679400589
-0.009275373688704338 -0.000856303253692441
-0.010078882282088808 -0.002574325781160600
+0.003354235239588479 -0.003899637481792773
-0.000638827807924611 -0.004528286113704393
+0.010041652550181076 -0.005279115522420528
+0.004209531904634661 -0.005689049904799908
+0.009423007244114117 -0.005799697543460731
+0.007194408291255779 -0.004211967691097471
+0.003480196653677509 -0.002585577605142603
+0.001991286098155104 -0.001219941125199060
-0.005569860429774830 -0.000925243999819442
-0.001551801313226156 -0.001374739627520823
-0.006066519375034663 -0.002165416104314394
-0.001604183255813163 -0.002710544944123216
-0.003119881547126370 -0.002677274656133299
+0.002163066136201845 -0.002147646641554818
+0.004383916962247598 -0.001275654441964604
+0.004634184526892408 -0.000516699840103001
+0.007022145089122762 +0.000231792749999106
+0.001969059084503511 +0.000544323447819887
+0.004261517446554567 +0.000915971736485313
-0.001931000376621988 +0.001264553801650760
-0.001777727022099424 +0.000953527307269255
-0.005911256384799305 +0.000674813196997258
-0.006171284362270692 -0.000381067316589737
-0.004456890574713501 -0.001031935903553360
-0.005475577516997466 -0.001805187069791698
-0.001379713156963442 -0.002196052382850045
-0.001859007477176006 -0.002075601402050469
+0.001235658228020654 -0.001981493609313634
+0.000477945562442060 -0.001070195264413086
+0.000567513839343401 -0.000602822529377753
-0.001099879804508611 +0.000128533770299705
-0.003125050052536445 +0.000527529926144569
-0.004416555618852668 +0.000676897665466067
-0.006135633677004391 +0.000829084880282127
-0.006356032542825630 +0.000474365061037348
-0.005415710702532489 +0.000411174537157802
-0.003517640188012687 -0.000068744743840950
-0.001648924141744652 -0.000215880032196674
+0.002086048119268887 -0.000351667845773172
+0.003354702020484639 -0.000314856567605611
+0.006446273339655913 +0.000036993043344627
+0.005130365262308039 +0.000282166083934115
+0.006025098814388878 +0.000618278271283197
+0.003224618108586880 +0.000658605143397367
+0.001711893411081145 +0.000712010373778716
+0.000219928728033293 +0.000516024584857844
-0.003318143070989898 +0.000232326098362893
-0.001020537552288259 -0.000079342463836544
-0.004044256282784917 -0.000465367619459754
+0.000722474826203086 -0.000641803042930623
-0.001076669252001360 -0.000805895065745230
+0.002607841932967339 -0.000759634913987711
+0.003630532986983962 -0.000623116250410198
+0.002675300004553010 -0.000310577719467216
+0.005678368047221699 +0.000007355621559861
-0.000232397460065874 +0.000089756972203341
+0.003605431305213832 +0.000091127524988299
-0.002928847468503508 -0.000126375431520217
-0.000631374496706603 -0.000442751394007863
-0.003590934441737851 -0.000819555947363622
-0.004113763550719816 -0.001311887444505905
-0.000300040122233756 -0.001599796948101825
-0.003811591483344346 -0.001808680507323785
+0.003617263373344943 -0.001729641387949322
-0.001148494845769859 -0.001497221244094679
+0.005227671102085600 -0.001126493763143773
+0.002269727571262708 -0.000458187605300146
+0.002986967814521097 +0.000068659601964427
+0.003619441360009724 +0.000677531970913870
-0.001362000434956358 +0.000944823821213019
+0.003306968940902699 +0.001099917399945969
-0.003826716929835143 +0.001043054326444060
+0.001875546457150819 +0.000745020604680683
-0.002540058994018293 +0.000498754457007510
+0.000740925431086725 +0.000064657296561364
+0.001773123067779504 -0.000004252544906591
+0.000064345874102504 -0.000157250870219280
+0.005112534836045476 -0.000000118070322671
-0.000468742181494092 +0.000269034869297867
+0.004766062727211689 +0.000638535511563302
-0.001137720754645704 +0.001217892798188853
+0.000949262698740128 +0.001490402310080955
-0.001364805785112133 +0.001929021459004175
-0.003258228700397665 +0.001893284757226398
-0.000787939192202631 +0.001924905202657704
-0.004862130389417567 +0.001631246684295773
+0.000340170264916065 +0.001215648293157839
-0.002957135112705479 +0.000899884215759825
+0.001122572871287954 +0.000384946494222971
+0.000199106333976135 +0.000277647977346852
+0.000630797503885601 -0.000065911835411833
+0.001966633469524406 -0.000005706047356459
-0.000869906897783840 -0.000020096884758315
+0.001193155898094628 +0.000075640654796656
-0.002072381853281307 +0.000241841537605892
-0.000618312402311376 +0.000172844534991584
-0.002169448300792359 +0.000344888595344641
-0.001586220643467237 +0.000141879334718907
-0.000820383298572370 +0.000189698536343415
-0.000431390971903925 +0.000014141597579297
+0.001181566572921286 -0.000022114941720219
+0.001289159077351431 +0.000022702809202959
+0.002267121498823852 -0.000015158578112779
+0.002036477530915167 +0.000219227757685051
+0.002297821336352123 +0.000185495318633298
+0.001221410476747410 +0.000419000115591961
+0.001073881646948377 +0.000379858519086743
-0.000253040376027276 +0.000402052260804982
+0.000066476477668109 +0.000323407395891846
-0.000803177650072317 +0.000115281055130665
-0.000058463847145380 +0.000064925085971713
-0.000149489392627961 -0.000202265598978408
+0.000542699771761662 -0.000190109575423457
+0.001292863633978181 -0.000303811143751304
+0.000802189872569373 -0.000204380937363362
+0.002081924986216649 -0.000088595340835330
-0.000033892668640789 -0.000008258573833228
+0.001674404154008630 +0.000170002623714761
-0.001185627371587672 +0.000139504883689122
-0.000007932154632656 +0.000195513529760747
-0.001516153173529683 +0.000043570824094414
-0.001865826236012336 -0.000084873323148443
-0.000216021398816379 -0.000231469409382258
-0.002689401739363079 -0.000420371993988754
+0.001511909621956006 -0.000471294250063328
-0.001990915424115815 -0.000560639726158048
+0.002048130280425539 -0.000490941730472122
-0.000131097471280787 -0.000369788502848023
+0.000537794637155448 -0.000212557559321730
+0.001530904426897142 +0.000028310724559666
-0.001928279984084208 +0.000149770816390539
+0.002095352551192940 +0.000312633207320057
-0.003277638365237721 +0.000347647647930326
+0.001283070073338201 +0.000338343104500979
-0.002234520899367886 +0.000327907166573580
-0.000141595850729953 +0.000215382878145689
+0.000657335133945135 +0.000232679949829125
-0.001283498407948964 +0.000149332679896050
+0.003230747595954511 +0.000197555472131071
-0.001552234384115817 +0.000226034251525477
+0.003648361065611893 +0.000271099173092097
-0.000943119648079839 +0.000396064777756139
+0.001542307563444055 +0.000372284817518238
+0.000126207378718265 +0.000473579188784637
-0.001512601198895711 +0.000353621804458087
+0.001115020241127793 +0.000338092337983891
-0.003396330496886927 +0.000192790045634624
+0.001479228513913674 +0.000058686188983380
-0.002922401697057836 +0.000001753957743069
+0.000973404034841328 -0.000161645951649332
-0.000669622936961658 -0.000079809807893676
-0.000240014787249166 -0.000183737755183627
+0.001602021359005636 -0.000041699744626966
-0.001477326478477086 -0.000046796123495700
+0.002334526060445283 +0.000014334084858964
-0.001967822595077206 +0.000081422894009609
+0.001324578661295189 -0.000028565175356799
-0.001306281393664239 +0.000043390036376334
-0.000369561615808220 -0.000185950974726776
+0.000149506076197644 -0.000165362415503564
-0.001368544105702143 -0.000353561808828617
+0.001523397601004674 -0.000388212422867865
-0.001075281827392670 -0.000382569506831852
+0.001970402425379927 -0.000436223649774024
+0.000024025282298336 -0.000232425543115208
+0.001349893266729168 -0.000263911752195987
+0.000981904970073334 -0.000001629930838206
+0.000211855376778602 +0.000014669364577710
+0.001179727383640361 +0.000158032622479465
-0.000557822160019754 +0.000215763978991422
+0.000776925958799934 +0.000161856427447582
-0.000511003328043170 +0.000236568886361209
+0.000323133507078686 +0.000050287039464059
+0.000107739845981971 +0.000111582327099823
+0.000259863657536778 -0.000048794103961462
+0.000622862452564737 -0.000016897137816741
+0.000463078126485855 -0.000032847113158693
+0.000550154953280035 -0.000043619062177102
+0.000521938081350107 +0.000079642667607529
+0.000050261185171545 +0.000033441052954731
+0.000098012736467313 +0.000191838429062883
-0.000320854270265746 +0.000134533705488345
-0.000633777819996633 +0.000210027539799724
-0.000125897446125994 +0.000178703634046373
-0.001141996381997055 +0.000133407875733507
+0.000421029952642007 +0.000147204061341323
-0.000957106435412207 +0.000035543745089645
+0.000696303130015516 +0.000085718420134744
-0.000067180054557210 +0.000006342621807311
+0.000225534516468303 +0.000057992124553186
+0.000990817227899453 +0.000063211241822274
-0.000742294037230846 +0.000079805722041958
+0.001535320010858958 +0.000147515709055994
-0.001379147636122264 +0.000125377492479012
+0.001175878713959303 +0.000189668562545190
-0.000951019705838153 +0.000159882702128904
+0.000121830761475710 +0.000178301117455443
+0.000480884504948695 +0.000181365751652077
-0.000965243606639635 +0.000162126743402927
+0.001977127338315564 +0.000205574870539780
-0.001372045673684115 +0.000192628781488293
+0.002396050355867157 +0.000246506555131861
-0.000788816802586784 +0.000271367603806798
+0.001301098056103628 +0.000287107093091594
+0.000489394081135061 +0.000334594426926469
-0.000621264807163894 +0.000291819135172504
+0.001702371958143400 +0.000314703824467319
-0.002024623987546075 +0.000240957265901311
+0.002078042450686174 +0.000202572275425108
-0.001892022963644910 +0.000157153467083588
+0.001314234122270431 +0.000067944839640813
-0.000309410541255499 +0.000087276963727290
-0.000181325024588300 -0.000002111145117023
+0.001583473501544462 +0.000060842519139644
-0.001505569870212144 +0.000027830339744070
+0.002451023169244896 +0.000069294690633169
-0.001811024678127085 +0.000111662210655512
+0.001733172162329986 +0.000078044922329849
-0.000889750178609731 +0.000164155671270576
+0.000012630502261269 +0.000064863307737159
+0.000678560461433737 +0.000134071675999419
-0.001454821390083928 +0.000040702697921347
+0.001884999444268170 +0.000047585165444968
-0.001705509698957962 +0.000040866051336199
+0.001979657822183038 -0.000016693707888448
-0.000692221756264509 +0.000082978884710567
+0.000981131515215492 +0.000002566405545447
+0.000769408469432967 +0.000147698098643058
-0.000375885743911493 +0.000101819759098336
+0.001687443757156742 +0.000193055112856077
-0.001166470440963694 +0.000218292775747884
+0.001591456952156452 +0.000195245033208753
-0.000940001680734263 +0.000284543297847669
+0.000753885476750785 +0.000171104286896728
+0.000028044750336994 +0.000276899834916809
-0.000137223530248413 +0.000164108793860454
+0.000983944540534324 +0.000227554495786094
-0.000539230250129977 +0.000202404549305752
+0.001286951149242188 +0.000187091800112739
-0.000372782264626642 +0.000266916695361765
+0.000843198184158386 +0.000182619867297995
+0.000031184495187610 +0.000305044531213113
+0.000098859381305251 +0.000202969910413365
+0.000289584885829502 +0.000276481425774952
-0.000363702516997633 +0.000219438844770835
+0.000261100683494150 +0.000193006117248398
-0.000304448823988251 +0.000213693133010567
+0.000109027378028662 +0.000110727489084907
+0.000045239261954363 +0.000190614637923369
+0.000096105795269794 +0.000088207070260183
+0.000245992557542263 +0.000170119250194548
+0.000316863163342691 +0.000137251412900073
+0.000097273563705789 +0.000164733471269869
+0.000596347049188336 +0.000213238766814566
-0.000175733224341829 +0.000171026127964685
+0.000630487350527897 +0.000253686071397790
-0.000145185666891861 +0.000177326295249445
+0.000316097912649430 +0.000230980021801462
+0.000371291256385919 +0.000178194693266197
-0.000227117714075464 +0.000172005613493674
+0.001102248200391091 +0.000177693483026837
-0.000634030201216908 +0.000131202955710858
+0.001429718305305337 +0.000184502937399382
-0.000379441734974534 +0.000144325743656933
+0.000886322517428116 +0.000201127459315314
+0.000503224002637726 +0.000200157337180123
-0.000218002285692256 +0.000219041252194539
+0.001406259681615114 +0.000251912022200092
-0.001078128423295961 +0.000226865892181330
+0.001661019469605658 +0.000259193039198728
-0.001026698634664261 +0.000220879489360338
+0.001039816831952905 +0.000221041431801436
+0.000010106603695294 +0.000207462744401508
-0.000108196137932635 +0.000175263958630428
+0.001300163137887080 +0.000193097174238848
-0.001077126841278449 +0.000154290906922420
+0.001982246398884977 +0.000182014517854382
-0.001254232404320522 +0.000167530821055014
+0.001570504526781502 +0.000169254908944175
-0.000480512892117389 +0.000199472744707299
+0.000284189315963607 +0.000160616794646787
+0.000832544087716486 +0.000218056564056037
-0.001054629117433464 +0.000168823489283420
+0.001837134190819573 +0.000201317323119776
-0.001532834269429669 +0.000191081265202276
+0.001869593477927013 +0.000173411974742652
-0.000787353114340589 +0.000224850126586438
+0.000864441141715947 +0.000168650446262703
+0.000669499820249216 +0.000252773530096824
-0.000497371809252197 +0.000203397015100029
+0.001852345691701511 +0.000259255708790736
-0.001280393042670670 +0.000260718360556695
+0.002000974407601316 +0.000246830671361855
-0.000973779663298074 +0.000304912503115633
+0.001112054560457736 +0.000235340356637609
+0.000174339400885656 +0.000318129128034325
-0.000144830760774925 +0.000240565675940968
+0.001342895396893448 +0.000299140158152470
-0.000914666965215997 +0.000272026354505473
+0.001778040263390779 +0.000271055000866278
-0.000779930297503899 +0.000319053828581733
+0.001272923552439931 +0.000258268620277607
+0.000032713966841820 +0.000352086636661422
+0.000266671120117440 +0.000269506791585288
+0.000905814394312685 +0.000345741726537395
-0.000531719341404398 +0.000295310953118154
+0.001284371004081804 +0.000297439106316677
-0.000657007220259628 +0.000317314064932430
+0.001069316566790098 +0.000239777499567626
-0.000203403262511511 +0.000319088304103769
+0.000649613195617324 +0.000213235542635112
+0.000173671933339015 +0.000298065849921169
-0.004839352286337056 +0.000235773637490482
-0.001143473072384719 +0.000269149902074055
-0.004969376979565406 +0.000288056111745224
-0.001765434381443929 +0.000249400986714823
+0.003592254013393061 +0.000352326642942651
+0.000883255912238902 +0.000269288890514207
+0.002868013965589594 +0.000431322296807312
+0.003004671809095907 +0.000307710977770416
+0.000956610193576081 +0.000380601562340520
+0.001042811901480610 +0.000352295937478441
-0.002114105547864417 +0.000346829136209491
