00000 +1.200
00010 +0.835
00020 +0.140
00030 -0.422
00040 -0.748
00050 -0.880
00060 -0.867
00070 -0.746
00080 -0.562
00090 -0.385
00100 -0.328
00110 -0.483
00120 -0.816
00130 -1.177
00140 -1.441
00150 -1.575
00160 -1.596
00170 -1.539
00180 -1.443
00190 -1.347
00200 -1.291
00210 -1.308
00220 -1.401
00230 -1.542
00240 -1.679
00250 -1.768
00260 -1.789
00270 -1.747
00280 -1.659
00290 -1.548
00300 -1.443
00310 -1.370
00320 -1.348
00330 -1.380
00340 -1.446
00350 -1.514
00360 -1.550
00370 -1.535
00380 -1.464
00390 -1.352
00400 -1.221
00410 -1.102
00420 -1.028
00430 -1.023
00440 -1.093
00450 -1.215
00460 -1.347
00470 -1.449
00480 -1.498
00490 -1.498
00500 -1.478
00510 -1.485
00520 -1.573
00530 -1.781
00540 -2.110
00550 -2.516
00560 -2.927
00570 -3.274
00580 -3.527
00590 -3.696
00600 -3.820
00610 -3.946
00620 -4.114
00630 -4.340
00640 -4.609
00650 -4.882
00660 -5.112
00670 -5.263
00680 -5.325
00690 -5.313
00700 -5.256
00710 -5.190
00720 -5.146
00730 -5.145
00740 -5.189
00750 -5.266
00760 -5.346
00770 -5.396
00780 -5.390
00790 -5.321
00800 -5.200
00810 -5.056
00820 -4.925
00830 -4.845
00840 -4.837
00850 -4.902
00860 -5.008
00870 -5.107
00880 -5.156
00890 -5.137
00900 -5.064
00910 -4.976
00920 -4.918
00930 -4.924
00940 -5.005
00950 -5.140
00960 -5.291
00970 -5.415
00980 -5.483
00990 -5.489
01000 -5.448
01010 -5.391
01020 -5.346
01030 -5.338
01040 -5.375
01050 -5.450
01060 -5.545
01070 -5.633
01080 -5.694
01090 -5.716
01100 -5.702
01110 -5.665
01120 -5.626
01130 -5.606
01140 -5.620
01150 -5.672
01160 -5.756
01170 -5.855
01180 -5.950
01190 -6.022
01200 -6.062
01210 -6.074
01220 -6.070
01230 -6.071
01240 -6.096
01250 -6.158
01260 -6.258
01270 -6.385
01280 -6.516
01290 -6.628
01300 -6.703
01310 -6.736
01320 -6.736
01330 -6.723
01340 -6.719
01350 -6.740
01360 -6.791
01370 -6.863
01380 -6.937
01390 -6.991
01400 -7.009
01410 -6.987
01420 -6.932
01430 -6.862
01440 -6.797
01450 -6.754
01460 -6.739
01470 -6.749
01480 -6.775
01490 -6.799
01500 -6.808
01510 -6.791
01520 -6.750
01530 -6.691
01540 -6.628
01550 -6.577
01560 -6.550
01570 -6.552
01580 -6.581
01590 -6.623
01600 -6.662
01610 -6.679
01620 -6.663
01630 -6.614
01640 -6.545
01650 -6.476
01660 -6.428
01670 -6.415
01680 -6.434
01690 -6.470
01700 -6.502
01710 -6.508
01720 -6.479
01730 -6.419
01740 -6.343
01750 -6.273
01760 -6.227
01770 -6.215
01780 -6.233
01790 -6.269
01800 -6.305
01810 -6.324
01820 -6.317
01830 -6.286
01840 -6.239
01850 -6.192
01860 -6.161
01870 -6.156
01880 -6.179
01890 -6.220
01900 -6.269
01910 -6.309
01920 -6.332
01930 -6.333
01940 -6.318
01950 -6.297
01960 -6.286
01970 -6.296
01980 -6.333
01990 -6.391
02000 -6.463
02010 -6.532
02020 -6.588
02030 -6.623
02040 -6.638
02050 -6.641
02060 -6.646
02070 -6.665
02080 -6.702
02090 -6.756
02100 -6.817
02110 -6.872
02120 -6.911
02130 -6.927
02140 -6.920
02150 -6.899
02160 -6.874
02170 -6.857
02180 -6.854
02190 -6.866
02200 -6.886
02210 -6.907
02220 -6.920
02230 -6.919
02240 -6.904
02250 -6.879
02260 -6.850
02270 -6.827
02280 -6.816
02290 -6.819
02300 -6.833
02310 -6.853
02320 -6.872
02330 -6.882
02340 -6.882
02350 -6.871
02360 -6.855
02370 -6.839
02380 -6.832
02390 -6.835
02400 -6.850
02410 -6.872
02420 -6.896
02430 -6.914
02440 -6.921
02450 -6.917
02460 -6.905
02470 -6.891
02480 -6.880
02490 -6.879
02500 -6.887
02510 -6.904
02520 -6.923
02530 -6.938
02540 -6.945
02550 -6.941
02560 -6.928
02570 -6.911
02580 -6.896
02590 -6.887
02600 -6.888
02610 -6.896
02620 -6.908
02630 -6.917
02640 -6.919
02650 -6.911
02660 -6.894
02670 -6.872
02680 -6.851
02690 -6.834
02700 -6.824
02710 -6.822
02720 -6.825
02730 -6.827
02740 -6.825
02750 -6.817
02760 -6.804
02770 -6.791
02780 -6.782
02790 -6.782
02800 -6.796
02810 -6.822
02820 -6.861
02830 -6.906
02840 -6.955
02850 -7.004
02860 -7.053
02870 -7.103
02880 -7.156
02890 -7.214
02900 -7.280
02910 -7.353
02920 -7.431
02930 -7.510
02940 -7.587
02950 -7.659
02960 -7.725
02970 -7.786
02980 -7.845
02990 -7.905
03000 -7.968
03010 -8.035
03020 -8.105
03030 -8.176
03040 -8.244
03050 -8.306
03060 -8.361
03070 -8.409
03080 -8.452
03090 -8.493
03100 -8.535
03110 -8.577
03120 -8.619
03130 -8.659
03140 -8.693
03150 -8.718
03160 -8.734
03170 -8.741
03180 -8.742
03190 -8.740
03200 -8.737
03210 -8.737
03220 -8.739
03230 -8.743
03240 -8.747
03250 -8.750
03260 -8.751
03270 -8.751
03280 -8.753
03290 -8.758
03300 -8.771
03310 -8.792
03320 -8.822
03330 -8.861
03340 -8.906
03350 -8.956
03360 -9.009
03370 -9.064
03380 -9.122
03390 -9.185
03400 -9.255
03410 -9.334
03420 -9.423
03430 -9.522
03440 -9.628
03450 -9.739
03460 -9.852
03470 -9.967
03480 -10.082
03490 -10.200
03500 -10.321
03510 -10.448
03520 -10.582
03530 -10.720
03540 -10.860
03550 -10.999
03560 -11.130
03570 -11.252
03580 -11.361
03590 -11.456
03600 -11.537
03610 -11.603
03620 -11.652
03630 -11.683
03640 -11.692
03650 -11.676
03660 -11.631
03670 -11.555
03680 -11.450
03690 -11.316
03700 -11.158
03710 -10.979
03720 -10.785
03730 -10.582
03740 -10.372
03750 -10.159
03760 -9.942
03770 -9.723
03780 -9.501
03790 -9.278
03800 -9.057
03810 -8.842
03820 -8.637
03830 -8.444
03840 -8.266
03850 -8.103
03860 -7.953
03870 -7.813
03880 -7.682
03890 -7.558
03900 -7.442
03910 -7.335
03920 -7.241
03930 -7.164
03940 -7.105
03950 -7.067
03960 -7.047
03970 -7.042
03980 -7.049
03990 -7.065
04000 -7.088
04010 -7.120
04020 -7.163
04030 -7.223
04040 -7.302
04050 -7.400
04060 -7.514
04070 -7.637
04080 -7.763
04090 -7.887
04100 -8.006
04110 -8.122
04120 -8.238
04130 -8.357
04140 -8.483
04150 -8.615
04160 -8.751
04170 -8.886
04180 -9.015
04190 -9.136
04200 -9.247
04210 -9.350
04220 -9.450
04230 -9.550
04240 -9.654
04250 -9.763
04260 -9.877
04270 -9.992
04280 -10.104
04290 -10.211
04300 -10.309
04310 -10.400
04320 -10.485
04330 -10.566
04340 -10.648
04350 -10.730
04360 -10.814
04370 -10.896
04380 -10.972
04390 -11.038
04400 -11.091
04410 -11.129
04420 -11.153
04430 -11.167
04440 -11.172
04450 -11.174
04460 -11.172
04470 -11.167
04480 -11.157
04490 -11.139
04500 -11.111
04510 -11.072
04520 -11.023
04530 -10.966
04540 -10.907
04550 -10.849
04560 -10.794
04570 -10.744
04580 -10.698
04590 -10.653
04600 -10.607
04610 -10.558
04620 -10.505
04630 -10.449
04640 -10.393
04650 -10.339
04660 -10.291
04670 -10.251
04680 -10.217
04690 -10.189
04700 -10.164
04710 -10.138
04720 -10.109
04730 -10.077
04740 -10.042
04750 -10.007
04760 -9.975
04770 -9.950
04780 -9.933
04790 -9.922
04800 -9.916
04810 -9.911
04820 -9.903
04830 -9.890
04840 -9.871
04850 -9.850
04860 -9.830
04870 -9.815
04880 -9.808
04890 -9.809
04900 -9.816
04910 -9.824
04920 -9.829
04930 -9.828
04940 -9.820
04950 -9.806
04960 -9.791
04970 -9.778
04980 -9.771
04990 -9.770
05000 -9.774
05010 -9.778
05020 -9.779
05030 -9.772
05040 -9.756
05050 -9.732
05060 -9.701
05070 -9.667
05080 -9.634
05090 -9.605
05100 -9.578
05110 -9.552
05120 -9.523
05130 -9.488
05140 -9.443
05150 -9.388
05160 -9.325
05170 -9.258
05180 -9.191
05190 -9.128
05200 -9.074
05210 -9.027
05220 -8.986
05230 -8.946
05240 -8.904
05250 -8.859
05260 -8.811
05270 -8.765
05280 -8.725
05290 -8.698
05300 -8.687
05310 -8.692
05320 -8.710
05330 -8.738
05340 -8.768
05350 -8.799
05360 -8.828
05370 -8.859
05380 -8.895
05390 -8.940
05400 -8.996
05410 -9.066
05420 -9.145
05430 -9.230
05440 -9.315
05450 -9.396
05460 -9.469
05470 -9.535
05480 -9.597
05490 -9.657
05500 -9.719
05510 -9.785
05520 -9.856
05530 -9.927
05540 -9.994
05550 -10.052
05560 -10.099
05570 -10.131
05580 -10.151
05590 -10.163
05600 -10.171
05610 -10.181
05620 -10.194
05630 -10.211
05640 -10.228
05650 -10.241
05660 -10.245
05670 -10.239
05680 -10.224
05690 -10.204
05700 -10.184
05710 -10.171
05720 -10.168
05730 -10.176
05740 -10.194
05750 -10.217
05760 -10.239
05770 -10.257
05780 -10.271
05790 -10.283
05800 -10.298
05810 -10.319
05820 -10.353
05830 -10.400
05840 -10.458
05850 -10.525
05860 -10.593
05870 -10.659
05880 -10.718
05890 -10.769
05900 -10.817
05910 -10.863
05920 -10.914
05930 -10.971
05940 -11.036
05950 -11.105
05960 -11.173
05970 -11.233
05980 -11.279
05990 -11.310
06000 -11.326
06010 -11.333
06020 -11.336
06030 -11.340
06040 -11.349
06050 -11.362
06060 -11.373
06070 -11.377
06080 -11.368
06090 -11.344
06100 -11.304
06110 -11.253
06120 -11.199
06130 -11.147
06140 -11.102
06150 -11.065
06160 -11.032
06170 -10.997
06180 -10.955
06190 -10.902
06200 -10.836
06210 -10.761
06220 -10.682
06230 -10.606
06240 -10.538
06250 -10.480
06260 -10.431
06270 -10.387
06280 -10.343
06290 -10.292
06300 -10.233
06310 -10.165
06320 -10.093
06330 -10.024
06340 -9.964
06350 -9.918
06360 -9.886
06370 -9.866
06380 -9.853
06390 -9.840
06400 -9.821
06410 -9.795
06420 -9.765
06430 -9.736
06440 -9.715
06450 -9.709
06460 -9.719
06470 -9.745
06480 -9.780
06490 -9.817
06500 -9.850
06510 -9.874
06520 -9.891
06530 -9.904
06540 -9.920
06550 -9.948
06560 -9.989
06570 -10.044
06580 -10.108
06590 -10.175
06600 -10.236
06610 -10.287
06620 -10.326
06630 -10.356
06640 -10.383
06650 -10.414
06660 -10.453
06670 -10.503
06680 -10.562
06690 -10.623
06700 -10.679
06710 -10.724
06720 -10.754
06730 -10.772
06740 -10.781
06750 -10.788
06760 -10.801
06770 -10.824
06780 -10.857
06790 -10.896
06800 -10.935
06810 -10.966
06820 -10.985
06830 -10.992
06840 -10.989
06850 -10.985
06860 -10.985
06870 -10.997
06880 -11.023
06890 -11.059
06900 -11.101
06910 -11.141
06920 -11.173
06930 -11.194
06940 -11.206
06950 -11.215
06960 -11.228
06970 -11.251
06980 -11.288
06990 -11.338
07000 -11.396
07010 -11.456
07020 -11.509
07030 -11.553
07040 -11.587
07050 -11.614
07060 -11.641
07070 -11.674
07080 -11.718
07090 -11.773
07100 -11.838
07110 -11.905
07120 -11.970
07130 -12.026
07140 -12.071
07150 -12.107
07160 -12.138
07170 -12.171
07180 -12.213
07190 -12.265
07200 -12.328
07210 -12.398
07220 -12.468
07230 -12.532
07240 -12.587
07250 -12.631
07260 -12.668
07270 -12.704
07280 -12.744
07290 -12.793
07300 -12.853
07310 -12.920
07320 -12.988
07330 -13.052
07340 -13.106
07350 -13.147
07360 -13.176
07370 -13.199
07380 -13.220
07390 -13.245
07400 -13.276
07410 -13.313
07420 -13.351
07430 -13.384
07440 -13.408
07450 -13.420
07460 -13.419
07470 -13.409
07480 -13.394
07490 -13.380
07500 -13.372
07510 -13.370
07520 -13.374
07530 -13.380
07540 -13.382
07550 -13.377
07560 -13.364
07570 -13.343
07580 -13.318
07590 -13.293
07600 -13.274
07610 -13.264
07620 -13.262
07630 -13.265
07640 -13.269
07650 -13.270
07660 -13.263
07670 -13.248
07680 -13.226
07690 -13.201
07700 -13.177
07710 -13.158
07720 -13.145
07730 -13.136
07740 -13.128
07750 -13.115
07760 -13.095
07770 -13.064
07780 -13.023
07790 -12.975
07800 -12.923
07810 -12.872
07820 -12.825
07830 -12.781
07840 -12.741
07850 -12.699
07860 -12.654
07870 -12.603
07880 -12.544
07890 -12.480
07900 -12.414
07910 -12.350
07920 -12.291
07930 -12.241
07940 -12.198
07950 -12.160
07960 -12.125
07970 -12.090
07980 -12.051
07990 -12.009
08000 -11.965
08010 -11.922
08020 -11.884
08030 -11.852
08040 -11.829
08050 -11.813
08060 -11.800
08070 -11.788
08080 -11.774
08090 -11.755
08100 -11.732
08110 -11.707
08120 -11.682
08130 -11.662
08140 -11.647
08150 -11.637
08160 -11.632
08170 -11.629
08180 -11.625
08190 -11.617
08200 -11.606
08210 -11.592
08220 -11.578
08230 -11.567
08240 -11.561
08250 -11.563
08260 -11.571
08270 -11.584
08280 -11.602
08290 -11.622
08300 -11.642
08310 -11.664
08320 -11.686
08330 -11.713
08340 -11.744
08350 -11.784
08360 -11.831
08370 -11.887
08380 -11.951
08390 -12.021
08400 -12.095
08410 -12.171
08420 -12.249
08430 -12.329
08440 -12.413
08450 -12.501
08460 -12.596
08470 -12.699
08480 -12.810
08490 -12.928
08500 -13.050
08510 -13.175
08520 -13.299
08530 -13.421
08540 -13.541
08550 -13.659
08560 -13.776
08570 -13.895
08580 -14.017
08590 -14.140
08600 -14.263
08610 -14.383
08620 -14.497
08630 -14.602
08640 -14.696
08650 -14.779
08660 -14.855
08670 -14.924
08680 -14.992
08690 -15.058
08700 -15.125
08710 -15.189
08720 -15.249
08730 -15.302
08740 -15.345
08750 -15.379
08760 -15.406
08770 -15.429
08780 -15.451
08790 -15.476
08800 -15.505
08810 -15.537
08820 -15.570
08830 -15.598
08840 -15.619
08850 -15.630
08860 -15.631
08870 -15.625
08880 -15.615
08890 -15.603
08900 -15.592
08910 -15.581
08920 -15.567
08930 -15.546
08940 -15.513
08950 -15.467
08960 -15.405
08970 -15.330
08980 -15.246
08990 -15.155
09000 -15.062
09010 -14.967
09020 -14.870
09030 -14.768
09040 -14.660
09050 -14.543
09060 -14.417
09070 -14.282
09080 -14.140
09090 -13.997
09100 -13.856
09110 -13.719
09120 -13.587
09130 -13.461
09140 -13.338
09150 -13.217
09160 -13.095
09170 -12.971
09180 -12.846
09190 -12.723
09200 -12.605
09210 -12.495
09220 -12.395
09230 -12.307
09240 -12.231
09250 -12.164
09260 -12.103
09270 -12.046
09280 -11.993
09290 -11.943
09300 -11.900
09310 -11.866
09320 -11.844
09330 -11.838
09340 -11.847
09350 -11.870
09360 -11.905
09370 -11.947
09380 -11.994
09390 -12.043
09400 -12.096
09410 -12.153
09420 -12.219
09430 -12.296
09440 -12.386
09450 -12.488
09460 -12.600
09470 -12.718
09480 -12.838
09490 -12.956
09500 -13.071
09510 -13.184
09520 -13.297
09530 -13.414
09540 -13.539
09550 -13.673
09560 -13.816
09570 -13.965
09580 -14.115
09590 -14.263
09600 -14.405
09610 -14.540
09620 -14.669
09630 -14.797
09640 -14.929
09650 -15.069
09660 -15.217
09670 -15.373
09680 -15.531
09690 -15.686
09700 -15.832
09710 -15.967
09720 -16.091
09730 -16.207
09740 -16.320
09750 -16.435
09760 -16.555
09770 -16.678
09780 -16.803
09790 -16.922
09800 -17.031
09810 -17.124
09820 -17.200
09830 -17.262
09840 -17.314
09850 -17.363
09860 -17.414
09870 -17.467
09880 -17.523
09890 -17.577
09900 -17.624
09910 -17.660
09920 -17.681
09930 -17.689
09940 -17.686
09950 -17.680
09960 -17.676
09970 -17.678
09980 -17.688
09990 -17.703
10000 -17.720
10010 -17.732
10020 -17.734
10030 -17.726
10040 -17.709
10050 -17.687
10060 -17.667
10070 -17.653
10080 -17.651
10090 -17.658
10100 -17.671
10110 -17.685
10120 -17.695
10130 -17.696
10140 -17.688
10150 -17.674
10160 -17.658
10170 -17.647
10180 -17.646
10190 -17.656
10200 -17.675
10210 -17.700
10220 -17.724
10230 -17.743
10240 -17.754
10250 -17.758
10260 -17.756
10270 -17.756
10280 -17.762
10290 -17.779
10300 -17.807
10310 -17.845
10320 -17.887
10330 -17.929
10340 -17.966
10350 -17.994
10360 -18.015
10370 -18.033
10380 -18.053
10390 -18.082
10400 -18.122
10410 -18.175
10420 -18.238
10430 -18.305
10440 -18.369
10450 -18.425
10460 -18.471
10470 -18.508
10480 -18.542
10490 -18.579
10500 -18.625
10510 -18.682
10520 -18.749
10530 -18.820
10540 -18.889
10550 -18.946
10560 -18.987
10570 -19.012
10580 -19.022
10590 -19.026
10600 -19.028
10610 -19.035
10620 -19.047
10630 -19.060
10640 -19.067
10650 -19.061
10660 -19.036
10670 -18.991
10680 -18.928
10690 -18.855
10700 -18.778
10710 -18.705
10720 -18.640
10730 -18.583
10740 -18.529
10750 -18.473
10760 -18.410
10770 -18.336
10780 -18.251
10790 -18.160
10800 -18.070
10810 -17.986
10820 -17.915
10830 -17.858
10840 -17.813
10850 -17.776
10860 -17.739
10870 -17.700
10880 -17.653
10890 -17.601
10900 -17.547
10910 -17.497
10920 -17.458
10930 -17.432
10940 -17.420
10950 -17.419
10960 -17.425
10970 -17.432
10980 -17.434
10990 -17.429
11000 -17.418
11010 -17.405
11020 -17.396
11030 -17.397
11040 -17.409
11050 -17.434
11060 -17.467
11070 -17.503
11080 -17.535
11090 -17.557
11100 -17.566
11110 -17.563
11120 -17.553
11130 -17.543
11140 -17.537
11150 -17.539
11160 -17.547
11170 -17.555
11180 -17.553
11190 -17.534
11200 -17.491
11210 -17.425
11220 -17.340
11230 -17.245
11240 -17.149
11250 -17.058
11260 -16.973
11270 -16.887
11280 -16.794
11290 -16.687
11300 -16.560
11310 -16.415
11320 -16.259
11330 -16.102
11340 -15.953
11350 -15.817
11360 -15.695
11370 -15.584
11380 -15.478
11390 -15.372
11400 -15.260
11410 -15.143
11420 -15.025
11430 -14.912
11440 -14.808
11450 -14.717
11460 -14.642
11470 -14.579
11480 -14.526
11490 -14.477
11500 -14.429
11510 -14.379
11520 -14.328
11530 -14.279
11540 -14.234
11550 -14.197
11560 -14.171
11570 -14.154
11580 -14.147
11590 -14.146
11600 -14.148
11610 -14.150
11620 -14.152
11630 -14.153
11640 -14.155
11650 -14.162
11660 -14.175
11670 -14.196
11680 -14.225
11690 -14.261
11700 -14.303
11710 -14.348
11720 -14.393
11730 -14.438
11740 -14.481
11750 -14.524
11760 -14.568
11770 -14.615
11780 -14.666
11790 -14.721
11800 -14.778
11810 -14.834
11820 -14.885
11830 -14.929
11840 -14.963
11850 -14.985
11860 -14.996
11870 -14.998
11880 -14.992
11890 -14.978
11900 -14.956
11910 -14.925
11920 -14.880
11930 -14.821
11940 -14.746
11950 -14.656
11960 -14.553
11970 -14.441
11980 -14.323
11990 -14.200
12000 -14.074
12010 -13.943
12020 -13.808
12030 -13.668
12040 -13.525
12050 -13.381
12060 -13.237
12070 -13.095
12080 -12.957
12090 -12.822
12100 -12.689
12110 -12.558
12120 -12.430
12130 -12.305
12140 -12.186
12150 -12.076
12160 -11.975
12170 -11.883
12180 -11.798
12190 -11.719
12200 -11.642
12210 -11.568
12220 -11.498
12230 -11.435
12240 -11.381
12250 -11.341
12260 -11.314
12270 -11.299
12280 -11.293
12290 -11.290
12300 -11.289
12310 -11.287
12320 -11.285
12330 -11.286
12340 -11.295
12350 -11.315
12360 -11.347
12370 -11.391
12380 -11.441
12390 -11.492
12400 -11.539
12410 -11.577
12420 -11.608
12430 -11.634
12440 -11.660
12450 -11.692
12460 -11.733
12470 -11.784
12480 -11.841
12490 -11.898
12500 -11.948
12510 -11.986
12520 -12.010
12530 -12.023
12540 -12.033
12550 -12.046
12560 -12.070
12570 -12.106
12580 -12.154
12590 -12.207
12600 -12.257
12610 -12.296
12620 -12.322
12630 -12.337
12640 -12.346
12650 -12.358
12660 -12.381
12670 -12.421
12680 -12.477
12690 -12.544
12700 -12.613
12710 -12.675
12720 -12.723
12730 -12.757
12740 -12.779
12750 -12.797
12760 -12.820
12770 -12.856
12780 -12.907
12790 -12.971
12800 -13.039
12810 -13.101
12820 -13.146
12830 -13.169
12840 -13.170
12850 -13.156
12860 -13.137
12870 -13.121
12880 -13.117
12890 -13.125
12900 -13.140
12910 -13.152
12920 -13.147
12930 -13.119
12940 -13.064
12950 -12.987
12960 -12.897
12970 -12.807
12980 -12.729
12990 -12.668
13000 -12.625
13010 -12.591
13020 -12.554
13030 -12.503
13040 -12.432
13050 -12.342
13060 -12.240
13070 -12.140
13080 -12.055
13090 -11.995
13100 -11.966
13110 -11.962
13120 -11.972
13130 -11.982
13140 -11.979
13150 -11.959
13160 -11.924
13170 -11.884
13180 -11.852
13190 -11.842
13200 -11.865
13210 -11.920
13220 -11.998
13230 -12.082
13240 -12.154
13250 -12.202
13260 -12.221
13270 -12.218
13280 -12.208
13290 -12.208
13300 -12.233
13310 -12.291
13320 -12.376
13330 -12.471
13340 -12.555
13350 -12.607
13360 -12.619
13370 -12.595
13380 -12.549
13390 -12.501
13400 -12.474
13410 -12.481
13420 -12.521
13430 -12.581
13440 -12.638
13450 -12.670
13460 -12.663
13470 -12.616
13480 -12.542
13490 -12.461
13500 -12.397
13510 -12.368
13520 -12.383
13530 -12.432
13540 -12.496
13550 -12.551
13560 -12.575
13570 -12.560
13580 -12.508
13590 -12.437
13600 -12.370
13610 -12.330
13620 -12.333
13630 -12.381
13640 -12.457
13650 -12.535
13660 -12.586
13670 -12.589
13680 -12.541
13690 -12.451
13700 -12.344
13710 -12.250
13720 -12.195
13730 -12.189
13740 -12.223
13750 -12.270
13760 -12.298
13770 -12.278
13780 -12.201
13790 -12.073
13800 -11.920
13810 -11.775
13820 -11.668
13830 -11.619
13840 -11.626
13850 -11.669
13860 -11.714
13870 -11.733
13880 -11.708
13890 -11.637
13900 -11.537
13910 -11.436
13920 -11.365
13930 -11.349
13940 -11.397
13950 -11.499
13960 -11.627
13970 -11.747
13980 -11.831
13990 -11.863
14000 -11.845
14010 -11.797
14020 -11.750
14030 -11.738
14040 -11.786
14050 -11.897
14060 -12.050
14070 -12.207
14080 -12.326
14090 -12.377
14100 -12.352
14110 -12.263
14120 -12.149
14130 -12.052
14140 -12.013
14150 -12.046
14160 -12.139
14170 -12.249
14180 -12.330
14190 -12.345
14200 -12.278
14210 -12.146
14220 -11.984
14230 -11.843
14240 -11.767
14250 -11.781
14260 -11.875
14270 -12.017
14280 -12.159
14290 -12.264
14300 -12.313
14310 -12.308
14320 -12.275
14330 -12.253
14340 -12.286
14350 -12.401
14360 -12.605
14370 -12.878
14380 -13.183
14390 -13.477
14400 -13.724
14410 -13.907
14420 -14.031
14430 -14.123
14440 -14.224
14450 -14.377
14460 -14.606
14470 -14.903
14480 -15.233
14490 -15.535
14500 -15.753
14510 -15.847
14520 -15.807
14530 -15.664
14540 -15.474
14550 -15.297
14560 -15.176
14570 -15.116
14580 -15.086
14590 -15.038
14600 -14.926
14610 -14.728
14620 -14.449
14630 -14.121
14640 -13.794
14650 -13.517
14660 -13.325
14670 -13.226
14680 -13.204
14690 -13.221
14700 -13.239
14710 -13.225
14720 -13.165
14730 -13.062
14740 -12.939
14750 -12.832
14760 -12.777
14770 -12.802
14780 -12.911
14790 -13.086
14800 -13.292
14810 -13.486
14820 -13.635
14830 -13.721
14840 -13.751
14850 -13.755
14860 -13.777
14870 -13.861
14880 -14.032
14890 -14.282
14900 -14.577
14910 -14.867
14920 -15.107
14930 -15.266
14940 -15.341
14950 -15.358
14960 -15.362
14970 -15.403
14980 -15.513
14990 -15.693
15000 -15.916
15010 -16.139
15020 -16.321
15030 -16.434
15040 -16.470
15050 -16.445
15060 -16.392
15070 -16.352
15080 -16.359
15090 -16.429
15100 -16.556
15110 -16.720
15120 -16.889
15130 -17.034
15140 -17.131
15150 -17.171
15160 -17.162
15170 -17.129
15180 -17.111
15190 -17.144
15200 -17.250
15210 -17.427
15220 -17.651
15230 -17.883
15240 -18.080
15250 -18.210
15260 -18.258
15270 -18.239
15280 -18.197
15290 -18.189
15300 -18.260
15310 -18.420
15320 -18.648
15330 -18.895
15340 -19.107
15350 -19.238
15360 -19.266
15370 -19.205
15380 -19.104
15390 -19.028
15400 -19.030
15410 -19.126
15420 -19.299
15430 -19.507
15440 -19.705
15450 -19.855
15460 -19.936
15470 -19.949
15480 -19.921
15490 -19.895
15500 -19.917
15510 -20.016
15520 -20.197
15530 -20.446
15540 -20.730
15550 -21.010
15560 -21.249
15570 -21.414
15580 -21.492
15590 -21.500
15600 -21.485
15610 -21.507
15620 -21.611
15630 -21.808
15640 -22.073
15650 -22.354
15660 -22.581
15670 -22.684
15680 -22.618
15690 -22.398
15700 -22.105
15710 -21.853
15720 -21.728
15730 -21.750
15740 -21.883
15750 -22.055
15760 -22.188
15770 -22.217
15780 -22.118
15790 -21.923
15800 -21.718
15810 -21.602
15820 -21.638
15830 -21.835
15840 -22.157
15850 -22.550
15860 -22.953
15870 -23.311
15880 -23.580
15890 -23.742
15900 -23.817
15910 -23.862
15920 -23.946
15930 -24.111
15940 -24.366
15950 -24.675
15960 -24.975
15970 -25.173
15980 -25.174
15990 -24.921
16000 -24.439
16010 -23.844
16020 -23.278
16030 -22.839
16040 -22.550
16050 -22.368
16060 -22.213
16070 -21.998
16080 -21.656
16090 -21.166
16100 -20.574
16110 -19.976
16120 -19.480
16130 -19.153
16140 -18.996
16150 -18.959
16160 -18.971
16170 -18.968
16180 -18.908
16190 -18.778
16200 -18.605
16210 -18.443
16220 -18.349
16230 -18.361
16240 -18.478
16250 -18.673
16260 -18.908
16270 -19.145
16280 -19.355
16290 -19.516
16300 -19.622
16310 -19.679
16320 -19.708
16330 -19.740
16340 -19.800
16350 -19.899
16360 -20.029
16370 -20.168
16380 -20.288
16390 -20.359
16400 -20.356
16410 -20.271
16420 -20.124
16430 -19.958
16440 -19.827
16450 -19.764
16460 -19.774
16470 -19.833
16480 -19.913
16490 -19.983
16500 -20.027
16510 -20.044
16520 -20.055
16530 -20.095
16540 -20.198
16550 -20.381
16560 -20.637
16570 -20.952
16580 -21.308
16590 -21.695
16600 -22.104
16610 -22.528
16620 -22.953
16630 -23.367
16640 -23.754
16650 -24.106
16660 -24.424
16670 -24.713
16680 -24.973
16690 -25.201
16700 -25.380
16710 -25.479
16720 -25.465
16730 -25.314
16740 -25.034
16750 -24.671
16760 -24.289
16770 -23.942
16780 -23.654
16790 -23.421
16800 -23.221
16810 -23.024
16820 -22.803
16830 -22.545
16840 -22.261
16850 -21.980
16860 -21.741
16870 -21.568
16880 -21.467
16890 -21.422
16900 -21.416
16910 -21.431
16920 -21.459
16930 -21.500
16940 -21.560
16950 -21.652
16960 -21.784
16970 -21.956
16980 -22.166
16990 -22.409
17000 -22.684
17010 -22.996
17020 -23.348
17030 -23.746
17040 -24.182
17050 -24.642
17060 -25.096
17070 -25.515
17080 -25.877
17090 -26.175
17100 -26.416
17110 -26.614
17120 -26.777
17130 -26.903
17140 -26.977
17150 -26.971
17160 -26.857
17170 -26.634
17180 -26.330
17190 -25.999
17200 -25.686
17210 -25.419
17220 -25.207
17230 -25.046
17240 -24.931
17250 -24.859
17260 -24.832
17270 -24.854
17280 -24.929
17290 -25.054
17300 -25.227
17310 -25.451
17320 -25.739
17330 -26.116
17340 -26.622
17350 -27.307
17360 -28.223
17370 -29.405
17380 -30.872
17390 -32.632
17400 -34.714
17410 -37.193
17420 -40.090
17430 -42.577
17440 -41.959
17450 -38.947
17460 -36.001
17470 -33.602
17480 -31.681
17490 -30.143
17500 -28.913
17510 -27.934
17520 -27.161
17530 -26.550
17540 -26.063
17550 -25.662
17560 -25.313
17570 -24.992
17580 -24.691
17590 -24.420
17600 -24.209
17610 -24.085
17620 -24.072
17630 -24.184
17640 -24.434
17650 -24.840
17660 -25.422
17670 -26.196
17680 -27.159
17690 -28.287
17700 -29.558
17710 -30.992
17720 -32.687
17730 -34.750
17740 -36.914
17750 -37.479
17760 -35.287
17770 -32.398
17780 -29.939
17790 -27.994
17800 -26.458
17810 -25.223
17820 -24.204
17830 -23.337
17840 -22.575
17850 -21.884
17860 -21.239
17870 -20.628
17880 -20.051
17890 -19.520
17900 -19.060
17910 -18.696
17920 -18.431
17930 -18.240
17940 -18.072
17950 -17.884
17960 -17.653
17970 -17.384
17980 -17.121
17990 -16.938
18000 -16.929
18010 -17.166
18020 -17.635
18030 -18.233
18040 -18.832
18050 -19.356
18060 -19.808
18070 -20.272
18080 -20.888
18090 -21.832
18100 -23.269
18110 -25.324
18120 -28.119
18130 -31.948
18140 -37.846
18150 -53.026
18160 -41.984
18170 -35.588
18180 -32.145
18190 -29.780
18200 -27.967
18210 -26.491
18220 -25.250
18230 -24.184
18240 -23.249
18250 -22.411
18260 -21.639
18270 -20.915
18280 -20.233
18290 -19.608
18300 -19.077
18310 -18.694
18320 -18.499
18330 -18.478
18340 -18.551
18350 -18.602
18360 -18.547
18370 -18.366
18380 -18.115
18390 -17.917
18400 -17.937
18410 -18.308
18420 -19.053
18430 -20.080
18440 -21.253
18450 -22.458
18460 -23.636
18470 -24.776
18480 -25.916
18490 -27.131
18500 -28.527
18510 -30.230
18520 -32.421
18530 -35.440
18540 -40.215
18550 -51.847
18560 -45.717
18570 -37.769
18580 -33.524
18590 -30.560
18600 -28.266
18610 -26.408
18620 -24.881
18630 -23.636
18640 -22.629
18650 -21.805
18660 -21.086
18670 -20.383
18680 -19.618
18690 -18.750
18700 -17.784
18710 -16.773
18720 -15.807
18730 -14.989
18740 -14.397
18750 -14.043
18760 -13.867
18770 -13.765
18780 -13.639
18790 -13.426
18800 -13.115
18810 -12.763
18820 -12.471
18830 -12.348
18840 -12.452
18850 -12.768
18860 -13.229
18870 -13.760
18880 -14.306
18890 -14.830
18900 -15.312
18910 -15.744
18920 -16.122
18930 -16.450
18940 -16.730
18950 -16.959
18960 -17.122
18970 -17.190
18980 -17.120
18990 -16.859
19000 -16.364
19010 -15.616
19020 -14.641
19030 -13.507
19040 -12.312
19050 -11.163
19060 -10.146
19070 -9.307
19080 -8.631
19090 -8.054
19100 -7.493
19110 -6.868
19120 -6.124
19130 -5.239
19140 -4.234
19150 -3.175
19160 -2.172
19170 -1.352
19180 -0.810
19190 -0.549
19200 -0.479
19210 -0.467
19220 -0.394
19230 -0.173
19240 +0.247
19250 +0.879
19260 +1.697
19270 +2.613
19280 +3.458
19290 +4.008
19300 +4.117
19310 +3.866
19320 +3.495
19330 +3.238
19340 +3.232
19350 +3.507
19360 +3.958
19370 +4.293
19380 +4.118
19390 +3.296
19400 +2.109
19410 +0.920
19420 -0.063
19430 -0.762
19440 -1.172
19450 -1.334
19460 -1.327
19470 -1.271
19480 -1.303
19490 -1.516
19500 -1.909
19510 -2.395
19520 -2.858
19530 -3.211
19540 -3.401
19550 -3.421
19560 -3.300
19570 -3.111
19580 -2.956
19590 -2.934
19600 -3.084
19610 -3.366
19620 -3.687
19630 -3.951
19640 -4.093
19650 -4.087
19660 -3.946
19670 -3.724
19680 -3.510
19690 -3.404
19700 -3.464
19710 -3.674
19720 -3.951
19730 -4.197
19740 -4.339
19750 -4.341
19760 -4.209
19770 -3.987
19780 -3.759
19790 -3.626
19800 -3.662
19810 -3.861
19820 -4.148
19830 -4.424
19840 -4.606
19850 -4.654
19860 -4.566
19870 -4.384
19880 -4.187
19890 -4.075
19900 -4.130
19910 -4.359
19920 -4.697
19930 -5.040
19940 -5.305
19950 -5.442
19960 -5.447
19970 -5.353
19980 -5.233
19990 -5.181
20000 -5.281
20010 -5.557
20020 -5.956
20030 -6.386
20040 -6.758
20050 -7.018
20060 -7.150
20070 -7.173
20080 -7.145
20090 -7.145
20100 -7.254
20110 -7.513
20120 -7.894
20130 -8.316
20140 -8.682
20150 -8.913
20160 -8.965
20170 -8.833
20180 -8.556
20190 -8.214
20200 -7.913
20210 -7.746
20220 -7.739
20230 -7.844
20240 -7.972
20250 -8.050
20260 -8.039
20270 -7.944
20280 -7.803
20290 -7.683
20300 -7.655
20310 -7.771
20320 -8.029
20330 -8.379
20340 -8.747
20350 -9.064
20360 -9.289
20370 -9.406
20380 -9.433
20390 -9.410
20400 -9.395
20410 -9.444
20420 -9.591
20430 -9.830
20440 -10.120
20450 -10.400
20460 -10.618
20470 -10.740
20480 -10.756
20490 -10.687
20500 -10.576
20510 -10.484
20520 -10.466
20530 -10.552
20540 -10.728
20550 -10.944
20560 -11.137
20570 -11.250
20580 -11.252
20590 -11.141
20600 -10.948
20610 -10.734
20620 -10.574
20630 -10.532
20640 -10.624
20650 -10.810
20660 -11.016
20670 -11.163
20680 -11.197
20690 -11.099
20700 -10.892
20710 -10.641
20720 -10.440
20730 -10.376
20740 -10.486
20750 -10.730
20760 -11.023
20770 -11.271
20780 -11.407
20790 -11.404
20800 -11.279
20810 -11.093
20820 -10.934
20830 -10.891
20840 -11.004
20850 -11.249
20860 -11.550
20870 -11.824
20880 -12.000
20890 -12.042
20900 -11.948
20910 -11.751
20920 -11.520
20930 -11.340
20940 -11.278
20950 -11.354
20960 -11.528
20970 -11.726
20980 -11.865
20990 -11.884
21000 -11.754
21010 -11.489
21020 -11.166
21030 -10.907
21040 -10.839
21050 -11.010
21060 -11.360
21070 -11.771
21080 -12.134
21090 -12.380
21100 -12.485
21110 -12.469
21120 -12.388
21130 -12.322
21140 -12.345
21150 -12.488
21160 -12.734
21170 -13.026
21180 -13.302
21190 -13.507
21200 -13.611
21210 -13.608
21220 -13.520
21230 -13.398
21240 -13.307
21250 -13.305
21260 -13.413
21270 -13.609
21280 -13.843
21290 -14.057
21300 -14.205
21310 -14.259
21320 -14.219
21330 -14.113
21340 -13.996
21350 -13.935
21360 -13.979
21370 -14.134
21380 -14.364
21390 -14.613
21400 -14.824
21410 -14.958
21420 -14.997
21430 -14.954
21440 -14.872
21450 -14.817
21460 -14.856
21470 -15.015
21480 -15.273
21490 -15.574
21500 -15.855
21510 -16.069
21520 -16.187
21530 -16.209
21540 -16.166
21550 -16.115
21560 -16.119
21570 -16.215
21580 -16.390
21590 -16.599
21600 -16.788
21610 -16.913
21620 -16.946
21630 -16.884
21640 -16.748
21650 -16.582
21660 -16.443
21670 -16.376
21680 -16.398
21690 -16.488
21700 -16.606
21710 -16.706
21720 -16.755
21730 -16.732
21740 -16.636
21750 -16.491
21760 -16.343
21770 -16.247
21780 -16.243
21790 -16.331
21800 -16.480
21810 -16.637
21820 -16.756
21830 -16.802
21840 -16.759
21850 -16.639
21860 -16.480
21870 -16.348
21880 -16.299
21890 -16.354
21900 -16.483
21910 -16.629
21920 -16.735
21930 -16.761
21940 -16.688
21950 -16.524
21960 -16.311
21970 -16.113
21980 -15.996
21990 -15.986
22000 -16.062
22010 -16.172
22020 -16.264
22030 -16.301
22040 -16.266
22050 -16.163
22060 -16.019
22070 -15.880
22080 -15.799
22090 -15.810
22100 -15.913
22110 -16.071
22120 -16.239
22130 -16.375
22140 -16.454
22150 -16.468
22160 -16.429
22170 -16.368
22180 -16.334
22190 -16.374
22200 -16.508
22210 -16.714
22220 -16.947
22230 -17.158
22240 -17.312
22250 -17.395
22260 -17.412
22270 -17.388
22280 -17.368
22290 -17.402
22300 -17.518
22310 -17.704
22320 -17.915
22330 -18.101
22340 -18.228
22350 -18.282
22360 -18.268
22370 -18.210
22380 -18.147
22390 -18.125
22400 -18.175
22410 -18.298
22420 -18.459
22430 -18.615
22440 -18.735
22450 -18.802
22460 -18.815
22470 -18.792
22480 -18.761
22490 -18.760
22500 -18.823
22510 -18.962
22520 -19.156
22530 -19.363
22540 -19.542
22550 -19.668
22560 -19.736
22570 -19.752
22580 -19.742
22590 -19.739
22600 -19.780
22610 -19.888
22620 -20.049
22630 -20.218
22640 -20.346
22650 -20.401
22660 -20.371
22670 -20.261
22680 -20.093
22690 -19.901
22700 -19.730
22710 -19.621
22720 -19.581
22730 -19.579
22740 -19.565
22750 -19.498
22760 -19.360
22770 -19.150
22780 -18.889
22790 -18.614
22800 -18.377
22810 -18.231
22820 -18.200
22830 -18.260
22840 -18.351
22850 -18.413
22860 -18.407
22870 -18.320
22880 -18.164
22890 -17.969
22900 -17.787
22910 -17.678
22920 -17.692
22930 -17.832
22940 -18.047
22950 -18.255
22960 -18.389
22970 -18.416
22980 -18.336
22990 -18.173
23000 -17.979
23010 -17.823
23020 -17.784
23030 -17.904
23040 -18.148
23050 -18.421
23060 -18.622
23070 -18.691
23080 -18.619
23090 -18.431
23100 -18.178
23110 -17.939
23120 -17.811
23130 -17.866
23140 -18.100
23150 -18.418
23160 -18.699
23170 -18.863
23180 -18.883
23190 -18.776
23200 -18.589
23210 -18.396
23220 -18.288
23230 -18.354
23240 -18.623
23250 -19.033
23260 -19.460
23270 -19.793
23280 -19.972
23290 -19.993
23300 -19.889
23310 -19.724
23320 -19.586
23330 -19.582
23340 -19.786
23350 -20.183
23360 -20.652
23370 -21.041
23380 -21.244
23390 -21.230
23400 -21.026
23410 -20.695
23420 -20.333
23430 -20.065
23440 -20.014
23450 -20.216
23460 -20.559
23470 -20.862
23480 -20.983
23490 -20.871
23500 -20.548
23510 -20.077
23520 -19.559
23530 -19.138
23540 -18.968
23550 -19.122
23560 -19.510
23570 -19.934
23580 -20.217
23590 -20.266
23600 -20.073
23610 -19.685
23620 -19.193
23630 -18.736
23640 -18.489
23650 -18.587
23660 -19.006
23670 -19.561
23680 -20.028
23690 -20.248
23700 -20.159
23710 -19.778
23720 -19.180
23730 -18.511
23740 -17.990
23750 -17.863
23760 -18.209
23770 -18.832
23780 -19.414
23790 -19.710
23800 -19.610
23810 -19.114
23820 -18.311
23830 -17.378
23840 -16.616
23850 -16.376
23860 -16.770
23870 -17.513
23880 -18.212
23890 -18.609
23900 -18.597
23910 -18.182
23920 -17.455
23930 -16.597
23940 -15.900
23950 -15.688
23960 -16.068
23970 -16.811
23980 -17.579
23990 -18.125
