00000 -1.464
00010 -1.337
00020 -1.022
00030 -0.654
00040 -0.343
00050 -0.140
00060 -0.063
00070 -0.107
00080 -0.253
00090 -0.460
00100 -0.661
00110 -0.782
00120 -0.779
00130 -0.666
00140 -0.495
00150 -0.323
00160 -0.192
00170 -0.123
00180 -0.119
00190 -0.172
00200 -0.257
00210 -0.339
00220 -0.386
00230 -0.378
00240 -0.320
00250 -0.232
00260 -0.142
00270 -0.070
00280 -0.031
00290 -0.032
00300 -0.066
00310 -0.121
00320 -0.174
00330 -0.204
00340 -0.201
00350 -0.165
00360 -0.109
00370 -0.051
00380 -0.006
00390 +0.013
00400 +0.000
00410 -0.039
00420 -0.095
00430 -0.146
00440 -0.175
00450 -0.173
00460 -0.143
00470 -0.099
00480 -0.057
00490 -0.031
00500 -0.034
00510 -0.065
00520 -0.117
00530 -0.171
00540 -0.205
00550 -0.209
00560 -0.183
00570 -0.137
00580 -0.090
00590 -0.055
00600 -0.042
00610 -0.052
00620 -0.081
00630 -0.114
00640 -0.138
00650 -0.142
00660 -0.126
00670 -0.095
00680 -0.059
00690 -0.029
00700 -0.013
00710 -0.016
00720 -0.038
00730 -0.070
00740 -0.105
00750 -0.129
00760 -0.138
00770 -0.130
00780 -0.112
00790 -0.092
00800 -0.079
00810 -0.082
00820 -0.103
00830 -0.141
00840 -0.186
00850 -0.225
00860 -0.247
00870 -0.248
00880 -0.231
00890 -0.206
00900 -0.185
00910 -0.176
00920 -0.184
00930 -0.208
00940 -0.237
00950 -0.260
00960 -0.267
00970 -0.254
00980 -0.227
00990 -0.195
01000 -0.167
01010 -0.150
01020 -0.148
01030 -0.161
01040 -0.183
01050 -0.204
01060 -0.217
01070 -0.217
01080 -0.205
01090 -0.188
01100 -0.170
01110 -0.159
01120 -0.160
01130 -0.174
01140 -0.199
01150 -0.228
01160 -0.253
01170 -0.268
01180 -0.272
01190 -0.267
01200 -0.258
01210 -0.251
01220 -0.253
01230 -0.267
01240 -0.292
01250 -0.322
01260 -0.351
01270 -0.370
01280 -0.376
01290 -0.371
01300 -0.359
01310 -0.346
01320 -0.338
01330 -0.338
01340 -0.347
01350 -0.361
01360 -0.374
01370 -0.381
01380 -0.378
01390 -0.366
01400 -0.347
01410 -0.326
01420 -0.309
01430 -0.298
01440 -0.295
01450 -0.298
01460 -0.305
01470 -0.311
01480 -0.311
01490 -0.305
01500 -0.292
01510 -0.276
01520 -0.260
01530 -0.248
01540 -0.241
01550 -0.240
01560 -0.244
01570 -0.250
01580 -0.254
01590 -0.251
01600 -0.241
01610 -0.224
01620 -0.204
01630 -0.184
01640 -0.168
01650 -0.159
01660 -0.157
01670 -0.158
01680 -0.160
01690 -0.159
01700 -0.151
01710 -0.139
01720 -0.123
01730 -0.107
01740 -0.096
01750 -0.091
01760 -0.094
01770 -0.102
01780 -0.113
01790 -0.123
01800 -0.128
01810 -0.127
01820 -0.121
01830 -0.114
01840 -0.108
01850 -0.107
01860 -0.111
01870 -0.122
01880 -0.136
01890 -0.151
01900 -0.161
01910 -0.167
01920 -0.166
01930 -0.161
01940 -0.156
01950 -0.152
01960 -0.154
01970 -0.162
01980 -0.175
01990 -0.190
02000 -0.202
02010 -0.209
02020 -0.209
02030 -0.204
02040 -0.196
02050 -0.188
02060 -0.186
02070 -0.190
02080 -0.200
02090 -0.213
02100 -0.225
02110 -0.233
02120 -0.235
02130 -0.232
02140 -0.227
02150 -0.222
02160 -0.222
02170 -0.228
02180 -0.241
02190 -0.257
02200 -0.275
02210 -0.290
02220 -0.301
02230 -0.307
02240 -0.310
02250 -0.312
02260 -0.317
02270 -0.326
02280 -0.341
02290 -0.361
02300 -0.384
02310 -0.407
02320 -0.427
02330 -0.443
02340 -0.454
02350 -0.463
02360 -0.472
02370 -0.485
02380 -0.503
02390 -0.528
02400 -0.556
02410 -0.586
02420 -0.612
02430 -0.632
02440 -0.645
02450 -0.653
02460 -0.659
02470 -0.667
02480 -0.678
02490 -0.692
02500 -0.710
02510 -0.726
02520 -0.739
02530 -0.745
02540 -0.744
02550 -0.739
02560 -0.733
02570 -0.728
02580 -0.726
02590 -0.729
02600 -0.736
02610 -0.745
02620 -0.753
02630 -0.758
02640 -0.760
02650 -0.758
02660 -0.756
02670 -0.755
02680 -0.756
02690 -0.763
02700 -0.773
02710 -0.787
02720 -0.801
02730 -0.813
02740 -0.821
02750 -0.825
02760 -0.827
02770 -0.826
02780 -0.826
02790 -0.826
02800 -0.828
02810 -0.829
02820 -0.826
02830 -0.819
02840 -0.804
02850 -0.782
02860 -0.755
02870 -0.725
02880 -0.694
02890 -0.665
02900 -0.638
02910 -0.614
02920 -0.592
02930 -0.572
02940 -0.553
02950 -0.533
02960 -0.514
02970 -0.495
02980 -0.478
02990 -0.462
03000 -0.449
03010 -0.439
03020 -0.431
03030 -0.424
03040 -0.418
03050 -0.411
03060 -0.402
03070 -0.392
03080 -0.380
03090 -0.367
03100 -0.355
03110 -0.344
03120 -0.334
03130 -0.326
03140 -0.318
03150 -0.309
03160 -0.299
03170 -0.287
03180 -0.273
03190 -0.259
03200 -0.244
03210 -0.230
03220 -0.219
03230 -0.211
03240 -0.207
03250 -0.206
03260 -0.208
03270 -0.212
03280 -0.218
03290 -0.225
03300 -0.236
03310 -0.251
03320 -0.273
03330 -0.301
03340 -0.337
03350 -0.379
03360 -0.424
03370 -0.469
03380 -0.513
03390 -0.554
03400 -0.593
03410 -0.630
03420 -0.668
03430 -0.708
03440 -0.750
03450 -0.792
03460 -0.832
03470 -0.869
03480 -0.901
03490 -0.927
03500 -0.949
03510 -0.968
03520 -0.988
03530 -1.009
03540 -1.033
03550 -1.058
03560 -1.083
03570 -1.106
03580 -1.125
03590 -1.140
03600 -1.152
03610 -1.163
03620 -1.174
03630 -1.188
03640 -1.206
03650 -1.226
03660 -1.249
03670 -1.272
03680 -1.292
03690 -1.311
03700 -1.327
03710 -1.343
03720 -1.362
03730 -1.384
03740 -1.412
03750 -1.445
03760 -1.483
03770 -1.524
03780 -1.565
03790 -1.604
03800 -1.642
03810 -1.679
03820 -1.716
03830 -1.756
03840 -1.798
03850 -1.842
03860 -1.886
03870 -1.926
03880 -1.959
03890 -1.984
03900 -2.001
03910 -2.011
03920 -2.016
03930 -2.020
03940 -2.023
03950 -2.026
03960 -2.028
03970 -2.028
03980 -2.023
03990 -2.013
04000 -1.998
04010 -1.978
04020 -1.957
04030 -1.936
04040 -1.917
04050 -1.899
04060 -1.882
04070 -1.863
04080 -1.841
04090 -1.814
04100 -1.782
04110 -1.746
04120 -1.709
04130 -1.671
04140 -1.634
04150 -1.597
04160 -1.561
04170 -1.523
04180 -1.483
04190 -1.439
04200 -1.391
04210 -1.341
04220 -1.290
04230 -1.240
04240 -1.191
04250 -1.145
04260 -1.101
04270 -1.058
04280 -1.015
04290 -0.972
04300 -0.927
04310 -0.883
04320 -0.839
04330 -0.797
04340 -0.759
04350 -0.723
04360 -0.691
04370 -0.660
04380 -0.631
04390 -0.601
04400 -0.571
04410 -0.542
04420 -0.512
04430 -0.484
04440 -0.457
04450 -0.433
04460 -0.412
04470 -0.391
04480 -0.372
04490 -0.353
04500 -0.333
04510 -0.313
04520 -0.294
04530 -0.275
04540 -0.258
04550 -0.244
04560 -0.232
04570 -0.221
04580 -0.213
04590 -0.205
04600 -0.199
04610 -0.193
04620 -0.188
04630 -0.185
04640 -0.185
04650 -0.186
04660 -0.190
04670 -0.196
04680 -0.204
04690 -0.213
04700 -0.224
04710 -0.235
04720 -0.247
04730 -0.260
04740 -0.273
04750 -0.287
04760 -0.301
04770 -0.316
04780 -0.331
04790 -0.346
04800 -0.362
04810 -0.377
04820 -0.391
04830 -0.404
04840 -0.416
04850 -0.427
04860 -0.436
04870 -0.446
04880 -0.456
04890 -0.467
04900 -0.478
04910 -0.489
04920 -0.500
04930 -0.510
04940 -0.520
04950 -0.529
04960 -0.539
04970 -0.549
04980 -0.560
04990 -0.572
05000 -0.587
05010 -0.602
05020 -0.618
05030 -0.633
05040 -0.648
05050 -0.660
05060 -0.671
05070 -0.681
05080 -0.691
05090 -0.700
05100 -0.710
05110 -0.718
05120 -0.725
05130 -0.729
05140 -0.729
05150 -0.724
05160 -0.715
05170 -0.702
05180 -0.688
05190 -0.672
05200 -0.656
05210 -0.638
05220 -0.618
05230 -0.595
05240 -0.569
05250 -0.539
05260 -0.507
05270 -0.475
05280 -0.443
05290 -0.413
05300 -0.386
05310 -0.362
05320 -0.339
05330 -0.317
05340 -0.296
05350 -0.277
05360 -0.260
05370 -0.247
05380 -0.238
05390 -0.233
05400 -0.232
05410 -0.236
05420 -0.243
05430 -0.253
05440 -0.266
05450 -0.280
05460 -0.297
05470 -0.314
05480 -0.333
05490 -0.354
05500 -0.376
05510 -0.400
05520 -0.425
05530 -0.450
05540 -0.476
05550 -0.501
05560 -0.525
05570 -0.546
05580 -0.566
05590 -0.584
05600 -0.601
05610 -0.618
05620 -0.635
05630 -0.651
05640 -0.667
05650 -0.682
05660 -0.695
05670 -0.705
05680 -0.713
05690 -0.718
05700 -0.723
05710 -0.728
05720 -0.734
05730 -0.740
05740 -0.748
05750 -0.756
05760 -0.764
05770 -0.770
05780 -0.774
05790 -0.777
05800 -0.780
05810 -0.783
05820 -0.787
05830 -0.794
05840 -0.802
05850 -0.812
05860 -0.821
05870 -0.828
05880 -0.834
05890 -0.836
05900 -0.836
05910 -0.835
05920 -0.834
05930 -0.834
05940 -0.836
05950 -0.837
05960 -0.838
05970 -0.835
05980 -0.829
05990 -0.818
06000 -0.804
06010 -0.787
06020 -0.769
06030 -0.753
06040 -0.737
06050 -0.723
06060 -0.708
06070 -0.691
06080 -0.671
06090 -0.646
06100 -0.619
06110 -0.591
06120 -0.563
06130 -0.538
06140 -0.516
06150 -0.497
06160 -0.479
06170 -0.461
06180 -0.443
06190 -0.422
06200 -0.401
06210 -0.380
06220 -0.360
06230 -0.344
06240 -0.331
06250 -0.323
06260 -0.317
06270 -0.313
06280 -0.309
06290 -0.304
06300 -0.297
06310 -0.290
06320 -0.284
06330 -0.279
06340 -0.277
06350 -0.278
06360 -0.282
06370 -0.287
06380 -0.292
06390 -0.295
06400 -0.297
06410 -0.297
06420 -0.296
06430 -0.296
06440 -0.298
06450 -0.303
06460 -0.310
06470 -0.319
06480 -0.329
06490 -0.339
06500 -0.347
06510 -0.355
06520 -0.362
06530 -0.369
06540 -0.378
06550 -0.389
06560 -0.402
06570 -0.418
06580 -0.436
06590 -0.455
06600 -0.474
06610 -0.491
06620 -0.507
06630 -0.520
06640 -0.533
06650 -0.546
06660 -0.561
06670 -0.577
06680 -0.595
06690 -0.614
06700 -0.633
06710 -0.648
06720 -0.661
06730 -0.669
06740 -0.675
06750 -0.679
06760 -0.683
06770 -0.689
06780 -0.698
06790 -0.707
06800 -0.717
06810 -0.725
06820 -0.729
06830 -0.730
06840 -0.727
06850 -0.723
06860 -0.720
06870 -0.719
06880 -0.722
06890 -0.727
06900 -0.735
06910 -0.743
06920 -0.750
06930 -0.753
06940 -0.754
06950 -0.754
06960 -0.754
06970 -0.757
06980 -0.764
06990 -0.776
07000 -0.791
07010 -0.807
07020 -0.823
07030 -0.836
07040 -0.846
07050 -0.853
07060 -0.857
07070 -0.863
07080 -0.872
07090 -0.885
07100 -0.902
07110 -0.920
07120 -0.939
07130 -0.954
07140 -0.964
07150 -0.968
07160 -0.969
07170 -0.968
07180 -0.970
07190 -0.976
07200 -0.987
07210 -1.000
07220 -1.015
07230 -1.026
07240 -1.033
07250 -1.033
07260 -1.028
07270 -1.021
07280 -1.016
07290 -1.015
07300 -1.020
07310 -1.029
07320 -1.039
07330 -1.049
07340 -1.053
07350 -1.050
07360 -1.041
07370 -1.027
07380 -1.014
07390 -1.003
07400 -0.997
07410 -0.996
07420 -0.998
07430 -0.999
07440 -0.995
07450 -0.982
07460 -0.961
07470 -0.932
07480 -0.901
07490 -0.872
07500 -0.848
07510 -0.830
07520 -0.815
07530 -0.801
07540 -0.781
07550 -0.753
07560 -0.716
07570 -0.672
07580 -0.624
07590 -0.579
07600 -0.540
07610 -0.509
07620 -0.483
07630 -0.459
07640 -0.433
07650 -0.401
07660 -0.362
07670 -0.317
07680 -0.271
07690 -0.229
07700 -0.193
07710 -0.167
07720 -0.148
07730 -0.134
07740 -0.121
07750 -0.105
07760 -0.085
07770 -0.061
07780 -0.034
07790 -0.010
07800 +0.008
07810 +0.018
07820 +0.020
07830 +0.017
07840 +0.012
07850 +0.008
07860 +0.008
07870 +0.014
07880 +0.025
07890 +0.037
07900 +0.046
07910 +0.050
07920 +0.047
07930 +0.039
07940 +0.027
07950 +0.017
07960 +0.011
07970 +0.012
07980 +0.020
07990 +0.032
08000 +0.044
08010 +0.052
08020 +0.054
08030 +0.050
08040 +0.042
08050 +0.034
08060 +0.029
08070 +0.031
08080 +0.040
08090 +0.056
08100 +0.074
08110 +0.090
08120 +0.101
08130 +0.106
08140 +0.105
08150 +0.103
08160 +0.103
08170 +0.109
08180 +0.124
08190 +0.147
08200 +0.176
08210 +0.205
08220 +0.231
08230 +0.251
08240 +0.264
08250 +0.274
08260 +0.285
08270 +0.302
08280 +0.329
08290 +0.366
08300 +0.410
08310 +0.457
08320 +0.502
08330 +0.539
08340 +0.568
08350 +0.593
08360 +0.617
08370 +0.646
08380 +0.684
08390 +0.732
08400 +0.788
08410 +0.847
08420 +0.903
08430 +0.950
08440 +0.989
08450 +1.020
08460 +1.049
08470 +1.082
08480 +1.121
08490 +1.169
08500 +1.225
08510 +1.283
08520 +1.338
08530 +1.385
08540 +1.422
08550 +1.451
08560 +1.476
08570 +1.503
08580 +1.535
08590 +1.576
08600 +1.624
08610 +1.675
08620 +1.724
08630 +1.766
08640 +1.798
08650 +1.822
08660 +1.842
08670 +1.863
08680 +1.889
08690 +1.922
08700 +1.962
08710 +2.005
08720 +2.047
08730 +2.081
08740 +2.105
08750 +2.120
08760 +2.129
08770 +2.138
08780 +2.149
08790 +2.166
08800 +2.187
08810 +2.209
08820 +2.226
08830 +2.235
08840 +2.233
08850 +2.221
08860 +2.202
08870 +2.181
08880 +2.160
08890 +2.142
08900 +2.126
08910 +2.109
08920 +2.088
08930 +2.059
08940 +2.022
08950 +1.978
08960 +1.930
08970 +1.881
08980 +1.834
08990 +1.791
09000 +1.750
09010 +1.710
09020 +1.670
09030 +1.629
09040 +1.585
09050 +1.539
09060 +1.492
09070 +1.448
09080 +1.406
09090 +1.368
09100 +1.333
09110 +1.303
09120 +1.274
09130 +1.248
09140 +1.222
09150 +1.196
09160 +1.171
09170 +1.146
09180 +1.124
09190 +1.104
09200 +1.088
09210 +1.075
09220 +1.065
09230 +1.057
09240 +1.052
09250 +1.048
09260 +1.045
09270 +1.042
09280 +1.039
09290 +1.039
09300 +1.041
09310 +1.046
09320 +1.056
09330 +1.069
09340 +1.086
09350 +1.105
09360 +1.125
09370 +1.145
09380 +1.165
09390 +1.186
09400 +1.209
09410 +1.236
09420 +1.266
09430 +1.301
09440 +1.339
09450 +1.379
09460 +1.419
09470 +1.456
09480 +1.492
09490 +1.526
09500 +1.560
09510 +1.596
09520 +1.635
09530 +1.676
09540 +1.718
09550 +1.759
09560 +1.797
09570 +1.828
09580 +1.854
09590 +1.876
09600 +1.895
09610 +1.914
09620 +1.932
09630 +1.950
09640 +1.966
09650 +1.977
09660 +1.981
09670 +1.977
09680 +1.965
09690 +1.947
09700 +1.926
09710 +1.904
09720 +1.881
09730 +1.856
09740 +1.829
09750 +1.796
09760 +1.757
09770 +1.710
09780 +1.657
09790 +1.601
09800 +1.544
09810 +1.488
09820 +1.434
09830 +1.381
09840 +1.326
09850 +1.268
09860 +1.205
09870 +1.138
09880 +1.068
09890 +0.997
09900 +0.929
09910 +0.865
09920 +0.803
09930 +0.744
09940 +0.685
09950 +0.623
09960 +0.558
09970 +0.490
09980 +0.421
09990 +0.353
10000 +0.288
10010 +0.227
10020 +0.170
10030 +0.115
10040 +0.061
10050 +0.004
10060 -0.055
10070 -0.115
10080 -0.177
10090 -0.236
10100 -0.291
10110 -0.342
10120 -0.387
10130 -0.430
10140 -0.472
10150 -0.514
10160 -0.557
10170 -0.602
10180 -0.645
10190 -0.686
10200 -0.722
10210 -0.752
10220 -0.775
10230 -0.795
10240 -0.813
10250 -0.831
10260 -0.849
10270 -0.868
10280 -0.886
10290 -0.900
10300 -0.909
10310 -0.911
10320 -0.908
10330 -0.900
10340 -0.890
10350 -0.881
10360 -0.872
10370 -0.864
10380 -0.855
10390 -0.843
10400 -0.826
10410 -0.802
10420 -0.774
10430 -0.742
10440 -0.710
10450 -0.678
10460 -0.647
10470 -0.618
10480 -0.589
10490 -0.557
10500 -0.522
10510 -0.483
10520 -0.440
10530 -0.396
10540 -0.352
10550 -0.310
10560 -0.271
10570 -0.236
10580 -0.202
10590 -0.168
10600 -0.134
10610 -0.097
10620 -0.061
10630 -0.024
10640 +0.010
10650 +0.040
10660 +0.066
10670 +0.087
10680 +0.105
10690 +0.121
10700 +0.136
10710 +0.151
10720 +0.166
10730 +0.180
10740 +0.192
10750 +0.201
10760 +0.206
10770 +0.207
10780 +0.205
10790 +0.202
10800 +0.198
10810 +0.194
10820 +0.191
10830 +0.188
10840 +0.185
10850 +0.182
10860 +0.176
10870 +0.168
10880 +0.158
10890 +0.148
10900 +0.137
10910 +0.127
10920 +0.120
10930 +0.116
10940 +0.114
10950 +0.114
10960 +0.115
10970 +0.115
10980 +0.114
10990 +0.114
11000 +0.115
11010 +0.120
11020 +0.128
11030 +0.142
11040 +0.162
11050 +0.185
11060 +0.210
11070 +0.234
11080 +0.258
11090 +0.280
11100 +0.303
11110 +0.328
11120 +0.357
11130 +0.390
11140 +0.427
11150 +0.466
11160 +0.504
11170 +0.538
11180 +0.568
11190 +0.595
11200 +0.619
11210 +0.643
11220 +0.670
11230 +0.700
11240 +0.734
11250 +0.768
11260 +0.802
11270 +0.832
11280 +0.857
11290 +0.877
11300 +0.896
11310 +0.916
11320 +0.939
11330 +0.967
11340 +1.000
11350 +1.038
11360 +1.076
11370 +1.113
11380 +1.146
11390 +1.175
11400 +1.202
11410 +1.231
11420 +1.265
11430 +1.307
11440 +1.357
11450 +1.414
11460 +1.475
11470 +1.534
11480 +1.587
11490 +1.634
11500 +1.677
11510 +1.719
11520 +1.766
11530 +1.820
11540 +1.882
11550 +1.950
11560 +2.018
11570 +2.079
11580 +2.128
11590 +2.163
11600 +2.188
11610 +2.209
11620 +2.231
11630 +2.260
11640 +2.294
11650 +2.333
11660 +2.371
11670 +2.400
11680 +2.415
11690 +2.417
11700 +2.408
11710 +2.396
11720 +2.388
11730 +2.388
11740 +2.398
11750 +2.416
11760 +2.438
11770 +2.455
11780 +2.464
11790 +2.460
11800 +2.446
11810 +2.430
11820 +2.419
11830 +2.418
11840 +2.431
11850 +2.456
11860 +2.489
11870 +2.523
11880 +2.550
11890 +2.563
11900 +2.563
11910 +2.557
11920 +2.553
11930 +2.560
11940 +2.583
11950 +2.620
11960 +2.667
11970 +2.715
11980 +2.752
11990 +2.770
12000 +2.768
12010 +2.754
12020 +2.739
12030 +2.734
12040 +2.745
12050 +2.771
12060 +2.808
12070 +2.844
12080 +2.867
12090 +2.868
12100 +2.847
12110 +2.811
12120 +2.774
12130 +2.748
12140 +2.741
12150 +2.752
12160 +2.777
12170 +2.804
12180 +2.821
12190 +2.817
12200 +2.788
12210 +2.741
12220 +2.691
12230 +2.651
12240 +2.633
12250 +2.636
12260 +2.657
12270 +2.683
12280 +2.699
12290 +2.691
12300 +2.652
12310 +2.587
12320 +2.512
12330 +2.447
12340 +2.405
12350 +2.388
12360 +2.392
12370 +2.403
12380 +2.403
12390 +2.373
12400 +2.305
12410 +2.203
12420 +2.089
12430 +1.986
12440 +1.912
12450 +1.870
12460 +1.853
12470 +1.847
12480 +1.832
12490 +1.788
12500 +1.704
12510 +1.585
12520 +1.451
12530 +1.328
12540 +1.239
12550 +1.189
12560 +1.169
12570 +1.165
12580 +1.154
12590 +1.116
12600 +1.032
12610 +0.903
12620 +0.746
12630 +0.593
12640 +0.473
12650 +0.397
12660 +0.357
12670 +0.335
12680 +0.302
12690 +0.233
12700 +0.102
12710 -0.094
12720 -0.333
12730 -0.569
12740 -0.761
12750 -0.894
12760 -0.982
12770 -1.053
12780 -1.143
12790 -1.284
12800 -1.494
12810 -1.768
12820 -2.064
12830 -2.325
12840 -2.509
12850 -2.616
12860 -2.675
12870 -2.724
12880 -2.799
12890 -2.923
12900 -3.101
12910 -3.313
12920 -3.518
12930 -3.667
12940 -3.739
12950 -3.747
12960 -3.726
12970 -3.711
12980 -3.728
12990 -3.789
13000 -3.891
13010 -4.014
13020 -4.121
13030 -4.176
13040 -4.166
13050 -4.107
13060 -4.032
13070 -3.970
13080 -3.941
13090 -3.949
13100 -3.986
13110 -4.032
13120 -4.055
13130 -4.030
13140 -3.951
13150 -3.840
13160 -3.724
13170 -3.630
13180 -3.567
13190 -3.537
13200 -3.529
13210 -3.525
13220 -3.504
13230 -3.449
13240 -3.360
13250 -3.253
13260 -3.151
13270 -3.069
13280 -3.016
13290 -2.990
13300 -2.983
13310 -2.981
13320 -2.970
13330 -2.936
13340 -2.876
13350 -2.800
13360 -2.723
13370 -2.660
13380 -2.620
13390 -2.603
13400 -2.603
13410 -2.610
13420 -2.610
13430 -2.591
13440 -2.546
13450 -2.482
13460 -2.411
13470 -2.350
13480 -2.307
13490 -2.286
13500 -2.282
13510 -2.285
13520 -2.284
13530 -2.266
13540 -2.224
13550 -2.162
13560 -2.092
13570 -2.029
13580 -1.983
13590 -1.956
13600 -1.947
13610 -1.945
13620 -1.942
13630 -1.926
13640 -1.891
13650 -1.838
13660 -1.776
13670 -1.716
13680 -1.668
13690 -1.637
13700 -1.622
13710 -1.615
13720 -1.610
13730 -1.597
13740 -1.570
13750 -1.527
13760 -1.472
13770 -1.415
13780 -1.365
13790 -1.330
13800 -1.310
13810 -1.302
13820 -1.299
13830 -1.295
13840 -1.281
13850 -1.255
13860 -1.217
13870 -1.174
13880 -1.137
13890 -1.112
13900 -1.104
13910 -1.110
13920 -1.125
13930 -1.143
13940 -1.157
13950 -1.161
13960 -1.153
13970 -1.137
13980 -1.121
13990 -1.114
14000 -1.120
14010 -1.140
14020 -1.170
14030 -1.205
14040 -1.238
14050 -1.263
14060 -1.274
14070 -1.273
14080 -1.264
14090 -1.257
14100 -1.259
14110 -1.274
14120 -1.302
14130 -1.338
14140 -1.376
14150 -1.409
14160 -1.430
14170 -1.435
14180 -1.429
14190 -1.419
14200 -1.417
14210 -1.430
14220 -1.461
14230 -1.507
14240 -1.563
14250 -1.620
14260 -1.670
14270 -1.704
14280 -1.723
14290 -1.733
14300 -1.745
14310 -1.771
14320 -1.816
14330 -1.882
14340 -1.961
14350 -2.045
14360 -2.122
14370 -2.180
14380 -2.211
14390 -2.220
14400 -2.219
14410 -2.224
14420 -2.247
14430 -2.290
14440 -2.349
14450 -2.415
14460 -2.471
14470 -2.504
14480 -2.502
14490 -2.467
14500 -2.411
14510 -2.355
14520 -2.317
14530 -2.302
14540 -2.309
14550 -2.327
14560 -2.340
14570 -2.333
14580 -2.293
14590 -2.220
14600 -2.127
14610 -2.037
14620 -1.969
14630 -1.933
14640 -1.927
14650 -1.942
14660 -1.962
14670 -1.973
14680 -1.961
14690 -1.923
14700 -1.867
14710 -1.809
14720 -1.768
14730 -1.755
14740 -1.771
14750 -1.809
14760 -1.856
14770 -1.899
14780 -1.923
14790 -1.919
14800 -1.889
14810 -1.844
14820 -1.801
14830 -1.775
14840 -1.773
14850 -1.795
14860 -1.831
14870 -1.868
14880 -1.890
14890 -1.886
14900 -1.849
14910 -1.787
14920 -1.716
14930 -1.655
14940 -1.618
14950 -1.612
14960 -1.629
14970 -1.658
14980 -1.683
14990 -1.686
15000 -1.657
15010 -1.597
15020 -1.520
15030 -1.449
15040 -1.405
15050 -1.396
15060 -1.422
15070 -1.468
15080 -1.516
15090 -1.545
15100 -1.539
15110 -1.494
15120 -1.419
15130 -1.338
15140 -1.274
15150 -1.245
15160 -1.249
15170 -1.277
15180 -1.308
15190 -1.319
15200 -1.290
15210 -1.211
15220 -1.088
15230 -0.944
15240 -0.809
15250 -0.704
15260 -0.636
15270 -0.598
15280 -0.570
15290 -0.530
15300 -0.456
15310 -0.335
15320 -0.169
15330 +0.019
15340 +0.200
15350 +0.346
15360 +0.444
15370 +0.498
15380 +0.525
15390 +0.548
15400 +0.590
15410 +0.667
15420 +0.781
15430 +0.918
15440 +1.053
15450 +1.157
15460 +1.215
15470 +1.227
15480 +1.206
15490 +1.175
15500 +1.156
15510 +1.167
15520 +1.219
15530 +1.305
15540 +1.406
15550 +1.497
15560 +1.558
15570 +1.580
15580 +1.571
15590 +1.548
15600 +1.532
15610 +1.544
15620 +1.597
15630 +1.692
15640 +1.817
15650 +1.949
15660 +2.062
15670 +2.141
15680 +2.183
15690 +2.201
15700 +2.212
15710 +2.238
15720 +2.295
15730 +2.392
15740 +2.520
15750 +2.660
15760 +2.785
15770 +2.873
15780 +2.915
15790 +2.919
15800 +2.902
15810 +2.887
15820 +2.893
15830 +2.934
15840 +3.010
15850 +3.107
15860 +3.203
15870 +3.272
15880 +3.302
15890 +3.294
15900 +3.263
15910 +3.231
15920 +3.220
15930 +3.247
15940 +3.319
15950 +3.431
15960 +3.560
15970 +3.681
15980 +3.772
15990 +3.826
16000 +3.853
16010 +3.871
16020 +3.905
16030 +3.974
16040 +4.089
16050 +4.247
16060 +4.430
16070 +4.605
16080 +4.745
16090 +4.834
16100 +4.876
16110 +4.890
16120 +4.900
16130 +4.926
16140 +4.983
16150 +5.070
16160 +5.172
16170 +5.263
16180 +5.317
16190 +5.319
16200 +5.274
16210 +5.199
16220 +5.118
16230 +5.052
16240 +5.016
16250 +5.018
16260 +5.051
16270 +5.097
16280 +5.133
16290 +5.143
16300 +5.122
16310 +5.079
16320 +5.030
16330 +4.995
16340 +4.991
16350 +5.028
16360 +5.104
16370 +5.206
16380 +5.311
16390 +5.397
16400 +5.450
16410 +5.472
16420 +5.475
16430 +5.477
16440 +5.493
16450 +5.532
16460 +5.593
16470 +5.665
16480 +5.728
16490 +5.763
16500 +5.756
16510 +5.710
16520 +5.635
16530 +5.545
16540 +5.453
16550 +5.370
16560 +5.298
16570 +5.236
16580 +5.177
16590 +5.112
16600 +5.034
16610 +4.941
16620 +4.835
16630 +4.723
16640 +4.613
16650 +4.514
16660 +4.432
16670 +4.371
16680 +4.331
16690 +4.307
16700 +4.290
16710 +4.272
16720 +4.247
16730 +4.213
16740 +4.175
16750 +4.137
16760 +4.109
16770 +4.097
16780 +4.103
16790 +4.126
16800 +4.157
16810 +4.185
16820 +4.199
16830 +4.195
16840 +4.172
16850 +4.136
16860 +4.093
16870 +4.050
16880 +4.012
16890 +3.983
16900 +3.961
16910 +3.938
16920 +3.908
16930 +3.863
16940 +3.801
16950 +3.724
16960 +3.634
16970 +3.542
16980 +3.455
16990 +3.382
17000 +3.329
17010 +3.295
17020 +3.274
17030 +3.256
17040 +3.232
17050 +3.195
17060 +3.147
17070 +3.093
17080 +3.046
17090 +3.017
17100 +3.016
17110 +3.048
17120 +3.106
17130 +3.177
17140 +3.244
17150 +3.296
17160 +3.331
17170 +3.353
17180 +3.372
17190 +3.401
17200 +3.452
17210 +3.528
17220 +3.623
17230 +3.723
17240 +3.811
17250 +3.872
17260 +3.903
17270 +3.904
17280 +3.883
17290 +3.853
17300 +3.826
17310 +3.809
17320 +3.807
17330 +3.813
17340 +3.820
17350 +3.814
17360 +3.789
17370 +3.743
17380 +3.680
17390 +3.608
17400 +3.543
17410 +3.497
17420 +3.482
17430 +3.499
17440 +3.540
17450 +3.593
17460 +3.643
17470 +3.680
17480 +3.702
17490 +3.715
17500 +3.730
17510 +3.764
17520 +3.829
17530 +3.932
17540 +4.066
17550 +4.216
17560 +4.363
17570 +4.492
17580 +4.594
17590 +4.671
17600 +4.729
17610 +4.781
17620 +4.836
17630 +4.903
17640 +4.979
17650 +5.055
17660 +5.116
17670 +5.150
17680 +5.147
17690 +5.105
17700 +5.030
17710 +4.932
17720 +4.827
17730 +4.732
17740 +4.659
17750 +4.612
17760 +4.587
17770 +4.570
17780 +4.551
17790 +4.520
17800 +4.473
17810 +4.416
17820 +4.364
17830 +4.335
17840 +4.346
17850 +4.410
17860 +4.523
17870 +4.674
17880 +4.844
17890 +5.016
17900 +5.182
17910 +5.342
17920 +5.505
17930 +5.688
17940 +5.907
17950 +6.172
17960 +6.480
17970 +6.817
17980 +7.159
17990 +7.485
18000 +7.776
18010 +8.019
18020 +8.208
18030 +8.347
18040 +8.446
18050 +8.518
18060 +8.578
18070 +8.632
18080 +8.677
18090 +8.706
18100 +8.710
18110 +8.681
18120 +8.621
18130 +8.540
18140 +8.459
18150 +8.402
18160 +8.391
18170 +8.438
18180 +8.544
18190 +8.697
18200 +8.883
18210 +9.087
18220 +9.297
18230 +9.509
18240 +9.728
18250 +9.968
18260 +10.245
18270 +10.574
18280 +10.957
18290 +11.383
18300 +11.827
18310 +12.249
18320 +12.599
18330 +12.827
18340 +12.902
18350 +12.832
18360 +12.660
18370 +12.444
18380 +12.223
18390 +12.008
18400 +11.788
18410 +11.538
18420 +11.241
18430 +10.890
18440 +10.501
18450 +10.103
18460 +9.734
18470 +9.425
18480 +9.196
18490 +9.050
18500 +8.973
18510 +8.942
18520 +8.931
18530 +8.915
18540 +8.882
18550 +8.831
18560 +8.780
18570 +8.758
18580 +8.800
18590 +8.933
18600 +9.169
18610 +9.503
18620 +9.909
18630 +10.355
18640 +10.800
18650 +11.216
18660 +11.588
18670 +11.935
18680 +12.298
18690 +12.733
18700 +13.278
18710 +13.936
18720 +14.649
18730 +15.297
18740 +15.709
18750 +15.749
18760 +15.423
18770 +14.875
18780 +14.287
18790 +13.788
18800 +13.434
18810 +13.221
18820 +13.104
18830 +13.018
18840 +12.907
18850 +12.738
18860 +12.514
18870 +12.274
18880 +12.071
18890 +11.965
18900 +12.007
18910 +12.233
18920 +12.661
18930 +13.295
18940 +14.123
18950 +15.120
18960 +16.264
18970 +17.544
18980 +18.998
18990 +20.780
19000 +23.280
19010 +27.569
19020 +39.714
19030 +31.218
19040 +23.215
19050 +18.882
19060 +15.938
19070 +13.774
19080 +12.131
19090 +10.874
19100 +9.916
19110 +9.187
19120 +8.625
19130 +8.169
19140 +7.769
19150 +7.391
19160 +7.024
19170 +6.677
19180 +6.370
19190 +6.131
19200 +5.983
19210 +5.942
19220 +6.016
19230 +6.193
19240 +6.449
19250 +6.741
19260 +7.020
19270 +7.241
19280 +7.382
19290 +7.457
19300 +7.511
19310 +7.598
19320 +7.765
19330 +8.022
19340 +8.328
19350 +8.575
19360 +8.613
19370 +8.323
19380 +7.712
19390 +6.898
19400 +6.034
19410 +5.229
19420 +4.536
19430 +3.959
19440 +3.470
19450 +3.022
19460 +2.571
19470 +2.091
19480 +1.585
19490 +1.080
19500 +0.614
19510 +0.228
19520 -0.045
19530 -0.188
19540 -0.206
19550 -0.124
19560 +0.012
19570 +0.151
19580 +0.244
19590 +0.268
19600 +0.229
19610 +0.166
19620 +0.134
19630 +0.189
19640 +0.369
19650 +0.678
19660 +1.074
19670 +1.472
19680 +1.761
19690 +1.849
19700 +1.713
19710 +1.413
19720 +1.056
19730 +0.741
19740 +0.525
19750 +0.404
19760 +0.308
19770 +0.124
19780 -0.235
19790 -0.784
19800 -1.457
19810 -2.158
19820 -2.795
19830 -3.302
19840 -3.641
19850 -3.806
19860 -3.827
19870 -3.768
19880 -3.711
19890 -3.726
19900 -3.846
19910 -4.061
19920 -4.321
19930 -4.563
19940 -4.724
19950 -4.758
19960 -4.643
19970 -4.403
19980 -4.112
19990 -3.881
20000 -3.816
20010 -3.962
20020 -4.274
20030 -4.657
20040 -5.004
20050 -5.231
20060 -5.282
20070 -5.146
20080 -4.879
20090 -4.615
20100 -4.537
20110 -4.762
20120 -5.256
20130 -5.876
20140 -6.476
20150 -6.952
20160 -7.240
20170 -7.310
20180 -7.184
20190 -6.975
20200 -6.904
20210 -7.188
20220 -7.831
20230 -8.646
20240 -9.445
20250 -10.129
20260 -10.661
20270 -11.030
20280 -11.233
20290 -11.296
20300 -11.354
20310 -11.684
20320 -12.397
20330 -13.271
20340 -14.136
20350 -15.030
20360 -16.142
20370 -17.942
20380 -22.413
20390 -23.698
20400 -2.853
20410 -5.679
20420 -8.501
20430 -9.830
20440 -10.615
20450 -11.149
20460 -11.553
20470 -11.888
20480 -12.190
20490 -12.487
20500 -12.804
20510 -13.169
20520 -13.614
20530 -14.178
20540 -14.883
20550 -15.669
20560 -16.285
20570 -16.396
20580 -16.034
20590 -15.566
20600 -15.245
20610 -15.137
20620 -15.232
20630 -15.503
20640 -15.907
20650 -16.346
20660 -16.644
20670 -16.623
20680 -16.280
20690 -15.796
20700 -15.362
20710 -15.069
20720 -14.938
20730 -14.955
20740 -15.084
20750 -15.260
20760 -15.381
20770 -15.331
20780 -15.070
20790 -14.662
20800 -14.220
20810 -13.828
20820 -13.525
20830 -13.317
20840 -13.198
20850 -13.143
20860 -13.101
20870 -12.993
20880 -12.753
20890 -12.376
20900 -11.915
20910 -11.431
20920 -10.960
20930 -10.515
20940 -10.107
20950 -9.759
20960 -9.513
20970 -9.410
20980 -9.403
20990 -9.325
21000 -9.051
21010 -8.575
21020 -7.923
21030 -7.068
21040 -5.884
21050 -4.050
21060 -1.233
21070 -6.526
21080 -26.529
21090 -17.964
21100 -13.985
21110 -12.159
21120 -11.031
21130 -10.218
21140 -9.571
21150 -9.017
21160 -8.516
21170 -8.043
21180 -7.578
21190 -7.113
21200 -6.654
21210 -6.246
21220 -6.005
21230 -6.084
21240 -6.473
21250 -6.902
21260 -7.144
21270 -7.177
21280 -7.071
21290 -6.894
21300 -6.703
21310 -6.552
21320 -6.505
21330 -6.626
21340 -6.913
21350 -7.265
21360 -7.545
21370 -7.684
21380 -7.697
21390 -7.631
21400 -7.537
21410 -7.462
21420 -7.449
21430 -7.537
21440 -7.733
21450 -7.996
21460 -8.239
21470 -8.395
21480 -8.447
21490 -8.422
21500 -8.361
21510 -8.302
21520 -8.281
21530 -8.325
21540 -8.449
21550 -8.635
21560 -8.831
21570 -8.977
21580 -9.044
21590 -9.039
21600 -8.992
21610 -8.937
21620 -8.901
21630 -8.911
21640 -8.978
21650 -9.101
21660 -9.247
21670 -9.372
21680 -9.439
21690 -9.445
21700 -9.408
21710 -9.356
21720 -9.312
21730 -9.296
21740 -9.320
21750 -9.385
21760 -9.473
21770 -9.553
21780 -9.594
21790 -9.587
21800 -9.543
21810 -9.483
21820 -9.426
21830 -9.384
21840 -9.364
21850 -9.367
21860 -9.383
21870 -9.397
21880 -9.393
21890 -9.366
21900 -9.325
21910 -9.281
21920 -9.247
21930 -9.226
21940 -9.222
21950 -9.233
21960 -9.253
21970 -9.272
21980 -9.284
21990 -9.285
22000 -9.284
22010 -9.288
22020 -9.305
22030 -9.337
22040 -9.381
22050 -9.433
22060 -9.481
22070 -9.511
22080 -9.511
22090 -9.486
22100 -9.455
22110 -9.440
22120 -9.453
22130 -9.496
22140 -9.559
22150 -9.630
22160 -9.684
22170 -9.691
22180 -9.630
22190 -9.509
22200 -9.378
22210 -9.290
22220 -9.269
22230 -9.309
22240 -9.388
22250 -9.475
22260 -9.537
22270 -9.535
22280 -9.445
22290 -9.294
22300 -9.150
22310 -9.078
22320 -9.097
22330 -9.191
22340 -9.329
22350 -9.477
22360 -9.598
22370 -9.647
22380 -9.588
22390 -9.426
22400 -9.225
22410 -9.069
22420 -9.008
22430 -9.044
22440 -9.146
22450 -9.268
22460 -9.353
22470 -9.331
22480 -9.138
22490 -8.763
22500 -8.293
22510 -7.872
22520 -7.599
22530 -7.480
22540 -7.456
22550 -7.441
22560 -7.345
22570 -7.084
22580 -6.611
22590 -5.972
22600 -5.322
22610 -4.840
22620 -4.600
22630 -4.556
22640 -4.603
22650 -4.645
22660 -4.603
22670 -4.429
22680 -4.111
22690 -3.700
22700 -3.300
22710 -3.023
22720 -2.918
22730 -2.955
22740 -3.063
22750 -3.164
22760 -3.197
22770 -3.113
22780 -2.885
22790 -2.526
22800 -2.102
22810 -1.717
22820 -1.467
22830 -1.378
22840 -1.406
22850 -1.471
22860 -1.494
22870 -1.410
22880 -1.175
22890 -0.784
22900 -0.291
22910 +0.180
22920 +0.491
22930 +0.574
22940 +0.472
22950 +0.292
22960 +0.132
22970 +0.063
22980 +0.122
22990 +0.309
23000 +0.571
23010 +0.804
23020 +0.894
23030 +0.792
23040 +0.539
23050 +0.224
23060 -0.073
23070 -0.296
23080 -0.414
23090 -0.419
23100 -0.327
23110 -0.191
23120 -0.083
23130 -0.070
23140 -0.171
23150 -0.354
23160 -0.562
23170 -0.740
23180 -0.843
23190 -0.844
23200 -0.733
23210 -0.529
23220 -0.286
23230 -0.086
23240 +0.003
23250 -0.031
23260 -0.149
23270 -0.285
23280 -0.380
23290 -0.391
23300 -0.297
23310 -0.105
23320 +0.138
23330 +0.346
23340 +0.437
23350 +0.379
23360 +0.210
23370 +0.000
23380 -0.184
23390 -0.299
23400 -0.323
23410 -0.258
23420 -0.137
23430 -0.018
23440 +0.030
23450 -0.028
23460 -0.177
23470 -0.366
23480 -0.541
23490 -0.659
23500 -0.692
23510 -0.630
23520 -0.484
23530 -0.293
23540 -0.119
23550 -0.023
23560 -0.028
23570 -0.105
23580 -0.202
23590 -0.263
23600 -0.247
23610 -0.132
23620 +0.083
23630 +0.363
23640 +0.632
23650 +0.798
23660 +0.812
23670 +0.702
23680 +0.544
23690 +0.413
23700 +0.358
23710 +0.405
23720 +0.548
23730 +0.746
23740 +0.920
23750 +0.981
23760 +0.893
23770 +0.700
23780 +0.482
23790 +0.313
23800 +0.237
23810 +0.274
23820 +0.424
23830 +0.660
23840 +0.917
23850 +1.105
23860 +1.165
23870 +1.111
23880 +1.014
23890 +0.955
23900 +0.990
23910 +1.154
23920 +1.457
23930 +1.870
23940 +2.305
23950 +2.620
23960 +2.704
23970 +2.576
23980 +2.360
23990 +2.182
