00000 -2.029
00010 -1.794
00020 -1.237
00030 -0.624
00040 -0.132
00050 +0.177
00060 +0.295
00070 +0.244
00080 +0.061
00090 -0.192
00100 -0.414
00110 -0.488
00120 -0.345
00130 -0.022
00140 +0.368
00150 +0.720
00160 +0.978
00170 +1.127
00180 +1.182
00190 +1.177
00200 +1.159
00210 +1.179
00220 +1.276
00230 +1.454
00240 +1.683
00250 +1.916
00260 +2.112
00270 +2.248
00280 +2.321
00290 +2.343
00300 +2.337
00310 +2.330
00320 +2.349
00330 +2.408
00340 +2.503
00350 +2.614
00360 +2.715
00370 +2.785
00380 +2.815
00390 +2.804
00400 +2.764
00410 +2.715
00420 +2.677
00430 +2.666
00440 +2.687
00450 +2.732
00460 +2.784
00470 +2.823
00480 +2.836
00490 +2.820
00500 +2.780
00510 +2.731
00520 +2.689
00530 +2.671
00540 +2.684
00550 +2.723
00560 +2.777
00570 +2.829
00580 +2.866
00590 +2.884
00600 +2.886
00610 +2.882
00620 +2.888
00630 +2.915
00640 +2.969
00650 +3.049
00660 +3.144
00670 +3.243
00680 +3.333
00690 +3.410
00700 +3.474
00710 +3.529
00720 +3.583
00730 +3.643
00740 +3.714
00750 +3.795
00760 +3.882
00770 +3.968
00780 +4.043
00790 +4.102
00800 +4.141
00810 +4.162
00820 +4.171
00830 +4.178
00840 +4.192
00850 +4.217
00860 +4.254
00870 +4.297
00880 +4.339
00890 +4.371
00900 +4.389
00910 +4.394
00920 +4.391
00930 +4.389
00940 +4.395
00950 +4.416
00960 +4.451
00970 +4.496
00980 +4.542
00990 +4.580
01000 +4.605
01010 +4.617
01020 +4.620
01030 +4.619
01040 +4.622
01050 +4.632
01060 +4.650
01070 +4.670
01080 +4.686
01090 +4.692
01100 +4.682
01110 +4.656
01120 +4.616
01130 +4.565
01140 +4.510
01150 +4.454
01160 +4.401
01170 +4.349
01180 +4.298
01190 +4.243
01200 +4.182
01210 +4.113
01220 +4.036
01230 +3.954
01240 +3.872
01250 +3.795
01260 +3.727
01270 +3.672
01280 +3.629
01290 +3.596
01300 +3.568
01310 +3.541
01320 +3.512
01330 +3.481
01340 +3.452
01350 +3.431
01360 +3.425
01370 +3.437
01380 +3.469
01390 +3.520
01400 +3.583
01410 +3.654
01420 +3.728
01430 +3.808
01440 +3.896
01450 +4.000
01460 +4.127
01470 +4.282
01480 +4.464
01490 +4.669
01500 +4.885
01510 +5.098
01520 +5.293
01530 +5.456
01540 +5.578
01550 +5.651
01560 +5.674
01570 +5.647
01580 +5.573
01590 +5.458
01600 +5.308
01610 +5.133
01620 +4.939
01630 +4.735
01640 +4.529
01650 +4.330
01660 +4.144
01670 +3.978
01680 +3.833
01690 +3.709
01700 +3.603
01710 +3.509
01720 +3.419
01730 +3.332
01740 +3.244
01750 +3.159
01760 +3.081
01770 +3.015
01780 +2.965
01790 +2.931
01800 +2.909
01810 +2.895
01820 +2.881
01830 +2.864
01840 +2.844
01850 +2.822
01860 +2.805
01870 +2.800
01880 +2.811
01890 +2.840
01900 +2.884
01910 +2.938
01920 +2.995
01930 +3.051
01940 +3.106
01950 +3.161
01960 +3.223
01970 +3.296
01980 +3.382
01990 +3.481
02000 +3.586
02010 +3.688
02020 +3.780
02030 +3.856
02040 +3.912
02050 +3.949
02060 +3.971
02070 +3.981
02080 +3.981
02090 +3.971
02100 +3.952
02110 +3.921
02120 +3.876
02130 +3.818
02140 +3.747
02150 +3.666
02160 +3.578
02170 +3.488
02180 +3.401
02190 +3.319
02200 +3.244
02210 +3.176
02220 +3.113
02230 +3.053
02240 +2.995
02250 +2.939
02260 +2.888
02270 +2.847
02280 +2.819
02290 +2.810
02300 +2.823
02310 +2.856
02320 +2.910
02330 +2.981
02340 +3.066
02350 +3.164
02360 +3.275
02370 +3.401
02380 +3.544
02390 +3.705
02400 +3.883
02410 +4.073
02420 +4.270
02430 +4.466
02440 +4.654
02450 +4.831
02460 +4.993
02470 +5.140
02480 +5.274
02490 +5.395
02500 +5.505
02510 +5.602
02520 +5.685
02530 +5.751
02540 +5.798
02550 +5.824
02560 +5.832
02570 +5.823
02580 +5.801
02590 +5.769
02600 +5.731
02610 +5.686
02620 +5.635
02630 +5.577
02640 +5.509
02650 +5.431
02660 +5.343
02670 +5.246
02680 +5.143
02690 +5.035
02700 +4.927
02710 +4.820
02720 +4.714
02730 +4.611
02740 +4.510
02750 +4.412
02760 +4.319
02770 +4.235
02780 +4.163
02790 +4.110
02800 +4.082
02810 +4.083
02820 +4.117
02830 +4.185
02840 +4.284
02850 +4.412
02860 +4.562
02870 +4.727
02880 +4.902
02890 +5.081
02900 +5.259
02910 +5.433
02920 +5.598
02930 +5.752
02940 +5.892
02950 +6.015
02960 +6.120
02970 +6.205
02980 +6.271
02990 +6.320
03000 +6.353
03010 +6.375
03020 +6.387
03030 +6.392
03040 +6.391
03050 +6.383
03060 +6.368
03070 +6.345
03080 +6.313
03090 +6.274
03100 +6.227
03110 +6.178
03120 +6.126
03130 +6.075
03140 +6.026
03150 +5.977
03160 +5.927
03170 +5.875
03180 +5.820
03190 +5.763
03200 +5.704
03210 +5.647
03220 +5.593
03230 +5.544
03240 +5.503
03250 +5.468
03260 +5.440
03270 +5.416
03280 +5.396
03290 +5.378
03300 +5.365
03310 +5.356
03320 +5.353
03330 +5.357
03340 +5.368
03350 +5.387
03360 +5.410
03370 +5.437
03380 +5.464
03390 +5.491
03400 +5.515
03410 +5.536
03420 +5.557
03430 +5.576
03440 +5.596
03450 +5.616
03460 +5.636
03470 +5.654
03480 +5.668
03490 +5.677
03500 +5.681
03510 +5.679
03520 +5.673
03530 +5.663
03540 +5.651
03550 +5.639
03560 +5.626
03570 +5.611
03580 +5.594
03590 +5.573
03600 +5.548
03610 +5.517
03620 +5.483
03630 +5.445
03640 +5.406
03650 +5.366
03660 +5.327
03670 +5.289
03680 +5.250
03690 +5.210
03700 +5.168
03710 +5.124
03720 +5.077
03730 +5.030
03740 +4.984
03750 +4.940
03760 +4.900
03770 +4.865
03780 +4.835
03790 +4.809
03800 +4.788
03810 +4.771
03820 +4.759
03830 +4.752
03840 +4.751
03850 +4.757
03860 +4.773
03870 +4.797
03880 +4.830
03890 +4.871
03900 +4.917
03910 +4.967
03920 +5.018
03930 +5.068
03940 +5.117
03950 +5.163
03960 +5.206
03970 +5.246
03980 +5.283
03990 +5.316
04000 +5.344
04010 +5.365
04020 +5.379
04030 +5.384
04040 +5.380
04050 +5.369
04060 +5.351
04070 +5.330
04080 +5.306
04090 +5.281
04100 +5.255
04110 +5.227
04120 +5.198
04130 +5.167
04140 +5.133
04150 +5.099
04160 +5.064
04170 +5.032
04180 +5.004
04190 +4.981
04200 +4.964
04210 +4.953
04220 +4.946
04230 +4.943
04240 +4.942
04250 +4.945
04260 +4.950
04270 +4.959
04280 +4.972
04290 +4.992
04300 +5.017
04310 +5.048
04320 +5.082
04330 +5.119
04340 +5.155
04350 +5.191
04360 +5.225
04370 +5.257
04380 +5.289
04390 +5.321
04400 +5.354
04410 +5.387
04420 +5.419
04430 +5.450
04440 +5.478
04450 +5.500
04460 +5.517
04470 +5.529
04480 +5.537
04490 +5.542
04500 +5.546
04510 +5.549
04520 +5.551
04530 +5.552
04540 +5.551
04550 +5.546
04560 +5.537
04570 +5.524
04580 +5.509
04590 +5.492
04600 +5.475
04610 +5.460
04620 +5.448
04630 +5.438
04640 +5.430
04650 +5.421
04660 +5.413
04670 +5.404
04680 +5.394
04690 +5.384
04700 +5.377
04710 +5.373
04720 +5.373
04730 +5.377
04740 +5.384
04750 +5.393
04760 +5.402
04770 +5.409
04780 +5.415
04790 +5.419
04800 +5.423
04810 +5.427
04820 +5.432
04830 +5.439
04840 +5.447
04850 +5.454
04860 +5.460
04870 +5.463
04880 +5.462
04890 +5.457
04900 +5.448
04910 +5.438
04920 +5.429
04930 +5.420
04940 +5.413
04950 +5.407
04960 +5.402
04970 +5.396
04980 +5.389
04990 +5.379
05000 +5.369
05010 +5.360
05020 +5.354
05030 +5.353
05040 +5.357
05050 +5.366
05060 +5.380
05070 +5.398
05080 +5.418
05090 +5.439
05100 +5.462
05110 +5.487
05120 +5.516
05130 +5.550
05140 +5.590
05150 +5.635
05160 +5.686
05170 +5.739
05180 +5.794
05190 +5.849
05200 +5.903
05210 +5.957
05220 +6.010
05230 +6.064
05240 +6.120
05250 +6.178
05260 +6.237
05270 +6.296
05280 +6.354
05290 +6.409
05300 +6.460
05310 +6.506
05320 +6.548
05330 +6.588
05340 +6.626
05350 +6.663
05360 +6.700
05370 +6.735
05380 +6.768
05390 +6.798
05400 +6.824
05410 +6.845
05420 +6.862
05430 +6.876
05440 +6.888
05450 +6.900
05460 +6.912
05470 +6.925
05480 +6.938
05490 +6.949
05500 +6.960
05510 +6.967
05520 +6.973
05530 +6.976
05540 +6.979
05550 +6.982
05560 +6.987
05570 +6.993
05580 +7.001
05590 +7.009
05600 +7.018
05610 +7.025
05620 +7.031
05630 +7.035
05640 +7.038
05650 +7.040
05660 +7.044
05670 +7.049
05680 +7.057
05690 +7.066
05700 +7.075
05710 +7.085
05720 +7.093
05730 +7.100
05740 +7.105
05750 +7.111
05760 +7.116
05770 +7.124
05780 +7.133
05790 +7.145
05800 +7.158
05810 +7.172
05820 +7.186
05830 +7.199
05840 +7.210
05850 +7.220
05860 +7.231
05870 +7.241
05880 +7.253
05890 +7.267
05900 +7.281
05910 +7.296
05920 +7.310
05930 +7.322
05940 +7.333
05950 +7.341
05960 +7.347
05970 +7.351
05980 +7.356
05990 +7.361
06000 +7.366
06010 +7.371
06020 +7.376
06030 +7.379
06040 +7.381
06050 +7.381
06060 +7.379
06070 +7.375
06080 +7.372
06090 +7.369
06100 +7.368
06110 +7.368
06120 +7.370
06130 +7.372
06140 +7.376
06150 +7.379
06160 +7.382
06170 +7.386
06180 +7.391
06190 +7.398
06200 +7.408
06210 +7.422
06220 +7.439
06230 +7.459
06240 +7.481
06250 +7.505
06260 +7.531
06270 +7.558
06280 +7.585
06290 +7.614
06300 +7.645
06310 +7.677
06320 +7.712
06330 +7.748
06340 +7.785
06350 +7.822
06360 +7.859
06370 +7.894
06380 +7.927
06390 +7.957
06400 +7.986
06410 +8.014
06420 +8.041
06430 +8.067
06440 +8.092
06450 +8.117
06460 +8.140
06470 +8.161
06480 +8.179
06490 +8.195
06500 +8.207
06510 +8.218
06520 +8.228
06530 +8.238
06540 +8.248
06550 +8.258
06560 +8.268
06570 +8.279
06580 +8.288
06590 +8.295
06600 +8.301
06610 +8.305
06620 +8.309
06630 +8.313
06640 +8.318
06650 +8.325
06660 +8.334
06670 +8.343
06680 +8.353
06690 +8.362
06700 +8.369
06710 +8.374
06720 +8.379
06730 +8.383
06740 +8.387
06750 +8.393
06760 +8.400
06770 +8.409
06780 +8.418
06790 +8.427
06800 +8.434
06810 +8.440
06820 +8.443
06830 +8.446
06840 +8.447
06850 +8.450
06860 +8.454
06870 +8.460
06880 +8.468
06890 +8.477
06900 +8.485
06910 +8.492
06920 +8.497
06930 +8.500
06940 +8.501
06950 +8.503
06960 +8.507
06970 +8.512
06980 +8.520
06990 +8.530
07000 +8.539
07010 +8.548
07020 +8.553
07030 +8.556
07040 +8.557
07050 +8.555
07060 +8.554
07070 +8.553
07080 +8.554
07090 +8.558
07100 +8.562
07110 +8.565
07120 +8.566
07130 +8.564
07140 +8.559
07150 +8.552
07160 +8.543
07170 +8.536
07180 +8.533
07190 +8.533
07200 +8.537
07210 +8.543
07220 +8.550
07230 +8.557
07240 +8.562
07250 +8.565
07260 +8.569
07270 +8.575
07280 +8.585
07290 +8.602
07300 +8.625
07310 +8.654
07320 +8.686
07330 +8.719
07340 +8.750
07350 +8.779
07360 +8.806
07370 +8.834
07380 +8.863
07390 +8.897
07400 +8.936
07410 +8.979
07420 +9.024
07430 +9.067
07440 +9.106
07450 +9.137
07460 +9.160
07470 +9.178
07480 +9.193
07490 +9.208
07500 +9.225
07510 +9.243
07520 +9.263
07530 +9.280
07540 +9.293
07550 +9.297
07560 +9.295
07570 +9.286
07580 +9.274
07590 +9.264
07600 +9.259
07610 +9.260
07620 +9.267
07630 +9.279
07640 +9.292
07650 +9.304
07660 +9.313
07670 +9.320
07680 +9.328
07690 +9.340
07700 +9.361
07710 +9.394
07720 +9.437
07730 +9.491
07740 +9.551
07750 +9.612
07760 +9.672
07770 +9.729
07780 +9.784
07790 +9.840
07800 +9.899
07810 +9.966
07820 +10.039
07830 +10.117
07840 +10.196
07850 +10.269
07860 +10.333
07870 +10.384
07880 +10.423
07890 +10.453
07900 +10.478
07910 +10.500
07920 +10.523
07930 +10.547
07940 +10.569
07950 +10.587
07960 +10.596
07970 +10.595
07980 +10.584
07990 +10.566
08000 +10.545
08010 +10.526
08020 +10.514
08030 +10.510
08040 +10.513
08050 +10.521
08060 +10.530
08070 +10.537
08080 +10.540
08090 +10.540
08100 +10.541
08110 +10.545
08120 +10.558
08130 +10.581
08140 +10.614
08150 +10.655
08160 +10.698
08170 +10.739
08180 +10.773
08190 +10.801
08200 +10.822
08210 +10.840
08220 +10.858
08230 +10.880
08240 +10.905
08250 +10.932
08260 +10.957
08270 +10.976
08280 +10.983
08290 +10.979
08300 +10.962
08310 +10.938
08320 +10.910
08330 +10.882
08340 +10.857
08350 +10.837
08360 +10.819
08370 +10.800
08380 +10.777
08390 +10.749
08400 +10.714
08410 +10.677
08420 +10.640
08430 +10.610
08440 +10.589
08450 +10.581
08460 +10.585
08470 +10.598
08480 +10.617
08490 +10.638
08500 +10.660
08510 +10.682
08520 +10.708
08530 +10.742
08540 +10.786
08550 +10.843
08560 +10.913
08570 +10.992
08580 +11.075
08590 +11.157
08600 +11.233
08610 +11.301
08620 +11.362
08630 +11.417
08640 +11.470
08650 +11.523
08660 +11.575
08670 +11.624
08680 +11.667
08690 +11.698
08700 +11.714
08710 +11.714
08720 +11.698
08730 +11.670
08740 +11.633
08750 +11.592
08760 +11.549
08770 +11.505
08780 +11.459
08790 +11.409
08800 +11.352
08810 +11.287
08820 +11.215
08830 +11.138
08840 +11.060
08850 +10.984
08860 +10.915
08870 +10.853
08880 +10.799
08890 +10.752
08900 +10.709
08910 +10.668
08920 +10.627
08930 +10.588
08940 +10.552
08950 +10.523
08960 +10.502
08970 +10.492
08980 +10.493
08990 +10.503
09000 +10.519
09010 +10.539
09020 +10.558
09030 +10.575
09040 +10.590
09050 +10.604
09060 +10.618
09070 +10.633
09080 +10.651
09090 +10.669
09100 +10.684
09110 +10.694
09120 +10.696
09130 +10.687
09140 +10.668
09150 +10.639
09160 +10.602
09170 +10.559
09180 +10.514
09190 +10.466
09200 +10.415
09210 +10.360
09220 +10.300
09230 +10.232
09240 +10.157
09250 +10.076
09260 +9.991
09270 +9.903
09280 +9.816
09290 +9.731
09300 +9.648
09310 +9.567
09320 +9.486
09330 +9.405
09340 +9.321
09350 +9.234
09360 +9.146
09370 +9.058
09380 +8.971
09390 +8.888
09400 +8.808
09410 +8.732
09420 +8.658
09430 +8.585
09440 +8.512
09450 +8.436
09460 +8.358
09470 +8.278
09480 +8.199
09490 +8.120
09500 +8.044
09510 +7.970
09520 +7.897
09530 +7.825
09540 +7.751
09550 +7.676
09560 +7.598
09570 +7.517
09580 +7.434
09590 +7.352
09600 +7.270
09610 +7.190
09620 +7.113
09630 +7.037
09640 +6.962
09650 +6.886
09660 +6.810
09670 +6.733
09680 +6.655
09690 +6.577
09700 +6.501
09710 +6.428
09720 +6.358
09730 +6.291
09740 +6.226
09750 +6.164
09760 +6.101
09770 +6.039
09780 +5.977
09790 +5.915
09800 +5.854
09810 +5.794
09820 +5.738
09830 +5.684
09840 +5.632
09850 +5.582
09860 +5.532
09870 +5.481
09880 +5.430
09890 +5.377
09900 +5.324
09910 +5.270
09920 +5.217
09930 +5.165
09940 +5.114
09950 +5.064
09960 +5.013
09970 +4.961
09980 +4.908
09990 +4.853
10000 +4.796
10010 +4.738
10020 +4.680
10030 +4.622
10040 +4.565
10050 +4.508
10060 +4.453
10070 +4.397
10080 +4.341
10090 +4.284
10100 +4.227
10110 +4.169
10120 +4.111
10130 +4.054
10140 +3.999
10150 +3.946
10160 +3.896
10170 +3.847
10180 +3.799
10190 +3.752
10200 +3.707
10210 +3.661
10220 +3.617
10230 +3.575
10240 +3.535
10250 +3.498
10260 +3.464
10270 +3.434
10280 +3.406
10290 +3.382
10300 +3.359
10310 +3.337
10320 +3.317
10330 +3.300
10340 +3.285
10350 +3.273
10360 +3.264
10370 +3.260
10380 +3.258
10390 +3.260
10400 +3.264
10410 +3.269
10420 +3.275
10430 +3.282
10440 +3.291
10450 +3.300
10460 +3.311
10470 +3.325
10480 +3.340
10490 +3.356
10500 +3.373
10510 +3.390
10520 +3.406
10530 +3.421
10540 +3.434
10550 +3.446
10560 +3.458
10570 +3.470
10580 +3.482
10590 +3.495
10600 +3.508
10610 +3.521
10620 +3.532
10630 +3.543
10640 +3.551
10650 +3.559
10660 +3.566
10670 +3.573
10680 +3.581
10690 +3.590
10700 +3.601
10710 +3.613
10720 +3.625
10730 +3.637
10740 +3.648
10750 +3.658
10760 +3.668
10770 +3.678
10780 +3.690
10790 +3.703
10800 +3.719
10810 +3.736
10820 +3.755
10830 +3.774
10840 +3.792
10850 +3.809
10860 +3.826
10870 +3.843
10880 +3.860
10890 +3.879
10900 +3.899
10910 +3.922
10920 +3.946
10930 +3.971
10940 +3.996
10950 +4.021
10960 +4.044
10970 +4.068
10980 +4.092
10990 +4.117
11000 +4.145
11010 +4.175
11020 +4.209
11030 +4.245
11040 +4.283
11050 +4.322
11060 +4.362
11070 +4.402
11080 +4.444
11090 +4.487
11100 +4.534
11110 +4.586
11120 +4.641
11130 +4.700
11140 +4.763
11150 +4.828
11160 +4.894
11170 +4.961
11180 +5.029
11190 +5.099
11200 +5.170
11210 +5.244
11220 +5.322
11230 +5.403
11240 +5.486
11250 +5.571
11260 +5.655
11270 +5.739
11280 +5.820
11290 +5.899
11300 +5.978
11310 +6.055
11320 +6.132
11330 +6.210
11340 +6.286
11350 +6.362
11360 +6.434
11370 +6.502
11380 +6.564
11390 +6.620
11400 +6.671
11410 +6.717
11420 +6.760
11430 +6.800
11440 +6.838
11450 +6.872
11460 +6.903
11470 +6.930
11480 +6.951
11490 +6.966
11500 +6.976
11510 +6.983
11520 +6.987
11530 +6.991
11540 +6.995
11550 +7.001
11560 +7.007
11570 +7.014
11580 +7.021
11590 +7.026
11600 +7.030
11610 +7.035
11620 +7.040
11630 +7.049
11640 +7.061
11650 +7.077
11660 +7.098
11670 +7.122
11680 +7.148
11690 +7.176
11700 +7.203
11710 +7.230
11720 +7.257
11730 +7.286
11740 +7.318
11750 +7.352
11760 +7.389
11770 +7.429
11780 +7.470
11790 +7.510
11800 +7.549
11810 +7.584
11820 +7.617
11830 +7.648
11840 +7.679
11850 +7.709
11860 +7.741
11870 +7.773
11880 +7.805
11890 +7.836
11900 +7.864
11910 +7.889
11920 +7.909
11930 +7.926
11940 +7.941
11950 +7.955
11960 +7.970
11970 +7.987
11980 +8.005
11990 +8.024
12000 +8.042
12010 +8.058
12020 +8.072
12030 +8.083
12040 +8.094
12050 +8.105
12060 +8.118
12070 +8.134
12080 +8.154
12090 +8.177
12100 +8.202
12110 +8.227
12120 +8.251
12130 +8.273
12140 +8.293
12150 +8.313
12160 +8.335
12170 +8.358
12180 +8.384
12190 +8.413
12200 +8.442
12210 +8.471
12220 +8.496
12230 +8.518
12240 +8.536
12250 +8.550
12260 +8.561
12270 +8.571
12280 +8.582
12290 +8.592
12300 +8.602
12310 +8.610
12320 +8.615
12330 +8.615
12340 +8.610
12350 +8.599
12360 +8.585
12370 +8.569
12380 +8.553
12390 +8.537
12400 +8.522
12410 +8.507
12420 +8.491
12430 +8.472
12440 +8.451
12450 +8.425
12460 +8.398
12470 +8.370
12480 +8.342
12490 +8.317
12500 +8.295
12510 +8.275
12520 +8.257
12530 +8.239
12540 +8.221
12550 +8.201
12560 +8.181
12570 +8.159
12580 +8.139
12590 +8.122
12600 +8.108
12610 +8.097
12620 +8.089
12630 +8.083
12640 +8.078
12650 +8.071
12660 +8.063
12670 +8.054
12680 +8.043
12690 +8.033
12700 +8.025
12710 +8.019
12720 +8.014
12730 +8.011
12740 +8.007
12750 +8.002
12760 +7.994
12770 +7.982
12780 +7.968
12790 +7.951
12800 +7.933
12810 +7.916
12820 +7.901
12830 +7.886
12840 +7.872
12850 +7.856
12860 +7.839
12870 +7.818
12880 +7.794
12890 +7.768
12900 +7.741
12910 +7.714
12920 +7.690
12930 +7.668
12940 +7.648
12950 +7.629
12960 +7.610
12970 +7.590
12980 +7.568
12990 +7.545
13000 +7.522
13010 +7.499
13020 +7.479
13030 +7.462
13040 +7.448
13050 +7.438
13060 +7.430
13070 +7.422
13080 +7.414
13090 +7.406
13100 +7.397
13110 +7.387
13120 +7.380
13130 +7.375
13140 +7.374
13150 +7.376
13160 +7.381
13170 +7.388
13180 +7.395
13190 +7.400
13200 +7.403
13210 +7.405
13220 +7.405
13230 +7.405
13240 +7.408
13250 +7.413
13260 +7.421
13270 +7.429
13280 +7.437
13290 +7.443
13300 +7.446
13310 +7.444
13320 +7.440
13330 +7.434
13340 +7.429
13350 +7.425
13360 +7.423
13370 +7.423
13380 +7.424
13390 +7.424
13400 +7.421
13410 +7.415
13420 +7.405
13430 +7.394
13440 +7.383
13450 +7.373
13460 +7.367
13470 +7.364
13480 +7.364
13490 +7.366
13500 +7.368
13510 +7.368
13520 +7.366
13530 +7.363
13540 +7.360
13550 +7.359
13560 +7.361
13570 +7.368
13580 +7.379
13590 +7.395
13600 +7.411
13610 +7.427
13620 +7.441
13630 +7.452
13640 +7.460
13650 +7.468
13660 +7.477
13670 +7.489
13680 +7.503
13690 +7.520
13700 +7.537
13710 +7.551
13720 +7.561
13730 +7.566
13740 +7.565
13750 +7.559
13760 +7.550
13770 +7.542
13780 +7.534
13790 +7.527
13800 +7.520
13810 +7.511
13820 +7.499
13830 +7.482
13840 +7.459
13850 +7.432
13860 +7.402
13870 +7.373
13880 +7.345
13890 +7.321
13900 +7.301
13910 +7.284
13920 +7.269
13930 +7.255
13940 +7.239
13950 +7.221
13960 +7.203
13970 +7.186
13980 +7.174
13990 +7.168
14000 +7.169
14010 +7.178
14020 +7.193
14030 +7.209
14040 +7.226
14050 +7.240
14060 +7.252
14070 +7.262
14080 +7.274
14090 +7.288
14100 +7.308
14110 +7.332
14120 +7.360
14130 +7.389
14140 +7.414
14150 +7.433
14160 +7.445
14170 +7.450
14180 +7.451
14190 +7.450
14200 +7.450
14210 +7.452
14220 +7.456
14230 +7.459
14240 +7.460
14250 +7.454
14260 +7.442
14270 +7.422
14280 +7.397
14290 +7.370
14300 +7.345
14310 +7.325
14320 +7.311
14330 +7.303
14340 +7.299
14350 +7.296
14360 +7.293
14370 +7.289
14380 +7.283
14390 +7.279
14400 +7.281
14410 +7.291
14420 +7.313
14430 +7.345
14440 +7.387
14450 +7.433
14460 +7.481
14470 +7.526
14480 +7.568
14490 +7.607
14500 +7.647
14510 +7.691
14520 +7.740
14530 +7.794
14540 +7.851
14550 +7.908
14560 +7.960
14570 +8.001
14580 +8.031
14590 +8.050
14600 +8.059
14610 +8.060
14620 +8.056
14630 +8.048
14640 +8.035
14650 +8.015
14660 +7.983
14670 +7.938
14680 +7.877
14690 +7.799
14700 +7.708
14710 +7.607
14720 +7.499
14730 +7.388
14740 +7.278
14750 +7.170
14760 +7.063
14770 +6.957
14780 +6.852
14790 +6.746
14800 +6.642
14810 +6.542
14820 +6.451
14830 +6.372
14840 +6.310
14850 +6.265
14860 +6.238
14870 +6.225
14880 +6.223
14890 +6.228
14900 +6.238
14910 +6.252
14920 +6.273
14930 +6.302
14940 +6.342
14950 +6.395
14960 +6.460
14970 +6.534
14980 +6.614
14990 +6.694
15000 +6.772
15010 +6.846
15020 +6.916
15030 +6.984
15040 +7.054
15050 +7.126
15060 +7.204
15070 +7.285
15080 +7.368
15090 +7.447
15100 +7.517
15110 +7.576
15120 +7.621
15130 +7.655
15140 +7.681
15150 +7.703
15160 +7.724
15170 +7.747
15180 +7.769
15190 +7.787
15200 +7.797
15210 +7.794
15220 +7.778
15230 +7.752
15240 +7.719
15250 +7.686
15260 +7.660
15270 +7.642
15280 +7.633
15290 +7.631
15300 +7.630
15310 +7.627
15320 +7.619
15330 +7.608
15340 +7.597
15350 +7.590
15360 +7.593
15370 +7.609
15380 +7.637
15390 +7.676
15400 +7.722
15410 +7.769
15420 +7.816
15430 +7.859
15440 +7.900
15450 +7.941
15460 +7.988
15470 +8.042
15480 +8.106
15490 +8.180
15500 +8.259
15510 +8.340
15520 +8.416
15530 +8.484
15540 +8.540
15550 +8.587
15560 +8.628
15570 +8.666
15580 +8.707
15590 +8.751
15600 +8.795
15610 +8.835
15620 +8.865
15630 +8.880
15640 +8.877
15650 +8.859
15660 +8.830
15670 +8.796
15680 +8.763
15690 +8.735
15700 +8.711
15710 +8.689
15720 +8.663
15730 +8.629
15740 +8.586
15750 +8.534
15760 +8.479
15770 +8.424
15780 +8.376
15790 +8.339
15800 +8.315
15810 +8.301
15820 +8.294
15830 +8.291
15840 +8.287
15850 +8.281
15860 +8.275
15870 +8.273
15880 +8.279
15890 +8.298
15900 +8.331
15910 +8.379
15920 +8.438
15930 +8.502
15940 +8.566
15950 +8.624
15960 +8.676
15970 +8.721
15980 +8.765
15990 +8.811
16000 +8.862
16010 +8.917
16020 +8.974
16030 +9.027
16040 +9.069
16050 +9.096
16060 +9.106
16070 +9.101
16080 +9.085
16090 +9.064
16100 +9.041
16110 +9.019
16120 +8.996
16130 +8.971
16140 +8.939
16150 +8.897
16160 +8.844
16170 +8.781
16180 +8.711
16190 +8.639
16200 +8.570
16210 +8.507
16220 +8.451
16230 +8.403
16240 +8.360
16250 +8.321
16260 +8.281
16270 +8.239
16280 +8.197
16290 +8.157
16300 +8.122
16310 +8.099
16320 +8.089
16330 +8.093
16340 +8.108
16350 +8.127
16360 +8.145
16370 +8.156
16380 +8.158
16390 +8.151
16400 +8.139
16410 +8.126
16420 +8.115
16430 +8.107
16440 +8.096
16450 +8.079
16460 +8.050
16470 +8.004
16480 +7.940
16490 +7.862
16500 +7.774
16510 +7.682
16520 +7.590
16530 +7.500
16540 +7.412
16550 +7.325
16560 +7.235
16570 +7.140
16580 +7.042
16590 +6.941
16600 +6.841
16610 +6.748
16620 +6.668
16630 +6.604
16640 +6.559
16650 +6.533
16660 +6.523
16670 +6.524
16680 +6.534
16690 +6.550
16700 +6.571
16710 +6.601
16720 +6.643
16730 +6.701
16740 +6.775
16750 +6.862
16760 +6.956
16770 +7.048
16780 +7.133
16790 +7.205
16800 +7.264
16810 +7.312
16820 +7.355
16830 +7.396
16840 +7.437
16850 +7.475
16860 +7.506
16870 +7.523
16880 +7.520
16890 +7.495
16900 +7.449
16910 +7.385
16920 +7.309
16930 +7.225
16940 +7.136
16950 +7.044
16960 +6.946
16970 +6.839
16980 +6.719
16990 +6.586
17000 +6.443
17010 +6.295
17020 +6.152
17030 +6.025
17040 +5.925
17050 +5.864
17060 +5.847
17070 +5.877
17080 +5.954
17090 +6.072
17100 +6.228
17110 +6.419
17120 +6.645
17130 +6.904
17140 +7.194
17150 +7.508
17160 +7.830
17170 +8.145
17180 +8.433
17190 +8.681
17200 +8.879
17210 +9.029
17220 +9.136
17230 +9.209
17240 +9.256
17250 +9.279
17260 +9.276
17270 +9.242
17280 +9.168
17290 +9.052
17300 +8.892
17310 +8.694
17320 +8.469
17330 +8.229
17340 +7.988
17350 +7.757
17360 +7.548
17370 +7.370
17380 +7.231
17390 +7.139
17400 +7.104
17410 +7.138
17420 +7.253
17430 +7.463
17440 +7.776
17450 +8.187
17460 +8.683
17470 +9.232
17480 +9.799
17490 +10.347
17500 +10.853
17510 +11.302
17520 +11.698
17530 +12.050
17540 +12.368
17550 +12.662
17560 +12.930
17570 +13.164
17580 +13.355
17590 +13.490
17600 +13.568
17610 +13.592
17620 +13.576
17630 +13.537
17640 +13.492
17650 +13.455
17660 +13.436
17670 +13.438
17680 +13.462
17690 +13.504
17700 +13.564
17710 +13.644
17720 +13.754
17730 +13.906
17740 +14.118
17750 +14.408
17760 +14.791
17770 +15.273
17780 +15.851
17790 +16.506
17800 +17.211
17810 +17.930
17820 +18.632
17830 +19.299
17840 +19.930
17850 +20.538
17860 +21.139
17870 +21.733
17880 +22.297
17890 +22.776
17900 +23.105
17910 +23.241
17920 +23.190
17930 +23.005
17940 +22.759
17950 +22.509
17960 +22.286
17970 +22.091
17980 +21.903
17990 +21.695
18000 +21.443
18010 +21.143
18020 +20.809
18030 +20.469
18040 +20.152
18050 +19.882
18060 +19.673
18070 +19.527
18080 +19.434
18090 +19.378
18100 +19.339
18110 +19.304
18120 +19.267
18130 +19.236
18140 +19.228
18150 +19.263
18160 +19.360
18170 +19.526
18180 +19.753
18190 +20.018
18200 +20.283
18210 +20.507
18220 +20.661
18230 +20.740
18240 +20.766
18250 +20.772
18260 +20.791
18270 +20.843
18280 +20.928
18290 +21.024
18300 +21.099
18310 +21.119
18320 +21.066
18330 +20.945
18340 +20.786
18350 +20.624
18360 +20.490
18370 +20.403
18380 +20.364
18390 +20.357
18400 +20.355
18410 +20.331
18420 +20.264
18430 +20.152
18440 +20.012
18450 +19.870
18460 +19.756
18470 +19.689
18480 +19.677
18490 +19.716
18500 +19.785
18510 +19.856
18520 +19.898
18530 +19.894
18540 +19.841
18550 +19.759
18560 +19.673
18570 +19.613
18580 +19.594
18590 +19.617
18600 +19.665
18610 +19.707
18620 +19.708
18630 +19.645
18640 +19.518
18650 +19.348
18660 +19.169
18670 +19.015
18680 +18.906
18690 +18.845
18700 +18.818
18710 +18.798
18720 +18.753
18730 +18.658
18740 +18.509
18750 +18.319
18760 +18.119
18770 +17.938
18780 +17.798
18790 +17.705
18800 +17.651
18810 +17.611
18820 +17.559
18830 +17.468
18840 +17.327
18850 +17.146
18860 +16.945
18870 +16.752
18880 +16.590
18890 +16.469
18900 +16.386
18910 +16.323
18920 +16.257
18930 +16.162
18940 +16.024
18950 +15.842
18960 +15.633
18970 +15.421
18980 +15.228
18990 +15.067
19000 +14.940
19010 +14.836
19020 +14.735
19030 +14.615
19040 +14.458
19050 +14.258
19060 +14.025
19070 +13.777
19080 +13.534
19090 +13.313
19100 +13.119
19110 +12.948
19120 +12.785
19130 +12.611
19140 +12.409
19150 +12.170
19160 +11.895
19170 +11.598
19180 +11.296
19190 +11.006
19200 +10.741
19210 +10.501
19220 +10.283
19230 +10.074
19240 +9.861
19250 +9.634
19260 +9.389
19270 +9.133
19280 +8.882
19290 +8.654
19300 +8.464
19310 +8.322
19320 +8.226
19330 +8.167
19340 +8.127
19350 +8.087
19360 +8.031
19370 +7.952
19380 +7.854
19390 +7.750
19400 +7.652
19410 +7.570
19420 +7.507
19430 +7.452
19440 +7.391
19450 +7.303
19460 +7.172
19470 +6.990
19480 +6.762
19490 +6.503
19500 +6.229
19510 +5.955
19520 +5.688
19530 +5.425
19540 +5.156
19550 +4.864
19560 +4.539
19570 +4.174
19580 +3.777
19590 +3.361
19600 +2.951
19610 +2.566
19620 +2.224
19630 +1.933
19640 +1.694
19650 +1.503
19660 +1.358
19670 +1.254
19680 +1.194
19690 +1.180
19700 +1.215
19710 +1.298
19720 +1.424
19730 +1.583
19740 +1.761
19750 +1.944
19760 +2.116
19770 +2.264
19780 +2.376
19790 +2.450
19800 +2.486
19810 +2.492
19820 +2.477
19830 +2.446
19840 +2.402
19850 +2.340
19860 +2.253
19870 +2.133
19880 +1.974
19890 +1.778
19900 +1.552
19910 +1.311
19920 +1.069
19930 +0.836
19940 +0.618
19950 +0.416
19960 +0.232
19970 +0.068
19980 -0.066
19990 -0.158
20000 -0.198
20010 -0.177
20020 -0.094
20030 +0.043
20040 +0.226
20050 +0.445
20060 +0.693
20070 +0.964
20080 +1.249
20090 +1.540
20100 +1.823
20110 +2.089
20120 +2.328
20130 +2.536
20140 +2.713
20150 +2.861
20160 +2.986
20170 +3.089
20180 +3.170
20190 +3.229
20200 +3.262
20210 +3.267
20220 +3.243
20230 +3.195
20240 +3.129
20250 +3.050
20260 +2.968
20270 +2.886
20280 +2.811
20290 +2.745
20300 +2.689
20310 +2.644
20320 +2.609
20330 +2.583
20340 +2.565
20350 +2.556
20360 +2.560
20370 +2.580
20380 +2.621
20390 +2.686
20400 +2.774
20410 +2.882
20420 +3.003
20430 +3.128
20440 +3.252
20450 +3.370
20460 +3.482
20470 +3.592
20480 +3.706
20490 +3.828
20500 +3.960
20510 +4.098
20520 +4.236
20530 +4.362
20540 +4.467
20550 +4.543
20560 +4.591
20570 +4.613
20580 +4.617
20590 +4.607
20600 +4.589
20610 +4.562
20620 +4.523
20630 +4.466
20640 +4.387
20650 +4.288
20660 +4.174
20670 +4.057
20680 +3.951
20690 +3.869
20700 +3.821
20710 +3.810
20720 +3.836
20730 +3.890
20740 +3.962
20750 +4.042
20760 +4.122
20770 +4.200
20780 +4.276
20790 +4.354
20800 +4.439
20810 +4.534
20820 +4.638
20830 +4.750
20840 +4.863
20850 +4.969
20860 +5.060
20870 +5.133
20880 +5.188
20890 +5.228
20900 +5.262
20910 +5.296
20920 +5.337
20930 +5.387
20940 +5.441
20950 +5.494
20960 +5.535
20970 +5.557
20980 +5.557
20990 +5.537
21000 +5.505
21010 +5.469
21020 +5.439
21030 +5.421
21040 +5.414
21050 +5.414
21060 +5.409
21070 +5.391
21080 +5.353
21090 +5.297
21100 +5.230
21110 +5.161
21120 +5.105
21130 +5.069
21140 +5.058
21150 +5.069
21160 +5.093
21170 +5.119
21180 +5.140
21190 +5.151
21200 +5.155
21210 +5.162
21220 +5.180
21230 +5.216
21240 +5.273
21250 +5.349
21260 +5.435
21270 +5.519
21280 +5.590
21290 +5.640
21300 +5.667
21310 +5.676
21320 +5.673
21330 +5.669
21340 +5.670
21350 +5.679
21360 +5.695
21370 +5.710
21380 +5.712
21390 +5.692
21400 +5.646
21410 +5.573
21420 +5.483
21430 +5.384
21440 +5.289
21450 +5.205
21460 +5.135
21470 +5.075
21480 +5.016
21490 +4.947
21500 +4.860
21510 +4.754
21520 +4.635
21530 +4.513
21540 +4.401
21550 +4.310
21560 +4.247
21570 +4.210
21580 +4.192
21590 +4.182
21600 +4.170
21610 +4.148
21620 +4.117
21630 +4.083
21640 +4.056
21650 +4.043
21660 +4.053
21670 +4.086
21680 +4.138
21690 +4.197
21700 +4.253
21710 +4.294
21720 +4.315
21730 +4.316
21740 +4.305
21750 +4.291
21760 +4.285
21770 +4.294
21780 +4.318
21790 +4.354
21800 +4.388
21810 +4.409
21820 +4.407
21830 +4.380
21840 +4.332
21850 +4.275
21860 +4.221
21870 +4.182
21880 +4.165
21890 +4.167
21900 +4.179
21910 +4.187
21920 +4.181
21930 +4.154
21940 +4.109
21950 +4.054
21960 +4.001
21970 +3.964
21980 +3.950
21990 +3.960
22000 +3.986
22010 +4.018
22020 +4.044
22030 +4.053
22040 +4.043
22050 +4.018
22060 +3.984
22070 +3.952
22080 +3.934
22090 +3.932
22100 +3.948
22110 +3.975
22120 +4.000
22130 +4.012
22140 +4.003
22150 +3.970
22160 +3.918
22170 +3.857
22180 +3.799
22190 +3.756
22200 +3.734
22210 +3.731
22220 +3.738
22230 +3.741
22240 +3.728
22250 +3.693
22260 +3.638
22270 +3.570
22280 +3.504
22290 +3.455
22300 +3.432
22310 +3.438
22320 +3.465
22330 +3.500
22340 +3.531
22350 +3.547
22360 +3.545
22370 +3.530
22380 +3.513
22390 +3.507
22400 +3.522
22410 +3.563
22420 +3.626
22430 +3.703
22440 +3.780
22450 +3.845
22460 +3.889
22470 +3.913
22480 +3.919
22490 +3.920
22500 +3.925
22510 +3.946
22520 +3.985
22530 +4.040
22540 +4.100
22550 +4.153
22560 +4.186
22570 +4.192
22580 +4.172
22590 +4.134
22600 +4.091
22610 +4.059
22620 +4.046
22630 +4.056
22640 +4.081
22650 +4.110
22660 +4.126
22670 +4.120
22680 +4.089
22690 +4.037
22700 +3.979
22710 +3.929
22720 +3.900
22730 +3.899
22740 +3.921
22750 +3.956
22760 +3.990
22770 +4.010
22780 +4.010
22790 +3.990
22800 +3.957
22810 +3.925
22820 +3.905
22830 +3.905
22840 +3.928
22850 +3.968
22860 +4.015
22870 +4.056
22880 +4.079
22890 +4.080
22900 +4.060
22910 +4.025
22920 +3.988
22930 +3.962
22940 +3.955
22950 +3.968
22960 +3.998
22970 +4.031
22980 +4.054
22990 +4.057
23000 +4.034
23010 +3.989
23020 +3.932
23030 +3.878
23040 +3.841
23050 +3.827
23060 +3.836
23070 +3.859
23080 +3.880
23090 +3.887
23100 +3.869
23110 +3.825
23120 +3.762
23130 +3.693
23140 +3.630
23150 +3.583
23160 +3.555
23170 +3.543
23180 +3.533
23190 +3.514
23200 +3.474
23210 +3.406
23220 +3.311
23230 +3.194
23240 +3.066
23250 +2.940
23260 +2.822
23270 +2.718
23280 +2.624
23290 +2.532
23300 +2.430
23310 +2.307
23320 +2.156
23330 +1.979
23340 +1.782
23350 +1.579
23360 +1.386
23370 +1.216
23380 +1.076
23390 +0.962
23400 +0.866
23410 +0.775
23420 +0.677
23430 +0.569
23440 +0.456
23450 +0.354
23460 +0.281
23470 +0.254
23480 +0.284
23490 +0.367
23500 +0.493
23510 +0.641
23520 +0.797
23530 +0.949
23540 +1.094
23550 +1.238
23560 +1.391
23570 +1.563
23580 +1.760
23590 +1.979
23600 +2.214
23610 +2.449
23620 +2.672
23630 +2.868
23640 +3.031
23650 +3.159
23660 +3.259
23670 +3.341
23680 +3.414
23690 +3.485
23700 +3.558
23710 +3.625
23720 +3.677
23730 +3.699
23740 +3.680
23750 +3.616
23760 +3.508
23770 +3.368
23780 +3.211
23790 +3.053
23800 +2.903
23810 +2.765
23820 +2.630
23830 +2.487
23840 +2.324
23850 +2.132
23860 +1.917
23870 +1.689
23880 +1.468
23890 +1.274
23900 +1.122
23910 +1.014
23920 +0.943
23930 +0.894
23940 +0.849
23950 +0.795
23960 +0.727
23970 +0.652
23980 +0.581
23990 +0.530
