+0.002377563156864637 -0.000587297696512625
-0.000454502323205158 -0.002170861006013838
-0.006132313220033167 -0.002232067586224198
-0.001893030910727704 -0.003209959754076583
-0.006699508790245582 -0.002813023234115829
+0.001710446632951289 -0.001425358521521218
-0.003807750815405417 +0.000214277245370301
+0.002466631711152001 +0.002365235855259817
+0.000013884879779032 +0.000294381470568496
+0.000067338162440833 +0.001526050717234586
-0.002591634592101864 -0.000857916792837067
+0.001105878588121997 -0.002100535661808842
-0.004443828956656410 -0.001322091958978915
+0.001752004291041433 -0.001895852192070197
-0.004364381051380697 -0.000857834428408048
+0.000882761622721549 -0.000510588803134233
-0.003978352326342463 -0.000625431595237745
+0.000940018492940963 +0.000172800110839932
-0.003535145059775958 -0.001184375292275873
+0.001830769222108421 -0.000242800358952037
-0.003827832625894992 -0.000855404450744376
+0.003229318581314910 -0.000990032150134814
-0.005355835491363187 -0.000491762603515173
+0.003920393200105798 -0.000794158370075373
-0.006426142941581107 -0.001042646311499007
+0.003363285661355037 -0.000508353613903199
-0.006860990566339483 -0.001569658303045351
+0.002649334325076944 +0.000039537400637767
-0.006782039256167695 -0.001583189340568390
+0.003109660549248810 +0.000172747041939616
-0.006547065214109506 -0.001106579396445394
+0.004304194642815158 -0.000650877837289828
-0.006808990569350271 -0.000878783603011091
+0.005761023815976502 -0.001233769017752961
-0.007679803985341160 -0.001033356448004921
+0.007001350082083357 -0.000950846302494768
-0.009572394162897579 -0.001299374537293069
+0.008132423086454482 -0.000470930872793643
-0.012432315473092320 -0.001597879019645412
+0.009492778296249439 +0.000023021840453323
-0.014669531089551617 -0.001733213714862125
+0.012075891410659904 +0.000205072592373965
-0.017068314539188657 -0.001616809369018962
+0.016483259972319305 +0.000292364275869388
-0.023031702134010443 -0.001655306255738272
+0.028094788893756641 +0.000169049579821651
-0.044794959860202294 -0.001910922894194453
+0.225348174345538388 +0.000208417741206457
+0.599094275625901673 -0.001743966397886518
+0.722842826352223744 +0.000984515116039797
+0.662106999380194905 -0.001247054125093762
+0.468994776220658049 +0.001373937570492264
-0.284871141858667909 -0.003066402565916885
-1.029398295786160933 +0.001830791475741580
-0.792489196953279462 -0.007837560193980093
-0.331112618153384219 +0.045228270958495020
+0.059635817880224068 +0.202282573624731316
+0.092149657056187162 +0.296788275182185701
+0.227249056641361524 +0.320881116944566669
+0.271582213970310238 +0.261152435737505240
+0.205297886233695437 +0.132847991197707460
+0.074412440375165034 -0.148380096670144790
-0.024124723320058938 -0.286750237450091983
-0.143125508998068751 -0.205737832692698380
-0.020838130460626009 -0.159392475307342074
-0.020770145919446446 -0.059276988913361001
-0.074539360015253242 +0.060042957857289705
-0.066097744452709078 +0.106700078607569027
-0.015796183203789428 +0.087189411947249051
+0.022246497159751084 +0.054835932680568231
+0.077965077900720936 +0.051256910212137644
+0.041037248702558288 +0.020447765988913902
+0.009893631163578933 +0.001380042028696888
+0.025256038161667285 -0.004381025460195404
+0.016185404085390390 -0.013887871702047196
-0.023118701481872998 -0.018563389467906456
-0.038158161144667586 -0.016559567374546683
-0.044579063068194279 -0.020261742045848130
-0.042210745904494355 -0.011972870581797770
-0.006756183366080267 +0.011998764192162472
+0.024075992204048852 +0.023410194858379599
+0.037432242453630485 +0.017712881965284723
+0.055604754210246930 +0.015496983402084745
+0.047974365709058026 +0.011771650789809813
+0.029520607353269265 -0.001428028217492907
+0.012252634987951398 +0.005384551754594512
-0.014479577717680370 +0.017015876935279763
-0.036433439206508628 +0.024234061583915563
-0.043574783714379652 +0.030000714251480945
-0.050437950805621079 +0.020731851748281589
-0.047981466919455956 +0.010773327700540802
-0.039983376492949599 +0.005253094076110576
-0.003963719887288938 +0.003281845697157481
+0.027160468846855117 -0.005599870805454077
+0.021500681055021505 -0.012200421813333112
+0.007314357060794306 -0.009126168772726644
+0.003021880176629551 -0.010731326707572215
+0.001482787385453795 -0.011920176052663434
-0.000866329472392759 -0.008224620689822423
-0.012284681636323846 -0.007799218794871536
-0.026129553583279081 -0.002311566684296354
-0.020905887902124387 +0.000265131571994377
-0.003977204332051740 +0.006447089880843575
+0.006396008697015027 +0.007998803456509412
+0.002976743799787225 -0.000088283646035082
+0.002955752384975593 -0.005288717159989824
+0.004254590274084726 -0.011323303013184675
+0.008891357729492575 -0.010519151700973206
+0.003041155939462437 -0.004809896637700011
-0.009943487103592517 -0.004215116859160945
-0.007019519185233886 -0.004210505657931667
-0.005141351927080387 -0.002598938744906291
+0.001983517587798759 -0.002997641558783082
-0.006785654982958389 -0.001377741968390616
-0.011820774074613089 -0.002657600795623579
-0.005402419198298198 -0.009343561706469068
-0.001571192904222258 -0.009029887069888958
+0.002787312388227545 -0.008959572367558150
-0.004467820143689657 -0.007679546622517823
+0.000848554987515843 -0.008100449794968224
+0.001207343931291479 -0.007637678151103318
-0.000913725553732453 -0.003132928725675514
-0.004119247455916045 -0.005876238600675631
-0.009119350209542096 -0.003534710206110705
-0.005409760048384540 -0.003364944303037015
-0.009194181205996433 -0.003572507641927829
-0.005525483619742353 -0.001767227092051424
-0.006601103842067939 -0.003453764782853765
-0.000581712477009119 +0.000433436717679671
+0.003860067515405670 -0.001032124854929837
+0.002857671066825823 -0.000038370459766120
+0.003861402548978001 -0.001047153908854968
-0.000163037390180289 -0.000985219791552008
+0.001723961200923864 +0.000978015889353425
-0.005897739167038776 -0.003335726779899162
-0.009307269216622255 -0.004821597594537350
-0.011306425181033135 -0.007928909624910187
-0.010805929285474783 -0.004720393981408630
-0.008270831688853317 -0.003327233869038271
-0.011065447155418073 -0.003036260690670340
-0.007020646681769949 -0.000798835824580494
-0.003273120576860494 +0.000826865693157765
+0.004216962888498160 +0.003992239381766935
+0.003179106416922498 +0.001815163483494896
+0.002314574901263648 +0.002090849345880038
+0.005347123256397617 +0.001306452329439141
+0.000205592573776238 +0.000617364046719259
-0.005618896516138219 -0.001481390865755527
-0.012721134052244912 -0.005710905990711411
-0.010342760567435078 -0.005698469750484800
-0.009575814229968373 -0.006219389226158134
-0.010705386711604462 -0.003568444927738911
-0.010769826849904492 -0.003233975051959142
-0.008011902479601197 -0.000772007546894203
-0.001071349639579830 +0.002752204740675706
+0.004438935001930090 +0.002406097790679547
+0.004717608062213509 +0.002200087152687480
+0.004127345903260093 +0.000577658992788197
+0.004483750554693720 +0.000169108428641262
+0.002491356906988103 -0.001687941233693905
-0.004417860524886656 -0.004432773780959305
-0.010806552033519304 -0.006012224327268962
-0.013177981876362151 -0.007007958431765129
-0.014167464774254618 -0.006417128431736936
-0.015223007736411701 -0.006370471993637971
-0.011811013320653693 -0.004605934994733117
-0.008736402834579955 -0.001306721081202769
-0.001087154129800046 +0.001841977811724950
-0.000817623232787253 +0.003361151396267363
-0.000056215719343133 +0.003905205231119869
+0.007679229156204986 +0.004123281178795694
+0.010743408021588376 +0.001964045553519224
+0.017862604021440666 -0.001884999920122425
+0.024585442558508336 -0.005851705964450651
+0.024839938494761481 -0.008942044143337517
+0.015778179550274499 -0.009855967501977956
+0.003112952842826783 -0.010130643780171030
-0.004629523107482630 -0.009737017189977139
-0.007196960945927047 -0.004842389164774970
-0.009215307060261760 -0.000090413430718104
-0.000129665808517865 +0.007970447626978846
+0.002764978902258505 +0.012656503462740760
+0.004075058559174505 +0.016991934336235602
+0.007116015099662309 +0.014940038841442250
+0.002713018359402269 +0.007045413635709458
+0.001200170624031027 +0.001148043384153342
-0.004792477795483703 -0.002342646623914743
-0.001792920643643371 -0.003815746842575449
-0.004748383261059502 -0.000960179228565582
-0.003139744173676684 +0.002292425597811537
-0.000612857914858079 +0.002253149683059487
-0.002618549921005975 +0.003568670874860229
+0.003313520230294821 +0.001700417349562977
+0.002042422123169968 +0.000308574153941111
+0.004904593275221941 -0.000934772289016580
+0.003566188681283607 -0.002856307642850935
+0.002364584703904867 -0.001056954798972855
+0.002363043694963306 -0.003155961049742527
-0.001776671598184721 -0.000727924727137054
-0.001112865418772055 -0.000473346831998409
-0.005426857802301247 -0.000490173846629647
-0.003611740182015819 +0.002120124108828157
-0.004051174677409051 +0.000892687474283953
-0.002155173926830694 +0.003684859714372216
-0.000058318430652599 +0.001902777431636313
+0.000582644407323502 +0.002239542638696957
+0.003675957399554200 +0.000804030747905349
+0.002256657181752456 -0.001517378505615547
+0.004013211547905633 -0.001047160639569646
+0.000726346066700856 -0.003569762939924075
+0.001182817887154057 -0.001849032222000185
-0.000914764010631596 -0.002565069427063188
-0.002541455562994424 -0.001004229736939358
-0.002278494258116702 -0.000237258695979881
-0.004519451836553351 +0.000256230760434243
-0.000668972148273008 +0.001875296029523988
-0.001704495278117254 +0.001127662902704231
+0.001077684860662230 +0.002330315882246029
+0.000957206267165839 +0.000978086151253398
+0.001079673406564167 +0.001118910308068630
+0.001784653069347108 -0.000066606887818751
-0.000676149842671355 -0.000774620992167114
-0.000118174383110779 -0.001179740178071369
-0.002684849794720741 -0.002028491588936099
-0.001930065714982176 -0.001017927143692261
-0.002645510380124024 -0.001330711188827663
-0.002099293904141361 -0.000018966596504905
-0.001083751430239189 -0.000115575038534148
-0.000687632031660954 +0.000476293275208019
+0.000809481356810921 +0.000409769680347590
+0.000594739648759056 -0.000128056499974847
+0.001319768460525575 +0.000198406629518682
+0.000857202764222498 -0.000787253065033788
+0.000853084841523071 -0.000391588758035691
-0.000010544723593197 -0.001079871428930834
-0.000333190743822080 -0.001017472186719795
-0.000778570334589339 -0.000744333851454004
-0.000786506507520135 -0.000922298676139951
-0.000687126457112212 -0.000246110440039951
-0.000203679615918900 -0.000332759280883037
+0.000676455255662713 +0.000165206166862137
+0.001301914042920855 +0.000559284176912764
+0.002150839548371344 +0.000377209088624227
+0.001781855110864775 +0.000716681008851893
+0.002229423543806528 +0.000260117882114663
+0.001016044009358234 +0.000166700698451311
+0.000992995211445643 +0.000106094728981582
-0.000651402367498268 -0.000482040791623554
-0.001176239904985533 +0.000012481259971507
-0.001846323374373724 -0.000431459852626578
-0.002712309292853454 +0.000191943467504761
-0.001646033058147498 +0.000211231977935926
-0.002747763790268654 +0.000363826467495748
-0.000236799827576952 +0.000925475361194550
-0.000826402265782475 +0.000473060255415569
+0.001127408387822954 +0.001193132330431746
+0.001242281018220937 +0.000278522162176145
+0.001007891880817844 +0.000584283549426477
+0.002270855186775589 -0.000287131915191562
-0.000045687067393147 -0.000635175065901478
+0.001677929116861158 -0.000746462819210932
-0.001015781711007570 -0.001500509220654475
+0.000201057117190743 -0.000559559762060565
-0.001062619449754116 -0.001369012831266292
-0.001301390981383179 -0.000010398182123042
-0.000132243465170892 -0.000449966314609495
-0.001845127830750154 +0.000361926935172357
+0.001029335988656506 +0.000734526143328755
-0.001083911124400617 +0.000305778871122810
+0.001382817939594309 +0.001413908965756517
+0.000134609820886029 +0.000007879293689072
+0.000612186922683068 +0.001071094411997267
+0.001145049512032683 -0.000381649729105015
-0.000687686899145659 -0.000078253227292626
+0.001283347689400662 -0.000401054110512501
-0.001591416302773263 -0.001083957105420923
+0.000500300961899848 -0.000003945816136739
-0.001385015577025736 -0.001179246828337507
-0.000415086252422759 +0.000453610580448579
-0.000203524975445962 -0.000465536827223254
-0.001120267338698385 +0.000513493156055882
+0.000924666177660965 +0.000421867923068346
-0.001213146979286936 +0.000101437618028631
+0.001069251468277650 +0.000869986448861700
-0.000784461607683070 -0.000447531071520849
+0.000298038013844403 +0.000646832022623578
-0.000086060474850434 -0.000668421711308277
-0.000644101416652662 +0.000039052405413319
+0.000640905872773287 -0.000433281043905040
-0.000893565817521119 -0.000553920939464032
+0.001022794505917680 +0.000073430106532545
-0.000578290264394493 -0.000761365926228695
+0.000629930459638774 +0.000429823348922955
-0.000062622395482061 -0.000519659635086235
-0.000211574461293390 +0.000349777200606324
+0.000371781674296228 -0.000100450783549621
-0.000555294839333529 -0.000099572581500326
+0.000587908173192462 +0.000221495300312757
-0.000612961770130050 -0.000451309650570592
+0.000050593253670018 +0.000302039025289792
-0.000720948260732677 -0.000444662100870648
-0.000674980097641330 +0.000144969845006433
-0.000536246129666471 -0.000099833296795367
-0.000505741102362248 +0.000038790689026446
+0.000061287181540692 +0.000364539981963416
+0.000138825972447909 +0.000118534599754056
+0.000658033659483859 +0.000452194061592103
+0.000439509665498716 -0.000072404923508104
+0.000537730815900833 -0.000079178121689681
+0.000071087607072862 -0.000452180667752416
+0.000044195473598518 -0.000630485822989884
-0.000527356951322028 -0.000445273527271053
-0.000339840109419957 -0.000492572297382393
-0.000809907114637576 -0.000101223317873544
-0.000497350403773023 +0.000102450339747207
-0.000515407631534376 +0.000186461899863932
-0.000427614370272000 +0.000487752196438332
+0.000099672710230862 +0.000188961878498539
-0.000371376897127282 +0.000363571462909773
+0.000596994389931924 +0.000064351394862300
-0.000375191791656137 -0.000131999504365654
+0.000538382693261565 -0.000026023525994193
-0.000336018835878804 -0.000583610998543597
-0.000078344357490788 -0.000099526401382249
-0.000047215760722828 -0.000627689905868874
-0.000791951379848910 -0.000151814966297247
+0.000414315556935406 -0.000234271858625925
-0.001048270440197053 -0.000190934911113556
+0.000696702969880945 +0.000287687934673180
-0.000630928604226913 -0.000263470122701338
+0.000406993412893105 +0.000503225793988506
+0.000162224471204286 -0.000309410682254646
-0.000389908039329444 +0.000276530699024887
+0.000790435265203206 -0.000202422992276970
-0.001168917392635409 -0.000197592578100917
+0.000778397986601333 +0.000080646733089456
-0.001308088124647620 -0.000578027205389702
+0.000120897695523313 +0.000368606910199364
-0.000594218599854354 -0.000600905775646027
-0.000699891890242083 +0.000394373583020934
+0.000508195251336023 -0.000241478284601801
-0.001122946691172317 +0.000070452410413509
+0.001173834784775846 +0.000242103787852625
-0.000943036732958815 -0.000426111670497775
+0.000881641399745349 +0.000496330372969337
-0.000324536994197181 -0.000738255174527812
-0.000158102705818218 +0.000331010358741483
+0.000322878024659325 -0.000593369725782185
-0.001186688781673466 -0.000112173720381005
+0.000647988241711213 -0.000059423301931809
-0.001478159059957478 -0.000511758153928456
+0.000489169817953451 +0.000463768765346413
-0.000876531725717644 -0.000620247222206667
-0.000037227930377742 +0.000576314935729252
+0.000157221336809608 -0.000382309619150562
-0.000596770870781253 +0.000206058975920102
+0.000894591059202978 +0.000020563044004863
-0.000865242245167611 -0.000356040371313564
+0.000874764758762644 +0.000308836637753062
-0.000698629060335591 -0.000701870497168642
+0.000178262601123172 +0.000304606274047381
-0.000246046184850369 -0.000609023272007948
-0.000646907596528946 +0.000045359500363916
+0.000192481249506036 -0.000179183088501448
-0.001037386600578273 -0.000257554322779943
+0.000341210606313915 +0.000259987719086420
-0.000831290169972099 -0.000402591004093730
+0.000142437064571219 +0.000406890231987840
-0.000298515105722528 -0.000331795044105007
-0.000215936492663210 +0.000200100364182629
+0.000134536273602718 -0.000134152112849159
-0.000475599058852671 -0.000165519158566200
+0.000218402640614102 +0.000039078313022052
-0.000512072426892909 -0.000416576852262765
+0.000019891757584561 +0.000075801461333228
-0.000389013180414769 -0.000410465774574442
-0.000194306967023088 -0.000025071875346318
-0.000241426710848498 -0.000209404066763298
-0.000252052227061334 -0.000155383357965398
-0.000176024544884366 -0.000006059548380958
-0.000211777497105636 -0.000206215718422531
-0.000180668045960948 +0.000037076498342478
-0.000236798533518996 -0.000157855817494190
-0.000164159936021808 -0.000073744054338223
-0.000384095992544481 -0.000079189158818276
-0.000073930837373337 -0.000183768478203558
-0.000551638990376008 -0.000062951728130584
+0.000014092660072502 -0.000164591387608965
-0.000551394624871493 -0.000146529013347217
-0.000044449913790437 -0.000042389590284305
-0.000285120000091067 -0.000256878034663816
-0.000303824900098644 +0.000036929922295972
+0.000121728010907398 -0.000268282537597943
-0.000635923182921466 -0.000042328638956668
+0.000380081371212709 -0.000134983735124235
-0.000790815083368158 -0.000254870891063598
+0.000240723420606290 +0.000051784613594035
-0.000581296028716289 -0.000432960770347039
-0.000283196053137021 +0.000135043012848860
-0.000081429884428386 -0.000400886351488184
-0.000873803988546864 +0.000022990852145948
+0.000393296520047465 -0.000140503848622524
-0.001114605399116553 -0.000233459367481562
+0.000475528593072021 +0.000173189209878244
-0.000800419387226375 -0.000466195887621602
+0.000035623038366348 +0.000296795596704536
-0.000104707635940012 -0.000497111090725436
-0.000676521862334560 +0.000109332345789605
+0.000512858440375132 -0.000274616011158351
-0.001182663305988739 -0.000281191518065026
+0.000627125965746058 +0.000069628483679036
-0.001102034815018541 -0.000608487966261384
+0.000144143242053239 +0.000293077931971419
-0.000455232860726994 -0.000634727156170947
-0.000628835216189010 +0.000216752234377552
+0.000320779347083971 -0.000326059036741251
-0.001188951964869742 -0.000129808477228233
+0.000679062884465942 +0.000108147579646857
-0.001169872907103801 -0.000514943715888146
+0.000383446107551965 +0.000361603081396557
-0.000593902342333107 -0.000664401745591562
-0.000354151266362582 +0.000256582428545203
+0.000133620647014108 -0.000467001989871994
-0.001038285081707034 -0.000128905321423755
+0.000525301348280192 -0.000065209284094579
-0.001224388057533771 -0.000523729254833220
+0.000361928848656217 +0.000255706962050108
-0.000822507052652556 -0.000659458309495049
-0.000201929900919085 +0.000281239437021943
-0.000141512128836510 -0.000466116153678075
-0.000791294693789625 +0.000002531575420703
+0.000339709140997954 -0.000106304127253876
-0.001050068886078420 -0.000382930136439418
+0.000324665441618549 +0.000165815923427969
-0.000862317535098564 -0.000604347561079562
-0.000109773049547637 +0.000187357236256476
-0.000405639604016572 -0.000521319093949917
-0.000618507716816527 -0.000024328927494365
-0.000004295794556686 -0.000224804616454397
-0.000864622136346915 -0.000308382078316958
+0.000105086549636278 +0.000050324716003386
-0.000753619302362478 -0.000475198008245338
-0.000078597333522341 +0.000114091021024512
-0.000457657243746072 -0.000437287803105271
-0.000369764598024291 -0.000043277944836127
-0.000230199492143743 -0.000260670553481723
-0.000570615149180088 -0.000271245087060008
-0.000194591423726509 -0.000096042335274722
-0.000615296212170339 -0.000393221378854535
-0.000282198090351263 -0.000055718889070222
-0.000524183608263895 -0.000342242058209040
-0.000315117711690429 -0.000127590932050350
-0.000476287837406654 -0.000223342503902355
-0.000267437709559655 -0.000212680919783588
-0.000526898536759576 -0.000156959744657035
-0.000379760853840281 -0.000248937719039917
-0.000473498862853124 -0.000178520560135735
-0.000471002657821898 -0.000234878680010491
-0.000309580419847968 -0.000238392105061379
-0.000527547971875456 -0.000193625641524831
-0.000184190080487666 -0.000270445781071999
-0.000688997901260018 -0.000198465510889753
-0.000168511317071737 -0.000233581429750769
-0.000771337043667272 -0.000296985652424454
-0.000266945806205811 -0.000153294971412738
-0.000622973358264872 -0.000378382670988100
-0.000507313686333471 -0.000084753781529103
-0.000194733554037606 -0.000361811493165788
-0.000921229776155246 -0.000121178351240689
+0.000181758176824094 -0.000231449487348221
-0.001120460228335978 -0.000336190670827976
+0.000085824079900628 -0.000039391959671694
-0.000812148997560607 -0.000555227033656723
-0.000457222798916268 +0.000043059217514909
-0.000214540232862910 -0.000541822564577356
-0.001055619051454959 -0.000097942339617296
+0.000211174631199104 -0.000275684895981474
-0.001260527158084547 -0.000409570696246034
+0.000125088118189536 +0.000044720329170363
-0.000919108139184353 -0.000650080539485198
-0.000395347665569912 +0.000140138441113789
-0.000311145969094267 -0.000599164829460527
-0.001000859324653135 -0.000068588769976690
+0.000170472126076300 -0.000304387448756412
-0.001335116045042299 -0.000422714767777041
+0.000252766258608744 +0.000010797097686844
-0.001220111654781722 -0.000672646944918971
-0.000111393460514350 +0.000126805097285074
-0.000720813486928704 -0.000651415923931206
-0.000705492214852902 -0.000020688757434581
-0.000148714440371276 -0.000402894772839395
-0.001171869526441497 -0.000324379683942617
+0.000119238611628597 -0.000101076958562453
-0.001192320840344178 -0.000603149269814780
-0.000132457275836237 +0.000074858522868307
-0.000730913493656044 -0.000688146708421111
-0.000763593604981523 +0.000012249612528862
-0.000095675587629553 -0.000522021302029341
-0.001372848906250134 -0.000258192978101090
+0.000311878570521743 -0.000210493148035066
-0.001619263725303236 -0.000567810910081155
+0.000330702188248068 +0.000037489689618746
-0.001531982553494731 -0.000703689144795438
+0.000341379992053752 +0.000024681668784639
-0.002208106762973837 -0.000485814732842402
-0.004605477937998887 -0.000708443771071569
-0.006539350932153096 -0.000337325178456684
-0.005451892640979541 -0.000216140393164220
-0.007309474518659101 -0.000637175852935573
+0.002452302614193826 +0.000087921942360554
+0.006411397786161482 -0.000658552342759446
+0.005522766200952773 -0.000266213626951022
