+0.000778431023495855 -0.000745068929427278
-0.006320997078958579 -0.002273311633762830
+0.001498392886345473 -0.000510180491731691
-0.006839364190847840 -0.002393544522683126
+0.002763450183754886 -0.000542014429549974
-0.006043010335747406 -0.001626449512027664
+0.003544916244705785 +0.000385561881370471
-0.005011744884978198 -0.001108582812267431
+0.002424115114563953 -0.000035695275018280
-0.005503493531919545 -0.001370068923662903
+0.002221644742931449 -0.000587499303340468
-0.006346428479351851 -0.002197215970979638
+0.002880749675825221 -0.000331883297694558
-0.006536207468387196 -0.001991835101016368
+0.002471087451516327 -0.000451451143749091
-0.005706289727483811 -0.001510129818016172
+0.002187452627826766 -0.000294360110690638
-0.005877001056327900 -0.001493992698335693
+0.002512534717992903 -0.000255246095049937
-0.006472608369542688 -0.001863559895215878
+0.003099297539100652 -0.000110992243215058
-0.006427490068078475 -0.002008566525369496
+0.002931595202061778 -0.000152042283954851
-0.006526452113230189 -0.001859971782407759
+0.002618678361907345 -0.000437732297595193
-0.006533492618441733 -0.001782338166471996
+0.002667676382296129 -0.000522605430499311
-0.006904116054160661 -0.001824091338434069
+0.002752007917216416 -0.000402901701433190
-0.007057747335830956 -0.001846716554079411
+0.002917342397740192 -0.000427480313604576
-0.006947985535501339 -0.001891778438863656
+0.003158469661961545 -0.000399055979096254
-0.007481163639848840 -0.002003760790021791
+0.003703154418789649 -0.000409702207833555
-0.008156538638564251 -0.002127292247973343
+0.004223900584933741 -0.000453272992009300
-0.009145050389021773 -0.002200709665233505
+0.004961669051243733 -0.000452532403016380
-0.010408764350436719 -0.002120479113695613
+0.006526146550635168 -0.000501793018343834
-0.012670151520217157 -0.002097587269744136
+0.009984575810996111 -0.000560636101853531
-0.018124728942736208 -0.002153850449442317
+0.020597909155462737 -0.000539914942309961
-0.039765584496549489 -0.002310753817271560
+0.207641975900541009 -0.000632377562808646
+0.786090783640106094 -0.002438883340921931
+0.691293822224502530 -0.000303701698833774
+0.645595505573153372 -0.002100362783779824
+0.572818606341334857 +0.000472290712777281
-0.201937392330278992 -0.001996336789883074
-1.034594608409313832 +0.000690221879564908
-0.932387440251326804 -0.002019665132360080
-0.520169547121699827 -0.000212120226504638
-0.091640883385860669 +0.013667179390239467
+0.192783235949251425 +0.224734570450723203
+0.236541479756906370 +0.309393311998180820
+0.307801029511061586 +0.268594725216558583
+0.322360702586472980 +0.223072919097576094
+0.175697039600447663 +0.160968976073316117
-0.027959930330522222 -0.060608747771589568
-0.175698942030629884 -0.314717721705272568
-0.109008351559812589 -0.217574219420308246
-0.039708294875519648 -0.095350014425727714
-0.065826501847482344 -0.045801396683986820
-0.037674593245657750 +0.045985205691103898
-0.022608023974664996 +0.095094199294565918
+0.007547002203841945 +0.088494087671893706
+0.071374599502437699 +0.061729754283567445
+0.019029007016001631 +0.030629483530774243
-0.034137228578232454 -0.005171299870848628
+0.020317206449448011 -0.033627129359965764
+0.039645415366131365 -0.029144641468720055
+0.038915756774661817 -0.005682809117516539
+0.001726164802913739 -0.003762213299039012
-0.036151064263978565 -0.017931021224046679
-0.037852826818344475 -0.019977452046704796
+0.010071110716089461 -0.011432030811428316
+0.000605678328066316 +0.015235243277678218
-0.044929194789863708 +0.026888946468393956
-0.053390843878428955 +0.027856112215082905
-0.033553465336821513 +0.029396443556217147
-0.008962026852897594 +0.026444817888899932
+0.000140053988266176 +0.021132941588506191
-0.006326456204893209 +0.021631551758881103
-0.010098825780871200 +0.025708178614486606
-0.007084740720143768 +0.013026614392081654
+0.005976938699733930 -0.002837196056298493
+0.006345015738511023 -0.002155358401796263
-0.014229317147950626 -0.004789806070915060
-0.018168477241777850 -0.007992492179009866
-0.004751541052918474 -0.011388897955134814
+0.002495423772801242 -0.011148349833541267
+0.000617813117738240 -0.009295256223504775
-0.005780415549836783 -0.004133582629242259
-0.002191714128950880 -0.003132049738314135
-0.001078737525682716 -0.007604242301559618
-0.003358723526096420 -0.009413880049457892
-0.007383038742010416 -0.011015086786347460
-0.012632770270828661 -0.009649593271075731
-0.006498764615891410 -0.002492943485045830
+0.000802459260549749 +0.000302034915084253
-0.003629662724006047 -0.003138401226955605
+0.000901376326845798 -0.007220954715555462
+0.000269938099745745 -0.011776899897401983
+0.002470366711878702 -0.012748080911555854
+0.002365746568210099 -0.012271891404997152
-0.000799960973198495 -0.015165558270292062
-0.002387612511636886 -0.012475473789490453
-0.007668847564857126 -0.007874347273228628
-0.009338783865997902 -0.004353836283221045
-0.007632956842066357 -0.001397416510311439
-0.011982052521268591 -0.002397472521972803
-0.007454876868835730 -0.005903136008336859
-0.001279998486503639 -0.004327243382223988
-0.000502514406546423 -0.004332061758081913
-0.001613691494826267 -0.005554571739134987
+0.001644899930759923 -0.004870420446982689
-0.001121964392198876 -0.004299434567473275
-0.001295107351776823 -0.002261265927565536
-0.006651037020972938 -0.001308360289274909
-0.003143283704022186 -0.001556696598154749
-0.007100602795539790 -0.001610000574414776
-0.007251401183374479 -0.001994102043408837
-0.006914517367153874 +0.000799887112731074
-0.008551146475479846 -0.000544473283152926
-0.003729111578757435 -0.001021026901810110
-0.003401184966752845 -0.001628812687391499
-0.007701759889918358 -0.003146634101890316
-0.002898679431736869 -0.005752535470014433
-0.002841519937824629 -0.005879506226939124
-0.003245699092855873 -0.004477304769638266
-0.008595362075789962 -0.005207196567618918
-0.005119783110312103 -0.003732565107561700
-0.008528372246277269 -0.002545244283242588
-0.008645751532610253 -0.001150063759709543
-0.007721717537107708 -0.002576463278971377
-0.004776268544532971 -0.003761020617770916
-0.009545220336867159 -0.002211141262317077
-0.007174526101321039 -0.003365900732387612
-0.001979937076958772 -0.001967446814651318
-0.002417922979463503 -0.003589782786518361
-0.003787770258911922 -0.002209646714461510
-0.003835320028768871 -0.001323545589178941
-0.005812822764392035 -0.002314021924648464
-0.003822707209818352 -0.000878290571739996
-0.013706463579653182 -0.001149016728804189
-0.013649404193538208 -0.000028898387751638
-0.015854580382718017 -0.003244915375005188
-0.011077358145183028 -0.004690895635390761
-0.015526519319812405 -0.005067905595915412
-0.016807003104342688 -0.007525235730263842
-0.016786163739153360 -0.007208868401405798
-0.021841010250028919 -0.007874118195410269
-0.033777349839875549 -0.006185638124180633
-0.030766636655611461 -0.006511421592291535
-0.015040839703729205 -0.004794702729425979
+0.009827050004600865 -0.003986588968825483
+0.033084723813100042 -0.003845422658567348
+0.049272917679494523 -0.003411816687673361
+0.041537786596907503 -0.005922431082615237
+0.022419241151802452 -0.008029577567761383
-0.009281100280715378 -0.014065075292213184
-0.027592358184209055 -0.018538747803695368
-0.038422077246302991 -0.021373405458344021
-0.030016885916297250 -0.018331514769061516
-0.014241070665984091 -0.009288465350057128
+0.014275165565998980 -0.000876742522700663
+0.015871684420867810 +0.011821131744471264
+0.049493399950945260 +0.017555910207010264
+0.042899933792703904 +0.016868860530673178
+0.014824108849120197 +0.009859527208297039
+0.015414542941819242 +0.001019504982337000
+0.000753715149990494 -0.006681033180514346
-0.014824616430763025 -0.014313589117468339
+0.012325647796656097 -0.014592805989364540
-0.001105620575119454 -0.006340721475814030
-0.000196597961341242 -0.002562342445959317
+0.011748551531172130 +0.005707691127346596
-0.000940679331463745 +0.013649320467801582
+0.004867487281081967 +0.013904851656193285
+0.001870895657000153 +0.015993695776681267
-0.007085101700459142 +0.013096633387636921
+0.007102795075420297 +0.012394818557958404
-0.003274558071120183 +0.006525356251520967
-0.000305102761111467 -0.001502478689693568
+0.005929385153159730 -0.001229156001183368
-0.004983117767084910 -0.000986342458441850
+0.004097817067300048 -0.003446938495865611
+0.004559007365287981 +0.003539072345147741
-0.003830732093019547 +0.000826956838735238
+0.006871718989705202 +0.000231228641589486
+0.000571702286818699 +0.001622353293626647
+0.003847989512525067 -0.000221338383148223
+0.005204734868786768 +0.001243939342341925
+0.000783169276612616 +0.001225663318993809
-0.000688956199523257 +0.000335675679763250
-0.000860340700513211 +0.001939013631936184
-0.005112238240606031 +0.000453647680369383
-0.002561197426988994 +0.001966417426348073
-0.006373802847976779 +0.002682289013366013
-0.003582071018513055 +0.002212529581404440
-0.001161851418677843 +0.003644591052614677
-0.000022153225848295 +0.003429099139780458
+0.002435467784042827 +0.002692190640684011
+0.005721788558165080 +0.004033691449105719
+0.001227075232364604 +0.001689092935057593
+0.004969454246374056 +0.001484572553304863
-0.000130415252875522 -0.000609284370912534
+0.000357447994655834 -0.001074137985953941
-0.003367802065772372 -0.001714954943905730
-0.003504838288778214 -0.001133389284809690
-0.005051687922682357 -0.000452920751784884
-0.003380072318336330 +0.000219694247853641
-0.003741747624220326 +0.001328401452233421
-0.001499873332642853 +0.001895516212573482
-0.001318215712802247 +0.002045647408615934
+0.000824100160225306 +0.001642941390484315
+0.000920704052698553 +0.000476213693676439
+0.002757306034102971 +0.000148357522481236
-0.000994358295063799 -0.002009239057944014
+0.002318051006586345 -0.001221181021097175
-0.002063012253708865 -0.002729763836212678
-0.000211085304848931 -0.002228863738322719
-0.001604494667018123 -0.002504879313253352
+0.000042553649234721 -0.002016930692017302
-0.000872803845403366 -0.001337681079116044
+0.001957526714957110 -0.000993905089817611
+0.000814181877734081 -0.000387958276013312
+0.002903524604818966 -0.000090724778696008
+0.001027771725589846 -0.000153994081299486
+0.002881682655040263 +0.000127694339420608
+0.000892353685478041 -0.000298347737452795
+0.001378718814853809 +0.000110037827303742
-0.000592834830424584 -0.000794645077981440
+0.001252485095439917 +0.000528188217174602
-0.001766687688846262 -0.000513711915511343
+0.001339008226924961 +0.000690560675224813
-0.001834662354726121 +0.000445949117524206
+0.001095110888799041 +0.000665982871618836
-0.000479347441773124 +0.000866433899728056
+0.001539688436515916 +0.000698793420193997
+0.000335989037076177 +0.000785780891477338
+0.001952105729993099 +0.000625453604598436
+0.000333594022495582 +0.000294669508834864
+0.002035050413938877 +0.000654716888361829
-0.000812554369054786 -0.000244597060497339
+0.001675894721398702 +0.000358634004615359
-0.001408138720145843 -0.000352689142926263
+0.000003804707521708 +0.000250582428784691
-0.001979891512560358 -0.000515381529589652
-0.000499534233093382 +0.000259845613277664
-0.002631971873019015 -0.000317118032288437
+0.000707001442955303 +0.000213903337442706
-0.001589101212806931 +0.000177443414770409
+0.001905231124190529 +0.000434761703589499
+0.000148597553390491 +0.000680293850812845
+0.003369673443909256 +0.000682847285999933
+0.001158844836808750 +0.000416574491060387
+0.002583136512342011 +0.000613473013482612
+0.000570000648370632 -0.000282096557604324
+0.001553937964816631 +0.000189297921524635
-0.001570627880353648 -0.000931532319088922
-0.000259869409044024 -0.000202507387341585
-0.004441400128533808 -0.000676324038828851
-0.003059678764670691 -0.000029358830763952
-0.006125286119706133 +0.000125820777989271
-0.003560626658918903 +0.000945937293072840
-0.004865466559087426 +0.000948905333924886
-0.000339303587542877 +0.001517486817077889
-0.001031832089919715 +0.001284983116284078
+0.003009443744973760 +0.001438891254647821
+0.000508471542387366 +0.000354600764850538
+0.002628632086796437 -0.000019329404071912
-0.001246883984089178 -0.001358115439812462
-0.000889090784830205 -0.001854576484982363
-0.003975741437862433 -0.002882159421059861
-0.002798443065807288 -0.002360922872472655
-0.004485395349578019 -0.002494842286286643
-0.000287419067134524 -0.001112501832035764
-0.001785024385236011 -0.000777012636803958
+0.002412233300386818 +0.000507449342219048
-0.000214057219520868 +0.000393927380837211
+0.002449250695715429 +0.000672347203923003
-0.001003536536875482 -0.000251405278582203
+0.001220487470136315 -0.000590048495793184
-0.001628921532031768 -0.001621092473621473
+0.000726754072619113 -0.001642683501542789
-0.001215339811408801 -0.002127573274427745
+0.001088910838489134 -0.001285391129789860
+0.000361371766640067 -0.001298260546502229
+0.002151747428024653 -0.000260170776012133
-0.000407206592987864 -0.000128843930848082
+0.003692680211272230 +0.000743826629150758
-0.001999114748886136 +0.000240051763716812
+0.002307333162051000 +0.000716685310316165
-0.000931614372963297 -0.000118604788477826
+0.000012082510332629 +0.000413078095434124
-0.001559821766748680 -0.000495831413412431
+0.000767595975282267 +0.000319591277463068
-0.003476885179208513 +0.000034913898777329
+0.001788917259121267 +0.000135670586289266
-0.002674813306838358 +0.000513156078744879
+0.001087640962388670 +0.000391075835732390
+0.000049787507190424 +0.000375214220057670
+0.000856092822739796 +0.000624265565911875
+0.000491221863839625 -0.000369732120006286
+0.002560585880644894 +0.000461216158404248
-0.001910461800429031 -0.000999705216651217
+0.003411862614798922 -0.000223664360727395
-0.002911798033879795 -0.000794765910403668
+0.001070678568437206 -0.000611044350846107
-0.001834875879128367 -0.000680076113319827
-0.000537936098850444 +0.000001598255453955
-0.001637949450660564 -0.000487495846748481
+0.001004914996703576 +0.000632012883578212
-0.002219711495709058 +0.000203099577064873
+0.002589991855761892 +0.000632595877990666
-0.001574606682667484 +0.000549876813081815
+0.002206547877987394 +0.000353068962460769
-0.000616742836073887 +0.000020309356517968
+0.001205967786232279 +0.000276954019202653
-0.001190913583613621 -0.000836224590815227
+0.001378367452758622 +0.000298907360280841
-0.002695221826752262 -0.000960152064983930
+0.001768426773599849 +0.000174587326913079
-0.002885550215073460 -0.000245735516135589
+0.001218114007229576 +0.000214565970501401
-0.001868012972528879 +0.000285874686749087
+0.000900636797623009 +0.000498575451508076
-0.001649309008478214 +0.000204186499312011
+0.001353562186745698 +0.000605815933180969
-0.002269902396716907 -0.000103040313692852
+0.001425985771251951 +0.000363042130386641
-0.002590327705866736 -0.000429825383150435
+0.000944312714039500 +0.000100014209951444
-0.002482771060851182 -0.000672087614575699
+0.000764427006715956 +0.000066168747289585
-0.002419776512468072 -0.000750826114940408
+0.001374202829241925 +0.000121654094650721
-0.002359661501188492 -0.000632965883313638
+0.001898221405369898 +0.000003944841721936
-0.001942971438024424 -0.000461036415132248
+0.001820116013001066 -0.000158472167279062
-0.001739672746467490 -0.000535420396375810
+0.001754915246127371 -0.000185500539989734
-0.002029140341009205 -0.000738404270573647
+0.001609494647768731 -0.000113848854734329
-0.002219943119203425 -0.000787711421154436
+0.001366466602689790 +0.000012670958668062
-0.002259677675123872 -0.000676135452345679
+0.001336967921140363 +0.000165054068697019
-0.002228638294774061 -0.000514829760809485
+0.001661942574369342 +0.000290203929312069
-0.002278664621348456 -0.000411316321643400
+0.002061527175138120 +0.000300002280709395
-0.002224093941323197 -0.000354672077935241
+0.002108565809473935 +0.000171408326433402
-0.001994933408049032 -0.000367031940738810
+0.001832837159266570 +0.000102418711099771
-0.002037115110604636 -0.000500696967133969
+0.001610750085558109 +0.000120161956659261
-0.002367806864098532 -0.000587856367126680
+0.001453296754020465 +0.000136882522267405
-0.002616553740957721 -0.000575418262529571
+0.001364456230421904 +0.000192242089112044
-0.002604282420637899 -0.000494941454253694
+0.001523604730145733 +0.000269023946834558
-0.002441269356690021 -0.000448814151513141
+0.001927945935623611 +0.000336560864412251
-0.002360975595426725 -0.000474674890625254
+0.002346239627335273 +0.000261406056666378
-0.002293724021261736 -0.000526953092023614
+0.002321362016074208 +0.000060310447557858
-0.002110647805904792 -0.000618689972052192
+0.001879155991337467 -0.000071463191239928
-0.002190683217070374 -0.000695862650287033
+0.001544675465474212 -0.000012459559835783
-0.002544140796020327 -0.000670476935614038
+0.001527731815888649 +0.000168710455009945
-0.002815218050351105 -0.000515450553995958
+0.001773523097576396 +0.000374610986102202
-0.002840465445844060 -0.000370549245088958
+0.001986625924254659 +0.000495836913560550
-0.002724417133003860 -0.000361803672719321
+0.001941513925661717 +0.000446867102839218
-0.002817596606048810 -0.000493158148845662
+0.001750489171996743 +0.000250635548454272
-0.003020234574879756 -0.000589654636269046
+0.001567381100566028 +0.000035088228628573
-0.002951662324430795 -0.000586258130401188
+0.001572452815205841 +0.000022319645773632
-0.002726299650172548 -0.000558936401556657
+0.001720204550226602 +0.000167275722811936
-0.002713905029987787 -0.000592040548188074
+0.001854687110582522 +0.000275972061520415
-0.003029224299701656 -0.000725660952845445
+0.001885675544330993 +0.000221782785024886
-0.003379192093291850 -0.000841062098937933
+0.001783725796686658 +0.000068138145432025
-0.003348307191761311 -0.000851349719232751
+0.001733576296711483 -0.000020728922698454
-0.003055680309205425 -0.000758491611309733
+0.001882851891125984 -0.000006508901841971
-0.002829522128015535 -0.000660568494896045
+0.002076144498377912 +0.000034167553487693
-0.002746086391931577 -0.000678747750117879
+0.002145592521058088 +0.000044342049021195
-0.002856733552771111 -0.000813084988585151
+0.002083839988117406 +0.000053397534385519
-0.003118745784966735 -0.000934097967128657
+0.002005146866186681 +0.000090689509022360
-0.003391195892913175 -0.000932329928663106
+0.001947308994895468 +0.000159957725262537
-0.003402575116152005 -0.000785042423581871
+0.001869824982192330 +0.000203792577190175
-0.003233472826267701 -0.000605527478760925
+0.002027336731315705 +0.000192805060091099
-0.003246856643368845 -0.000551258575397855
+0.002274130047978601 +0.000139610827002604
-0.003248761524940872 -0.000652124597317281
+0.002122712259013232 +0.000097325588282535
-0.003139263756737803 -0.000861223608427196
+0.001866387233284340 +0.000106950181287270
-0.003311014709659058 -0.001007123606964799
+0.002013134733330027 +0.000116057919751848
-0.003702012072899240 -0.000961496611345056
+0.002298514948808202 +0.000106882489099764
-0.003741407148030189 -0.000817967990784442
+0.002221164931805700 +0.000103723374486693
-0.003381058299469577 -0.000743159385110970
+0.002018496829714195 +0.000123055942630162
-0.003313804440501028 -0.000799943901882765
+0.002181259686294061 +0.000106743876505448
-0.003677401393562846 -0.000868989035174090
+0.002377457628047697 +0.000027451479387749
-0.003781915314560541 -0.000892537903630992
+0.002167728623202865 +0.000026758862235771
-0.003521926618573614 -0.000941608815753515
+0.001988228066885360 +0.000148285159832007
-0.003502493270367273 -0.000980797043110895
+0.002261770567345597 +0.000226558903712329
-0.003841167234012025 -0.000923429675979803
+0.002568356115448372 +0.000160099330783323
-0.004010751596175598 -0.000827415896363969
+0.002404617149981639 +0.000062864971097233
-0.003870300207734510 -0.000831822896606327
+0.002073843140198015 +0.000075321226905779
-0.003872620357471766 -0.000924036450976950
+0.002072992358081111 +0.000138502436765164
-0.004094810546012128 -0.000961896785033986
+0.002220518035332263 +0.000142437492841287
-0.004154704251166201 -0.000931621476406738
+0.002221824976932435 +0.000121759071516913
-0.004032234417834743 -0.000949574118495112
+0.002222946528218073 +0.000125771631975809
-0.004057058997745028 -0.001032896961722761
+0.002375722469844885 +0.000110509621468303
-0.004274644130806255 -0.001093437695896197
+0.002494763156700844 +0.000041349312281704
-0.004385080814893829 -0.001090409040844489
+0.002386312600422024 -0.000028148622675018
-0.004306074994030722 -0.001075303381185120
+0.002234364126749776 -0.000023460372005948
-0.004267755355701731 -0.001085795474625476
+0.002248301406062113 +0.000025014279240213
-0.004338834141890405 -0.001094725498598833
+0.002341410962196576 +0.000049513960276313
-0.004410122325740036 -0.001108423566310981
+0.002422039908385808 +0.000060999609477995
-0.004483340687335694 -0.001149960591577062
+0.002497592131564247 +0.000068719813186492
-0.004586053112205283 -0.001190762994297580
+0.002543503649014438 +0.000052527905927415
-0.004666539327466813 -0.001192718352871317
+0.002501092489315354 +0.000009163000905695
-0.004679074987429263 -0.001162711517649049
+0.002397200264463860 -0.000024987298246484
-0.004676318658756545 -0.001148484048392474
+0.002355595999111247 -0.000013818536179871
-0.004743320449431973 -0.001168220056269585
+0.002407332867246351 +0.000018369308289631
-0.004843673232678002 -0.001205793653251124
+0.002478222840656887 +0.000041588668062425
-0.004923317723925031 -0.001260190557278372
+0.002538623672464855 +0.000047851855859260
-0.005005144611142409 -0.001313274561723113
+0.002597309590515020 +0.000022114578870221
-0.005082756574398410 -0.001332029878820455
+0.002624238746236168 -0.000035735609447229
-0.005115385306512066 -0.001311180046675221
+0.002592870002605833 -0.000092800898459595
-0.005103299612725666 -0.001289556186272837
+0.002551636586390994 -0.000102533920178963
-0.005134085561942173 -0.001310465245185580
+0.002583747118851430 -0.000062835751615954
-0.005279223371298199 -0.001364175707259393
+0.002674318857549445 -0.000021050472538995
-0.005469299333210512 -0.001408612220836727
+0.002741419734380917 -0.000014922546892875
-0.005639991637994723 -0.001416671167214648
+0.002940308836027246 -0.000055712081137977
-0.007373380973370502 -0.001342625223990484
+0.000900811989020144 -0.000266077381152355
-0.006609804244034372 -0.001591436834812631
+0.000198521110408282 +0.000218694601782272
-0.005902226266774954 -0.001732187357372816
+0.005395345424622504 +0.000168001134146895
-0.004049065492484488 -0.001542528447885453
+0.004423575242413173 -0.000255875772829364
-0.004507323288335450 -0.001332421597044870
