00000 -0.249
00010 -0.196
00020 -0.092
00030 -0.007
00040 +0.040
00050 +0.055
00060 +0.047
00070 +0.023
00080 -0.003
00090 -0.013
00100 +0.016
00110 +0.088
00120 +0.180
00130 +0.255
00140 +0.295
00150 +0.305
00160 +0.295
00170 +0.275
00180 +0.255
00190 +0.244
00200 +0.250
00210 +0.275
00220 +0.314
00230 +0.352
00240 +0.378
00250 +0.388
00260 +0.380
00270 +0.360
00280 +0.335
00290 +0.310
00300 +0.292
00310 +0.286
00320 +0.293
00330 +0.310
00340 +0.329
00350 +0.343
00360 +0.344
00370 +0.332
00380 +0.307
00390 +0.276
00400 +0.246
00410 +0.224
00420 +0.218
00430 +0.231
00440 +0.261
00450 +0.297
00460 +0.328
00470 +0.343
00480 +0.342
00490 +0.330
00500 +0.319
00510 +0.323
00520 +0.353
00530 +0.414
00540 +0.498
00550 +0.586
00560 +0.658
00570 +0.706
00580 +0.730
00590 +0.742
00600 +0.754
00610 +0.778
00620 +0.820
00630 +0.879
00640 +0.947
00650 +1.011
00660 +1.060
00670 +1.090
00680 +1.105
00690 +1.109
00700 +1.113
00710 +1.122
00720 +1.144
00730 +1.179
00740 +1.226
00750 +1.278
00760 +1.328
00770 +1.369
00780 +1.396
00790 +1.410
00800 +1.415
00810 +1.417
00820 +1.425
00830 +1.445
00840 +1.478
00850 +1.519
00860 +1.555
00870 +1.571
00880 +1.560
00890 +1.521
00900 +1.463
00910 +1.399
00920 +1.341
00930 +1.297
00940 +1.270
00950 +1.254
00960 +1.238
00970 +1.213
00980 +1.173
00990 +1.120
01000 +1.060
01010 +1.001
01020 +0.950
01030 +0.913
01040 +0.891
01050 +0.880
01060 +0.873
01070 +0.861
01080 +0.838
01090 +0.803
01100 +0.758
01110 +0.708
01120 +0.658
01130 +0.614
01140 +0.580
01150 +0.556
01160 +0.539
01170 +0.523
01180 +0.501
01190 +0.469
01200 +0.426
01210 +0.373
01220 +0.315
01230 +0.261
01240 +0.217
01250 +0.190
01260 +0.181
01270 +0.187
01280 +0.199
01290 +0.209
01300 +0.208
01310 +0.198
01320 +0.183
01330 +0.173
01340 +0.177
01350 +0.202
01360 +0.246
01370 +0.302
01380 +0.358
01390 +0.402
01400 +0.427
01410 +0.435
01420 +0.432
01430 +0.428
01440 +0.430
01450 +0.445
01460 +0.473
01470 +0.508
01480 +0.543
01490 +0.568
01500 +0.581
01510 +0.579
01520 +0.567
01530 +0.553
01540 +0.542
01550 +0.542
01560 +0.556
01570 +0.583
01580 +0.619
01590 +0.659
01600 +0.696
01610 +0.727
01620 +0.751
01630 +0.771
01640 +0.793
01650 +0.825
01660 +0.871
01670 +0.933
01680 +1.006
01690 +1.080
01700 +1.145
01710 +1.191
01720 +1.219
01730 +1.231
01740 +1.237
01750 +1.245
01760 +1.264
01770 +1.294
01780 +1.334
01790 +1.375
01800 +1.410
01810 +1.430
01820 +1.436
01830 +1.430
01840 +1.419
01850 +1.410
01860 +1.410
01870 +1.423
01880 +1.448
01890 +1.478
01900 +1.506
01910 +1.526
01920 +1.533
01930 +1.530
01940 +1.519
01950 +1.509
01960 +1.505
01970 +1.512
01980 +1.531
01990 +1.558
02000 +1.587
02010 +1.610
02020 +1.623
02030 +1.623
02040 +1.614
02050 +1.601
02060 +1.589
02070 +1.583
02080 +1.588
02090 +1.601
02100 +1.618
02110 +1.632
02120 +1.638
02130 +1.632
02140 +1.615
02150 +1.591
02160 +1.567
02170 +1.549
02180 +1.542
02190 +1.546
02200 +1.559
02210 +1.573
02220 +1.583
02230 +1.584
02240 +1.574
02250 +1.556
02260 +1.535
02270 +1.518
02280 +1.509
02290 +1.512
02300 +1.523
02310 +1.538
02320 +1.550
02330 +1.552
02340 +1.544
02350 +1.524
02360 +1.498
02370 +1.471
02380 +1.448
02390 +1.433
02400 +1.426
02410 +1.422
02420 +1.416
02430 +1.402
02440 +1.378
02450 +1.343
02460 +1.300
02470 +1.255
02480 +1.214
02490 +1.181
02500 +1.156
02510 +1.141
02520 +1.129
02530 +1.117
02540 +1.100
02550 +1.076
02560 +1.046
02570 +1.013
02580 +0.982
02590 +0.956
02600 +0.940
02610 +0.932
02620 +0.932
02630 +0.933
02640 +0.931
02650 +0.921
02660 +0.903
02670 +0.879
02680 +0.851
02690 +0.826
02700 +0.808
02710 +0.800
02720 +0.801
02730 +0.808
02740 +0.814
02750 +0.817
02760 +0.812
02770 +0.803
02780 +0.794
02790 +0.793
02800 +0.805
02810 +0.836
02820 +0.885
02830 +0.947
02840 +1.014
02850 +1.080
02860 +1.140
02870 +1.193
02880 +1.239
02890 +1.283
02900 +1.328
02910 +1.374
02920 +1.422
02930 +1.469
02940 +1.512
02950 +1.547
02960 +1.571
02970 +1.585
02980 +1.590
02990 +1.590
03000 +1.589
03010 +1.590
03020 +1.596
03030 +1.607
03040 +1.620
03050 +1.632
03060 +1.639
03070 +1.639
03080 +1.632
03090 +1.619
03100 +1.604
03110 +1.591
03120 +1.584
03130 +1.582
03140 +1.584
03150 +1.587
03160 +1.586
03170 +1.579
03180 +1.564
03190 +1.543
03200 +1.518
03210 +1.493
03220 +1.471
03230 +1.454
03240 +1.441
03250 +1.431
03260 +1.419
03270 +1.403
03280 +1.382
03290 +1.356
03300 +1.327
03310 +1.298
03320 +1.273
03330 +1.252
03340 +1.237
03350 +1.227
03360 +1.219
03370 +1.212
03380 +1.201
03390 +1.188
03400 +1.171
03410 +1.151
03420 +1.132
03430 +1.116
03440 +1.103
03450 +1.095
03460 +1.090
03470 +1.086
03480 +1.081
03490 +1.070
03500 +1.055
03510 +1.035
03520 +1.012
03530 +0.988
03540 +0.966
03550 +0.948
03560 +0.933
03570 +0.920
03580 +0.905
03590 +0.885
03600 +0.860
03610 +0.828
03620 +0.790
03630 +0.750
03640 +0.709
03650 +0.670
03660 +0.633
03670 +0.598
03680 +0.562
03690 +0.523
03700 +0.478
03710 +0.426
03720 +0.368
03730 +0.307
03740 +0.245
03750 +0.186
03760 +0.130
03770 +0.079
03780 +0.032
03790 -0.012
03800 -0.056
03810 -0.099
03820 -0.141
03830 -0.182
03840 -0.219
03850 -0.250
03860 -0.273
03870 -0.286
03880 -0.290
03890 -0.287
03900 -0.279
03910 -0.270
03920 -0.262
03930 -0.257
03940 -0.255
03950 -0.253
03960 -0.250
03970 -0.244
03980 -0.233
03990 -0.219
04000 -0.205
04010 -0.193
04020 -0.187
04030 -0.187
04040 -0.194
04050 -0.205
04060 -0.217
04070 -0.227
04080 -0.232
04090 -0.233
04100 -0.231
04110 -0.228
04120 -0.228
04130 -0.232
04140 -0.240
04150 -0.249
04160 -0.256
04170 -0.259
04180 -0.255
04190 -0.243
04200 -0.223
04210 -0.197
04220 -0.169
04230 -0.141
04240 -0.112
04250 -0.085
04260 -0.056
04270 -0.024
04280 +0.013
04290 +0.057
04300 +0.108
04310 +0.164
04320 +0.222
04330 +0.279
04340 +0.332
04350 +0.380
04360 +0.423
04370 +0.462
04380 +0.501
04390 +0.543
04400 +0.588
04410 +0.637
04420 +0.687
04430 +0.735
04440 +0.776
04450 +0.810
04460 +0.837
04470 +0.858
04480 +0.877
04490 +0.898
04500 +0.922
04510 +0.951
04520 +0.983
04530 +1.014
04540 +1.041
04550 +1.062
04560 +1.076
04570 +1.086
04580 +1.093
04590 +1.102
04600 +1.115
04610 +1.133
04620 +1.154
04630 +1.177
04640 +1.199
04650 +1.217
04660 +1.230
04670 +1.238
04680 +1.243
04690 +1.247
04700 +1.253
04710 +1.262
04720 +1.276
04730 +1.293
04740 +1.310
04750 +1.325
04760 +1.335
04770 +1.339
04780 +1.337
04790 +1.331
04800 +1.325
04810 +1.321
04820 +1.321
04830 +1.325
04840 +1.332
04850 +1.336
04860 +1.337
04870 +1.331
04880 +1.318
04890 +1.301
04900 +1.283
04910 +1.266
04920 +1.255
04930 +1.249
04940 +1.247
04950 +1.246
04960 +1.242
04970 +1.234
04980 +1.221
04990 +1.204
05000 +1.186
05010 +1.170
05020 +1.158
05030 +1.152
05040 +1.151
05050 +1.152
05060 +1.154
05070 +1.153
05080 +1.148
05090 +1.139
05100 +1.128
05110 +1.116
05120 +1.106
05130 +1.101
05140 +1.101
05150 +1.104
05160 +1.110
05170 +1.114
05180 +1.116
05190 +1.113
05200 +1.106
05210 +1.096
05220 +1.087
05230 +1.081
05240 +1.079
05250 +1.084
05260 +1.093
05270 +1.103
05280 +1.112
05290 +1.118
05300 +1.118
05310 +1.116
05320 +1.113
05330 +1.113
05340 +1.118
05350 +1.131
05360 +1.151
05370 +1.174
05380 +1.197
05390 +1.217
05400 +1.233
05410 +1.245
05420 +1.256
05430 +1.269
05440 +1.286
05450 +1.309
05460 +1.338
05470 +1.371
05480 +1.405
05490 +1.436
05500 +1.463
05510 +1.486
05520 +1.504
05530 +1.522
05540 +1.540
05550 +1.562
05560 +1.589
05570 +1.619
05580 +1.651
05590 +1.682
05600 +1.709
05610 +1.730
05620 +1.746
05630 +1.757
05640 +1.768
05650 +1.779
05660 +1.795
05670 +1.816
05680 +1.840
05690 +1.865
05700 +1.887
05710 +1.905
05720 +1.916
05730 +1.922
05740 +1.925
05750 +1.930
05760 +1.939
05770 +1.954
05780 +1.974
05790 +1.998
05800 +2.021
05810 +2.040
05820 +2.054
05830 +2.062
05840 +2.068
05850 +2.074
05860 +2.083
05870 +2.098
05880 +2.119
05890 +2.144
05900 +2.169
05910 +2.191
05920 +2.209
05930 +2.221
05940 +2.228
05950 +2.233
05960 +2.239
05970 +2.247
05980 +2.260
05990 +2.277
06000 +2.295
06010 +2.311
06020 +2.323
06030 +2.328
06040 +2.327
06050 +2.320
06060 +2.311
06070 +2.303
06080 +2.299
06090 +2.298
06100 +2.300
06110 +2.302
06120 +2.301
06130 +2.294
06140 +2.280
06150 +2.260
06160 +2.237
06170 +2.213
06180 +2.193
06190 +2.178
06200 +2.167
06210 +2.160
06220 +2.151
06230 +2.139
06240 +2.121
06250 +2.098
06260 +2.072
06270 +2.045
06280 +2.022
06290 +2.004
06300 +1.993
06310 +1.987
06320 +1.983
06330 +1.978
06340 +1.969
06350 +1.955
06360 +1.938
06370 +1.920
06380 +1.903
06390 +1.891
06400 +1.886
06410 +1.886
06420 +1.890
06430 +1.895
06440 +1.898
06450 +1.895
06460 +1.888
06470 +1.877
06480 +1.866
06490 +1.857
06500 +1.853
06510 +1.855
06520 +1.863
06530 +1.872
06540 +1.881
06550 +1.885
06560 +1.884
06570 +1.877
06580 +1.868
06590 +1.860
06600 +1.856
06610 +1.859
06620 +1.869
06630 +1.883
06640 +1.898
06650 +1.911
06660 +1.918
06670 +1.920
06680 +1.917
06690 +1.915
06700 +1.916
06710 +1.923
06720 +1.938
06730 +1.959
06740 +1.982
06750 +2.004
06760 +2.020
06770 +2.030
06780 +2.034
06790 +2.036
06800 +2.038
06810 +2.046
06820 +2.059
06830 +2.078
06840 +2.100
06850 +2.121
06860 +2.136
06870 +2.145
06880 +2.146
06890 +2.141
06900 +2.135
06910 +2.131
06920 +2.132
06930 +2.138
06940 +2.149
06950 +2.161
06960 +2.170
06970 +2.173
06980 +2.167
06990 +2.156
07000 +2.141
07010 +2.128
07020 +2.121
07030 +2.120
07040 +2.127
07050 +2.139
07060 +2.151
07070 +2.160
07080 +2.163
07090 +2.159
07100 +2.152
07110 +2.146
07120 +2.145
07130 +2.153
07140 +2.171
07150 +2.195
07160 +2.222
07170 +2.247
07180 +2.265
07190 +2.277
07200 +2.282
07210 +2.285
07220 +2.291
07230 +2.303
07240 +2.323
07250 +2.349
07260 +2.378
07270 +2.405
07280 +2.424
07290 +2.434
07300 +2.435
07310 +2.431
07320 +2.426
07330 +2.424
07340 +2.429
07350 +2.440
07360 +2.455
07370 +2.470
07380 +2.480
07390 +2.482
07400 +2.475
07410 +2.461
07420 +2.445
07430 +2.433
07440 +2.428
07450 +2.432
07460 +2.444
07470 +2.460
07480 +2.475
07490 +2.485
07500 +2.487
07510 +2.483
07520 +2.476
07530 +2.472
07540 +2.475
07550 +2.489
07560 +2.514
07570 +2.545
07580 +2.578
07590 +2.606
07600 +2.625
07610 +2.636
07620 +2.641
07630 +2.646
07640 +2.657
07650 +2.676
07660 +2.705
07670 +2.740
07680 +2.777
07690 +2.809
07700 +2.832
07710 +2.843
07720 +2.845
07730 +2.844
07740 +2.843
07750 +2.850
07760 +2.865
07770 +2.886
07780 +2.911
07790 +2.932
07800 +2.944
07810 +2.945
07820 +2.935
07830 +2.918
07840 +2.900
07850 +2.888
07860 +2.885
07870 +2.891
07880 +2.903
07890 +2.916
07900 +2.923
07910 +2.921
07920 +2.908
07930 +2.886
07940 +2.863
07950 +2.844
07960 +2.835
07970 +2.837
07980 +2.848
07990 +2.864
08000 +2.877
08010 +2.882
08020 +2.875
08030 +2.859
08040 +2.837
08050 +2.818
08060 +2.806
08070 +2.805
08080 +2.816
08090 +2.833
08100 +2.850
08110 +2.860
08120 +2.859
08130 +2.846
08140 +2.826
08150 +2.805
08160 +2.789
08170 +2.785
08180 +2.792
08190 +2.808
08200 +2.828
08210 +2.845
08220 +2.852
08230 +2.848
08240 +2.833
08250 +2.814
08260 +2.798
08270 +2.791
08280 +2.795
08290 +2.812
08300 +2.836
08310 +2.859
08320 +2.874
08330 +2.877
08340 +2.866
08350 +2.845
08360 +2.822
08370 +2.803
08380 +2.797
08390 +2.803
08400 +2.818
08410 +2.836
08420 +2.847
08430 +2.845
08440 +2.825
08450 +2.790
08460 +2.748
08470 +2.706
08480 +2.675
08490 +2.657
08500 +2.652
08510 +2.652
08520 +2.648
08530 +2.631
08540 +2.595
08550 +2.541
08560 +2.475
08570 +2.406
08580 +2.346
08590 +2.300
08600 +2.270
08610 +2.250
08620 +2.232
08630 +2.206
08640 +2.165
08650 +2.106
08660 +2.034
08670 +1.957
08680 +1.888
08690 +1.836
08700 +1.804
08710 +1.789
08720 +1.785
08730 +1.780
08740 +1.764
08750 +1.731
08760 +1.681
08770 +1.620
08780 +1.560
08790 +1.510
08800 +1.479
08810 +1.467
08820 +1.469
08830 +1.474
08840 +1.468
08850 +1.441
08860 +1.391
08870 +1.319
08880 +1.237
08890 +1.158
08900 +1.095
08910 +1.052
08920 +1.026
08930 +1.007
08940 +0.982
08950 +0.936
08960 +0.864
08970 +0.766
08980 +0.651
08990 +0.534
09000 +0.431
09010 +0.352
09020 +0.297
09030 +0.257
09040 +0.221
09050 +0.173
09060 +0.103
09070 +0.009
09080 -0.102
09090 -0.216
09100 -0.319
09110 -0.398
09120 -0.447
09130 -0.473
09140 -0.487
09150 -0.503
09160 -0.535
09170 -0.590
09180 -0.667
09190 -0.758
09200 -0.849
09210 -0.924
09220 -0.974
09230 -0.999
09240 -1.005
09250 -1.005
09260 -1.016
09270 -1.047
09280 -1.105
09290 -1.185
09300 -1.277
09310 -1.364
09320 -1.431
09330 -1.471
09340 -1.485
09350 -1.482
09360 -1.478
09370 -1.486
09380 -1.516
09390 -1.571
09400 -1.645
09410 -1.723
09420 -1.789
09430 -1.830
09440 -1.841
09450 -1.825
09460 -1.793
09470 -1.761
09480 -1.742
09490 -1.745
09500 -1.769
09510 -1.809
09520 -1.849
09530 -1.876
09540 -1.878
09550 -1.852
09560 -1.802
09570 -1.740
09580 -1.681
09590 -1.639
09600 -1.621
09610 -1.627
09620 -1.650
09630 -1.676
09640 -1.691
09650 -1.683
09660 -1.648
09670 -1.594
09680 -1.531
09690 -1.476
09700 -1.440
09710 -1.431
09720 -1.447
09730 -1.479
09740 -1.512
09750 -1.532
09760 -1.527
09770 -1.496
09780 -1.445
09790 -1.388
09800 -1.338
09810 -1.309
09820 -1.305
09830 -1.323
09840 -1.352
09850 -1.376
09860 -1.382
09870 -1.360
09880 -1.311
09890 -1.244
09900 -1.171
09910 -1.108
09920 -1.065
09930 -1.046
09940 -1.047
09950 -1.057
09960 -1.061
09970 -1.047
09980 -1.009
09990 -0.948
10000 -0.876
10010 -0.805
10020 -0.749
10030 -0.719
10040 -0.716
10050 -0.736
10060 -0.765
10070 -0.789
10080 -0.798
10090 -0.785
10100 -0.754
10110 -0.716
10120 -0.685
10130 -0.673
10140 -0.689
10150 -0.732
10160 -0.795
10170 -0.865
10180 -0.928
10190 -0.973
10200 -0.997
10210 -1.006
10220 -1.010
10230 -1.024
10240 -1.060
10250 -1.122
10260 -1.211
10270 -1.315
10280 -1.422
10290 -1.517
10300 -1.591
10310 -1.643
10320 -1.680
10330 -1.715
10340 -1.760
10350 -1.827
10360 -1.918
10370 -2.030
10380 -2.150
10390 -2.263
10400 -2.356
10410 -2.423
10420 -2.463
10430 -2.489
10440 -2.512
10450 -2.547
10460 -2.603
10470 -2.678
10480 -2.767
10490 -2.855
10500 -2.928
10510 -2.974
10520 -2.992
10530 -2.986
10540 -2.971
10550 -2.959
10560 -2.964
10570 -2.989
10580 -3.033
10590 -3.084
10600 -3.129
10610 -3.155
10620 -3.154
10630 -3.128
10640 -3.086
10650 -3.041
10660 -3.006
10670 -2.991
10680 -2.997
10690 -3.017
10700 -3.041
10710 -3.055
10720 -3.047
10730 -3.015
10740 -2.962
10750 -2.900
10760 -2.841
10770 -2.799
10780 -2.778
10790 -2.778
10800 -2.791
10810 -2.804
10820 -2.803
10830 -2.780
10840 -2.736
10850 -2.676
10860 -2.613
10870 -2.561
10880 -2.531
10890 -2.524
10900 -2.536
10910 -2.556
10920 -2.569
10930 -2.564
10940 -2.533
10950 -2.480
10960 -2.416
10970 -2.353
10980 -2.304
10990 -2.276
11000 -2.266
11010 -2.266
11020 -2.261
11030 -2.238
11040 -2.189
11050 -2.113
11060 -2.020
11070 -1.923
11080 -1.835
11090 -1.766
11100 -1.719
11110 -1.688
11120 -1.663
11130 -1.632
11140 -1.585
11150 -1.519
11160 -1.439
11170 -1.354
11180 -1.277
11190 -1.218
11200 -1.183
11210 -1.171
11220 -1.173
11230 -1.180
11240 -1.178
11250 -1.162
11260 -1.129
11270 -1.088
11280 -1.047
11290 -1.018
11300 -1.009
11310 -1.023
11320 -1.055
11330 -1.096
11340 -1.132
11350 -1.154
11360 -1.156
11370 -1.141
11380 -1.118
11390 -1.097
11400 -1.088
11410 -1.095
11420 -1.118
11430 -1.147
11440 -1.171
11450 -1.177
11460 -1.158
11470 -1.113
11480 -1.049
11490 -0.977
11500 -0.907
11510 -0.848
11520 -0.802
11530 -0.762
11540 -0.722
11550 -0.669
11560 -0.597
11570 -0.504
11580 -0.396
11590 -0.283
11600 -0.175
11610 -0.083
11620 -0.009
11630 +0.048
11640 +0.094
11650 +0.139
11660 +0.192
11670 +0.258
11680 +0.335
11690 +0.419
11700 +0.499
11710 +0.567
11720 +0.619
11730 +0.654
11740 +0.676
11750 +0.695
11760 +0.720
11770 +0.758
11780 +0.812
11790 +0.878
11800 +0.950
11810 +1.020
11820 +1.080
11830 +1.128
11840 +1.166
11850 +1.202
11860 +1.244
11870 +1.299
11880 +1.371
11890 +1.460
11900 +1.559
11910 +1.661
11920 +1.757
11930 +1.844
11940 +1.920
11950 +1.989
11960 +2.057
11970 +2.132
11980 +2.216
11990 +2.312
12000 +2.415
12010 +2.519
12020 +2.616
12030 +2.701
12040 +2.771
12050 +2.828
12060 +2.876
12070 +2.922
12080 +2.971
12090 +3.026
12100 +3.088
12110 +3.152
12120 +3.212
12130 +3.264
12140 +3.302
12150 +3.328
12160 +3.344
12170 +3.355
12180 +3.369
12190 +3.390
12200 +3.421
12210 +3.458
12220 +3.499
12230 +3.537
12240 +3.567
12250 +3.588
12260 +3.600
12270 +3.608
12280 +3.618
12290 +3.635
12300 +3.663
12310 +3.701
12320 +3.746
12330 +3.791
12340 +3.832
12350 +3.864
12360 +3.887
12370 +3.903
12380 +3.919
12390 +3.938
12400 +3.965
12410 +4.000
12420 +4.041
12430 +4.084
12440 +4.122
12450 +4.152
12460 +4.173
12470 +4.185
12480 +4.193
12490 +4.202
12500 +4.215
12510 +4.237
12520 +4.265
12530 +4.298
12540 +4.330
12550 +4.358
12560 +4.380
12570 +4.396
12580 +4.408
12590 +4.422
12600 +4.441
12610 +4.470
12620 +4.510
12630 +4.558
12640 +4.613
12650 +4.669
12660 +4.723
12670 +4.774
12680 +4.823
12690 +4.871
12700 +4.925
12710 +4.985
12720 +5.054
12730 +5.131
12740 +5.212
12750 +5.291
12760 +5.364
12770 +5.427
12780 +5.478
12790 +5.520
12800 +5.555
12810 +5.587
12820 +5.618
12830 +5.650
12840 +5.680
12850 +5.705
12860 +5.720
12870 +5.723
12880 +5.713
12890 +5.692
12900 +5.663
12910 +5.633
12920 +5.604
12930 +5.579
12940 +5.557
12950 +5.537
12960 +5.513
12970 +5.484
12980 +5.447
12990 +5.404
13000 +5.358
13010 +5.313
13020 +5.273
13030 +5.241
13040 +5.217
13050 +5.200
13060 +5.185
13070 +5.170
13080 +5.152
13090 +5.132
13100 +5.111
13110 +5.093
13120 +5.081
13130 +5.079
13140 +5.087
13150 +5.103
13160 +5.124
13170 +5.146
13180 +5.164
13190 +5.176
13200 +5.183
13210 +5.187
13220 +5.191
13230 +5.197
13240 +5.206
13250 +5.218
13260 +5.228
13270 +5.235
13280 +5.232
13290 +5.219
13300 +5.196
13310 +5.164
13320 +5.128
13330 +5.093
13340 +5.060
13350 +5.031
13360 +5.004
13370 +4.974
13380 +4.940
13390 +4.897
13400 +4.846
13410 +4.789
13420 +4.729
13430 +4.671
13440 +4.618
13450 +4.572
13460 +4.532
13470 +4.493
13480 +4.453
13490 +4.408
13500 +4.357
13510 +4.301
13520 +4.245
13530 +4.191
13540 +4.146
13550 +4.110
13560 +4.083
13570 +4.062
13580 +4.045
13590 +4.026
13600 +4.004
13610 +3.979
13620 +3.952
13630 +3.929
13640 +3.912
13650 +3.903
13660 +3.903
13670 +3.910
13680 +3.917
13690 +3.922
13700 +3.920
13710 +3.909
13720 +3.891
13730 +3.870
13740 +3.849
13750 +3.832
13760 +3.822
13770 +3.816
13780 +3.811
13790 +3.803
13800 +3.788
13810 +3.763
13820 +3.730
13830 +3.691
13840 +3.654
13850 +3.621
13860 +3.596
13870 +3.580
13880 +3.569
13890 +3.558
13900 +3.544
13910 +3.524
13920 +3.496
13930 +3.465
13940 +3.435
13950 +3.411
13960 +3.397
13970 +3.393
13980 +3.398
13990 +3.406
14000 +3.414
14010 +3.416
14020 +3.410
14030 +3.397
14040 +3.380
14050 +3.365
14060 +3.356
14070 +3.355
14080 +3.361
14090 +3.372
14100 +3.380
14110 +3.381
14120 +3.371
14130 +3.349
14140 +3.317
14150 +3.283
14160 +3.251
14170 +3.227
14180 +3.211
14190 +3.202
14200 +3.193
14210 +3.179
14220 +3.154
14230 +3.117
14240 +3.069
14250 +3.018
14260 +2.969
14270 +2.929
14280 +2.902
14290 +2.885
14300 +2.875
14310 +2.864
14320 +2.847
14330 +2.819
14340 +2.783
14350 +2.742
14360 +2.703
14370 +2.673
14380 +2.656
14390 +2.652
14400 +2.657
14410 +2.664
14420 +2.667
14430 +2.659
14440 +2.638
14450 +2.606
14460 +2.570
14470 +2.535
14480 +2.508
14490 +2.491
14500 +2.483
14510 +2.478
14520 +2.469
14530 +2.448
14540 +2.410
14550 +2.357
14560 +2.291
14570 +2.223
14580 +2.159
14590 +2.106
14600 +2.065
14610 +2.032
14620 +2.000
14630 +1.959
14640 +1.905
14650 +1.835
14660 +1.754
14670 +1.671
14680 +1.595
14690 +1.534
14700 +1.493
14710 +1.468
14720 +1.454
14730 +1.442
14740 +1.425
14750 +1.399
14760 +1.366
14770 +1.332
14780 +1.302
14790 +1.287
14800 +1.288
14810 +1.307
14820 +1.337
14830 +1.372
14840 +1.401
14850 +1.418
14860 +1.419
14870 +1.405
14880 +1.382
14890 +1.360
14900 +1.346
14910 +1.345
14920 +1.357
14930 +1.374
14940 +1.388
14950 +1.388
14960 +1.368
14970 +1.328
14980 +1.272
14990 +1.212
15000 +1.158
15010 +1.120
15020 +1.101
15030 +1.096
15040 +1.096
15050 +1.089
15060 +1.066
15070 +1.023
15080 +0.966
15090 +0.904
15100 +0.849
15110 +0.814
15120 +0.803
15130 +0.815
15140 +0.839
15150 +0.865
15160 +0.880
15170 +0.878
15180 +0.860
15190 +0.831
15200 +0.802
15210 +0.785
15220 +0.786
15230 +0.809
15240 +0.847
15250 +0.889
15260 +0.922
15270 +0.937
15280 +0.927
15290 +0.895
15300 +0.850
15310 +0.804
15320 +0.771
15330 +0.757
15340 +0.764
15350 +0.782
15360 +0.798
15370 +0.800
15380 +0.777
15390 +0.727
15400 +0.658
15410 +0.583
15420 +0.519
15430 +0.479
15440 +0.470
15450 +0.486
15460 +0.513
15470 +0.536
15480 +0.543
15490 +0.527
15500 +0.493
15510 +0.452
15520 +0.420
15530 +0.414
15540 +0.440
15550 +0.497
15560 +0.574
15570 +0.654
15580 +0.722
15590 +0.767
15600 +0.785
15610 +0.783
15620 +0.771
15630 +0.767
15640 +0.783
15650 +0.825
15660 +0.888
15670 +0.959
15680 +1.022
15690 +1.062
15700 +1.066
15710 +1.036
15720 +0.981
15730 +0.918
15740 +0.868
15750 +0.845
15760 +0.854
15770 +0.887
15780 +0.925
15790 +0.948
15800 +0.939
15810 +0.893
15820 +0.816
15830 +0.727
15840 +0.654
15850 +0.620
15860 +0.635
15870 +0.694
15880 +0.779
15890 +0.864
15900 +0.931
15910 +0.967
15920 +0.976
15930 +0.973
15940 +0.981
15950 +1.022
15960 +1.110
15970 +1.240
15980 +1.396
15990 +1.556
16000 +1.695
16010 +1.799
16020 +1.860
16030 +1.884
16040 +1.890
16050 +1.899
16060 +1.934
16070 +2.006
16080 +2.111
16090 +2.231
16100 +2.343
16110 +2.424
16120 +2.458
16130 +2.441
16140 +2.385
16150 +2.318
16160 +2.270
16170 +2.268
16180 +2.320
16190 +2.412
16200 +2.517
16210 +2.604
16220 +2.647
16230 +2.635
16240 +2.577
16250 +2.501
16260 +2.445
16270 +2.445
16280 +2.513
16290 +2.637
16300 +2.788
16310 +2.928
16320 +3.030
16330 +3.079
16340 +3.076
16350 +3.043
16360 +3.009
16370 +3.003
16380 +3.045
16390 +3.133
16400 +3.251
16410 +3.374
16420 +3.473
16430 +3.527
16440 +3.524
16450 +3.469
16460 +3.379
16470 +3.285
16480 +3.219
16490 +3.201
16500 +3.234
16510 +3.300
16520 +3.367
16530 +3.400
16540 +3.371
16550 +3.266
16560 +3.095
16570 +2.891
16580 +2.698
16590 +2.560
16600 +2.494
16610 +2.491
16620 +2.512
16630 +2.514
16640 +2.458
16650 +2.329
16660 +2.135
16670 +1.916
16680 +1.721
16690 +1.598
16700 +1.568
16710 +1.619
16720 +1.716
16730 +1.818
16740 +1.887
16750 +1.903
16760 +1.862
16770 +1.780
16780 +1.688
16790 +1.619
16800 +1.603
16810 +1.650
16820 +1.751
16830 +1.878
16840 +1.994
16850 +2.067
16860 +2.073
16870 +2.004
16880 +1.874
16890 +1.716
16900 +1.574
16910 +1.488
16920 +1.474
16930 +1.521
16940 +1.588
16950 +1.627
16960 +1.592
16970 +1.452
16980 +1.207
16990 +0.887
17000 +0.551
17010 +0.269
17020 +0.088
17030 +0.014
17040 +0.009
17050 +0.011
17060 -0.040
17070 -0.179
17080 -0.406
17090 -0.686
17100 -0.952
17110 -1.132
17120 -1.176
17130 -1.079
17140 -0.880
17150 -0.637
17160 -0.405
17170 -0.224
17180 -0.115
17190 -0.074
17200 -0.077
17210 -0.085
17220 -0.051
17230 +0.060
17240 +0.260
17250 +0.530
17260 +0.830
17270 +1.107
17280 +1.316
17290 +1.424
17300 +1.419
17310 +1.319
17320 +1.172
17330 +1.039
17340 +0.979
17350 +1.014
17360 +1.122
17370 +1.240
17380 +1.289
17390 +1.196
17400 +0.919
17410 +0.455
17420 -0.150
17430 -0.805
17440 -1.399
17450 -1.840
17460 -2.105
17470 -2.243
17480 -2.344
17490 -2.485
17500 -2.695
17510 -2.953
17520 -3.192
17530 -3.324
17540 -3.273
17550 -3.015
17560 -2.584
17570 -2.050
17580 -1.492
17590 -0.973
17600 -0.534
17610 -0.198
17620 +0.034
17630 +0.185
17640 +0.303
17650 +0.447
17660 +0.672
17670 +1.001
17680 +1.416
17690 +1.867
17700 +2.282
17710 +2.595
17720 +2.751
17730 +2.727
17740 +2.542
17750 +2.260
17760 +1.972
17770 +1.765
17780 +1.673
17790 +1.654
17800 +1.608
17810 +1.416
17820 +0.985
17830 +0.283
17840 -0.645
17850 -1.659
17860 -2.529
17870 -3.004
17880 -2.966
17890 -2.519
17900 -1.866
17910 -1.174
17920 -0.527
17930 +0.048
17940 +0.564
17950 +1.056
17960 +1.570
17970 +2.149
17980 +2.820
17990 +3.585
18000 +4.424
18010 +5.296
18020 +6.157
18030 +6.960
18040 +7.673
18050 +8.283
18060 +8.806
18070 +9.295
18080 +9.826
18090 +10.479
18100 +11.308
18110 +12.330
18120 +13.526
18130 +14.847
18140 +16.215
18150 +17.511
18160 +18.573
18170 +19.262
18180 +19.564
18190 +19.605
18200 +19.512
18210 +19.288
18220 +18.838
18230 +18.102
18240 +17.140
18250 +16.093
18260 +15.104
18270 +14.292
18280 +13.750
18290 +13.543
18300 +13.692
18310 +14.169
18320 +14.905
18330 +15.814
18340 +16.814
18350 +17.830
18360 +18.796
18370 +19.668
18380 +20.433
18390 +21.124
18400 +21.805
18410 +22.537
18420 +23.335
18430 +24.137
18440 +24.824
18450 +25.259
18460 +25.370
18470 +25.183
18480 +24.781
18490 +24.245
18500 +23.613
18510 +22.895
18520 +22.104
18530 +21.275
18540 +20.457
18550 +19.694
18560 +19.015
18570 +18.442
18580 +17.995
18590 +17.700
18600 +17.587
18610 +17.687
18620 +18.013
18630 +18.552
18640 +19.265
18650 +20.104
18660 +21.045
18670 +22.106
18680 +23.364
18690 +24.952
18700 +27.036
18710 +29.541
18720 +30.888
18730 +28.967
18740 +26.029
18750 +23.634
18760 +21.868
18770 +20.576
18780 +19.615
18790 +18.874
18800 +18.265
18810 +17.719
18820 +17.187
18830 +16.647
18840 +16.110
18850 +15.600
18860 +15.142
18870 +14.749
18880 +14.420
18890 +14.144
18900 +13.910
18910 +13.705
18920 +13.521
18930 +13.348
18940 +13.186
18950 +13.037
18960 +12.905
18970 +12.798
18980 +12.720
18990 +12.679
19000 +12.682
19010 +12.737
19020 +12.849
19030 +13.020
19040 +13.235
19050 +13.469
19060 +13.686
19070 +13.860
19080 +13.982
19090 +14.058
19100 +14.104
19110 +14.134
19120 +14.152
19130 +14.155
19140 +14.132
19150 +14.067
19160 +13.955
19170 +13.803
19180 +13.630
19190 +13.455
19200 +13.290
19210 +13.145
19220 +13.020
19230 +12.915
19240 +12.822
19250 +12.734
19260 +12.645
19270 +12.548
19280 +12.445
19290 +12.340
19300 +12.240
19310 +12.151
19320 +12.080
19330 +12.032
19340 +12.011
19350 +12.017
19360 +12.044
19370 +12.083
19380 +12.122
19390 +12.155
19400 +12.183
19410 +12.210
19420 +12.245
19430 +12.295
19440 +12.363
19450 +12.443
19460 +12.522
19470 +12.578
19480 +12.595
19490 +12.566
19500 +12.501
19510 +12.414
19520 +12.324
19530 +12.241
19540 +12.175
19550 +12.125
19560 +12.089
19570 +12.055
19580 +12.013
19590 +11.957
19600 +11.886
19610 +11.807
19620 +11.727
19630 +11.656
19640 +11.601
19650 +11.567
19660 +11.553
19670 +11.553
19680 +11.556
19690 +11.551
19700 +11.532
19710 +11.497
19720 +11.453
19730 +11.409
19740 +11.374
19750 +11.358
19760 +11.364
19770 +11.390
19780 +11.427
19790 +11.462
19800 +11.481
19810 +11.480
19820 +11.462
19830 +11.435
19840 +11.412
19850 +11.404
19860 +11.418
19870 +11.458
19880 +11.516
19890 +11.578
19900 +11.627
19910 +11.652
19920 +11.653
19930 +11.636
19940 +11.616
19950 +11.606
19960 +11.619
19970 +11.661
19980 +11.728
19990 +11.806
20000 +11.875
20010 +11.918
20020 +11.928
20030 +11.909
20040 +11.877
20050 +11.847
20060 +11.837
20070 +11.856
20080 +11.904
20090 +11.966
20100 +12.014
20110 +12.020
20120 +11.965
20130 +11.849
20140 +11.693
20150 +11.531
20160 +11.406
20170 +11.351
20180 +11.369
20190 +11.436
20200 +11.519
20210 +11.593
20220 +11.650
20230 +11.689
20240 +11.715
20250 +11.737
20260 +11.762
20270 +11.797
20280 +11.843
20290 +11.897
20300 +11.949
20310 +11.988
20320 +12.001
20330 +11.986
20340 +11.948
20350 +11.896
20360 +11.843
20370 +11.799
20380 +11.771
20390 +11.759
20400 +11.759
20410 +11.758
20420 +11.743
20430 +11.705
20440 +11.644
20450 +11.564
20460 +11.474
20470 +11.387
20480 +11.310
20490 +11.252
20500 +11.212
20510 +11.186
20520 +11.159
20530 +11.119
20540 +11.057
20550 +10.970
20560 +10.863
20570 +10.745
20580 +10.631
20590 +10.534
20600 +10.467
20610 +10.430
20620 +10.413
20630 +10.393
20640 +10.350
20650 +10.279
20660 +10.194
20670 +10.150
20680 +10.257
20690 +10.609
20700 +11.096
20710 +11.455
20720 +11.595
20730 +11.580
20740 +11.487
20750 +11.360
20760 +11.220
20770 +11.077
20780 +10.935
20790 +10.800
20800 +10.676
20810 +10.570
20820 +10.489
20830 +10.436
20840 +10.409
20850 +10.394
20860 +10.373
20870 +10.332
20880 +10.268
20890 +10.186
20900 +10.099
20910 +10.021
20920 +9.968
20930 +9.952
20940 +9.972
20950 +10.012
20960 +10.048
20970 +10.057
20980 +10.029
20990 +9.967
21000 +9.887
21010 +9.809
21020 +9.756
21030 +9.749
21040 +9.793
21050 +9.875
21060 +9.965
21070 +10.027
21080 +10.041
21090 +10.007
21100 +9.939
21110 +9.863
21120 +9.809
21130 +9.805
21140 +9.868
21150 +9.988
21160 +10.130
21170 +10.245
21180 +10.300
21190 +10.287
21200 +10.221
21210 +10.131
21220 +10.051
21230 +10.014
21240 +10.040
21250 +10.120
21260 +10.214
21270 +10.271
21280 +10.254
21290 +10.158
21300 +10.001
21310 +9.814
21320 +9.631
21330 +9.487
21340 +9.409
21350 +9.404
21360 +9.454
21370 +9.520
21380 +9.566
21390 +9.568
21400 +9.523
21410 +9.442
21420 +9.350
21430 +9.277
21440 +9.256
21450 +9.311
21460 +9.442
21470 +9.617
21480 +9.786
21490 +9.904
21500 +9.947
21510 +9.921
21520 +9.847
21530 +9.763
21540 +9.710
21550 +9.729
21560 +9.833
21570 +9.999
21580 +10.166
21590 +10.270
21600 +10.275
21610 +10.179
21620 +10.004
21630 +9.787
21640 +9.578
21650 +9.424
21660 +9.359
21670 +9.375
21680 +9.421
21690 +9.433
21700 +9.368
21710 +9.217
21720 +8.997
21730 +8.744
21740 +8.504
21750 +8.334
21760 +8.279
21770 +8.348
21780 +8.503
21790 +8.675
21800 +8.796
21810 +8.828
21820 +8.765
21830 +8.627
21840 +8.454
21850 +8.300
21860 +8.229
21870 +8.285
21880 +8.464
21890 +8.699
21900 +8.899
21910 +8.991
21920 +8.947
21930 +8.774
21940 +8.509
21950 +8.209
21960 +7.954
21970 +7.823
21980 +7.856
21990 +8.005
22000 +8.158
22010 +8.210
22020 +8.105
22030 +7.840
22040 +7.448
22050 +6.988
22060 +6.553
22070 +6.261
22080 +6.198
22090 +6.349
22100 +6.594
22110 +6.798
22120 +6.875
22130 +6.804
22140 +6.604
22150 +6.327
22160 +6.054
22170 +5.888
22180 +5.926
22190 +6.194
22200 +6.617
22210 +7.055
22220 +7.393
22230 +7.567
22240 +7.571
22250 +7.435
22260 +7.219
22270 +7.016
22280 +6.944
22290 +7.098
22300 +7.476
22310 +7.953
22320 +8.366
22330 +8.602
22340 +8.624
22350 +8.449
22360 +8.128
22370 +7.747
22380 +7.435
22390 +7.344
22400 +7.545
22410 +7.935
22420 +8.314
22430 +8.521
22440 +8.497
22450 +8.252
22460 +7.839
22470 +7.348
22480 +6.927
22490 +6.764
22500 +6.972
22510 +7.456
22520 +7.988
22530 +8.376
22540 +8.540
22550 +8.480
22560 +8.242
22570 +7.907
22580 +7.598
22590 +7.484
22600 +7.703
22610 +8.231
22620 +8.872
22630 +9.400
22640 +9.684
22650 +9.693
22660 +9.458
22670 +9.040
22680 +8.541
22690 +8.129
22700 +8.022
22710 +8.328
22720 +8.881
22730 +9.372
22740 +9.588
22750 +9.467
22760 +9.031
22770 +8.329
22780 +7.438
22790 +6.532
22800 +5.945
22810 +5.991
22820 +6.537
22830 +7.124
22840 +7.427
22850 +7.353
22860 +6.918
22870 +6.168
22880 +5.180
22890 +4.132
22900 +3.415
22910 +3.472
22920 +4.232
22930 +5.153
22940 +5.823
22950 +6.100
22960 +5.985
22970 +5.519
22980 +4.749
22990 +3.759
23000 +2.769
23010 +2.246
23020 +2.611
23030 +3.612
23040 +4.632
23050 +5.303
23060 +5.533
23070 +5.340
23080 +4.754
23090 +3.791
23100 +2.492
23110 +1.102
23120 +0.383
23130 +1.018
23140 +2.365
23150 +3.517
23160 +4.161
23170 +4.285
23180 +3.934
23190 +3.118
23200 +1.828
23210 +0.155
23220 -1.256
23230 -1.075
23240 +0.525
23250 +2.144
23260 +3.211
23270 +3.689
23280 +3.650
23290 +3.149
23300 +2.226
23310 +1.002
23320 -0.043
23330 +0.032
23340 +1.384
23350 +3.025
23360 +4.290
23370 +5.025
23380 +5.257
23390 +5.041
23400 +4.419
23410 +3.451
23420 +2.372
23430 +1.848
23440 +2.571
23450 +4.077
23460 +5.457
23470 +6.312
23480 +6.595
23490 +6.351
23500 +5.614
23510 +4.392
23520 +2.794
23530 +1.512
23540 +1.959
23550 +3.818
23560 +5.537
23570 +6.532
23580 +6.789
23590 +6.402
23600 +5.421
23610 +3.832
23620 +1.727
23630 +0.178
23640 +1.372
23650 +4.027
23660 +6.130
23670 +7.296
23680 +7.617
23690 +7.233
23700 +6.226
23710 +4.595
23720 +2.365
23730 +0.388
23740 +1.358
23750 +4.521
23760 +7.295
23770 +9.067
23780 +9.821
23790 +9.658
23800 +8.684
23810 +6.879
23820 +3.887
23830 -1.741
23840 -9.504
23850 +2.047
23860 +8.012
23870 +11.695
23880 +13.617
23890 +13.744
23900 +12.496
23910 +10.497
23920 +8.306
23930 +6.960
23940 +7.864
23950 +10.532
23960 +13.735
23970 +17.184
23980 +21.185
23990 +26.555
