00000 -1.017
00010 -0.902
00020 -0.623
00030 -0.312
00040 -0.065
00050 +0.077
00060 +0.107
00070 +0.037
00080 -0.104
00090 -0.269
00100 -0.394
00110 -0.421
00120 -0.337
00130 -0.182
00140 -0.016
00150 +0.113
00160 +0.182
00170 +0.188
00180 +0.142
00190 +0.066
00200 -0.006
00210 -0.045
00220 -0.032
00230 +0.029
00240 +0.115
00250 +0.197
00260 +0.252
00270 +0.269
00280 +0.247
00290 +0.196
00300 +0.133
00310 +0.079
00320 +0.056
00330 +0.070
00340 +0.116
00350 +0.175
00360 +0.226
00370 +0.252
00380 +0.244
00390 +0.205
00400 +0.145
00410 +0.081
00420 +0.037
00430 +0.028
00440 +0.059
00450 +0.118
00460 +0.185
00470 +0.237
00480 +0.259
00490 +0.248
00500 +0.212
00510 +0.170
00520 +0.148
00530 +0.171
00540 +0.245
00550 +0.359
00560 +0.482
00570 +0.589
00580 +0.662
00590 +0.699
00600 +0.707
00610 +0.705
00620 +0.715
00630 +0.756
00640 +0.830
00650 +0.927
00660 +1.025
00670 +1.106
00680 +1.156
00690 +1.173
00700 +1.161
00710 +1.132
00720 +1.103
00730 +1.091
00740 +1.105
00750 +1.145
00760 +1.198
00770 +1.245
00780 +1.271
00790 +1.267
00800 +1.228
00810 +1.163
00820 +1.087
00830 +1.019
00840 +0.977
00850 +0.970
00860 +0.987
00870 +1.009
00880 +1.013
00890 +0.986
00900 +0.927
00910 +0.843
00920 +0.754
00930 +0.685
00940 +0.652
00950 +0.661
00960 +0.696
00970 +0.738
00980 +0.766
00990 +0.768
01000 +0.743
01010 +0.697
01020 +0.644
01030 +0.601
01040 +0.583
01050 +0.593
01060 +0.626
01070 +0.668
01080 +0.703
01090 +0.718
01100 +0.709
01110 +0.677
01120 +0.631
01130 +0.586
01140 +0.554
01150 +0.547
01160 +0.565
01170 +0.599
01180 +0.636
01190 +0.660
01200 +0.663
01210 +0.641
01220 +0.602
01230 +0.556
01240 +0.520
01250 +0.506
01260 +0.521
01270 +0.560
01280 +0.609
01290 +0.650
01300 +0.673
01310 +0.672
01320 +0.650
01330 +0.620
01340 +0.595
01350 +0.588
01360 +0.607
01370 +0.647
01380 +0.698
01390 +0.744
01400 +0.773
01410 +0.782
01420 +0.770
01430 +0.745
01440 +0.717
01450 +0.699
01460 +0.698
01470 +0.715
01480 +0.745
01490 +0.779
01500 +0.804
01510 +0.814
01520 +0.805
01530 +0.779
01540 +0.744
01550 +0.710
01560 +0.688
01570 +0.686
01580 +0.703
01590 +0.733
01600 +0.765
01610 +0.788
01620 +0.795
01630 +0.783
01640 +0.760
01650 +0.735
01660 +0.721
01670 +0.730
01680 +0.763
01690 +0.814
01700 +0.871
01710 +0.919
01720 +0.949
01730 +0.959
01740 +0.954
01750 +0.942
01760 +0.936
01770 +0.944
01780 +0.972
01790 +1.016
01800 +1.066
01810 +1.111
01820 +1.142
01830 +1.154
01840 +1.149
01850 +1.134
01860 +1.119
01870 +1.113
01880 +1.124
01890 +1.153
01900 +1.194
01910 +1.235
01920 +1.268
01930 +1.284
01940 +1.283
01950 +1.268
01960 +1.248
01970 +1.234
01980 +1.234
01990 +1.253
02000 +1.288
02010 +1.329
02020 +1.364
02030 +1.382
02040 +1.381
02050 +1.361
02060 +1.331
02070 +1.302
02080 +1.285
02090 +1.286
02100 +1.302
02110 +1.324
02120 +1.340
02130 +1.341
02140 +1.325
02150 +1.294
02160 +1.255
02170 +1.217
02180 +1.188
02190 +1.176
02200 +1.178
02210 +1.190
02220 +1.203
02230 +1.210
02240 +1.204
02250 +1.185
02260 +1.157
02270 +1.125
02280 +1.096
02290 +1.078
02300 +1.072
02310 +1.078
02320 +1.088
02330 +1.096
02340 +1.094
02350 +1.078
02360 +1.050
02370 +1.014
02380 +0.976
02390 +0.943
02400 +0.922
02410 +0.913
02420 +0.912
02430 +0.913
02440 +0.908
02450 +0.893
02460 +0.866
02470 +0.830
02480 +0.792
02490 +0.759
02500 +0.736
02510 +0.725
02520 +0.726
02530 +0.733
02540 +0.739
02550 +0.739
02560 +0.729
02570 +0.710
02580 +0.687
02590 +0.663
02600 +0.647
02610 +0.640
02620 +0.644
02630 +0.656
02640 +0.670
02650 +0.680
02660 +0.683
02670 +0.676
02680 +0.662
02690 +0.643
02700 +0.627
02710 +0.619
02720 +0.621
02730 +0.633
02740 +0.652
02750 +0.671
02760 +0.686
02770 +0.692
02780 +0.689
02790 +0.682
02800 +0.675
02810 +0.676
02820 +0.688
02830 +0.711
02840 +0.743
02850 +0.776
02860 +0.804
02870 +0.821
02880 +0.827
02890 +0.823
02900 +0.813
02910 +0.804
02920 +0.799
02930 +0.800
02940 +0.806
02950 +0.813
02960 +0.817
02970 +0.814
02980 +0.801
02990 +0.779
03000 +0.752
03010 +0.722
03020 +0.695
03030 +0.674
03040 +0.660
03050 +0.652
03060 +0.645
03070 +0.635
03080 +0.617
03090 +0.591
03100 +0.557
03110 +0.518
03120 +0.479
03130 +0.444
03140 +0.415
03150 +0.394
03160 +0.378
03170 +0.362
03180 +0.341
03190 +0.312
03200 +0.274
03210 +0.230
03220 +0.184
03230 +0.142
03240 +0.109
03250 +0.087
03260 +0.077
03270 +0.074
03280 +0.072
03290 +0.068
03300 +0.060
03310 +0.049
03320 +0.039
03330 +0.035
03340 +0.042
03350 +0.062
03360 +0.094
03370 +0.133
03380 +0.173
03390 +0.209
03400 +0.237
03410 +0.256
03420 +0.268
03430 +0.278
03440 +0.289
03450 +0.307
03460 +0.330
03470 +0.358
03480 +0.386
03490 +0.409
03500 +0.424
03510 +0.428
03520 +0.423
03530 +0.412
03540 +0.400
03550 +0.392
03560 +0.390
03570 +0.395
03580 +0.402
03590 +0.407
03600 +0.407
03610 +0.398
03620 +0.379
03630 +0.353
03640 +0.325
03650 +0.298
03660 +0.278
03670 +0.266
03680 +0.260
03690 +0.255
03700 +0.249
03710 +0.236
03720 +0.215
03730 +0.189
03740 +0.161
03750 +0.136
03760 +0.120
03770 +0.116
03780 +0.124
03790 +0.141
03800 +0.163
03810 +0.186
03820 +0.208
03830 +0.227
03840 +0.246
03850 +0.270
03860 +0.301
03870 +0.341
03880 +0.390
03890 +0.445
03900 +0.500
03910 +0.550
03920 +0.590
03930 +0.619
03940 +0.637
03950 +0.649
03960 +0.657
03970 +0.666
03980 +0.678
03990 +0.693
04000 +0.708
04010 +0.719
04020 +0.723
04030 +0.717
04040 +0.703
04050 +0.682
04060 +0.658
04070 +0.635
04080 +0.617
04090 +0.605
04100 +0.598
04110 +0.592
04120 +0.583
04130 +0.569
04140 +0.548
04150 +0.522
04160 +0.494
04170 +0.466
04180 +0.443
04190 +0.427
04200 +0.419
04210 +0.415
04220 +0.413
04230 +0.410
04240 +0.402
04250 +0.389
04260 +0.373
04270 +0.355
04280 +0.340
04290 +0.331
04300 +0.330
04310 +0.335
04320 +0.344
04330 +0.353
04340 +0.358
04350 +0.356
04360 +0.348
04370 +0.336
04380 +0.323
04390 +0.313
04400 +0.309
04410 +0.313
04420 +0.322
04430 +0.332
04440 +0.340
04450 +0.341
04460 +0.336
04470 +0.324
04480 +0.311
04490 +0.299
04500 +0.293
04510 +0.294
04520 +0.304
04530 +0.318
04540 +0.332
04550 +0.343
04560 +0.349
04570 +0.349
04580 +0.346
04590 +0.343
04600 +0.345
04610 +0.356
04620 +0.375
04630 +0.403
04640 +0.434
04650 +0.465
04660 +0.491
04670 +0.512
04680 +0.527
04690 +0.539
04700 +0.553
04710 +0.574
04720 +0.604
04730 +0.642
04740 +0.686
04750 +0.731
04760 +0.771
04770 +0.803
04780 +0.827
04790 +0.844
04800 +0.861
04810 +0.882
04820 +0.911
04830 +0.948
04840 +0.993
04850 +1.039
04860 +1.082
04870 +1.117
04880 +1.144
04890 +1.163
04900 +1.180
04910 +1.198
04920 +1.224
04930 +1.258
04940 +1.301
04950 +1.347
04960 +1.392
04970 +1.431
04980 +1.461
04990 +1.483
05000 +1.499
05010 +1.514
05020 +1.533
05030 +1.559
05040 +1.592
05050 +1.629
05060 +1.667
05070 +1.700
05080 +1.723
05090 +1.736
05100 +1.740
05110 +1.738
05120 +1.737
05130 +1.740
05140 +1.750
05150 +1.766
05160 +1.784
05170 +1.799
05180 +1.806
05190 +1.802
05200 +1.789
05210 +1.768
05220 +1.747
05230 +1.729
05240 +1.718
05250 +1.716
05260 +1.719
05270 +1.724
05280 +1.724
05290 +1.717
05300 +1.702
05310 +1.680
05320 +1.657
05330 +1.637
05340 +1.625
05350 +1.623
05360 +1.629
05370 +1.642
05380 +1.654
05390 +1.663
05400 +1.665
05410 +1.660
05420 +1.652
05430 +1.645
05440 +1.643
05450 +1.651
05460 +1.668
05470 +1.693
05480 +1.721
05490 +1.747
05500 +1.767
05510 +1.778
05520 +1.782
05530 +1.784
05540 +1.788
05550 +1.799
05560 +1.820
05570 +1.850
05580 +1.885
05590 +1.921
05600 +1.950
05610 +1.971
05620 +1.983
05630 +1.990
05640 +1.997
05650 +2.010
05660 +2.031
05670 +2.063
05680 +2.101
05690 +2.141
05700 +2.177
05710 +2.205
05720 +2.224
05730 +2.236
05740 +2.245
05750 +2.257
05760 +2.274
05770 +2.300
05780 +2.333
05790 +2.369
05800 +2.403
05810 +2.430
05820 +2.448
05830 +2.456
05840 +2.458
05850 +2.457
05860 +2.460
05870 +2.469
05880 +2.485
05890 +2.506
05900 +2.528
05910 +2.546
05920 +2.555
05930 +2.554
05940 +2.544
05950 +2.529
05960 +2.515
05970 +2.507
05980 +2.506
05990 +2.513
06000 +2.523
06010 +2.533
06020 +2.535
06030 +2.529
06040 +2.513
06050 +2.491
06060 +2.467
06070 +2.446
06080 +2.433
06090 +2.428
06100 +2.428
06110 +2.431
06120 +2.430
06130 +2.421
06140 +2.404
06150 +2.378
06160 +2.347
06170 +2.317
06180 +2.292
06190 +2.274
06200 +2.264
06210 +2.259
06220 +2.254
06230 +2.245
06240 +2.227
06250 +2.200
06260 +2.166
06270 +2.129
06280 +2.094
06290 +2.066
06300 +2.047
06310 +2.036
06320 +2.029
06330 +2.021
06340 +2.007
06350 +1.983
06360 +1.951
06370 +1.913
06380 +1.876
06390 +1.843
06400 +1.820
06410 +1.807
06420 +1.802
06430 +1.799
06440 +1.794
06450 +1.780
06460 +1.758
06470 +1.729
06480 +1.697
06490 +1.668
06500 +1.647
06510 +1.636
06520 +1.636
06530 +1.642
06540 +1.649
06550 +1.651
06560 +1.644
06570 +1.629
06580 +1.608
06590 +1.585
06600 +1.568
06610 +1.559
06620 +1.562
06630 +1.573
06640 +1.589
06650 +1.603
06660 +1.608
06670 +1.603
06680 +1.587
06690 +1.566
06700 +1.545
06710 +1.530
06720 +1.527
06730 +1.534
06740 +1.549
06750 +1.564
06760 +1.572
06770 +1.569
06780 +1.553
06790 +1.527
06800 +1.497
06810 +1.472
06820 +1.457
06830 +1.454
06840 +1.461
06850 +1.472
06860 +1.480
06870 +1.479
06880 +1.464
06890 +1.439
06900 +1.407
06910 +1.376
06920 +1.354
06930 +1.345
06940 +1.349
06950 +1.363
06960 +1.380
06970 +1.392
06980 +1.393
06990 +1.382
07000 +1.361
07010 +1.338
07020 +1.320
07030 +1.314
07040 +1.324
07050 +1.349
07060 +1.382
07070 +1.415
07080 +1.438
07090 +1.447
07100 +1.442
07110 +1.429
07120 +1.416
07130 +1.413
07140 +1.425
07150 +1.453
07160 +1.493
07170 +1.536
07180 +1.571
07190 +1.591
07200 +1.593
07210 +1.582
07220 +1.565
07230 +1.552
07240 +1.553
07250 +1.569
07260 +1.600
07270 +1.638
07280 +1.671
07290 +1.690
07300 +1.692
07310 +1.677
07320 +1.651
07330 +1.625
07340 +1.608
07350 +1.607
07360 +1.623
07370 +1.650
07380 +1.680
07390 +1.702
07400 +1.709
07410 +1.697
07420 +1.672
07430 +1.642
07440 +1.616
07450 +1.604
07460 +1.611
07470 +1.636
07480 +1.670
07490 +1.702
07500 +1.721
07510 +1.723
07520 +1.706
07530 +1.678
07540 +1.650
07550 +1.633
07560 +1.633
07570 +1.653
07580 +1.687
07590 +1.723
07600 +1.751
07610 +1.760
07620 +1.748
07630 +1.720
07640 +1.685
07650 +1.655
07660 +1.638
07670 +1.641
07680 +1.660
07690 +1.688
07700 +1.711
07710 +1.720
07720 +1.707
07730 +1.675
07740 +1.630
07750 +1.584
07760 +1.547
07770 +1.527
07780 +1.528
07790 +1.544
07800 +1.566
07810 +1.579
07820 +1.575
07830 +1.550
07840 +1.506
07850 +1.455
07860 +1.407
07870 +1.375
07880 +1.365
07890 +1.376
07900 +1.402
07910 +1.427
07920 +1.439
07930 +1.429
07940 +1.395
07950 +1.345
07960 +1.292
07970 +1.248
07980 +1.225
07990 +1.227
08000 +1.248
08010 +1.277
08020 +1.299
08030 +1.299
08040 +1.274
08050 +1.226
08060 +1.167
08070 +1.109
08080 +1.067
08090 +1.050
08100 +1.059
08110 +1.083
08120 +1.110
08130 +1.123
08140 +1.111
08150 +1.073
08160 +1.015
08170 +0.952
08180 +0.898
08190 +0.867
08200 +0.865
08210 +0.889
08220 +0.926
08230 +0.959
08240 +0.972
08250 +0.956
08260 +0.914
08270 +0.856
08280 +0.799
08290 +0.759
08300 +0.748
08310 +0.768
08320 +0.810
08330 +0.856
08340 +0.886
08350 +0.886
08360 +0.852
08370 +0.792
08380 +0.721
08390 +0.659
08400 +0.621
08410 +0.614
08420 +0.634
08430 +0.666
08440 +0.688
08450 +0.682
08460 +0.640
08470 +0.565
08480 +0.470
08490 +0.373
08500 +0.294
08510 +0.246
08520 +0.230
08530 +0.239
08540 +0.251
08550 +0.247
08560 +0.212
08570 +0.141
08580 +0.044
08590 -0.062
08600 -0.156
08610 -0.222
08620 -0.248
08630 -0.237
08640 -0.206
08650 -0.179
08660 -0.177
08670 -0.212
08680 -0.281
08690 -0.373
08700 -0.465
08710 -0.536
08720 -0.569
08730 -0.561
08740 -0.523
08750 -0.478
08760 -0.452
08770 -0.465
08780 -0.523
08790 -0.616
08800 -0.725
08810 -0.826
08820 -0.897
08830 -0.928
08840 -0.921
08850 -0.894
08860 -0.873
08870 -0.884
08880 -0.939
08890 -1.037
08900 -1.164
08910 -1.295
08920 -1.406
08930 -1.477
08940 -1.502
08950 -1.490
08960 -1.462
08970 -1.447
08980 -1.467
08990 -1.530
09000 -1.630
09010 -1.748
09020 -1.858
09030 -1.935
09040 -1.961
09050 -1.936
09060 -1.874
09070 -1.805
09080 -1.757
09090 -1.751
09100 -1.791
09110 -1.863
09120 -1.944
09130 -2.005
09140 -2.021
09150 -1.979
09160 -1.887
09170 -1.769
09180 -1.658
09190 -1.583
09200 -1.558
09210 -1.580
09220 -1.628
09230 -1.673
09240 -1.685
09250 -1.643
09260 -1.544
09270 -1.404
09280 -1.256
09290 -1.133
09300 -1.061
09310 -1.045
09320 -1.073
09330 -1.118
09340 -1.149
09350 -1.138
09360 -1.072
09370 -0.956
09380 -0.815
09390 -0.686
09400 -0.601
09410 -0.577
09420 -0.611
09430 -0.683
09440 -0.762
09450 -0.817
09460 -0.825
09470 -0.780
09480 -0.697
09490 -0.607
09500 -0.546
09510 -0.542
09520 -0.603
09530 -0.719
09540 -0.865
09550 -1.009
09560 -1.123
09570 -1.189
09580 -1.209
09590 -1.203
09600 -1.204
09610 -1.246
09620 -1.349
09630 -1.515
09640 -1.731
09650 -1.968
09660 -2.198
09670 -2.395
09680 -2.544
09690 -2.650
09700 -2.732
09710 -2.822
09720 -2.951
09730 -3.135
09740 -3.377
09750 -3.660
09760 -3.960
09770 -4.247
09780 -4.495
09790 -4.689
09800 -4.832
09810 -4.944
09820 -5.058
09830 -5.207
09840 -5.410
09850 -5.670
09860 -5.973
09870 -6.295
09880 -6.606
09890 -6.877
09900 -7.090
09910 -7.247
09920 -7.371
09930 -7.499
09940 -7.667
09950 -7.899
09960 -8.201
09970 -8.562
09980 -8.958
09990 -9.357
10000 -9.724
10010 -10.034
10020 -10.284
10030 -10.496
10040 -10.712
10050 -10.979
10060 -11.330
10070 -11.783
10080 -12.334
10090 -12.960
10100 -13.620
10110 -14.259
10120 -14.817
10130 -15.266
10140 -15.628
10150 -15.976
10160 -16.399
10170 -16.974
10180 -17.743
10190 -18.711
10200 -19.818
10210 -20.902
10220 -21.688
10230 -21.942
10240 -21.735
10250 -21.382
10260 -21.159
10270 -21.191
10280 -21.458
10290 -21.807
10300 -21.966
10310 -21.670
10320 -20.896
10330 -19.880
10340 -18.896
10350 -18.112
10360 -17.594
10370 -17.327
10380 -17.239
10390 -17.211
10400 -17.100
10410 -16.801
10420 -16.295
10430 -15.658
10440 -15.006
10450 -14.443
10460 -14.032
10470 -13.792
10480 -13.698
10490 -13.687
10500 -13.676
10510 -13.586
10520 -13.372
10530 -13.040
10540 -12.643
10550 -12.252
10560 -11.933
10570 -11.728
10580 -11.646
10590 -11.667
10600 -11.744
10610 -11.816
10620 -11.829
10630 -11.750
10640 -11.581
10650 -11.357
10660 -11.132
10670 -10.959
10680 -10.874
10690 -10.888
10700 -10.984
10710 -11.124
10720 -11.256
10730 -11.332
10740 -11.321
10750 -11.223
10760 -11.070
10770 -10.911
10780 -10.797
10790 -10.761
10800 -10.813
10810 -10.933
10820 -11.080
10830 -11.203
10840 -11.254
10850 -11.206
10860 -11.067
10870 -10.872
10880 -10.674
10890 -10.519
10900 -10.433
10910 -10.412
10920 -10.429
10930 -10.435
10940 -10.382
10950 -10.236
10960 -9.992
10970 -9.676
10980 -9.333
10990 -9.011
11000 -8.743
11010 -8.544
11020 -8.401
11030 -8.285
11040 -8.159
11050 -7.992
11060 -7.767
11070 -7.490
11080 -7.184
11090 -6.885
11100 -6.627
11110 -6.434
11120 -6.311
11130 -6.245
11140 -6.209
11150 -6.169
11160 -6.099
11170 -5.983
11180 -5.824
11190 -5.644
11200 -5.475
11210 -5.350
11220 -5.289
11230 -5.297
11240 -5.357
11250 -5.441
11260 -5.512
11270 -5.542
11280 -5.518
11290 -5.448
11300 -5.358
11310 -5.286
11320 -5.267
11330 -5.316
11340 -5.431
11350 -5.582
11360 -5.729
11370 -5.831
11380 -5.861
11390 -5.816
11400 -5.719
11410 -5.608
11420 -5.525
11430 -5.495
11440 -5.519
11450 -5.573
11460 -5.617
11470 -5.613
11480 -5.535
11490 -5.384
11500 -5.180
11510 -4.961
11520 -4.765
11530 -4.618
11540 -4.526
11550 -4.477
11560 -4.443
11570 -4.394
11580 -4.306
11590 -4.171
11600 -3.997
11610 -3.805
11620 -3.623
11630 -3.475
11640 -3.376
11650 -3.325
11660 -3.306
11670 -3.294
11680 -3.265
11690 -3.201
11700 -3.096
11710 -2.961
11720 -2.816
11730 -2.684
11740 -2.589
11750 -2.539
11760 -2.529
11770 -2.541
11780 -2.548
11790 -2.529
11800 -2.467
11810 -2.363
11820 -2.231
11830 -2.094
11840 -1.978
11850 -1.901
11860 -1.865
11870 -1.859
11880 -1.858
11890 -1.838
11900 -1.778
11910 -1.673
11920 -1.529
11930 -1.369
11940 -1.217
11950 -1.096
11960 -1.015
11970 -0.970
11980 -0.944
11990 -0.912
12000 -0.853
12010 -0.755
12020 -0.619
12030 -0.459
12040 -0.296
12050 -0.153
12060 -0.046
12070 +0.021
12080 +0.058
12090 +0.084
12100 +0.123
12110 +0.191
12120 +0.297
12130 +0.434
12140 +0.586
12150 +0.733
12160 +0.853
12170 +0.934
12180 +0.978
12190 +0.997
12200 +1.015
12210 +1.053
12220 +1.126
12230 +1.237
12240 +1.376
12250 +1.522
12260 +1.651
12270 +1.746
12280 +1.798
12290 +1.817
12300 +1.822
12310 +1.839
12320 +1.888
12330 +1.976
12340 +2.100
12350 +2.241
12360 +2.377
12370 +2.484
12380 +2.550
12390 +2.579
12400 +2.586
12410 +2.596
12420 +2.631
12430 +2.703
12440 +2.814
12450 +2.951
12460 +3.092
12470 +3.217
12480 +3.307
12490 +3.359
12500 +3.382
12510 +3.396
12520 +3.424
12530 +3.482
12540 +3.578
12550 +3.706
12560 +3.850
12570 +3.987
12580 +4.099
12590 +4.172
12600 +4.207
12610 +4.220
12620 +4.232
12630 +4.265
12640 +4.331
12650 +4.433
12660 +4.559
12670 +4.690
12680 +4.801
12690 +4.876
12700 +4.907
12710 +4.903
12720 +4.885
12730 +4.876
12740 +4.897
12750 +4.954
12760 +5.042
12770 +5.145
12780 +5.238
12790 +5.300
12800 +5.319
12810 +5.296
12820 +5.250
12830 +5.204
12840 +5.180
12850 +5.191
12860 +5.238
12870 +5.309
12880 +5.382
12890 +5.435
12900 +5.450
12910 +5.423
12920 +5.364
12930 +5.294
12940 +5.236
12950 +5.207
12960 +5.215
12970 +5.253
12980 +5.305
12990 +5.348
13000 +5.362
13010 +5.335
13020 +5.269
13030 +5.179
13040 +5.090
13050 +5.021
13060 +4.989
13070 +4.992
13080 +5.020
13090 +5.053
13100 +5.066
13110 +5.045
13120 +4.983
13130 +4.893
13140 +4.794
13150 +4.712
13160 +4.664
13170 +4.658
13180 +4.687
13190 +4.734
13200 +4.776
13210 +4.794
13220 +4.778
13230 +4.731
13240 +4.670
13250 +4.617
13260 +4.593
13270 +4.609
13280 +4.665
13290 +4.748
13300 +4.839
13310 +4.916
13320 +4.964
13330 +4.978
13340 +4.967
13350 +4.950
13360 +4.948
13370 +4.978
13380 +5.046
13390 +5.147
13400 +5.264
13410 +5.376
13420 +5.463
13430 +5.511
13440 +5.521
13450 +5.508
13460 +5.494
13470 +5.499
13480 +5.540
13490 +5.615
13500 +5.715
13510 +5.817
13520 +5.898
13530 +5.939
13540 +5.935
13550 +5.896
13560 +5.844
13570 +5.804
13580 +5.796
13590 +5.826
13600 +5.888
13610 +5.964
13620 +6.030
13630 +6.066
13640 +6.061
13650 +6.019
13660 +5.957
13670 +5.900
13680 +5.869
13690 +5.876
13700 +5.922
13710 +5.993
13720 +6.069
13730 +6.126
13740 +6.150
13750 +6.135
13760 +6.090
13770 +6.034
13780 +5.990
13790 +5.976
13800 +6.000
13810 +6.055
13820 +6.126
13830 +6.189
13840 +6.221
13850 +6.211
13860 +6.159
13870 +6.079
13880 +5.996
13890 +5.933
13900 +5.905
13910 +5.914
13920 +5.948
13930 +5.984
13940 +6.000
13950 +5.976
13960 +5.907
13970 +5.805
13980 +5.692
13990 +5.593
14000 +5.528
14010 +5.504
14020 +5.516
14030 +5.544
14040 +5.565
14050 +5.559
14060 +5.516
14070 +5.439
14080 +5.345
14090 +5.255
14100 +5.192
14110 +5.169
14120 +5.185
14130 +5.230
14140 +5.282
14150 +5.320
14160 +5.327
14170 +5.298
14180 +5.241
14190 +5.174
14200 +5.120
14210 +5.096
14220 +5.112
14230 +5.162
14240 +5.231
14250 +5.295
14260 +5.334
14270 +5.334
14280 +5.295
14290 +5.231
14300 +5.164
14310 +5.118
14320 +5.108
14330 +5.136
14340 +5.192
14350 +5.253
14360 +5.298
14370 +5.307
14380 +5.274
14390 +5.209
14400 +5.129
14410 +5.060
14420 +5.022
14430 +5.022
14440 +5.057
14450 +5.110
14460 +5.159
14470 +5.183
14480 +5.170
14490 +5.120
14500 +5.046
14510 +4.968
14520 +4.909
14530 +4.884
14540 +4.898
14550 +4.941
14560 +4.995
14570 +5.038
14580 +5.050
14590 +5.023
14600 +4.959
14610 +4.877
14620 +4.798
14630 +4.745
14640 +4.732
14650 +4.757
14660 +4.808
14670 +4.861
14680 +4.893
14690 +4.885
14700 +4.834
14710 +4.751
14720 +4.659
14730 +4.584
14740 +4.545
14750 +4.551
14760 +4.592
14770 +4.648
14780 +4.693
14790 +4.707
14800 +4.678
14810 +4.610
14820 +4.522
14830 +4.436
14840 +4.377
14850 +4.358
14860 +4.379
14870 +4.426
14880 +4.478
14890 +4.511
14900 +4.507
14910 +4.461
14920 +4.380
14930 +4.284
14940 +4.198
14950 +4.143
14960 +4.130
14970 +4.154
14980 +4.200
14990 +4.242
15000 +4.257
15010 +4.230
15020 +4.159
15030 +4.057
15040 +3.949
15050 +3.863
15060 +3.819
15070 +3.823
15080 +3.865
15090 +3.921
15100 +3.963
15110 +3.969
15120 +3.929
15130 +3.850
15140 +3.752
15150 +3.665
15160 +3.614
15170 +3.614
15180 +3.662
15190 +3.738
15200 +3.815
15210 +3.866
15220 +3.875
15230 +3.838
15240 +3.768
15250 +3.691
15260 +3.633
15270 +3.617
15280 +3.649
15290 +3.720
15300 +3.808
15310 +3.885
15320 +3.926
15330 +3.916
15340 +3.859
15350 +3.770
15360 +3.678
15370 +3.612
15380 +3.592
15390 +3.621
15400 +3.685
15410 +3.756
15420 +3.803
15430 +3.801
15440 +3.741
15450 +3.631
15460 +3.498
15470 +3.375
15480 +3.294
15490 +3.272
15500 +3.304
15510 +3.364
15520 +3.420
15530 +3.436
15540 +3.394
15550 +3.294
15560 +3.154
15570 +3.008
15580 +2.892
15590 +2.834
15600 +2.840
15610 +2.894
15620 +2.965
15630 +3.016
15640 +3.017
15650 +2.955
15660 +2.836
15670 +2.685
15680 +2.537
15690 +2.430
15700 +2.385
15710 +2.404
15720 +2.464
15730 +2.529
15740 +2.560
15750 +2.526
15760 +2.418
15770 +2.246
15780 +2.043
15790 +1.854
15800 +1.721
15810 +1.667
15820 +1.687
15830 +1.746
15840 +1.795
15850 +1.790
15860 +1.700
15870 +1.525
15880 +1.294
15890 +1.056
15900 +0.872
15910 +0.786
15920 +0.808
15930 +0.909
15940 +1.035
15950 +1.126
15960 +1.139
15970 +1.059
15980 +0.906
15990 +0.731
16000 +0.599
16010 +0.569
16020 +0.670
16030 +0.884
16040 +1.158
16050 +1.425
16060 +1.631
16070 +1.746
16080 +1.775
16090 +1.757
16100 +1.759
16110 +1.854
16120 +2.091
16130 +2.472
16140 +2.952
16150 +3.461
16160 +3.928
16170 +4.302
16180 +4.566
16190 +4.744
16200 +4.900
16210 +5.116
16220 +5.461
16230 +5.957
16240 +6.568
16250 +7.219
16260 +7.825
16270 +8.312
16280 +8.643
16290 +8.830
16300 +8.938
16310 +9.065
16320 +9.301
16330 +9.692
16340 +10.221
16350 +10.821
16360 +11.399
16370 +11.865
16380 +12.167
16390 +12.307
16400 +12.349
16410 +12.395
16420 +12.546
16430 +12.860
16440 +13.333
16450 +13.885
16460 +14.388
16470 +14.700
16480 +14.732
16490 +14.488
16500 +14.058
16510 +13.561
16520 +13.097
16530 +12.718
16540 +12.419
16550 +12.145
16560 +11.823
16570 +11.401
16580 +10.865
16590 +10.243
16600 +9.580
16610 +8.930
16620 +8.347
16630 +7.872
16640 +7.526
16650 +7.292
16660 +7.126
16670 +6.967
16680 +6.767
16690 +6.503
16700 +6.179
16710 +5.823
16720 +5.474
16730 +5.178
16740 +4.971
16750 +4.866
16760 +4.842
16770 +4.853
16780 +4.847
16790 +4.784
16800 +4.648
16810 +4.446
16820 +4.203
16830 +3.959
16840 +3.754
16850 +3.619
16860 +3.561
16870 +3.560
16880 +3.576
16890 +3.563
16900 +3.489
16910 +3.341
16920 +3.129
16930 +2.879
16940 +2.631
16950 +2.426
16960 +2.296
16970 +2.248
16980 +2.261
16990 +2.288
17000 +2.286
17010 +2.222
17020 +2.088
17030 +1.898
17040 +1.683
17050 +1.488
17060 +1.359
17070 +1.322
17080 +1.372
17090 +1.471
17100 +1.567
17110 +1.614
17120 +1.590
17130 +1.492
17140 +1.344
17150 +1.185
17160 +1.062
17170 +1.011
17180 +1.049
17190 +1.154
17200 +1.282
17210 +1.383
17220 +1.417
17230 +1.370
17240 +1.249
17250 +1.080
17260 +0.904
17270 +0.765
17280 +0.699
17290 +0.714
17300 +0.786
17310 +0.869
17320 +0.913
17330 +0.885
17340 +0.771
17350 +0.584
17360 +0.353
17370 +0.127
17380 -0.041
17390 -0.110
17400 -0.076
17410 +0.027
17420 +0.143
17430 +0.215
17440 +0.212
17450 +0.128
17460 -0.018
17470 -0.183
17480 -0.312
17490 -0.352
17500 -0.275
17510 -0.098
17520 +0.128
17530 +0.340
17540 +0.491
17550 +0.561
17560 +0.555
17570 +0.502
17580 +0.445
17590 +0.432
17600 +0.501
17610 +0.661
17620 +0.886
17630 +1.128
17640 +1.335
17650 +1.473
17660 +1.531
17670 +1.516
17680 +1.456
17690 +1.386
17700 +1.348
17710 +1.371
17720 +1.461
17730 +1.595
17740 +1.731
17750 +1.827
17760 +1.853
17770 +1.803
17780 +1.689
17790 +1.542
17800 +1.404
17810 +1.320
17820 +1.320
17830 +1.403
17840 +1.535
17850 +1.669
17860 +1.763
17870 +1.796
17880 +1.768
17890 +1.702
17900 +1.634
17910 +1.607
17920 +1.654
17930 +1.783
17940 +1.971
17950 +2.177
17960 +2.358
17970 +2.484
17980 +2.549
17990 +2.562
18000 +2.551
18010 +2.548
18020 +2.587
18030 +2.689
18040 +2.849
18050 +3.043
18060 +3.230
18070 +3.376
18080 +3.461
18090 +3.484
18100 +3.457
18110 +3.407
18120 +3.367
18130 +3.371
18140 +3.436
18150 +3.555
18160 +3.700
18170 +3.829
18180 +3.912
18190 +3.935
18200 +3.904
18210 +3.841
18220 +3.778
18230 +3.754
18240 +3.798
18250 +3.919
18260 +4.094
18270 +4.285
18280 +4.455
18290 +4.579
18300 +4.654
18310 +4.693
18320 +4.718
18330 +4.757
18340 +4.840
18350 +4.981
18360 +5.177
18370 +5.406
18380 +5.634
18390 +5.833
18400 +5.989
18410 +6.102
18420 +6.182
18430 +6.246
18440 +6.315
18450 +6.410
18460 +6.539
18470 +6.700
18480 +6.873
18490 +7.029
18500 +7.145
18510 +7.206
18520 +7.214
18530 +7.181
18540 +7.127
18550 +7.076
18560 +7.054
18570 +7.079
18580 +7.149
18590 +7.240
18600 +7.322
18610 +7.374
18620 +7.391
18630 +7.383
18640 +7.372
18650 +7.384
18660 +7.444
18670 +7.565
18680 +7.741
18690 +7.946
18700 +8.145
18710 +8.311
18720 +8.435
18730 +8.526
18740 +8.603
18750 +8.689
18760 +8.808
18770 +8.975
18780 +9.194
18790 +9.454
18800 +9.729
18810 +9.991
18820 +10.221
18830 +10.414
18840 +10.584
18850 +10.752
18860 +10.949
18870 +11.202
18880 +11.534
18890 +11.953
18900 +12.442
18910 +12.961
18920 +13.452
18930 +13.867
18940 +14.185
18950 +14.425
18960 +14.633
18970 +14.854
18980 +15.116
18990 +15.409
19000 +15.687
19010 +15.875
19020 +15.912
19030 +15.793
19040 +15.567
19050 +15.306
19060 +15.073
19070 +14.905
19080 +14.819
19090 +14.810
19100 +14.859
19110 +14.936
19120 +15.011
19130 +15.058
19140 +15.071
19150 +15.058
19160 +15.043
19170 +15.054
19180 +15.119
19190 +15.261
19200 +15.493
19210 +15.818
19220 +16.223
19230 +16.680
19240 +17.143
19250 +17.563
19260 +17.910
19270 +18.190
19280 +18.448
19290 +18.746
19300 +19.137
19310 +19.640
19320 +20.207
19330 +20.692
19340 +20.886
19350 +20.662
19360 +20.095
19370 +19.388
19380 +18.713
19390 +18.158
19400 +17.745
19410 +17.453
19420 +17.238
19430 +17.049
19440 +16.841
19450 +16.597
19460 +16.322
19470 +16.044
19480 +15.793
19490 +15.598
19500 +15.475
19510 +15.436
19520 +15.478
19530 +15.589
19540 +15.743
19550 +15.905
19560 +16.040
19570 +16.125
19580 +16.159
19590 +16.164
19600 +16.178
19610 +16.242
19620 +16.389
19630 +16.639
19640 +16.982
19650 +17.373
19660 +17.727
19670 +17.954
19680 +18.010
19690 +17.927
19700 +17.785
19710 +17.665
19720 +17.616
19730 +17.646
19740 +17.720
19750 +17.763
19760 +17.696
19770 +17.489
19780 +17.180
19790 +16.841
19800 +16.537
19810 +16.305
19820 +16.161
19830 +16.099
19840 +16.103
19850 +16.147
19860 +16.196
19870 +16.217
19880 +16.193
19890 +16.127
19900 +16.040
19910 +15.963
19920 +15.919
19930 +15.928
19940 +15.996
19950 +16.118
19960 +16.275
19970 +16.427
19980 +16.527
19990 +16.541
20000 +16.475
20010 +16.368
20020 +16.272
20030 +16.223
20040 +16.242
20050 +16.330
20060 +16.471
20070 +16.625
20080 +16.727
20090 +16.716
20100 +16.579
20110 +16.373
20120 +16.178
20130 +16.049
20140 +16.003
20150 +16.038
20160 +16.134
20170 +16.257
20180 +16.342
20190 +16.309
20200 +16.121
20210 +15.838
20220 +15.573
20230 +15.395
20240 +15.313
20250 +15.310
20260 +15.361
20270 +15.437
20280 +15.494
20290 +15.456
20300 +15.240
20310 +14.891
20320 +14.587
20330 +14.420
20340 +14.350
20350 +14.313
20360 +14.259
20370 +14.130
20380 +13.802
20390 +12.844
20400 +13.787
20410 +15.910
20420 +15.728
20430 +15.567
20440 +15.456
20450 +15.368
20460 +15.287
20470 +15.203
20480 +15.110
20490 +15.002
20500 +14.875
20510 +14.723
20520 +14.541
20530 +14.330
20540 +14.099
20550 +13.883
20560 +13.745
20570 +13.743
20580 +13.852
20590 +13.974
20600 +14.030
20610 +13.997
20620 +13.887
20630 +13.722
20640 +13.534
20650 +13.363
20660 +13.262
20670 +13.277
20680 +13.410
20690 +13.596
20700 +13.749
20710 +13.815
20720 +13.787
20730 +13.684
20740 +13.543
20750 +13.410
20760 +13.343
20770 +13.394
20780 +13.580
20790 +13.854
20800 +14.127
20810 +14.319
20820 +14.397
20830 +14.375
20840 +14.290
20850 +14.196
20860 +14.163
20870 +14.266
20880 +14.548
20890 +14.968
20900 +15.411
20910 +15.764
20920 +15.977
20930 +16.060
20940 +16.052
20950 +16.002
20960 +15.976
20970 +16.066
20980 +16.356
20990 +16.794
21000 +17.209
21010 +17.514
21020 +17.746
21030 +17.975
21040 +18.233
21050 +18.297
21060 +15.828
21070 +3.341
21080 +9.400
21090 +12.355
21100 +13.570
21110 +14.233
21120 +14.666
21130 +14.993
21140 +15.270
21150 +15.529
21160 +15.794
21170 +16.079
21180 +16.398
21190 +16.750
21200 +17.092
21210 +17.272
21220 +16.986
21230 +16.114
21240 +15.144
21250 +14.574
21260 +14.409
21270 +14.478
21280 +14.647
21290 +14.831
21300 +14.951
21310 +14.901
21320 +14.574
21330 +13.978
21340 +13.317
21350 +12.841
21360 +12.629
21370 +12.619
21380 +12.713
21390 +12.833
21400 +12.912
21410 +12.881
21420 +12.682
21430 +12.306
21440 +11.843
21450 +11.447
21460 +11.215
21470 +11.149
21480 +11.192
21490 +11.280
21500 +11.353
21510 +11.359
21520 +11.250
21530 +11.003
21540 +10.657
21550 +10.309
21560 +10.058
21570 +9.944
21580 +9.943
21590 +10.006
21600 +10.080
21610 +10.114
21620 +10.061
21630 +9.888
21640 +9.604
21650 +9.270
21660 +8.981
21670 +8.802
21680 +8.743
21690 +8.769
21700 +8.827
21710 +8.865
21720 +8.830
21730 +8.679
21740 +8.397
21750 +8.023
21760 +7.647
21770 +7.359
21780 +7.199
21790 +7.147
21800 +7.151
21810 +7.150
21820 +7.085
21830 +6.907
21840 +6.595
21850 +6.182
21860 +5.754
21870 +5.418
21880 +5.232
21890 +5.189
21900 +5.236
21910 +5.306
21920 +5.344
21930 +5.304
21940 +5.163
21950 +4.931
21960 +4.661
21970 +4.433
21980 +4.311
21990 +4.311
22000 +4.403
22010 +4.536
22020 +4.657
22030 +4.718
22040 +4.681
22050 +4.529
22060 +4.279
22070 +3.991
22080 +3.745
22090 +3.602
22100 +3.571
22110 +3.618
22120 +3.689
22130 +3.724
22140 +3.670
22150 +3.488
22160 +3.170
22170 +2.761
22180 +2.350
22190 +2.036
22200 +1.870
22210 +1.837
22220 +1.877
22230 +1.920
22240 +1.904
22250 +1.787
22260 +1.560
22270 +1.257
22280 +0.962
22290 +0.768
22300 +0.730
22310 +0.834
22320 +1.023
22330 +1.231
22340 +1.400
22350 +1.491
22360 +1.484
22370 +1.381
22380 +1.223
22390 +1.070
22400 +0.984
22410 +0.994
22420 +1.086
22430 +1.220
22440 +1.345
22450 +1.415
22460 +1.392
22470 +1.254
22480 +1.010
22490 +0.703
22500 +0.408
22510 +0.194
22520 +0.090
22530 +0.077
22540 +0.102
22550 +0.104
22560 +0.030
22570 -0.161
22580 -0.474
22590 -0.871
22600 -1.261
22610 -1.540
22620 -1.646
22630 -1.594
22640 -1.449
22650 -1.289
22660 -1.175
22670 -1.145
22680 -1.207
22690 -1.331
22700 -1.453
22710 -1.498
22720 -1.425
22730 -1.245
22740 -1.003
22750 -0.755
22760 -0.550
22770 -0.426
22780 -0.407
22790 -0.494
22800 -0.661
22810 -0.849
22820 -0.993
22830 -1.050
22840 -1.018
22850 -0.930
22860 -0.839
22870 -0.797
22880 -0.849
22890 -1.026
22900 -1.326
22910 -1.701
22920 -2.066
22930 -2.329
22940 -2.441
22950 -2.420
22960 -2.328
22970 -2.239
22980 -2.214
22990 -2.295
23000 -2.486
23010 -2.740
23020 -2.963
23030 -3.052
23040 -2.959
23050 -2.713
23060 -2.386
23070 -2.054
23080 -1.777
23090 -1.592
23100 -1.517
23110 -1.539
23120 -1.613
23130 -1.673
23140 -1.661
23150 -1.556
23160 -1.379
23170 -1.173
23180 -0.989
23190 -0.873
23200 -0.864
23210 -0.982
23220 -1.218
23230 -1.523
23240 -1.821
23250 -2.037
23260 -2.138
23270 -2.144
23280 -2.107
23290 -2.093
23300 -2.163
23310 -2.363
23320 -2.704
23330 -3.147
23340 -3.594
23350 -3.923
23360 -4.055
23370 -3.996
23380 -3.823
23390 -3.628
23400 -3.488
23410 -3.452
23420 -3.532
23430 -3.694
23440 -3.856
23450 -3.924
23460 -3.844
23470 -3.632
23480 -3.350
23490 -3.070
23500 -2.856
23510 -2.755
23520 -2.794
23530 -2.976
23540 -3.262
23550 -3.574
23560 -3.827
23570 -3.971
23580 -4.008
23590 -3.992
23600 -3.992
23610 -4.082
23620 -4.325
23630 -4.763
23640 -5.393
23650 -6.149
23660 -6.898
23670 -7.488
23680 -7.836
23690 -7.980
23700 -8.045
23710 -8.170
23720 -8.472
23730 -9.027
23740 -9.836
23750 -10.767
23760 -11.520
23770 -11.771
23780 -11.486
23790 -10.934
23800 -10.395
23810 -10.038
23820 -9.944
23830 -10.150
23840 -10.640
23850 -11.314
23860 -11.970
23870 -12.377
23880 -12.444
23890 -12.284
23900 -12.094
23910 -12.038
23920 -12.236
23930 -12.780
23940 -13.747
23950 -15.192
23960 -17.122
23970 -19.451
23980 -21.922
23990 -23.979
