-0.001672625708994853 +0.001176875528044677
-0.000967967946124215 -0.001702660156736285
-0.004204039075148830 +0.004821311606168452
-0.000384253585143364 -0.003030163489291295
-0.002707732613756622 +0.004791307402911421
+0.001247136536113806 -0.003240725657230693
-0.002020476094527147 +0.004301404091765102
+0.001127310121623261 -0.002505764906805086
-0.001659190907311280 +0.002822389187467691
+0.001372891517369395 -0.003339467582351579
-0.001497352573340592 +0.002204782102956982
+0.000949584043765510 -0.003753720622862796
-0.002364465380828976 +0.003277036636783266
+0.000271699479480438 -0.003302006820121571
-0.003126761788653335 +0.004124106055756126
+0.000204823483678988 -0.002716773866228775
-0.002631154521569008 +0.003432160428871804
+0.000740522517432618 -0.002944075015635440
-0.001926638255647990 +0.003268827000903248
+0.000987321636762526 -0.003024229093309194
-0.002220900532640803 +0.003252357599946947
+0.000949609579906375 -0.003427526856587837
-0.002388796153417730 +0.003430740466116974
+0.000754829226944351 -0.003635170907372533
-0.002732771397731034 +0.003700925920309572
+0.000521276546485968 -0.003118363901177819
-0.002777622038682985 +0.003941834814656545
+0.000528448040559269 -0.002682815107376668
-0.002540001757647957 +0.004116203512977645
+0.000819734954341303 -0.003126290230175254
-0.002244550220714321 +0.003595248517631285
+0.001195171855202272 -0.003603714922128391
-0.002171739906913957 +0.003296021541119979
+0.000977156647559846 -0.003824535101410152
-0.002552979643043131 +0.003695214633682810
+0.000533270801656658 -0.003606535384803008
-0.002891482161822387 +0.003824175680375046
+0.000335307929703179 -0.003446795236821617
-0.003073705731231943 +0.003924569641447270
+0.000555868308700474 -0.003491284864350914
-0.002863643634340902 +0.004340827273816398
+0.001338093948841246 -0.004174566557054635
-0.002716150533529563 +0.005037839014376650
+0.001646059489997621 -0.004418210052254329
-0.002820634792991181 +0.006677140096886426
+0.001861007967208342 -0.005032613066268450
-0.003318457871371958 +0.006484084762173286
+0.002771769635366076 +0.005499219483752180
-0.003348733021280604 +0.243427389097018776
+0.003034635111820630 +0.395737923162375327
-0.006144470884615630 +0.592910260079296147
+0.083895944361060196 +0.601161217300270168
+0.225348066464514052 +0.111602249771068196
+0.342087542028350566 -0.621970310832977713
+0.433963043441125185 -0.515989360656342821
+0.313115208950206336 -0.139167788283140970
-0.047199862301604549 -0.054444963644946914
-0.337298362010391206 -0.022064964352304262
-0.244374525642446994 +0.024316581380713478
-0.091056655000018208 +0.132596715368867968
-0.032416357957368247 +0.121896654649125830
-0.061441027032792611 +0.076653494573974010
-0.015199619275906935 +0.064670322117987872
+0.078513925676797658 +0.034142435736831962
+0.116199388945801813 -0.024916867610621032
+0.094421806454979579 -0.078152050948786994
+0.049595370836803196 -0.052931589670421178
+0.022660864902250756 -0.036277770275613075
-0.000923010912813888 -0.049534763404781891
-0.042378062668010398 -0.023509203345897529
-0.074732403009420620 +0.033414304491969006
-0.066282740745262414 +0.041786410491518926
-0.037696096104813948 -0.002902119014406023
+0.004296651722125023 -0.006860553292231961
+0.029399523490190857 +0.026863007416349668
+0.022569654186813858 +0.021196684792433751
+0.019211735781345399 -0.005024116795708869
+0.033971934054938209 -0.008386597325323774
+0.033944438995829440 -0.010935474734326402
+0.006248788823091137 -0.007323028112932430
-0.016666201256925049 +0.004056913658610063
-0.017925751609153918 +0.018311745457672793
-0.019131741100179359 +0.029610990938143112
-0.016056208245318469 +0.041425120250543929
-0.011089650561350679 +0.027841577792404346
+0.004264677892955312 -0.002319733822106665
+0.025200820728428934 -0.015139581020164120
+0.036145166688392683 -0.023454616608393007
+0.029005520997661852 -0.029596845752716414
+0.011783669252899930 +0.000832279538550849
-0.004181097723611278 +0.032439128426696717
-0.010905512677940668 +0.039779029153734984
-0.011661942714610686 +0.032876009087999369
-0.005500104983348424 +0.016477045581825615
+0.002947680057520334 +0.008312003460324853
+0.011728130653037447 +0.009571816165517253
+0.014841996622212698 -0.005441079327964504
+0.017057909842559334 -0.027828946414857416
+0.019860581919316528 -0.031906677615395014
+0.017083480361881509 -0.014636758482831554
+0.002010707747460003 +0.003268991943958370
-0.011955035507983582 +0.001317187208215006
-0.021218186576352018 -0.003749740950269791
-0.018309910993158852 -0.009020573897806293
-0.017211149730973322 -0.010046956385727668
-0.011820824346589928 -0.006358606195058136
-0.011769549177912139 -0.007853814922443247
-0.003246554276187190 -0.018626228343818548
-0.000409214135395960 -0.007708158265891824
-0.006413528090529271 -0.004123127988661614
-0.009905694236534583 -0.003042289005708887
-0.008534502983992292 +0.011696677549647417
+0.003985909317636835 +0.004863072253703828
+0.001801099917365912 +0.003355313943885961
-0.002789444095267653 +0.000781114550920376
-0.007746028636326823 +0.003197653860313355
-0.010405880702004953 -0.000068359140015617
-0.002640226200098798 -0.004806503704604819
-0.003643225048906113 -0.004718381913254638
-0.011654345171163337 -0.007540789581545334
-0.016242674019716602 -0.001848454539801820
-0.006894766900170551 -0.004617436466065314
-0.001172813314675486 +0.000210403075331806
+0.002792057217295677 +0.004315576873690372
+0.002752299751895838 +0.012205348214035527
+0.001741652148488174 +0.018694904314094506
+0.003804784939052200 +0.005146803036100258
+0.001679670221395085 +0.003111561876573974
-0.001435407010868885 -0.003577289726768690
-0.005882482149824351 -0.002258106342056844
-0.008815509921094544 -0.007826405329787494
-0.007369181674262747 -0.010463004134290375
-0.006595834937473732 -0.009202563599055967
-0.000342326359544428 -0.009100299591787445
-0.002698014462988643 +0.003741825766407812
-0.001130181091190066 +0.005369987367324904
-0.000927611922313003 +0.012540753939893907
+0.001476742177475680 +0.012440232108012577
-0.000566256837839939 +0.010960899295385892
-0.002368292237832447 +0.004041883618685235
-0.001387378052243649 -0.005264042761094705
-0.001771647380186927 -0.006443457093008420
-0.003101059949173432 -0.015885779661556042
-0.007141837347571770 -0.016172786621829749
-0.010747286563714148 -0.014587060555229250
-0.011918468994074709 -0.006217142102802928
-0.012925651572554585 +0.002660566767303640
-0.009445748766256650 +0.006819679303479202
-0.008062568141104086 +0.014712141260458486
-0.002194061766908996 +0.019084734462978051
+0.001765575650920926 +0.019027893667811827
+0.007422655511048763 +0.011257727057367462
+0.006607480228343167 +0.003588338861438372
+0.004646214010895107 -0.005942985794180442
+0.000354297585502076 -0.008695652786443731
-0.001380564610609167 -0.012973075605119065
-0.006300579454054218 -0.016903313034604080
-0.009918029145340995 -0.016228168835428707
-0.012365947150355529 -0.009010795099019661
-0.011401423973955525 -0.002891153432980183
-0.010397275328865462 +0.005398085981011507
-0.008294356057909995 +0.014269293078069616
-0.006474955800221630 +0.017015477840749776
-0.002673953935570903 +0.018051696064981283
+0.000170140118629219 +0.014133242041262659
+0.002806203296684021 +0.011271214582048782
+0.003873600102543102 +0.001870647157110335
+0.006012606612043288 -0.006377822983362280
+0.004007623448109953 -0.015197517430175870
+0.003648004599478691 -0.022771971017043736
-0.002531627209459225 -0.013377019750776653
-0.005331581509744993 -0.019559426196368950
-0.013421657629770068 +0.000717819723240532
-0.011421303824325917 +0.015932570364055675
-0.013114550938543646 +0.009693328337541688
-0.004795629154437725 +0.011699937003107969
+0.005905929630404901 +0.005602384759709790
+0.016429609234458905 -0.006186407905234004
+0.018647806056634804 -0.001077987039833805
+0.017607227991398432 -0.006177886286718975
+0.011569752843443235 -0.004745593084175520
+0.005555046645946707 -0.001868782945235181
-0.000078357308515922 -0.002559805582209050
-0.001389710166293162 +0.002099313960121432
-0.004153931662664220 +0.005967489018175950
-0.000161921351834097 +0.002636721035139007
-0.000447755291656398 +0.009646971690632880
+0.003178775968929265 -0.000780783434043845
+0.003626192168708239 +0.002944367609981329
+0.004465059873095780 -0.004228999422591563
+0.005130590625338813 -0.005614383286500107
+0.002109705944862824 -0.003004697838975322
+0.000730317269615720 -0.005605004963940333
-0.002602017955890303 -0.000435044871083001
-0.003623437424258718 -0.001086848494043226
-0.003208251544113733 +0.001637697731840826
-0.002935428789877931 +0.005218861190143542
-0.000834208400961291 +0.002121304531866266
-0.000505006267094744 +0.007142354031777515
+0.002848924843169936 +0.000859426531597070
+0.002036929954924196 +0.003212477740605606
+0.004016479549259016 -0.003624453414517201
+0.002001486109388374 -0.002438251481375011
+0.002169539988742770 -0.006053536867298975
-0.000511052916965204 -0.003849200246012761
-0.001930985273005960 -0.003126240518219070
-0.003605275210018310 -0.000909319464805917
-0.004292536960368250 +0.000973155899902835
-0.003246592907300231 +0.002725731404714464
-0.001718268952871708 +0.002500678936054176
+0.000042552898082723 +0.002567977114313576
+0.002255177784697476 +0.001507708084859556
+0.002613206181582935 +0.001562753931566305
+0.004212578891568794 -0.000934994813698407
+0.002345797624554732 +0.001070855222434875
+0.002582025178323231 -0.002868540857169430
+0.000012659159111105 +0.000993344104051789
-0.000369252671273253 -0.002236944295898705
-0.002342034434262070 +0.000880359444207954
-0.002289326906853398 -0.001021284540358488
-0.002653597511929351 +0.000424589183502032
-0.001289320040164872 -0.000499462828723731
-0.000993002008083595 +0.001089193641789547
+0.000483724747466190 -0.000409494834745693
-0.000070460596736194 +0.001562477356090870
+0.001014965337051883 -0.000770670984407535
+0.000056791544058969 +0.000804358600089916
+0.000466279802977603 -0.000554441553163225
-0.000688987554344558 +0.000008370898964510
-0.000326108382299366 -0.000956677964149509
-0.001318419259741399 +0.000097765216399965
-0.000875674222934794 -0.001730941259631449
-0.001745505182298956 +0.000975991867440346
-0.000677463811661495 -0.001217400032881860
-0.001184292871330588 +0.001826505355949103
+0.000447776806060283 -0.000818819927163758
-0.000165048714992442 +0.002079474155941790
+0.001451384079851742 -0.001252602664608091
+0.000235463028015052 +0.001591537766174410
+0.001797604760835407 -0.001456833333634661
+0.000357742309790300 +0.000558969529230812
+0.000740408343678332 -0.001227131940711807
-0.000109655634503743 -0.000553446002634914
-0.000485147288571302 -0.001139703195237139
-0.000552709857027278 -0.000995915353039095
-0.000486578069668974 -0.000744202694532389
-0.000519079214875305 +0.000581209237311941
+0.000401059940694259 -0.000218371291172548
-0.000191055410085287 +0.002307704730220302
+0.001590591576671332 -0.000283790071062676
+0.000125134230231189 +0.003346855370352145
+0.001950377329772955 -0.000815308228083919
-0.000110462616585061 +0.002994475216904901
+0.001102450757718212 -0.001411233907418100
-0.000684751212591118 +0.001123893179561619
-0.000033375222348564 -0.002061290746863981
-0.001031950422527413 -0.001070149396150888
-0.000941613863445843 -0.001872043632444953
-0.001156551809781687 -0.001551992676038493
-0.001174130959991030 -0.000750959512963803
-0.001276498785820428 -0.000032035030610072
-0.000725924678917561 +0.000069827489752798
-0.001184721927841526 +0.002151109030862321
+0.000365170582150722 +0.000063985078358202
-0.000720339262431083 +0.003193980563966917
+0.001375808205476449 -0.000826349233496050
-0.000272424345408023 +0.002453096717114222
+0.001515844258789297 -0.002174778267327295
-0.000175819229906600 +0.000967483420601555
+0.000752307285288440 -0.002690510967137716
-0.000580670526587457 -0.000117643686076074
-0.000283710212214364 -0.001661656417250601
-0.000880614388030771 -0.000356598500001391
-0.000587222114043891 -0.000263602467166098
-0.000796034993822088 +0.000319967647263599
-0.000057682206023121 +0.000077620687686009
-0.000571173277942594 +0.001453595891800435
+0.000749647417213521 -0.000283615353575946
-0.000441856785639051 +0.002050276926978270
+0.001132967467908690 -0.001212952155820785
-0.000420007306356584 +0.001738055620216719
+0.001064548447411327 -0.001928045403966766
-0.000449582154484579 +0.001251949237809517
+0.000614367966662646 -0.001838014740061227
-0.000656302438735089 +0.001056403617737311
+0.000140040784260231 -0.001289943545335746
-0.000892297654512173 +0.001056556769835791
-0.000148193632741267 -0.000649380115149532
-0.001014049792345873 +0.001175750583690184
-0.000088248687470476 -0.000304307717178134
-0.000907793738524969 +0.000859559572359293
+0.000307659065933256 -0.000924033241399788
-0.000542929360001648 +0.000436312234107945
+0.000665496645828135 -0.002248916180681319
-0.000421520366167557 +0.000674542213683517
+0.000579470083851621 -0.001782082710104689
-0.000855773155876408 +0.001079728079630908
+0.000143819631142634 -0.000273262459693886
-0.001034417286175530 +0.001485070805136605
+0.000333182384225595 -0.000296264056641369
-0.000669277188852448 +0.002098264407924709
+0.001007669573254174 -0.001491520795871364
-0.000374245659526749 +0.002050519579252958
+0.001217762275019089 -0.002224173699349448
-0.000484364364409553 +0.000965311327622509
+0.000786575811199031 -0.001909250229920140
-0.000827446659261430 +0.000062043632947539
+0.000186843028980963 -0.001068915363266476
-0.001026715893383642 +0.000443024047178754
-0.000108620362689160 -0.000546893519111968
-0.000904653862861371 +0.001391668773260191
+0.000153203422429249 -0.000576198903895112
-0.000527167862621448 +0.001797435665627806
+0.000736818796596317 -0.000900255658784460
-0.000380957662809947 +0.001628347822714675
+0.001095819907788634 -0.001491949659055844
-0.000712001760405798 +0.001416518841921934
+0.001001378910344627 -0.002138611580593405
-0.001141273762412324 +0.001458156261262479
+0.000521016622104818 -0.002242332818121757
-0.001288868878939552 +0.001527426378796628
+0.000032428375785064 -0.001496987285429456
-0.001068016897912732 +0.001253806545081972
-0.000107076256482735 -0.000554620257847707
-0.000680778883525451 +0.000783719608640175
+0.000200967587873115 -0.000342511442611711
-0.000470992665999773 +0.000643080330982461
+0.000641214560935521 -0.000985279344502175
-0.000663867567265799 +0.001056026798824142
+0.000834082456258175 -0.001886875260715360
-0.001071342821323255 +0.001774144830351886
+0.000762616692064800 -0.002326149008017973
-0.001316849626599481 +0.002196388609345259
+0.000591228565883596 -0.002014745008383123
-0.001176374130378060 +0.001979282037903437
+0.000493291226209102 -0.001341229702468284
-0.000783032318728706 +0.001385761374987365
+0.000488564391857573 -0.000917440680081504
-0.000471221791272632 +0.000913528249876816
+0.000495058755251263 -0.000954956827504735
-0.000514927695887135 +0.000803238483702089
+0.000464338012512138 -0.001247166465537200
-0.000872345932736954 +0.001014474968343435
+0.000465125201949249 -0.001557910257972051
-0.001215639559567924 +0.001473384289792394
+0.000542353971100588 -0.001794934624555434
-0.001312108046688726 +0.001960747340165221
+0.000633883599548202 -0.001888402329241451
-0.001134891550775516 +0.002117222043826496
+0.000653557484523974 -0.001713929412679960
-0.000872097902449441 +0.001821657039280453
+0.000600811267941460 -0.001407303389434661
-0.000755694997554383 +0.001342642946290482
+0.000521063643909189 -0.001310415775597128
-0.000863618288206565 +0.001104319698858611
+0.000452522886926778 -0.001467651532979118
-0.001076622634973018 +0.001196896580842159
+0.000421819134895945 -0.001633022912371851
-0.001198340800608238 +0.001413094888278793
+0.000444162721615166 -0.001684400443652840
-0.001160260291024518 +0.001592936551659752
+0.000542191380635743 -0.001646180721706132
-0.001036698000564101 +0.001723775266510937
+0.000654009186486696 -0.001605606643815234
-0.000942959276822286 +0.001801329173997480
+0.000700891567086382 -0.001665115623916990
-0.000956888565677849 +0.001804564539186474
+0.000692739215318477 -0.001787827603368996
-0.001064126706464847 +0.001768479052818007
+0.000648392478680372 -0.001857716148264209
-0.001164458913367270 +0.001674209613178894
+0.000583150941135357 -0.001800420798299185
-0.001160039860016582 +0.001513880418455414
+0.000506488090931085 -0.001622598881524672
-0.001070263865639037 +0.001395816488430240
+0.000435931664444244 -0.001446585702038758
-0.001012895144288838 +0.001429165299960885
+0.000441228957250605 -0.001459579979463771
-0.001066138259186139 +0.001616848948665317
+0.000555624579030726 -0.001711291358135143
-0.001196862290844242 +0.001883812625230988
+0.000710498826292435 -0.002040042141500172
-0.001320507577960770 +0.002097534670408692
+0.000783410610925391 -0.002232660750473662
-0.001351822578503141 +0.002126234215691990
+0.000713133889035443 -0.002143669242784858
-0.001265625652159183 +0.001918751801647776
+0.000547487728355042 -0.001794764041911934
-0.001126207175444691 +0.001555376461735790
+0.000403949243155446 -0.001450280662225961
-0.001037572754349764 +0.001295410224753141
+0.000384446036554809 -0.001416241312344846
-0.001089477176183212 +0.001385500505117045
+0.000503057602989889 -0.001717301800939667
-0.001262059320650409 +0.001774473688625626
+0.000681380546141655 -0.002111119647908943
-0.001426620612068301 +0.002186191150255106
+0.000810715780493179 -0.002352665263700765
-0.001466829606099500 +0.002380861491656309
+0.000812945174354270 -0.002313049107197096
-0.001371532843865405 +0.002259950914096174
+0.000683374640184339 -0.002047425521211338
-0.001224081280416388 +0.001889480703628831
+0.000516081054024923 -0.001741522781488009
-0.001137727100139791 +0.001520632805286241
+0.000426555787011949 -0.001603184456487028
-0.001186018479621303 +0.001435433435967975
+0.000473139128443248 -0.001745501673090655
-0.001343143773139925 +0.001698623951394603
+0.000611638306033830 -0.002067031227170241
-0.001500277548871776 +0.002117067092919082
+0.000729428805649981 -0.002313310057750499
-0.001559998072991663 +0.002389497427518155
+0.000750757325700436 -0.002336740872668736
-0.001497540549620097 +0.002353576078029292
+0.000688104685092596 -0.002238229246062403
-0.001377434787011180 +0.002126042971175127
+0.000603254164818649 -0.002125241387849042
-0.001320269314742516 +0.001889678827783560
+0.000540798571241711 -0.001998960283169248
-0.001371860184100332 +0.001756625819428511
+0.000530486121500018 -0.001931496069348304
-0.001471363634482885 +0.001828228908494268
+0.000581403453129635 -0.002026923720802380
-0.001543297801483987 +0.002077035535312495
+0.000653542803356225 -0.002225161585272050
-0.001554314799325968 +0.002278452070824608
+0.000692889737539748 -0.002348400638032405
-0.001527058475175451 +0.002269638684673777
+0.000685382350184779 -0.002330073431896759
-0.001515978088275016 +0.002163904710937753
+0.000655655525197497 -0.002286856455418543
-0.001553664274359802 +0.002158925092411702
+0.000639395869669015 -0.002318092233456526
-0.001611168350275319 +0.002255486998120504
+0.000645794756319750 -0.002354891094425854
-0.001636986191561066 +0.002294609725441293
+0.000649209884635835 -0.002302951449793755
-0.001618990313989696 +0.002198269809220298
+0.000630435723305484 -0.002208881031771290
-0.001588151949061997 +0.002070813095786331
+0.000597444203512014 -0.002195873702136066
-0.001589297987037459 +0.002065212769272870
+0.000580721556237812 -0.002303510841119756
-0.001648790456767857 +0.002212714932022287
+0.000608886025908261 -0.002462156420253318
-0.001747145807232787 +0.002418964864062378
+0.000679494345743846 -0.002589119598865460
-0.001828098050948121 +0.002565916204678068
+0.000747868475306147 -0.002632600904055252
-0.001842654845847073 +0.002601627929672787
+0.000741991553323498 -0.002579475767912490
-0.001772389651804856 +0.002480456625244143
+0.000664562410402206 -0.002474345432631345
-0.001683162732559279 +0.002197733291224233
+0.000574671729823822 -0.002312597047162248
-0.001669634020606048 +0.002068584518201575
+0.000506104976249078 -0.002270785996517314
-0.001759396477731480 +0.002208409750961955
+0.000564670844941304 -0.002436011269930714
-0.001878329196116569 +0.002453135846525151
+0.000708597394789279 -0.002684305281325864
-0.001975407769669067 +0.002710233325901134
+0.000797921589421479 -0.002878898360914613
-0.002011811939103509 +0.002843269831052721
+0.000788417403423078 -0.002931187539535452
-0.001965039787740762 +0.002739381004112818
+0.000690488961858549 -0.002768316591396900
-0.001890949166883813 +0.002490406068352103
+0.000560386523109763 -0.002508044557368699
-0.001853944720197928 +0.002283641604895619
+0.000500720821598202 -0.002383715982079879
-0.001879513006156865 +0.002279161115541314
+0.000551168146198386 -0.002504238238870984
-0.001978132563785736 +0.002489569519812178
+0.000664190244188272 -0.002768005307060303
-0.002103963414355894 +0.002757473337860333
+0.000753251672724235 -0.003003486681332946
-0.002174770800817413 +0.002917471471287967
+0.000757134168004505 -0.003081190292481416
-0.002164985772615700 +0.002902729763921680
+0.000682161042966027 -0.002980406797497538
-0.002107921681810486 +0.002762023387587076
+0.000593040356491697 -0.002808950941355496
-0.002063509082627877 +0.002611762164913512
+0.000557965179995976 -0.002700517553787470
-0.002077002522548410 +0.002554436155536882
+0.000586641057834693 -0.002727224489358613
-0.002145434042243948 +0.002628216678496281
+0.000640423506629536 -0.002870686780660383
-0.002232139672939196 +0.002783573133767407
+0.000677592108119093 -0.003031799103013134
-0.002298647944894960 +0.002916926885056135
+0.000681200316958705 -0.003124907504959591
-0.002327028800102529 +0.002973989264326367
+0.000661988110247266 -0.003136092961014958
-0.002328405866963656 +0.002967196554793487
+0.000645598279132680 -0.003106691654628429
-0.002330558486462825 +0.002936890696169545
+0.000643561454599956 -0.003076339103723359
-0.002359216877385192 +0.002922834847823190
+0.000656895623394890 -0.003066629621591232
-0.002410339826451847 +0.002910229349701788
+0.000660000562173769 -0.003081793624053591
-0.002395851912688485 +0.003149283681834709
+0.000913287047152704 -0.000874791791306896
-0.002935880579366291 +0.006549153307599365
+0.001038657401599110 +0.000769683699681374
-0.001455399599327600 +0.006651203778198271
+0.002568707381576879 -0.006431528206447563
+0.000448674515306318 -0.000635138669365558
+0.003499504046433045 -0.004311189256684000
