-0.000563286011378793 -0.001666220784999273
-0.000465805832882743 -0.001374126234530076
-0.000580057953899752 -0.001319925449657595
-0.000517826380981080 -0.001522946396261760
-0.000663529599549804 -0.001216457666265175
-0.000648968784500032 -0.001203318018199426
-0.000808686317665147 -0.001348941029680604
-0.000302686949029763 -0.001116867067501921
-0.000519313078021530 -0.001207004530118284
-0.000183148300542417 -0.001882580826856743
-0.000521726447329386 -0.000811447078826556
-0.000507726177067572 -0.002484156415650206
-0.000617856846611055 -0.000513699704273196
-0.000600920598330284 -0.002367337170878427
-0.000622306801998125 -0.000476538652039113
-0.000618215616945740 -0.001950240901422683
-0.000754679419597162 -0.000958169756227799
-0.000557255585303355 -0.001881625076719996
-0.000734151101191340 -0.001336165336666209
-0.000432704049243880 -0.001914505836005919
-0.000885737968355639 -0.001422140719058299
-0.000370503577175608 -0.001903518479994523
-0.001009730724221311 -0.001133521049893560
-0.000352232964859903 -0.002379504630535920
-0.001016140772201289 -0.000605405862027732
-0.000482927029306431 -0.002951585901222239
-0.000923776448368201 -0.000371224659249055
-0.000523472482953316 -0.003322909682360852
-0.000934717242109942 -0.000219463555136783
-0.000575739398556365 -0.003285218992302302
-0.001014724712844774 -0.000438104401136865
-0.000487721639185392 -0.003103612705701293
-0.001068776426760848 -0.000621091262277619
-0.000389103538144212 -0.002982624660157195
-0.001242755190632819 -0.000415405728037357
-0.000311237673372357 -0.003319753046944152
-0.001351882937955073 -0.000342716678757967
-0.000237305790957086 -0.003990693260209026
-0.001516297564894414 +0.000326665425487128
-0.000353889057040668 -0.004952483737492075
-0.001526546869218754 +0.001266708637858008
-0.000387941353660753 -0.005827685951476994
-0.001498958942411258 +0.002889998868639177
-0.000228156405374069 -0.006374765371943418
-0.001264066359168365 +0.003319412607149413
+0.000015595983580742 +0.011351521485941114
-0.001499972303098049 +0.412923373327009791
+0.000103636250868770 +0.609799880220827317
-0.002020508627491880 +0.844241831197652060
+0.000387779355993400 +0.689268615218936898
-0.001779866730838741 -0.090162712688586791
+0.001361047927094337 -0.966405318243953371
-0.001746484298392981 -0.691777753513899585
+0.001526756393864865 -0.263696102413621514
-0.003217377349530611 -0.091192624141221257
-0.001057610936448778 +0.019858177380280589
+0.004191567501388231 +0.113547194954350644
+0.096986830121177287 +0.263334994174604153
+0.183320077295742817 +0.210092883903560596
+0.284591043627959617 +0.089248773666657094
+0.304460822291205857 -0.024503116377616534
+0.216936765228740364 -0.106664971498770633
-0.010377388931825783 -0.131945524075928189
-0.191450176003495731 -0.085090810625108454
-0.189073260317863007 +0.035219892180763816
-0.105700546866582978 +0.061826558221649050
-0.045558107958034562 +0.022293170525148502
-0.045566330820374479 +0.000366317484469446
+0.014732308036117345 -0.023026407876963549
+0.065640050305547065 -0.044192677396429500
+0.084094173057109339 -0.066452016847974429
+0.065047288716930302 -0.041362857322786079
+0.030393451974329411 +0.039023716067337420
-0.001588334001842155 +0.036815059557816915
+0.000398744573741518 +0.010264271459949747
-0.005725768822914185 +0.010444500901529905
-0.005164666533555844 +0.000526073614038365
+0.005806225339681456 +0.005930050195672637
+0.015005810259903815 +0.026298534907665767
+0.012611426101885304 +0.023128764175644828
+0.003714279025457715 +0.016008748507348049
-0.011748586950404531 -0.006317190765773079
-0.010274999366877528 -0.031100782739264365
+0.001509323971885517 -0.027128188197935749
+0.007091717772765017 +0.004698783480210687
+0.001449221976340267 +0.039538795133042613
+0.002272649030627347 +0.035007779906842340
+0.008048896319115222 +0.032370331841420061
+0.007018799792093929 +0.000664596355603851
+0.002696260928281654 -0.016201270474320871
-0.000595370904593079 -0.003524090045665014
-0.000142234993400583 -0.010929281808645240
+0.007212359510433002 -0.035493179201885550
+0.014246011477243479 -0.052710002845271484
+0.018658277592915513 -0.048942122108946412
+0.017459921738907171 -0.022570138563674971
+0.015963253632737470 +0.008304694906331846
+0.006489833070475468 +0.012832203318477529
-0.004904220680511820 +0.006803556789621734
-0.011420351297372299 -0.007107099142005611
-0.016085084907451808 -0.009950115580411679
-0.013222814085387889 -0.004058245454560757
-0.004896062335493750 -0.015064425653069327
+0.000136664129686740 -0.026449823510613486
+0.005499170152126833 -0.020095762306522554
+0.010022500062986620 -0.003627461707749590
+0.009035467385602276 +0.005672135551005232
+0.003518282408481280 +0.004135667275508903
-0.002190682341914451 +0.003246176878888758
-0.008609306225862978 +0.004577215873405685
-0.013819036488983961 +0.005296720812130173
-0.015106181849843494 +0.002055118674163581
-0.011020964986453854 -0.007316714130930839
-0.011328823769804399 -0.014346934373861702
-0.012344764519418655 -0.006582777828554767
-0.013545449947697536 -0.000563842472938045
-0.007698509732027731 -0.005241096691805149
-0.000237186408776185 -0.006585681824348222
+0.002228135221989058 -0.003618501225407834
+0.001293861598611122 +0.001838367542411860
-0.000382206583794386 +0.000944888877846062
-0.001289169368829597 +0.002381781923339571
-0.001777988158475306 +0.001098678801962308
-0.006514567681990544 -0.000425074677898573
-0.014430770675311112 +0.001640771235007468
-0.018976808030524796 -0.007644800711312384
-0.015391375563799218 -0.014209412302112739
-0.008423554384890536 -0.018658508486978542
-0.002051323698395743 -0.014076139933198204
-0.001724698556554870 -0.009135851209503911
+0.001764951711124429 -0.005359274783671439
+0.007434081429637829 +0.001617569080190140
+0.009024092234710547 +0.004820995061897393
+0.004207860871899513 +0.010543410910445708
-0.003717103423170987 +0.003907656770865473
-0.007984856436530897 +0.003588339959938840
-0.011605404324465472 +0.004127416538823902
-0.012837439919111250 -0.009658995119981162
-0.013002245415314848 -0.017432661478264215
-0.010954771760521096 -0.023597237545039829
-0.004497257011427313 -0.022853820459679985
+0.000784015615449139 -0.018894598585757406
+0.004332278133989629 -0.007627186765524462
+0.005665968418635726 +0.000330300503580917
+0.005876788329073481 +0.008236498602551089
+0.003091387118197134 +0.016237524795605220
+0.000370738240092269 +0.012811881399128769
-0.002701407398065821 +0.006626522315876703
-0.008493581889153574 -0.004392692340848813
-0.012863947435158701 -0.011243177641547950
-0.016549885297272054 -0.022867405381064271
-0.014221924735295485 -0.028284079957613326
-0.009017333023535527 -0.020673506291673555
-0.003679869174048322 -0.015020745350002248
+0.003244642576919940 -0.008488720446688585
+0.009487238904149074 -0.009067407148358762
+0.013669844162591070 -0.001832287220937345
+0.010898290227273118 -0.000750574827583058
+0.005748386015624128 +0.002887386123620112
-0.000136862197106057 +0.005141035621595654
-0.004599040434338359 +0.002948309337355841
-0.008099610784627611 +0.012213130051392351
-0.012982972040517699 +0.008242899481049067
-0.013389409994074848 -0.002636120371734506
-0.011777598772358105 -0.016091798768576401
-0.007876835197802599 -0.027114206315446577
-0.006608142150748675 -0.024645137694913180
-0.005578921064898483 -0.017797360563194212
-0.003344591639375556 -0.001032815931186004
-0.000816316175190535 +0.004528372170024506
+0.003117867537454525 +0.033589254654090989
+0.004973834938455268 +0.033237537073628622
+0.006383835917222979 +0.016782611023063679
+0.005691751256619054 +0.015856258959607759
+0.003428119053020120 +0.014459391585693870
-0.000868523592349486 -0.006213282996732322
-0.006606895843084342 -0.003395371823949861
-0.008998935088937936 +0.006948079783092392
-0.009333431112593146 -0.000805198136231897
-0.004704302524356689 +0.006554149525892519
-0.000428108980046160 +0.015299914918250154
+0.006985210236178553 +0.003368281643173279
+0.010262661298447063 +0.004248835292269377
+0.010542851359998990 -0.000174996156513793
+0.007003998261909544 -0.007177604554957265
+0.003231258650902909 -0.003950435238934409
+0.001011022230711686 -0.004195166848704985
-0.000625810974944400 -0.003560897941934957
-0.000227446045508978 -0.000463590025310670
+0.001724672201621980 +0.000280530429704547
+0.003892955758217844 -0.000743283125883655
+0.004981126823838578 +0.000970578271780230
+0.007601903041835664 -0.000305249459140006
+0.005698513406485684 +0.001522905715574424
+0.002594121301848178 +0.003309610155190865
+0.000621838248548865 +0.000163737232202585
-0.002618920383685288 +0.003842573041023375
-0.004536961675584997 +0.000634357837363823
-0.003607771130713287 -0.002340924280708548
-0.003922628148941830 -0.000734811880148237
-0.002346438271482087 -0.002518050018916512
-0.000730861659732715 -0.002514208717372761
-0.000045896230080747 -0.000386772600278779
+0.001093529623392810 -0.000643850700512371
+0.002103810121060702 +0.000008969530979341
+0.002438232710650572 +0.003257362783317598
+0.002200330498889717 +0.003047749044188293
+0.001982139522769427 +0.004143699396955308
+0.001002478839220428 +0.002817985908418939
+0.000226466466378053 +0.001349584555257755
-0.001019773847457879 -0.000001419362607886
-0.001904019839397537 -0.002096259117717650
-0.002447140417316444 -0.001371633083956878
-0.002671451208040618 -0.003748859463592632
-0.001295589284260090 -0.003469657514512586
-0.000497335904563115 -0.002624374350046902
+0.001092975872501276 -0.002813587192999880
+0.002298693962953004 -0.000828225186370652
+0.002850710045777337 +0.000204626879539394
+0.002788220550507849 +0.001014420054026169
+0.001925349813053534 +0.001001190226150611
+0.000981904796509839 +0.000786140938773173
-0.000502928691528104 -0.000517484755505419
-0.001115496477247051 -0.000457987031981154
-0.001924064582203588 -0.002008594540457678
-0.001928656003698769 -0.003228324838499112
-0.001226720287983036 -0.001681779415526333
-0.000719108963362326 -0.003018573406101939
+0.000232254603172831 -0.000974048841642451
+0.000483758875642150 +0.000327607319393404
+0.000876666377410024 +0.000803095061291293
+0.000611569732997635 +0.001952831396585712
+0.000311871999466049 +0.002271531024678083
-0.000145554303101985 +0.002325593008556502
-0.000824460123855569 +0.001038903801387119
-0.001309722537426752 +0.001555527468416050
-0.001690425490350800 -0.000160019198440982
-0.001485516164091913 -0.000454603429173302
-0.001354472100035534 -0.000751115788612644
-0.000605437000800485 -0.001410365614978024
-0.000020547435695263 +0.000029539466546432
+0.000682457155261292 -0.000441805981341322
+0.001450835040562551 +0.001038885349169753
+0.001429404627403926 +0.001376009320948249
+0.001680839821676245 +0.001813670417427156
+0.001017754935051733 +0.001930046660554728
+0.000403936502554777 +0.001604683547006381
-0.000203077691434969 +0.000973334335505496
-0.000834378928832243 -0.000546021676411378
-0.001074944159922964 -0.000330798362711979
-0.001186072020730672 -0.002090384052952611
-0.000804197382584196 -0.002052629922811944
-0.000331960132952942 -0.002073450214903780
+0.000474844585446652 -0.002308738016757196
+0.000863856367054537 -0.000991312981307914
+0.001273621719581637 -0.000878401013542168
+0.001430823434081497 +0.000486111692839323
+0.001098280284525272 +0.001185062808657849
+0.000876220501770202 +0.002112570208074138
+0.000194870260752494 +0.001548446679529367
-0.000220246651507374 +0.001464368833918426
-0.000706848873708591 +0.000947627873116950
-0.000983239650480469 -0.000718498421522753
-0.001207480492062826 -0.000274799049748769
-0.001229842270569464 -0.001539168101554767
-0.000824059340029857 -0.001267606148878067
-0.000691816306881313 -0.000572510776611691
-0.000142906925512403 -0.000327245459267488
+0.000224496214951662 +0.000418481994239389
+0.000560209665411532 +0.000294933224203206
+0.000765708055130416 +0.000652731405568940
+0.000646669117769766 +0.000005255678561402
+0.000431017553461352 +0.000144437092273468
+0.000120001750041684 -0.000389602645425471
-0.000008433146021740 -0.000451496690677838
-0.000279024243030006 -0.000064787270788502
-0.000111589637208776 -0.000502370774015097
-0.000066897694707158 -0.000229617084090274
+0.000053113419131496 -0.000671425235793886
+0.000276163257274692 -0.000602134114111230
+0.000106334362819956 -0.000821351881234202
+0.000091474780450337 -0.001015808062886264
-0.000169760558898024 -0.000792482762061449
-0.000333252219356415 -0.000636124143202476
-0.000515860942077648 -0.000356972509600552
-0.000507695177361857 -0.000655117733871342
-0.000383314551951131 -0.000427829495057113
-0.000249611091278193 -0.001013564260201856
+0.000012624463344082 -0.000784686976331524
+0.000011765723114597 -0.000662931323870681
+0.000152285229412870 -0.000559331258850050
+0.000117458085022035 +0.000379557013779200
+0.000082663016366693 +0.000944215713773393
+0.000027573570963400 +0.000832622647267281
-0.000150857358275200 +0.001140149234691515
-0.000178303779663459 +0.001303565001498636
-0.000392526674560391 +0.000133354526986714
-0.000473446402181393 -0.000305284776743904
-0.000646145475521373 +0.000218100069737332
-0.000689290507888100 -0.001360334581849581
-0.000617161893198828 -0.000811361276551058
-0.000451925023881205 -0.000088574649037816
-0.000082344934176984 -0.000738639272473710
+0.000256620150343961 -0.000161221779660992
+0.000549022075577208 +0.000586525074225130
+0.000708435709777097 -0.000098663543239175
+0.000674044000057683 +0.000153092881871555
+0.000534931613149141 +0.000766139530983700
+0.000223865853226203 -0.000445680644948598
+0.000010475516082560 +0.000220942775924882
-0.000286323550205942 -0.000027126863631398
-0.000365019925695337 -0.000757230627252461
-0.000428379334056107 -0.000189664568899926
-0.000315149287121973 -0.000804641275102824
-0.000072544496458465 -0.000653481062918210
-0.000082289676451741 -0.000471566046167798
+0.000202610772885775 -0.000447889186193394
+0.000163076213695518 -0.000263193286699971
+0.000123716028377517 +0.000131712878348733
+0.000149251935169306 -0.000074270311564893
+0.000043633958943884 +0.000045365575645891
-0.000105266506511520 +0.000320633769105214
-0.000098221778168421 -0.000425443322455405
-0.000179487500169679 +0.000104442946273374
-0.000310281562674055 -0.000267635586182634
-0.000128417482136316 -0.000531220429246412
-0.000238727738378762 -0.000042874994379008
-0.000133797842118054 -0.000391868489842587
-0.000009520271295143 -0.000072445594010657
-0.000058119045732891 -0.000002107789497198
+0.000072183748867416 +0.000028823026900684
+0.000021375750904436 +0.000029396254577565
+0.000006800580563628 +0.000036180136666719
-0.000063401327758692 -0.000072884560064699
-0.000130145263453142 -0.000195172470633572
-0.000190587315495192 -0.000269038403036258
-0.000191402941582256 -0.000519023473224398
-0.000173109227582268 -0.000353371752807072
-0.000115296514384680 -0.000701455040521988
+0.000029129477870533 -0.000412140196138700
+0.000040621434080080 -0.000380441382865986
+0.000182612128456346 -0.000504838781275333
+0.000170423619880978 -0.000034175639823291
+0.000130574831757864 -0.000342042430276803
+0.000113970996011442 -0.000077389040259966
-0.000047380482230915 -0.000102267555793839
-0.000103157777202341 -0.000302493466848093
-0.000215944869390337 -0.000212829919305648
-0.000254282679798740 -0.000383092079942174
-0.000283338723792951 -0.000498972479884775
-0.000254532694466176 -0.000454866128495024
-0.000209390690203191 -0.000407720081600041
-0.000157849842673288 -0.000594766474390271
-0.000062797929305187 -0.000196826197713446
-0.000058009466336836 -0.000303237485238216
+0.000025918160909595 -0.000281026153450936
-0.000012124979107818 +0.000077248222920882
-0.000017579280638546 -0.000216168549402952
-0.000030891339784370 -0.000021347991579118
-0.000126496452918752 -0.000067906431757770
-0.000119739793544939 -0.000212860006330868
-0.000184129230800319 -0.000201793087398201
-0.000186141567014826 -0.000238003161461399
-0.000175543856488231 -0.000337572277914458
-0.000150163777834396 -0.000334610071660776
-0.000121423113509240 -0.000259267426384273
-0.000071813889683736 -0.000448619137078346
-0.000045599684685284 -0.000224258287002399
-0.000055515822424924 -0.000359297063303383
-0.000004147112684035 -0.000401134036907914
-0.000069425200100494 -0.000241806595972134
-0.000048293489507135 -0.000450207169754285
-0.000060720915054179 -0.000334556700012332
-0.000101164808274174 -0.000369011051867390
-0.000044652830109636 -0.000390019256519619
-0.000075446346204533 -0.000391421634843983
-0.000047205582730374 -0.000328398051393225
-0.000042584050633246 -0.000362138518009477
-0.000055052564769479 -0.000342739096041774
-0.000072168857466611 -0.000211898525658222
-0.000093947109423754 -0.000357358362339023
-0.000128554044714838 -0.000211510966101279
-0.000170817521556572 -0.000293585986047739
-0.000162654033459843 -0.000367778352556752
-0.000212249566352982 -0.000337091901957277
-0.000182577229673220 -0.000446253368946293
-0.000172630489149240 -0.000443770602210488
-0.000160785268734766 -0.000475547781748999
-0.000103136206502298 -0.000374494408249021
-0.000091263237889022 -0.000421504526132328
-0.000041507314113926 -0.000281644702750253
-0.000037317758538159 -0.000262790359886618
-0.000018802799267215 -0.000291324813532143
-0.000044784568115918 -0.000190834137506108
-0.000076453362133722 -0.000337185797719752
-0.000103209747310615 -0.000298556271073378
-0.000167595882117186 -0.000397841664613105
-0.000171140217107281 -0.000428036852022791
-0.000204268026175579 -0.000480467750103057
-0.000190579982661078 -0.000525332389704007
-0.000165676882177684 -0.000490252247321831
-0.000135354924875494 -0.000583627826806318
-0.000095429086102704 -0.000467885749778748
-0.000074294349606448 -0.000534714520532303
-0.000045340663671883 -0.000455509047418381
-0.000066850602537434 -0.000420755131742169
-0.000058834589683503 -0.000436339606763748
-0.000094710226239433 -0.000359819578458835
-0.000120062040311008 -0.000438285405049812
-0.000132157362239579 -0.000392526350163383
-0.000172609225335027 -0.000478660795882891
-0.000167409459939233 -0.000470048972494327
-0.000189678219162343 -0.000506871862436189
-0.000178669240717443 -0.000518272523445941
-0.000179727756419856 -0.000477250186703945
-0.000167666757270880 -0.000535176234986406
-0.000154311361342356 -0.000407948767753262
-0.000153710907275921 -0.000500429444941154
-0.000132815045743154 -0.000444284435831473
-0.000149237831373547 -0.000432524356923881
-0.000137401931458519 -0.000491694536816783
-0.000156630459148044 -0.000491941408993122
-0.000159866224979115 -0.000489627195099413
-0.000161433611290233 -0.000497694785416869
-0.000169240891313367 -0.000586077751982370
-0.000149127900550991 -0.000444851288028371
-0.000158051461967140 -0.000560732869005385
-0.000130345543832831 -0.000555218475403411
-0.000141033385924111 -0.000441694002402625
-0.000132475636033302 -0.000588832541908789
-0.000138587204134886 -0.000516109194121595
-0.000157314296576786 -0.000507831693921046
-0.000159148478066753 -0.000583669187316810
-0.000185069667619646 -0.000577269186773782
-0.000180098743369444 -0.000547514062867325
-0.000193052637899129 -0.000649856640624072
-0.000180105446981317 -0.000612617804251633
-0.000180087629896474 -0.000585186951151714
-0.000164958546031409 -0.000690365760676446
-0.000157418662585762 -0.000557732874424887
-0.000161457615694072 -0.000625950259070182
-0.000141010719027813 -0.000614088681430390
-0.000169645616089661 -0.000539599022053441
-0.000161172656783760 -0.000623148744418562
-0.000174611821078169 -0.000571455018129496
-0.000200735885169695 -0.000587146122288693
-0.000195317963998335 -0.000627729114263238
-0.000214906265487947 -0.000632996957389199
-0.000220589097049691 -0.000618760624516006
-0.000216276859867939 -0.000690746258978886
-0.000212764200878806 -0.000649217652699773
-0.000215306742844919 -0.000651694583479364
-0.000193866673906715 -0.000712363448288420
-0.000193730400608102 -0.000627188844679254
-0.000194347982081563 -0.000694868287038158
-0.000175143647470588 -0.000674112539422064
-0.000199254275200319 -0.000656179833046836
-0.000186793315954256 -0.000712173609440767
-0.000199730865290566 -0.000671607558117304
-0.000211280652706841 -0.000722299187432036
-0.000204190673989466 -0.000717714125627148
-0.000220989587182749 -0.000725385145817652
-0.000213168266064159 -0.000749759586253755
-0.000216827120624802 -0.000746099195122743
-0.000217158785711295 -0.000748961716202517
-0.000217776533089269 -0.000766857396043128
-0.000217650563839595 -0.000767247902842727
-0.000224403207149630 -0.000752627168822991
-0.000228067547539879 -0.000807766831647647
-0.000227746582463426 -0.000761432985724203
-0.000243207554588296 -0.000803404742168312
-0.000233089333604115 -0.000826773021518217
-0.000244683603073104 -0.000773104512084200
-0.000242889725694410 -0.000861878422188652
-0.000235809854028636 -0.000800417928859326
-0.000246669464646781 -0.000819289866996111
-0.000233809053341152 -0.000848576985946113
-0.000243777315206643 -0.000801441818650869
-0.000243564785032125 -0.000835814720772548
-0.000246807187722103 -0.000836590082471057
-0.000256295763493486 -0.000837491998930996
-0.000260963962701541 -0.000839479782342921
-0.000269131519383362 -0.000897929906767725
-0.000272105143728030 -0.000850590205135908
-0.000281630636944696 -0.000913054615297620
-0.000273023153400818 -0.000927144618803995
-0.000280546782853063 -0.000885472980575794
-0.000273309692682440 -0.000971912107804352
-0.000264058882230952 -0.000909692985059960
-0.000273960765984707 -0.000940787372771128
-0.000254961639196064 -0.000956230243257448
-0.000270004916754130 -0.000926568850225774
-0.000265793799647543 -0.000962809512899334
-0.000272577392665812 -0.000950459925446233
-0.000282743640621224 -0.000978569974906029
-0.000288555915954663 -0.000958582940170802
-0.000296050980311407 -0.001025642007844770
-0.000302337460467050 -0.000980369467085693
-0.000308678149360544 -0.001034026241656141
-0.000304563255880092 -0.001052606517028988
-0.000313948544351494 -0.001002846849883849
-0.000307075093219416 -0.001123209527987905
-0.000308975791716594 -0.000925550861728621
-0.000307065406530363 -0.001744944373228413
-0.000334062232239521 -0.001359385203706693
-0.000170178022465262 -0.002115049495770588
-0.000511478438852477 -0.001841106774208995
-0.000160624784719646 -0.001066425090898209
-0.000330346060270760 +0.000280494137991752
-0.000310036632648378 -0.001734269395942106
-0.000392964208251131 -0.000091558207745871
-0.000310417429152407 -0.001533321822146539
