-0.000493884816569849 -0.001213311777739194
-0.000559166946105692 -0.002565709033007424
-0.000523741050397449 +0.000742076955815059
-0.000586816226977544 +0.001355833491181536
-0.000524891840160816 -0.000668946926005659
-0.000563857145406402 +0.001079353052617414
-0.000498399162240058 -0.001853256222317610
-0.000568018734407458 +0.000636275491167839
-0.000534546489244376 -0.001147634193547799
-0.000486984839896315 +0.000841623624940968
-0.000646461124999219 -0.001258122905490522
-0.000487513923978526 +0.000515141894262510
-0.000413627073546259 -0.000851543851221708
+0.000011486771418656 -0.000044181894810825
+0.000106218071306393 -0.000808302652585188
+0.000461372713016044 -0.000138910624072557
+0.000371524212107863 -0.000475689685126506
-0.000068228506913249 +0.000969031045303558
-0.000444679907926941 -0.001193089899180703
-0.000769162383856211 +0.001521190872113889
-0.000589276000886537 -0.001952175021231939
-0.000293208113774853 +0.001600563808168639
+0.000097494823116039 -0.002603778152560967
+0.000038394910494448 +0.002166685963775734
-0.000167475427988741 -0.003477358787437910
-0.000343014364069793 +0.002778950574425996
-0.000551191930698013 -0.004183322714835237
-0.000469998791541634 +0.003279640964450816
-0.000599238034581077 -0.004807151579959252
-0.000404621523478724 +0.003671648407547850
-0.000425949625953799 -0.004837433649245109
-0.000279613819907917 +0.004570475969574240
-0.000253534540635864 -0.005845493399044246
-0.000353970828955717 +0.006427035534120005
-0.000327647671540730 -0.008450272045774311
-0.000342763264566547 +0.009623533202477375
-0.000273952787843337 -0.013002269068568169
-0.000372086537317637 +0.016037764613779308
-0.000294253158249946 -0.023724341909418644
-0.000437893340681613 +0.036402316948381822
-0.000395680456466321 -0.072157316113627051
-0.000293368016763128 +0.478057300899585036
-0.000502576370292312 +1.178925294266503387
-0.000435639433003795 +1.126310646813302174
-0.000708598449039322 +0.718878877736165434
-0.000591141419128036 -0.832056879025168117
-0.000552340736016314 -1.240805824055360329
-0.000418305899616876 -0.762945257371069996
-0.000326904986218606 +0.033265478120054544
-0.000352535197773498 +0.236341482636010208
-0.000118870692483204 +0.007048316037511179
-0.000278310614989982 +0.143442764792556132
-0.000124982978357245 +0.283632293075805952
-0.000454136853234807 +0.163216609216393804
-0.000495808631255890 -0.110656144078039254
-0.000416201220521291 -0.240689796498518571
-0.000974261252305060 -0.150569075370040412
+0.000069491115470031 +0.043465132814579213
+0.000139052723448142 +0.164103755726269479
-0.000019347163878235 +0.040593562847275860
-0.000868814688606890 -0.082122128555486118
-0.000641254918336243 -0.065347365137484403
-0.000464492790986245 +0.029429449018422829
-0.000051631180492481 +0.042895913304206335
-0.001260405490893807 +0.013672564868440169
-0.000179901712700151 -0.052387334452652812
+0.003394313968679598 +0.012082566528811647
+0.045447044430732816 +0.028888241130498187
+0.092156825316946259 -0.017452603169484160
+0.132300540204982553 -0.034917851054691584
+0.164042935334799217 -0.028184555312997600
+0.170987704488553993 +0.033044389162331655
+0.109014594508331716 +0.075355350574603130
+0.013867043092272432 +0.034392931535636523
-0.042282772196235253 +0.006187245296028585
-0.025795606086799552 -0.010959002138652967
+0.027298785953237353 -0.047904479668050531
+0.060452784088286318 -0.053081673273421857
+0.045039847941152407 -0.046057431910089722
+0.013867538535650415 -0.054710769697243845
-0.003030110785332055 -0.050236523531068576
-0.007013378890935847 -0.026223034985193249
-0.011905278419234226 +0.009586710808247904
-0.020875196315455518 -0.004479689475599362
-0.017456499650263392 -0.010625230272278923
-0.001806642800478642 +0.001017480942424499
+0.012275528475771316 +0.010565839151638324
+0.017625389654351398 +0.022620473668113497
+0.005166696852816675 +0.007130167669014567
+0.002854058781546934 -0.010174931533150321
+0.015882380303627402 -0.011048592050694403
+0.021066320286088892 -0.002222648312235795
+0.013191945844828988 -0.008872203365969972
+0.004790694800039374 -0.004086214659892460
+0.000224774032237085 -0.013678919691078340
-0.000107753919207855 -0.006470314639711029
-0.002172140663155113 +0.014242651941350055
-0.010940149268200727 +0.000732798934812423
-0.015773336415382411 +0.005360794267376885
-0.012087747066430021 -0.008276119642526728
-0.004852000658029747 +0.007749877197485919
-0.002526977908611864 -0.000910452001512975
-0.002213664545627801 -0.011539004014180929
-0.001176624910890648 -0.001573642620214553
+0.002374884485850159 -0.002653060148362307
+0.005048621850615272 +0.018240317237774584
+0.003750007295225868 +0.000459020091277074
-0.001894935338992134 +0.005814357877727994
-0.006228085518111198 -0.005939770055651605
-0.006377138112130093 +0.007087739910251578
-0.005160808592121219 +0.007469123690933777
-0.005706538206563959 -0.017186655889780134
-0.003879650788656630 +0.004844629449471528
-0.001992495576420373 -0.002624704366882200
+0.000081464304092116 +0.018704288384245177
-0.000309625057986986 +0.002167896428790095
-0.001899353122519834 +0.001809622233914431
-0.005292347896302885 +0.013439435133679564
-0.006278188688432416 +0.000690734224409107
-0.005660997685489491 +0.009966519215931410
-0.005923631560914126 -0.018577679672410599
-0.005965454661890539 -0.005691271076955916
-0.004728514650919641 -0.002592624989795886
-0.003434861607820512 +0.003896395536133584
-0.004030558831731292 +0.002609270259497051
-0.005741431720432329 -0.001417727737033534
-0.007733212306715724 +0.015189514969452009
-0.007833377800144370 +0.005383871036125151
-0.005198202674463206 +0.007050975502897742
-0.003592434947644796 -0.012676866226897376
-0.002272059580250289 -0.007527375038633749
-0.001039742573395444 -0.006900736993754216
+0.000565107972463073 -0.007540503901106512
+0.000541787419182048 -0.000832009416179308
-0.000902557677075489 -0.012120758741877895
-0.002293909642361711 +0.002764476396794279
-0.003108798581213744 +0.003301519726651526
-0.002701329682602963 +0.009018869837812651
-0.001836880355901917 +0.012786488517979340
-0.001349170649411260 +0.009939752432252520
-0.000895274314852467 +0.006845901455104500
+0.000788127034669590 -0.002120076146113438
+0.001829137604605192 -0.007805706003318313
+0.001213693778214054 -0.010204975694698262
+0.000648451732903061 -0.014945596065383648
+0.000116351860645914 -0.016321891741372396
-0.000988731914210529 -0.012815544160529626
-0.002059025386946716 -0.014016589865630823
-0.002530965877141388 -0.003176473790559240
-0.002420859590693433 -0.001791933687510296
-0.001759035197129819 +0.008240821534604564
-0.000677987144391774 +0.006522771078910096
+0.000889235144306584 +0.007297933292423627
+0.002242108418849724 +0.009814133935807424
+0.002836095975891953 -0.010002628786931048
+0.002644133409363843 -0.022378624072281784
+0.001853852707363369 -0.049967302701998374
+0.001130856267474279 -0.042020813350224409
-0.001006836663479467 -0.021401313094342223
-0.002986231216098976 +0.024569436249182869
-0.004440926827111715 +0.043107667345697542
-0.004795217446176728 +0.036493558982737678
-0.004886023387874278 +0.002559702079717433
-0.004049525941466002 -0.036536904790076805
-0.002732722637117518 -0.013153984573367054
-0.001736910127126821 -0.008076017219493213
-0.000996566489232794 +0.006661431261860936
-0.000521793217567216 +0.037284985665183096
-0.000121888952076432 +0.021093496608097256
-0.000137603427027837 +0.001460872149721249
-0.000525307853590609 +0.010184810929529192
-0.000366262257963786 -0.006073262237510618
-0.001078355335300938 -0.017168792176591355
-0.002037424761661111 +0.000279319856155036
-0.002866089086050830 +0.002768085549903446
-0.003347609433691679 +0.007186236873292381
-0.004112138432913946 +0.013531047768016710
-0.005248746269197598 -0.005530167254091610
-0.005552807581334411 +0.002091407417994166
-0.005954982497709845 -0.017807261649892589
-0.006322093696656597 -0.002665626158269443
-0.007981939655372193 +0.002348169601850233
-0.008652602651851466 -0.005898681370649146
-0.009059903956405302 +0.011978005407476924
-0.007714301997091483 -0.002878556162159221
-0.004142203410677729 +0.005151164234918224
+0.000155171273292015 +0.002554807004981001
+0.004310153622614905 -0.000248137558989222
+0.004450535361178034 +0.004478017068917317
+0.002675294125646864 -0.000825225312712664
-0.001235941587104555 +0.003378337158429702
-0.004681479005190477 -0.001884511132856545
-0.005064404679101001 -0.001415261562193551
-0.001885455101060591 -0.006509199788068157
+0.001842737482109861 -0.000246909747598509
+0.004270815158739011 -0.003100922848224042
+0.004598297379089678 +0.000102288844663472
+0.002487243435267922 +0.004944417091328461
+0.000352114029285915 -0.001616265840494974
-0.000117409703644961 +0.006091928239707029
+0.001337824535441143 +0.000388680481354424
+0.002919606901862872 +0.000830157020793150
+0.003768546432997432 +0.000683522028943957
+0.003743533655293820 -0.002231240646082627
+0.003507928849157565 +0.001799540568643031
+0.002804850826170048 -0.000640491696271537
+0.002064814057629839 -0.000147179688200133
+0.001788217837817189 -0.000297195662015502
+0.000698842177881221 -0.001187133726257536
+0.000642201559425044 -0.000757285059722961
+0.000728563951721029 -0.000270309806738498
-0.000383910517204769 -0.001421347048792356
-0.000404289723336997 +0.000076758551146211
-0.000459404989449927 +0.000040601378102851
-0.000973272312536907 -0.000210747152975188
-0.000354070915135594 -0.001392104187939159
-0.000399259636159493 -0.001345832689279608
-0.000267418013000466 -0.002093347622982880
+0.000242102133598166 -0.002413496436722198
+0.000239583860893779 -0.000659836712380455
+0.000441098816520680 -0.002168650841670844
+0.000508014408939324 +0.001112033904684917
+0.000405415793864469 -0.000765271602273169
+0.000622998697167853 +0.001461717386492629
+0.000129286741011412 -0.000051726315510797
-0.000120968057611261 -0.000608155169865966
-0.000348651007083590 +0.002077074674882719
-0.000677731458468989 -0.002098367646077645
-0.000287043894825365 +0.002157603344347581
-0.000340009258789464 -0.002360702309838447
-0.000067004197321837 +0.000081836933301392
+0.000111526594808848 -0.000554197882701076
+0.000180138257644283 -0.001144521618879353
+0.000165281454232202 +0.002748940560207072
-0.000010847868447936 -0.000892961722927160
-0.000068290179670201 +0.004004359820067777
-0.000250117091459353 -0.000765333909491281
-0.000163847684521729 +0.001993463781695681
-0.000189659865381783 -0.000406921491227466
-0.000034523895009145 -0.001161465570296463
-0.000107435919424643 +0.001457343141747600
-0.000165200667811289 -0.003447905189114537
-0.000316591346092689 +0.002369219061466283
-0.000767642857278360 -0.003542542992407945
-0.000812547561159004 +0.000016740624498644
-0.001055993959475847 -0.001139767615731698
-0.000967780301550054 -0.002691915532850185
-0.000909162547160155 +0.001478619557389515
-0.000787262697695747 -0.002471923415854939
-0.000680341460435261 +0.002983389900283922
-0.000664383104594885 -0.000846182964579625
-0.000476207278406658 +0.001711201452382791
-0.000479646400727148 +0.000535419370587561
-0.000150360639038693 -0.001189148293321535
-0.000041421543151542 +0.001561132081544864
+0.000161778184523338 -0.001949522732092174
+0.000292987027432059 +0.001792719719383959
+0.000224964814089526 -0.001362585764760876
+0.000273645279337066 +0.001149975333424588
+0.000086456405524315 +0.000153478987999804
+0.000129487763743480 -0.000534611944900505
+0.000026993628785060 +0.001576030428043521
-0.000015282962555728 -0.001753139086298523
-0.000088363559236856 +0.001578564953915205
-0.000177308036193366 -0.001288729090263762
-0.000193344609929630 +0.000695244055172023
-0.000231488906142592 +0.000281141927402075
-0.000065594326735623 -0.000786383045841085
-0.000026224310831772 +0.001884908764745293
+0.000133820372180070 -0.000608181470649188
+0.000185073339652714 +0.002066889609253813
+0.000193837727709970 +0.000142891185863352
+0.000182422006798959 -0.000585763305675535
+0.000105025947478836 -0.001250964205000256
+0.000085903117651382 -0.003078637559494767
-0.000035773662557433 -0.000513143679782782
-0.000099600251544065 +0.000019250542570785
-0.000248196362466333 +0.002208327421733596
-0.000354771756667442 +0.001859392745978162
-0.000417911297032730 -0.000163185854001994
-0.000431416925958143 -0.001759996460894818
-0.000402061026183493 -0.003236940714800806
-0.000309542093122939 -0.002040780947951257
-0.000169904768686496 +0.000212864921923628
-0.000068186225645345 +0.001471614526000784
+0.000109991247460203 +0.002234959305571864
+0.000179085769677233 +0.001192295807373919
+0.000328207088272507 +0.000818213258035654
+0.000328742529790402 -0.002042224698608758
+0.000326923188753588 -0.000765000093140844
+0.000301105835380380 -0.000140878317279161
+0.000221611057154987 -0.002075864418380831
+0.000168804688221985 +0.002548762953309865
+0.000067405349330715 -0.000764779485165709
+0.000073778905369637 +0.000359846272988181
-0.000039309498324079 +0.000164179266061423
-0.000004975002875416 -0.001664822265820341
-0.000076286690858498 +0.000372509584491629
-0.000141339408806589 -0.001072719316328852
-0.000199159000274125 +0.001002115707236573
-0.000333020119682061 +0.000029896538232571
-0.000259787653589806 +0.000627465403309130
-0.000203078566682400 -0.000391684863957409
+0.000040122340544547 +0.000220977854646309
+0.000238765548077348 -0.000475917884922163
+0.000315377004100225 -0.000935658722529736
+0.000190310896114633 +0.001272305859862757
-0.000126031673845299 -0.002231243480558961
-0.000373236297128447 +0.001652932267190238
-0.000536466334976909 -0.001347176750734577
-0.000410713271475105 -0.000508775774513311
-0.000238978942909243 +0.000941952414543965
-0.000007012612808092 -0.002301126519410585
+0.000004353291822728 +0.002059660065818467
-0.000183798526591115 -0.001739183696310848
-0.000282330734365952 +0.000648149600250985
-0.000471869235890703 +0.000207653995263006
-0.000330596411256420 -0.001168331410248864
-0.000179586330767123 +0.001077367382523156
+0.000016239250200910 -0.001333549343210966
+0.000132051354025001 +0.000804293587748631
+0.000080018575829634 -0.000654937091146942
+0.000087574721469244 +0.000556003617610371
-0.000061040736406153 -0.000097420024584450
-0.000051403650356732 -0.000056266600023362
-0.000107097942020878 +0.000459871575050060
-0.000092148479051951 -0.001033374315856813
-0.000094090106647529 +0.000848290362080038
-0.000147244502544067 -0.001293959633138247
-0.000110698600068690 +0.000497235504786992
-0.000207440084382712 -0.000361120594376763
-0.000182804637708249 -0.000534685241353465
-0.000169261853497107 +0.000708078171375612
-0.000187278184722819 -0.001146123075683285
-0.000157609025186113 +0.000677271549942311
-0.000114205557922378 -0.000661419836971940
-0.000156010288837534 +0.000010834103126958
-0.000105533249698124 +0.000114267401666053
-0.000088702905771347 -0.000476155335704360
-0.000131494439570516 +0.000417374776635265
-0.000052067984623538 -0.000693626665117845
-0.000133642479692265 +0.000110007909910384
-0.000121022149200226 -0.000465790396281003
-0.000141582303712541 -0.000366833054880732
-0.000211631906179970 -0.000027465869434862
-0.000155256092423107 -0.000532594275595423
-0.000200963080105442 +0.000116617551385472
-0.000171767008594322 -0.000484115007137882
-0.000129774314901834 -0.000107928146226783
-0.000161594222092636 -0.000088899791229180
-0.000114024310569917 -0.000386087326083351
-0.000108724394643809 +0.000351612624429602
-0.000132983597727476 -0.000396694303464803
-0.000071193181433731 +0.000187351875009116
-0.000098560018478339 -0.000171139437636879
-0.000065776785299235 -0.000412450589899736
-0.000032787690365535 +0.000192774655770234
-0.000068107907305030 -0.000751748877897371
-0.000023688143251216 +0.000339123643739864
-0.000093326644650060 -0.000502392245185064
-0.000101813458002227 -0.000077713837006901
-0.000136016037781002 -0.000029722326476231
-0.000184471805075894 -0.000697337327999425
-0.000169978493004642 +0.000284163577860375
-0.000198233578293031 -0.000925042009065430
-0.000176881619921576 +0.000347122526131088
-0.000193295291408495 -0.000595959530440948
-0.000174551280069405 -0.000031529643874151
-0.000193624786403001 +0.000075757182676525
-0.000175778390414200 -0.000780989742518917
-0.000161541497763619 +0.000589378405980443
-0.000160906088441566 -0.001116149748039124
-0.000116127784448643 +0.000461598574652453
-0.000146726185416749 -0.000620510959401802
-0.000116602018889808 -0.000220112801295114
-0.000157073008656149 +0.000195009863978293
-0.000158774543077719 -0.000952795685591778
-0.000169806407434678 +0.000630907742840148
-0.000192115106692097 -0.001135512806435017
-0.000169558501544657 +0.000324678621082512
-0.000210910211016932 -0.000592235727335471
-0.000180677256502352 -0.000366303606899624
-0.000218195347788571 +0.000169857865987806
-0.000196480182121900 -0.000892233386317696
-0.000189921947345884 +0.000572972282521928
-0.000188904371082038 -0.000922068917701285
-0.000142073147586726 +0.000395368195293240
-0.000167852680134434 -0.000403161513183527
-0.000129556001748339 -0.000213780951814552
-0.000158407167695907 +0.000124055472743201
-0.000151568713871261 -0.000896150855682314
-0.000158226235813718 +0.000295087913934766
-0.000176418856786980 -0.001029094256851229
-0.000167012420241075 +0.000211055050028706
-0.000204242596971885 -0.000392590868625630
-0.000196653996632025 -0.000229578178689875
-0.000233597544495986 +0.000153359940247272
-0.000233398584732392 -0.000894893665111600
-0.000246002898334783 +0.000142276858623016
-0.000248422649972752 -0.000929010338605471
-0.000233392789528483 -0.000047987095019730
-0.000240251422084898 -0.000217492073647721
-0.000210847814909849 -0.000320792494283819
-0.000219788429668604 +0.000212826025729634
-0.000199613858630535 -0.000683201310233116
-0.000201943606740234 +0.000000684664850575
-0.000205190078443448 -0.000660705940547440
-0.000200234724250345 -0.000346166051511756
-0.000218068905957177 -0.000226883161735603
-0.000213257134648988 -0.000451043623708591
-0.000226815922937627 +0.000002587273878987
-0.000230850442972906 -0.000514550603056735
-0.000235033824607155 -0.000083474746940393
-0.000238665640913111 -0.000530729421731517
-0.000243572319274282 -0.000375429962832611
-0.000244410614355225 -0.000166251244648245
-0.000249894279838599 -0.000647815548645812
-0.000253844248785432 +0.000075657711546285
-0.000252294575338605 -0.000533993340675572
-0.000248099462373487 -0.000262191729593643
-0.000232451129872500 -0.000152668039748052
-0.000221658681451833 -0.000693173833406879
-0.000208762249303058 +0.000057539188240761
-0.000221675736470202 -0.000659358573133430
-0.000230929537043395 -0.000196482102241241
-0.000263817641024267 -0.000263359192208655
-0.000275022560939450 -0.000604044280217292
-0.000277728973807124 -0.000069930645274635
-0.000278247373514207 -0.000677847418765212
-0.000253613920963535 -0.000178491374149131
-0.000271367025513800 -0.000535628622202147
-0.000265296465068950 -0.000300169649954565
-0.000296624369571746 -0.000397561067309149
-0.000306631480821926 -0.000457269554989594
-0.000304877017284553 -0.000187705190686287
-0.000304850218027668 -0.000718063853879528
-0.000276390390398147 +0.000027131344810985
-0.000280075679621235 -0.000808173650070312
-0.000263284141654991 -0.000099330106725505
-0.000284967348026162 -0.000435289120762624
-0.000283421039008146 -0.000642702133173939
-0.000296493752145068 +0.000099414549506127
-0.000303565464285475 -0.001046625111657908
-0.000293420058127981 +0.000159847304923317
-0.000312214296691302 -0.000759258073951316
-0.000294147605038648 -0.000364696327995722
-0.000321032596715611 -0.000164319264645593
-0.000311089968469686 -0.000912390698562712
-0.000324379547402729 +0.000043172524226623
-0.000330621009555011 -0.000889682507170325
-0.000319647295294404 -0.000132820640302715
-0.000339895321817530 -0.000561390986589189
-0.000316264751290013 -0.000426079423420529
-0.000340770804409685 -0.000294342170503110
-0.000324307266367764 -0.000717102799315382
-0.000331552142959518 -0.000092294439545000
-0.000341713972612671 -0.000867696127794040
-0.000323326695804325 -0.000098293637295375
-0.000353532385606743 -0.000743106277437115
-0.000336300143802744 -0.000404878178470222
-0.000356737676060404 -0.000354443381700174
-0.000361241400741897 -0.000792873872891241
-0.000361931091058919 -0.000083045788739716
-0.000375571707031854 -0.000899747469596961
-0.000372222346137155 -0.000216571948840650
-0.000379404278917019 -0.000637450448447281
-0.000379440991554586 -0.000572834101629598
-0.000386629487619766 -0.000308583350268509
-0.000379982968868408 -0.000803657141287267
-0.000393318693596508 -0.000205262951489620
-0.000379998895487482 -0.000769245969569878
-0.000388911550675957 -0.000363451847070644
-0.000387675797550742 -0.000577566379216421
-0.000379642477443320 -0.000606963635775606
-0.000401487005585060 -0.000388069847150719
-0.000388225020443180 -0.000741102701782376
-0.000407160252862787 -0.000350163292843882
-0.000409769719879755 -0.000698076239047333
-0.000406784135345554 -0.000499685975961377
-0.000422885939660896 -0.000550334342924078
-0.000416672065062325 -0.000679612267375562
-0.000428697236611760 -0.000460276525938108
-0.000432510888044247 -0.000702016216689480
-0.000435102372193388 -0.000530996683600373
-0.000438934215218980 -0.000553265409562654
-0.000447154886858182 -0.000713718005575135
-0.000437822900473092 -0.000404979659077967
-0.000457026503106847 -0.000830017639370708
-0.000440939121011789 -0.000395730480288160
-0.000456710947815953 -0.000798831031995384
-0.000452701414319606 -0.000497562992786110
-0.000458086077317393 -0.000710210795900140
-0.000466833836414088 -0.000583363123536060
-0.000468183196702925 -0.000707043342026176
-0.000477852339161062 -0.000513870549989123
-0.000481799932824596 -0.000962536551631657
-0.000484931308060234 -0.000045984868129292
-0.000497880927477702 -0.002061752052410498
-0.000487588922044077 +0.003437250043917565
-0.000517023298202404 +0.005214376665136556
-0.000489375687470908 +0.004970721092458474
-0.000533902763800353 +0.004215748241978502
-0.000490042953326463 -0.006095822338982328
-0.000542666787157619 -0.007727514540503468
-0.000496418193530761 -0.003217657968429585
-0.000459973706449842 +0.000008664151539041
-0.000658677043832540 +0.001378515168627036
-0.000388111195161638 +0.003826057169938480
-0.000657201109827481 +0.000386746360193398
-0.000529580954969575 +0.000606104355418941
-0.000554276669415666 -0.000341249141767720
-0.000567835787496787 -0.001867287157052568
