+0.000523048230067646 -0.000254512019615004
+0.000523096298811812 +0.001339273197535924
+0.000526182690827912 +0.000203229131949680
+0.000506109614986359 -0.000212571830864951
+0.000525006448143825 +0.000708236329834807
+0.000516777006868948 -0.000582105220274999
+0.000569079494019180 +0.000247285866851317
+0.000594145253627432 -0.000179026689068321
+0.000640836860990172 +0.000479824240475249
+0.000728478381580724 +0.000011031412214102
+0.000714125060714014 +0.000895692909928410
+0.000721543395934369 +0.000139099999331313
+0.000678108499160810 +0.001142837258860328
+0.000662104802656980 -0.000174867592580916
+0.000636095484706633 +0.000704204100221241
+0.000652452264381861 +0.000171949312673475
+0.000648009884979048 -0.000062399770909268
+0.000654427586203703 +0.000559818102313321
+0.000675639385507128 +0.000066376497591076
+0.000673215463053214 +0.000137982158198359
+0.000689654976071321 +0.000633930258082033
+0.000669538250166555 -0.000064847623228635
+0.000705269277272411 +0.000913907630221577
+0.000703101023058398 -0.000353683880288985
+0.000701770687686351 +0.001089116136631694
+0.000721453675110206 -0.000692520679760498
+0.000707563728396485 +0.001529383418067062
+0.000730253515563067 -0.000904764957382831
+0.000737073034451259 +0.001870054690452656
+0.000770777799945539 -0.000907031455034745
+0.000772882160440503 +0.001665187340270107
+0.000818226340728283 -0.000697054349856279
+0.000850260661522642 +0.001561221720393531
+0.000871870953493288 -0.000607183941076639
+0.000905354194777773 +0.001845938826688490
+0.000941818622602651 -0.001567084985071725
+0.000955533292841452 +0.002473934910392466
+0.000956398554889637 -0.002859068059080162
+0.000955619273853379 +0.004543247791263134
+0.000918906972900826 -0.006222548637383314
+0.000880088918205069 +0.011228050605378828
+0.000859891467535656 -0.023782290090231108
+0.000883612570722334 +0.133988514991642493
+0.000873878178268814 +0.867288625088533549
+0.000782773671001141 +0.721815915035354028
+0.000875166899153473 +0.556609194030810217
+0.000786730604813102 -0.072972654932513217
+0.000936429563119882 -0.321082331818917432
+0.000827285967057495 -0.222057909714864971
+0.000905256614544535 -0.292996478283972850
+0.000782348545985858 -0.309981740645925097
+0.000836507170975431 -0.227630844107617525
+0.000651096952861104 -0.127809490427188033
+0.000725253504450552 +0.357304219600911188
+0.000564320060798766 +0.410486203857283627
+0.000865483394952469 +0.017499733397751353
+0.000771818513495871 -0.004794425039016652
+0.001153544972897672 +0.046703319385676761
+0.000995793497023496 -0.016324806698892604
+0.001364994803726336 -0.132882135539473811
+0.003469632507319561 -0.184426990900942389
+0.016284184597911096 -0.110487154300596760
+0.033173135523992037 -0.080301376324650453
+0.050326349571804208 -0.039676207324174040
+0.068169177666976583 -0.017221926554138303
+0.077022917169766295 -0.005692732503646582
+0.071948933233853068 +0.068862484451947495
+0.064431479221184598 +0.057352159778102346
+0.057229254080382506 +0.014454507935626628
+0.049530265597824794 +0.011599212562236793
+0.040230813153364034 -0.023902059299571076
+0.030254028259733425 -0.039176133298005615
+0.025870637856280548 -0.021561256248999541
+0.028231031851082444 -0.010360181858970781
+0.028740238134374069 -0.026062674004281874
+0.018344544188848858 -0.026213103941928207
+0.007878160449005293 +0.006095851906562595
+0.008323750010872179 -0.002174752362646394
+0.014042697214154260 -0.023092642444274919
+0.011037052086401204 -0.029436668550079828
+0.008018090498846643 -0.022661099001088696
+0.008345452618648837 +0.004498207423333466
+0.010954262390123766 +0.024634582038821694
+0.011634759728701691 +0.033909182148167870
+0.009406938703919905 +0.030888855328430879
+0.007170805951364982 +0.027586688054207900
+0.009077139262887939 +0.013722235748832995
+0.013870879392550198 -0.011041440471027973
+0.013473750005058722 -0.014580264970334392
+0.010723946850355550 -0.022968677193218129
+0.011795554432648651 -0.030701296274788514
+0.012755760686056293 -0.015279947480706903
+0.011223225963068666 -0.001629559605985016
+0.004263708264001148 -0.000451437750283591
-0.005292684702145872 +0.006570985062561664
-0.010357498126224350 +0.005635745539475281
-0.006941439140763958 +0.009877141964086917
-0.004553665042773714 +0.018695159277914833
-0.005874224059922306 +0.011329174581839307
-0.006791405169735026 +0.006720250539965228
-0.005192278254514763 -0.003121871170046900
-0.003017970355654391 -0.000695491889693322
-0.001752299956026078 -0.005019607019054577
-0.001010008199612783 -0.021257729181938169
+0.000346682628999052 -0.014511596417954948
+0.001716439591068351 -0.007085969547851536
+0.002713243813805626 +0.002905176749486732
+0.001990291355802986 -0.003838528573528621
+0.001200185362257314 -0.011061372997267671
+0.000824913471697053 -0.006889421505571036
+0.001867529379879318 -0.009021676839812531
+0.003472273994896746 -0.013270936635371156
+0.004725938015203259 -0.019295347451372496
+0.004630034263389119 -0.010441601617939824
+0.004497974595654932 +0.007474603594617209
+0.004224004225415942 +0.019109969845096643
+0.004058716700010503 +0.022419159751516579
+0.002773307432219664 +0.024640028776816439
+0.001898930195773962 +0.026797183798562677
+0.001939205552231578 +0.018580454926934165
+0.002576537015460950 +0.011322065419770880
+0.003339570060307194 -0.004949250250682326
+0.004196020179828862 -0.008852645232175934
+0.005535040858992408 -0.007509940051139110
+0.006885514217200685 -0.008193898797280687
+0.007680392576410303 +0.000213821229810864
+0.007919399784110420 +0.012348764251765086
+0.007421894757980814 +0.022769979815601995
+0.006236999665574316 +0.027817005353945358
+0.005726208225228865 +0.024337964038250694
+0.005284981180963563 +0.018556830771980854
+0.004619456919168945 +0.018893924065675253
+0.004202080918530131 +0.006102593474695322
+0.003953750809664501 -0.007354884315710413
+0.004109527143693184 -0.013275402779213418
+0.003833294943870028 -0.010091011566868330
+0.002605174103457513 -0.006451291142004141
+0.001113960509974223 -0.008057341513205977
-0.000514863512857325 -0.005991107704624428
-0.001871152421247742 +0.000319562546060816
-0.003959402318192488 +0.009650893859487171
-0.005544628093036397 +0.007717327311217132
-0.006020331545776516 +0.002919012535035711
-0.005412074784208940 -0.000221594750029551
-0.003727111156587254 -0.000087464843962042
-0.001687248640362155 -0.004473567163465746
-0.000370345061999842 -0.011868868696954357
+0.002274984130994422 -0.017017911291372201
+0.005470806499614794 -0.024186888871603897
+0.006577163169948034 -0.019249595788635582
+0.005917478586680857 -0.019949854052213809
+0.005223198959152587 -0.015123452755900761
+0.004401382546143607 -0.008790060319295114
+0.002875142214373099 -0.001302480436855205
+0.000494053059038436 +0.004178583091070854
-0.001471460984117323 +0.003088729988565039
-0.002383190428764354 +0.008930572390270296
-0.002110991922188464 +0.005855355659455711
-0.000376108875896377 +0.013152765161096057
+0.001649597728068763 +0.008307414536112164
+0.003970776814670731 +0.010201402110247523
+0.007558306531847392 +0.010461568153057849
+0.010349213035905570 +0.000783735764640411
+0.010858786187161261 +0.007699971523470392
+0.009980587225931306 -0.005287956890857192
+0.008169043810307175 -0.003804776330341746
+0.005792130162857494 -0.002082463694909693
+0.002688381821664109 -0.003644513907395109
-0.000905267471759634 +0.006859066453241011
-0.003803355401518081 +0.009407671283336781
-0.005262730096562371 +0.010236926404209340
-0.005522901132974441 +0.011174516319613227
-0.004927461471971041 +0.002658673229888373
-0.004433954871720538 +0.004662637073553397
-0.003204535356091276 +0.000389639179731980
-0.002455189503711314 -0.011553371060260949
-0.003010336733048311 -0.000567362585664283
-0.003657405791475467 -0.004685449446378234
-0.004971041075044808 -0.009178833328754604
-0.006070942034825311 +0.004648234970228246
-0.006812398204594885 -0.003818275385189786
-0.008011635323508173 +0.001179007306455121
-0.008375529259619981 +0.005944781493106254
-0.007817444515752364 -0.002380141940291003
-0.006426589796197189 +0.003972595673589799
-0.004658167424534667 -0.002635125886931522
-0.002884855102512938 -0.004568345701123737
-0.000695114048319147 -0.002872243969565397
-0.000131740593667409 -0.009621640342141486
-0.000387655787411296 -0.003944153751962828
-0.000374527260619614 -0.004663980262392491
-0.001086963310360130 -0.006239490841026648
-0.001579580293565759 +0.000394374468238756
-0.001148070373380605 -0.003665294960393617
-0.001497960431497480 -0.003498520416538531
-0.001494851565677271 -0.001305292961416142
-0.000988476124906389 -0.005528691875019849
-0.000830359975806837 -0.002100785227700667
-0.000286397707871965 -0.002189891702916706
+0.000103519802471500 -0.001666846992181038
+0.000468976642101106 +0.001848779472346711
+0.000807494433916838 +0.001790614577379779
+0.000574889522773998 +0.003505447639402482
+0.000761306616059680 +0.002802068905162899
+0.000777167055250343 +0.001206467555919414
+0.000805295966026092 +0.000701695242740382
+0.001218827820406793 -0.000306286991777850
+0.001327284806213465 -0.002585221916340903
+0.001405075803053869 -0.001687431406111692
+0.001449558588513168 -0.001965436769476805
+0.001230147908135011 -0.001743287968959538
+0.000923228410351944 +0.001024482625458783
+0.000539078995117381 +0.000746069590372035
+0.000083013744922213 +0.003663355850828482
-0.000332533632234468 +0.004890369121118553
-0.000697064867275725 +0.005130552445686791
-0.000906680702688761 +0.005266224982196129
-0.001006847045337095 +0.004513206203004485
-0.001013638604672381 +0.003417218859718849
-0.000717009551618459 +0.001441802567210543
-0.000419016987247299 +0.000330384973909074
-0.000134138642067797 -0.001559027379333664
+0.000175481370644413 -0.000715728382481771
+0.000256470621833228 -0.001731463063387718
+0.000210330728903773 -0.000744079101583445
+0.000067690038177963 +0.000099267881790115
-0.000263094449922133 -0.000397092110702287
-0.000590772847802558 +0.001732794636291084
-0.000909051989129285 +0.000234114629874279
-0.001122815472975983 +0.000826931716881122
-0.001148793084783529 +0.000206478530375858
-0.001014296319797944 -0.000850380659399871
-0.000716666341669449 -0.001047985727108100
-0.000333173846757584 -0.002707428530988090
+0.000092099039530858 -0.002835051749024105
+0.000443546768132705 -0.003150196735373298
+0.000640818060517182 -0.003056584992838077
+0.000684466862739128 -0.002966649852478145
+0.000584628849018415 -0.001893980719705854
+0.000435321898536777 -0.001232504834745563
+0.000230014205493796 +0.000058060329454771
+0.000127231999861340 +0.000898280270179174
+0.000152308301423958 +0.001134007318240390
+0.000378299785798784 +0.002298889985141933
+0.000814484688381861 +0.001628503335848112
+0.001363100133595048 +0.001722119742726400
+0.001959289088327423 +0.001002092711151429
+0.002487286832554171 +0.000039426003830190
+0.002880051052038244 -0.000196604244355512
+0.003022355742272491 -0.000801578588242973
+0.002861800498278040 -0.000964561923428186
+0.002481818977079183 -0.000188001187895273
+0.001975230212666197 +0.000236492754976212
+0.001375781844992816 +0.001036836802039154
+0.000797332083469218 +0.002374162345852156
+0.000385436088433840 +0.002319165901488557
+0.000121526432816895 +0.003073434043661049
+0.000096419073733742 +0.002710812594580345
+0.000215504850368472 +0.002046992043338441
+0.000395992647935226 +0.001692904702081248
+0.000629434619871137 +0.000685839152699231
+0.000766445114413878 +0.000233200780384074
+0.000809484134197836 -0.000368456639909745
+0.000672664033249742 -0.000529931781285027
+0.000400833236718084 -0.000791010766764144
+0.000087793185205195 -0.000484357804756040
-0.000301434606395061 -0.000562806584429122
-0.000613778075427792 -0.000162413107116202
-0.000821722118805048 -0.000061493756275995
-0.000940472457579055 -0.000044392125746085
-0.000877891816747894 +0.000325315510152070
-0.000732616425360786 -0.000438920448192607
-0.000579717400293431 +0.000071685423364005
-0.000377240093384370 -0.000534925567091394
-0.000208279466484304 -0.000644597746298240
-0.000112719875626511 -0.000484176616042933
-0.000044923522217664 -0.000776984695595676
-0.000047068870665658 -0.000321199571340520
-0.000056178064060176 -0.000600838096483521
-0.000064090880131877 -0.000250152596494973
-0.000086150803351376 -0.000623773236760917
-0.000041273878721420 -0.000306644641633531
+0.000012079240315520 -0.000668361660162257
+0.000086869322808340 -0.000521205540790567
+0.000199006057051187 -0.000107164604976127
+0.000254846000848853 -0.000638339702373557
+0.000319891220411265 +0.000521533325100579
+0.000376364345264659 -0.000195676162168042
+0.000362051925506262 +0.000220682598655819
+0.000353627204476399 +0.000531739770586432
+0.000317472404641056 -0.000453273298477978
+0.000255192402215175 +0.000285248518636426
+0.000204430284932216 -0.000383075893693604
+0.000136280096061950 -0.000497240574202559
+0.000081658170530736 -0.000093722219266928
+0.000046242998357730 -0.000647345232877275
-0.000022206523541056 -0.000061355534461851
-0.000060180333430692 +0.000237096703247395
-0.000124389633819299 -0.000094730547611610
-0.000212248801000148 +0.001024460255905107
-0.000225068605793124 +0.000720188757793228
-0.000287833645282825 +0.000543615088711563
-0.000296459898819687 +0.001559739531007772
-0.000244782363919709 +0.000048617016226840
-0.000255319475482088 +0.000624013477182883
-0.000178385738118397 +0.000450996136172666
-0.000143590035910285 -0.000794532890454974
-0.000125217597795551 +0.000299057815064521
-0.000083678423735675 -0.000740898981792248
-0.000122468384730822 -0.000533383973667673
-0.000138079456580653 +0.000139846310176051
-0.000213610778787151 -0.000709863589114023
-0.000316472550276792 +0.000281687843880048
-0.000375861669432453 +0.000197742909446991
-0.000483058464941982 -0.000176046544018722
-0.000528281776884625 +0.000778446311561778
-0.000500520247089213 -0.000098256621133150
-0.000496893915024768 +0.000070816439276186
-0.000395571361430772 +0.000327173550704087
-0.000278268847703239 -0.000796735579453704
-0.000203108936080408 -0.000138969400079118
-0.000067284962801534 -0.000730964023918111
-0.000015241428183994 -0.000965255490685227
+0.000016673447376006 -0.000405056776196362
+0.000042364667866605 -0.000929378139331994
-0.000024453163938749 -0.000375360508805292
-0.000040722469550211 -0.000171867371079656
-0.000090416981325371 -0.000242344673127344
-0.000127901547353683 +0.000220647513669809
-0.000081054862727740 +0.000202392044477003
-0.000054146737815964 +0.000050544122612409
+0.000040629567759532 +0.000376069798610840
+0.000159492811095127 -0.000035960821497427
+0.000242515918380016 -0.000074320852122549
+0.000349307114049004 +0.000095803966026263
+0.000402162331925118 -0.000403833754287871
+0.000409030734367832 +0.000053626659050541
+0.000402235070369578 -0.000098219354741779
+0.000337271062939016 +0.000006716279469957
+0.000276047763753709 +0.000399928052470978
+0.000218303541831485 +0.000282362237506347
+0.000158856241687180 +0.000585992530911197
+0.000152956613986528 +0.000578780433920460
+0.000158338943990783 +0.000550365107712080
+0.000187593645271033 +0.000487948617888184
+0.000247585340505791 +0.000422998957786283
+0.000281219472810291 +0.000152078930754508
+0.000315749456100749 +0.000166773932551278
+0.000329215521918417 +0.000013667301607870
+0.000295277938105589 -0.000161330417429569
+0.000255512477298710 +0.000072308012940523
+0.000184033167220193 -0.000203532484697030
+0.000104486080065217 +0.000058523356750699
+0.000042919139174821 +0.000054366685144210
-0.000018761345152388 +0.000000111009403457
-0.000043619162380603 +0.000236582265611216
-0.000044261632915708 +0.000052157110237858
-0.000025620323474205 +0.000147598084043980
+0.000019101348958564 +0.000115698219615522
+0.000065565640669857 +0.000015297066730321
+0.000115350823545254 +0.000025645747679005
+0.000160783024594200 -0.000010092480347817
+0.000191591210905517 -0.000111732391783387
+0.000210236464730516 -0.000049911199040992
+0.000222049512754374 -0.000112582833035169
+0.000220614840557848 -0.000157488730868044
+0.000219595750528357 -0.000043559497069622
+0.000219687870848365 -0.000169387773532051
+0.000218778415441019 -0.000033700874733918
+0.000230596671259613 -0.000023444924453346
+0.000240040681233342 -0.000024690951040611
+0.000256665417003626 +0.000114613098822219
+0.000274640107846256 +0.000081275329935591
+0.000286660931851050 +0.000129046034696574
+0.000301381288086137 +0.000179055449186781
+0.000307746703364191 +0.000110066963554166
+0.000310096736705973 +0.000118015878496500
+0.000310163049312314 +0.000126152217908801
+0.000307346209767165 -0.000006825827097670
+0.000299326958660229 +0.000080027819397119
+0.000293220508888934 -0.000001908326528039
+0.000283250580932280 -0.000011769360590150
+0.000269974535764616 +0.000086345993640252
+0.000260470348071937 +0.000010704206494006
+0.000242434582016964 +0.000140825357093608
+0.000229882668598904 +0.000142915337774937
+0.000215321620869681 +0.000173591203164510
+0.000200192285138327 +0.000213512929034554
+0.000193207497684653 +0.000202002393801764
+0.000181748898273133 +0.000169458125252396
+0.000179389345738169 +0.000153352722958214
+0.000178872253193187 +0.000097611611058440
+0.000175340635832538 +0.000028415956379625
+0.000178377080188476 +0.000065049782048336
+0.000175435554733820 -0.000058884319105632
+0.000168432276785349 +0.000039227644938870
+0.000162413422525031 +0.000000599855362089
+0.000147814383736991 +0.000010305615142140
+0.000133048933339983 +0.000121497376452307
+0.000121353478553119 +0.000043615008666915
+0.000107357413872780 +0.000163038395031010
+0.000103247494290150 +0.000111108779850628
+0.000104935148090021 +0.000119251667505466
+0.000111148324286751 +0.000096345765168434
+0.000128388917187694 +0.000043125337222674
+0.000144436858485869 -0.000000882120238662
+0.000161664480352339 -0.000060332246801811
+0.000178565696891111 -0.000067177718167423
+0.000183071509329883 -0.000157024731454152
+0.000185284645798910 -0.000060307479259161
+0.000178974492380422 -0.000136127543078830
+0.000163581157588528 -0.000055662640955268
+0.000152693824743904 +0.000016860986515335
+0.000137878781385227 -0.000041359289381713
+0.000129755969049410 +0.000121143148675815
+0.000131834314805317 +0.000045912383758658
+0.000137717133864848 +0.000078104950556667
+0.000155365796148694 +0.000116533285553197
+0.000177297260870643 +0.000014837519852476
+0.000198933245506013 +0.000053557087130508
+0.000222499205342977 +0.000023865955875134
+0.000237753463362587 -0.000048790794334425
+0.000244675697583823 +0.000034863361755577
+0.000248809137800544 -0.000011881684767692
+0.000239117744310902 -0.000008468634929468
+0.000229778571631735 +0.000130666370860746
+0.000221149072458691 +0.000015267364874144
+0.000206313775362236 +0.000158759133372426
+0.000206450010936888 +0.000163464104729824
+0.000204132507750860 +0.000072958929007591
+0.000207605915014840 +0.000232033132035753
+0.000221164109542526 +0.000073530026260850
+0.000225954815131292 +0.000106840194854352
+0.000238626325133597 +0.000145065225480759
+0.000244339948428774 -0.000004477668407304
+0.000242723690495206 +0.000107070556748565
+0.000243715963612797 +0.000054638117568138
+0.000232591527796572 -0.000005251416935165
+0.000223418117356782 +0.000133911994894132
+0.000216371388893467 +0.000009538620218724
+0.000203996313937181 +0.000075221111466289
+0.000203132219159019 +0.000135672382584158
+0.000203503691449086 +0.000001873889173755
+0.000204533083152985 +0.000150094919827759
+0.000218107371872423 +0.000060744725037216
+0.000224896908063833 +0.000038531579944410
+0.000236357873258862 +0.000128333361857077
+0.000250460943072964 -0.000009930429941723
+0.000253664171341379 +0.000067883173600544
+0.000264756237146571 +0.000043414570824820
+0.000267465281111764 -0.000010747771914225
+0.000267661350134642 +0.000066645736360461
+0.000274706210393889 +0.000021906817820145
+0.000272169686314969 +0.000024012685259569
+0.000277716860120446 +0.000090712027681802
+0.000284503283391990 +0.000034546726720618
+0.000287455728178804 +0.000087835328382280
+0.000300223728308229 +0.000113133681527945
+0.000308183576388328 +0.000060348510734087
+0.000317126061732587 +0.000142839938119763
+0.000330380967725936 +0.000088124795512807
+0.000336110441776314 +0.000092972525187116
+0.000345382263617389 +0.000129772215497124
+0.000352845473871293 +0.000058083704865071
+0.000354798648716332 +0.000106228072754796
+0.000361413282797516 +0.000086661278759597
+0.000362247715952551 +0.000060306564240547
+0.000362748560218247 +0.000113478939867094
+0.000366017819521805 +0.000072199646978960
+0.000363313425743671 +0.000104955011392134
+0.000364872800654838 +0.000116048647667646
+0.000365451808176886 +0.000116132717094291
+0.000363987679580165 +0.000125018997469526
+0.000367244139842893 +0.000151087092906935
+0.000367884266582389 +0.000116499311212802
+0.000369886285255199 +0.000151804631335783
+0.000374912744828265 +0.000125335798303348
+0.000376876106611149 +0.000114288508490437
+0.000381954461346232 +0.000126369471298449
+0.000386573238540956 +0.000100575049720985
+0.000388478859779696 +0.000091561666066409
+0.000393298360311854 +0.000130205236004949
+0.000394226305202696 +0.000057322671610455
+0.000395326539810420 +0.000158794370952170
+0.000397331385483863 +0.000067996201793959
+0.000396463747672166 +0.000164486560672887
+0.000398984060410076 +0.000093834169458497
+0.000400543530826837 +0.000170893612348923
+0.000404020383488997 +0.000090638662384103
+0.000408813316901408 +0.000183499019187766
+0.000414982804364517 +0.000066991919538677
+0.000420849266507465 +0.000177343330325722
+0.000428587200621826 +0.000045496645999218
+0.000433988212560108 +0.000167059813617129
+0.000439324814880266 +0.000016279451704293
+0.000443871854652974 +0.000206389062693008
+0.000445246742673619 -0.000052022520916944
+0.000447837453206224 +0.000328621356138889
+0.000448574704813642 -0.000221947491551333
+0.000449400285911047 +0.000640811419280537
+0.000452936580339336 +0.002379084687035930
+0.000454215810147674 +0.001076082226673951
+0.000461742755793714 +0.002040051892831143
+0.000465115428659089 -0.000198210449833425
+0.000476264727618066 -0.000400831545175583
+0.000475110057785036 -0.000476617214232872
+0.000451236819284122 -0.000235615952158099
+0.000497613935434312 -0.000340259399628461
+0.000492118917313740 +0.000552943059201949
+0.000485028096796210 -0.000198697748637983
+0.000495355455660532 +0.001223879797679024
+0.000502364393262582 +0.001473982498624734
