-0.000208149039444054 -0.031755059365485547
-0.000240343775622118 +0.029881327612597028
-0.000291662338944206 -0.032273728829093046
-0.000258057597239949 +0.030676135848761533
-0.000251447717142391 -0.032992042963293514
-0.000199933996708521 +0.030313053629362395
-0.000235221357027500 -0.032887687420873460
-0.000174566681327462 +0.029792620988737480
-0.000209194163072418 -0.032061791554752965
-0.000189994055073078 +0.028985788525853047
-0.000244047390324099 -0.030944418236958336
-0.000265126893373785 +0.028316609927192725
-0.000238046764136990 -0.030535431854542314
-0.000129516360677295 +0.027920801597732761
-0.000116332170068107 -0.031020333446805895
-0.000113174739892007 +0.028628553125542421
-0.000071886677037242 -0.031858153846325753
-0.000139156182635825 +0.029600692300702454
-0.000152715720025599 -0.032406730930221672
-0.000209084148314763 +0.029726230752720021
-0.000193582704388840 -0.031621765735968810
-0.000210470794623841 +0.028562702453969378
-0.000139379055647351 -0.030153464284266879
-0.000116146673634174 +0.026406364209131228
-0.000126244632802001 -0.028524648665951103
-0.000105275389408493 +0.024660318669577769
-0.000155396955640727 -0.027406159168308193
-0.000132395328643138 +0.023653504675460863
-0.000195241494012326 -0.026665321094958776
-0.000214207614666808 +0.022993442427913506
-0.000176565929538798 -0.025445641608114682
-0.000184836480840477 +0.020727829462488828
-0.000137039130883324 -0.022150057033379841
-0.000158851099334713 +0.015371371260559055
-0.000183948890559191 -0.014619100483732262
-0.000200035416713110 +0.004681016449953137
-0.000208318977310494 +0.000344566973274320
-0.000214632703099711 -0.018302664290880885
-0.000257826997805482 +0.040104276088689370
-0.000215694688795037 -0.106691574985438575
-0.000079469148028471 +0.608972034294372744
-0.000195907804218062 +1.215916912703429276
-0.000190267823028331 +1.007200177184242040
-0.000356384347605635 +0.612034652666830770
-0.000293324978758826 -0.852158194368056066
-0.000191658619256799 -0.804974838464927456
-0.000185182671995083 -0.958782905610543357
-0.000139311894707270 -0.308198295836508429
-0.000231682868927592 +0.175430495386213026
-0.000273226049885303 +0.433265418089405663
-0.000184625726516904 +0.214757391716491303
+0.000013148199176065 +0.353665261927272156
-0.000054687273324880 +0.094056524800107733
-0.000345041846969702 -0.058285904659355625
-0.000300540044206412 -0.361019151460421794
+0.000042694065276772 -0.206610350624008843
+0.000480577685128594 -0.079348082739034639
+0.000586644434672187 +0.173787131583063581
-0.000083110011687619 +0.092903606036778497
-0.000561675554566351 +0.127858409362475667
-0.000356793038395719 -0.096821951509666410
+0.000574773761949445 +0.008765445967083570
+0.000635385248155928 -0.140612406317588062
+0.000317133714055458 -0.004621541497132800
+0.000552880977530456 -0.134281149921285758
+0.000554876401406545 +0.031673604643752899
-0.000288570432977934 -0.044965345793433704
+0.026473537998411734 +0.070996771015179483
+0.093780657071606044 -0.062673135924342038
+0.125871117817147687 +0.021332115152678653
+0.127666969897785226 -0.096006270452178452
+0.138008792254969231 +0.029760818755032656
+0.126709896938938721 -0.088356040572788758
+0.044536519129234953 +0.070414761333791182
-0.019743223422280413 -0.050443947502315331
-0.031931768028680738 +0.077878225474879964
-0.016928054266648725 -0.062444838263867798
+0.002762105418784466 +0.053406190349126734
+0.015612993572225710 -0.079988913974702661
+0.033180079263536805 +0.021195257947193406
+0.058289367806139816 -0.092208942102765701
+0.070729408778821917 +0.034323065599127726
+0.052598321929543231 -0.066850453525063927
+0.018758906119681805 +0.061545013146701438
-0.012241527919376492 -0.050349776882761169
-0.018678727029800259 +0.079978014826125987
-0.013677122341099909 -0.049249677418410187
-0.012856188903310528 +0.062766202004424371
-0.013405096346303734 -0.076802855242243756
-0.011147835178528940 +0.045907034950837866
-0.001389645958103376 -0.085316569781965529
+0.006811778507789560 +0.045339943586479040
+0.003358718275999894 -0.067175590929408668
-0.002539043124807273 +0.059018168318937476
-0.000529946344498118 -0.048793973291135322
+0.003901503139392872 +0.061861107658336661
+0.002109556092425822 -0.056832802594602397
-0.002273383159000941 +0.060684086348749472
-0.005751536268725022 -0.064412578225602535
-0.004881290876463296 +0.056502736989830910
-0.003234089047570799 -0.074670396757253926
-0.004602713196099123 +0.055561190096468982
-0.006626934217001117 -0.062020604740393850
-0.006043575412871502 +0.062959125327208154
-0.003773516350935631 -0.062556837396019305
-0.001386446104315373 +0.058917907903387134
-0.000980239084836799 -0.061244932877662306
-0.001707873825152752 +0.061506600978301185
-0.002880797392194634 -0.065794209998947473
-0.003988624349880635 +0.055807892259695957
-0.004794939905977384 -0.061378384309205614
-0.004634943882882181 +0.070165535223638706
-0.003037480578080278 -0.051831066741755798
-0.000724088203360735 +0.060598100652362694
+0.000193835065623527 -0.062044875431464641
+0.000587580075124131 +0.056327048335153715
+0.000425687129594798 -0.065837658016396849
+0.000397742124495661 +0.042235481138402975
-0.002026838144507544 -0.080345157674367756
-0.004430175951389283 +0.050748729660606111
-0.004963784256484217 -0.068955721013910246
-0.004652504925151787 +0.063003422396474468
-0.005377872857896009 -0.079062493663491801
-0.004284699909754563 +0.045681321730161990
-0.002525516286975322 -0.081726747084313656
-0.001380222910064375 +0.037909719209563209
+0.000128128901953268 -0.061965747196322474
-0.000188000239943583 +0.073032494271833018
-0.000259861540629542 -0.007861441745345570
+0.000273820749481149 +0.106335754275567088
+0.000311244184524918 -0.045715615065693688
-0.000363437499979504 +0.047276563574106929
-0.001103931836861679 -0.098350352761322771
-0.001276858000856275 +0.043940627164453287
-0.001223255033148206 -0.083848437700573472
-0.001460050265433454 +0.060381694253386194
-0.002097951672901668 -0.056389077102602388
-0.002176409747791331 +0.085112490850848876
-0.002626361579319459 -0.029097272418825607
-0.001525884123516215 +0.060406359836747615
-0.000490130200490671 -0.071021808517076720
+0.000169107648244257 +0.021500088366027029
+0.001255340755769034 -0.087761694749146066
+0.001465372576791014 +0.026157602590038329
+0.000513070452323730 -0.100488950630507126
-0.001121473822902332 +0.041481924667043056
-0.001769780406019016 -0.079727744849896226
-0.002393964703154237 +0.079193642083265667
-0.003849596009483282 -0.049896998749385538
-0.004836409388108283 +0.082979777847856234
-0.005406263617613506 -0.043644927630235988
-0.005159194295352398 +0.062139213644325453
-0.004571646557031246 -0.052313778028376778
-0.003363808010564056 +0.041314732929444598
-0.001403795054875081 -0.070293167730461986
+0.002232363022113945 +0.038993867933997291
+0.004324468509638186 -0.071615159330103845
+0.005360305896324144 +0.049185725059027241
+0.006120304000278241 -0.077550875265536973
+0.005260555667863540 +0.049183801064207014
+0.002770682469719042 -0.075470942965528864
-0.001189388732975782 +0.089113810887320344
-0.003354834446481843 -0.052141421003855958
-0.002803827542185314 +0.123663735260721858
-0.001461506583481149 -0.016642533032216696
+0.000232847409423057 +0.061362829142471917
+0.001970161238091796 -0.055602472413604387
+0.004797959942203795 +0.042525649436065890
+0.007115381776605999 -0.070367339555658742
+0.007321944763478920 +0.064721795920916536
+0.004966426555330129 -0.060748522030097271
+0.002570413865544968 +0.075975694063915883
+0.000096740673443127 -0.058411006826414966
-0.002734442617668421 +0.079540871320176898
-0.005306874085658421 -0.061572994379640228
-0.006612302358571256 +0.066325055258929511
-0.006083319394854020 -0.074142989686015001
-0.004719300984258068 +0.058699479073922305
-0.003061076638178826 -0.065927358208377640
-0.000753929782220267 +0.053796970684309643
+0.001098584251060054 -0.056472385241481245
+0.003362062417164506 +0.054011160103781659
+0.004349416333274010 -0.054886566943833009
+0.004378862239160322 +0.059685403747501004
+0.003201823524001862 -0.059278374224559602
+0.000891122609375036 +0.068681738405792669
-0.001466882512707731 -0.065995523393233127
-0.003395938558075945 +0.071706870220445709
-0.003853382531740774 -0.070178469853698383
-0.003376580758718187 +0.065343247837059526
-0.001370742589492692 -0.066387643549099068
+0.001282732829002053 +0.055772256289194813
+0.002016863824476061 -0.061378841003958906
+0.002360546304912987 +0.052496999191203653
+0.001291234123948397 -0.054890964327396270
+0.000790937845625400 +0.058182191174203847
+0.000040579392397641 -0.052984421012369991
+0.000120819522962296 +0.065966969463247177
+0.000031654789125556 -0.056950555672402259
-0.000315461233108535 +0.070017177311978179
+0.000071111606680368 -0.063523418464163484
+0.000360837223456435 +0.065638331392668975
+0.001034440380624152 -0.066410809548368283
+0.001310097139868024 +0.057947317749603017
+0.000964693461162333 -0.065095882403055749
+0.000794532735373529 +0.052026000275968251
+0.000167260227867535 -0.061647035747381576
-0.000097398359728844 +0.054420745765196704
-0.000746379251415286 -0.058959342050478356
-0.001292753992976572 +0.057607799565022599
-0.001772060282324377 -0.060336279314256835
-0.001418163838404304 +0.058809247578806040
-0.001130238834742996 -0.061537802223987456
-0.000580359459434164 +0.060079565821114449
+0.000086320110904089 -0.061401127411629661
+0.000480433848131211 +0.061325889863829718
+0.001004090275697575 -0.058431757692553925
+0.001124644576904835 +0.060845545930860431
+0.000871202701079038 -0.058903641273955733
+0.000567135563593925 +0.058871075422091204
-0.000016515885229331 -0.059411613369657709
-0.000163871481784513 +0.058545378723392161
-0.000723220363175866 -0.058296319752252926
-0.000694923202736241 +0.059265490592824453
-0.000736601101723916 -0.055853372868308049
-0.000320884469493366 +0.059892271729931362
+0.000140232274290751 -0.055331554328554411
+0.000504173222142748 +0.058298314599406952
+0.000982339771556891 -0.057513918673423342
+0.001138214343293735 +0.057746002558166608
+0.001161151916606589 -0.059282210437860090
+0.000937295302565575 +0.057435309457342869
+0.000404889643797370 -0.060226002650600657
+0.000151140411432358 +0.058923792250818396
-0.000448557061761137 -0.058511153708666427
-0.000632447183792726 +0.060358743839312473
-0.001009211200558938 -0.056344934804825289
-0.000929453055415031 +0.058253263870243821
-0.000894006320783651 -0.055659711074992291
-0.000750707646143187 +0.054048514405352355
-0.000525985073872894 -0.057371080775941850
-0.000329427333139347 +0.051984027303737815
-0.000095259233100883 -0.058170261337018275
+0.000137186302263728 +0.053503860573820353
+0.000168694171291073 -0.059154259183409982
+0.000164631220591281 +0.055918122215289176
+0.000099618275513155 -0.060378556946582514
+0.000013864119928108 +0.058514659031213521
-0.000256821153555622 -0.058168160843547118
-0.000217244479894503 +0.061263323090343401
-0.000324984554876121 -0.053455661085987191
-0.000026472269615035 +0.059482502889903366
+0.000049320605884323 -0.051262107057738752
+0.000333179023313076 +0.053879446265221828
+0.000531785485183236 -0.051877030304895030
+0.000748816502261362 +0.051269319292138432
+0.000801233470062110 -0.054565422769828113
+0.000723572130974561 +0.052924927273782708
+0.000449610669635023 -0.057137447189266499
+0.000222002614153431 +0.057851587188851042
-0.000106153242460554 -0.058294495003549329
-0.000404090533541724 +0.060170606291603861
-0.000610396388168766 -0.057670864133565009
-0.000593704787946360 +0.057872449104874435
-0.000603246772824349 -0.054614414636914216
-0.000335631761757022 +0.052887929061222923
-0.000290579990120034 -0.052002859348896702
+0.000057961932012378 +0.048785158643003694
+0.000096066693970162 -0.050966715940065258
+0.000302249428443536 +0.049519961735941587
+0.000244397022089290 -0.052945949796559692
+0.000143677260884049 +0.053433343918286642
-0.000000984557431463 -0.056805587866670962
-0.000274023156057724 +0.057059616507164582
-0.000465442838806247 -0.059483821028922051
-0.000541935599240500 +0.057143411055532271
-0.000575842283699010 -0.057617418067590277
-0.000372224139733352 +0.053751613905723604
-0.000259214907094004 -0.052790635924612070
+0.000083377411816103 +0.049834695938457338
+0.000163304039969439 -0.049544753650355655
+0.000405486314275831 +0.049091401712408819
+0.000306538197102572 -0.050072268603244444
+0.000388252878078147 +0.052001133286367962
+0.000232364338823385 -0.050739560526011689
+0.000165306507336667 +0.054587757188276791
+0.000077607913543717 -0.052335051976832150
-0.000037984252464271 +0.056420245576348289
+0.000018828136813819 -0.055610781130991743
+0.000035457721420689 +0.056012160936544653
+0.000044078531641165 -0.055385854372152904
+0.000163458626466301 +0.051774162408675654
+0.000034816061876874 -0.051607705144189775
+0.000160822180849268 +0.047403837626181375
-0.000063196901605839 -0.047836378425944792
-0.000005805354460226 +0.046896441078735938
-0.000201348334276264 -0.048285325696819120
-0.000199230939340456 +0.050145799203831776
-0.000238018929998102 -0.051638897734195721
-0.000226653878631366 +0.053269488021403244
-0.000170960287602776 -0.053879621218339058
-0.000149417424988363 +0.053611554464111533
-0.000055863983917485 -0.053643704131902670
+0.000018161542453486 +0.051580841903662189
+0.000036448011558423 -0.051511882057695760
+0.000121139342979066 +0.048894299583914363
-0.000029285034233007 -0.049349114713177683
+0.000053465136113877 +0.047481810922506640
-0.000191985495056440 -0.048193176765832062
-0.000136354262965402 +0.047687961528998041
-0.000310384693002360 -0.048291764909165036
-0.000210979910120991 +0.049119555165131598
-0.000186627472827477 -0.049454987045060565
-0.000069594155660513 +0.050714596753051636
+0.000091356816401715 -0.050689645110977226
+0.000146518892927795 +0.051221477135888926
+0.000273324902082978 -0.050649669322665132
+0.000301270353383140 +0.050239732183667792
+0.000259050305967560 -0.049327465579463076
+0.000268854899372208 +0.048487863020541866
+0.000055706341865993 -0.047662993663775577
+0.000096484394386234 +0.047201943067640785
-0.000161394413734915 -0.046801208653771333
-0.000085833845369214 +0.046927117510427427
-0.000236867053514091 -0.047297884438266172
-0.000177929184701858 +0.047415582311105577
-0.000170464833086081 -0.048683396507717011
-0.000158964874391460 +0.047991253006439416
-0.000056761844811987 -0.049553053590454012
-0.000062366067194963 +0.047999976231595659
-0.000026362760062040 -0.049049095832504969
+0.000009443240527204 +0.047238024435330851
-0.000090983826874863 -0.047835310386711648
-0.000006094179391205 +0.046530145821627261
-0.000159437088667867 -0.046958071234745949
-0.000071031495737076 +0.046356504755563438
-0.000185516264449249 -0.046570870575129680
-0.000094156314604171 +0.046418506828163966
-0.000126120648607533 -0.046447066457532063
-0.000049527200356848 +0.046256034991833513
-0.000029451520420876 -0.046437191114709848
+0.000027781884413491 +0.045844730404139090
+0.000051869918469011 -0.046386535479863281
+0.000081718211387227 +0.045609642410330095
+0.000061614189477602 -0.046380191671156132
+0.000075623398967445 +0.045846507501983089
+0.000004798967291749 -0.046351169658731511
+0.000037933540227940 +0.046286737884119328
-0.000065963729077246 -0.046211796299420578
+0.000005864704834115 +0.046252607844463257
-0.000091127088705230 -0.045602397358677410
+0.000007204831318380 +0.045332533787092531
-0.000062437031883746 -0.044675541583644313
+0.000010717703241617 +0.043978452012217104
-0.000022037381203069 -0.044081760121580840
-0.000001150088787733 +0.043279513570124696
-0.000018872537604917 -0.044249923209829692
-0.000034337129118307 +0.043669744018715539
-0.000070340775114041 -0.045109930391370706
-0.000075062568962446 +0.044637238806348865
-0.000143450056668095 -0.045983875548965464
-0.000104146787399100 +0.045125353947911395
-0.000189779435726537 -0.045938943433861734
-0.000097857573661701 +0.044460549440016872
-0.000165411642733287 -0.044663136847288454
-0.000063847140362908 +0.042978041413722412
-0.000095423565403594 -0.043006917695527669
-0.000015976326727375 +0.041697880360859946
-0.000038084995725894 -0.042121279563212551
+0.000011738702981306 +0.041596658278475154
-0.000023681520795633 -0.042489015783330988
+0.000003542692019417 +0.042697478026040223
-0.000035869355930141 -0.043634756587471846
-0.000020604932619794 +0.043955609142634605
-0.000055139495005464 -0.044541126428393842
-0.000025675511552781 +0.044234137160811517
-0.000062096007025243 -0.044305088557823738
+0.000001530839380155 +0.043092273353699521
-0.000058909291493953 -0.042886560564575529
+0.000025186193990467 +0.041238330522045535
-0.000051610170480449 -0.041214720515631263
+0.000016320469600997 +0.040004586845798940
-0.000056283288535849 -0.040476817119968020
-0.000018369586782542 +0.040157201521146726
-0.000071321757686371 -0.041144029311698922
-0.000051902335006428 +0.041427331329689586
-0.000081684318189973 -0.042586247622591777
-0.000067563608244835 +0.042600755634915416
-0.000086641016015528 -0.043521828075115121
-0.000062067309006799 +0.042557011912441538
-0.000090570752896632 -0.043049253891496247
-0.000045604456264986 +0.041159179629140993
-0.000104342183745398 -0.041409826722189264
-0.000038152114527051 +0.039313691601877747
-0.000129846183489141 -0.039786389367983260
-0.000053716273613732 +0.038299039319795954
-0.000144275796927955 -0.039302491340022880
-0.000083577653369304 +0.038737891926694051
-0.000127216882473031 -0.040170592276449681
-0.000093869879301714 +0.040181181002625362
-0.000083935395675016 -0.041540865283343553
-0.000064993503624883 +0.041339716838516422
-0.000045298979490598 -0.042090140813448571
-0.000013720082908721 +0.041063914889887615
-0.000034006311667982 -0.041081756313491063
+0.000021308914122650 +0.039399083150762786
-0.000053414001923927 -0.039244047657208167
+0.000014610613861267 +0.037759325911616896
-0.000087719469159251 -0.038146614318582441
-0.000021286041462561 +0.037364515447443999
-0.000110042898106545 -0.038385135327035268
-0.000059625001535690 +0.038048781552045885
-0.000102709233162200 -0.039352457869593377
-0.000079753408626641 +0.038932296261954796
-0.000078261366187125 -0.040162959968749329
-0.000074448609848720 +0.039316702444459346
-0.000066567196962789 -0.040243857177902506
-0.000055465728342914 +0.038910602678459735
-0.000085662051718045 -0.039466730223885194
-0.000040761785174541 +0.037793908535598560
-0.000122511869685133 -0.038192674650183639
-0.000046406322421854 +0.036588007869697757
-0.000148840527476324 -0.037295099782595119
-0.000071459348335349 +0.036137958385810152
-0.000145707429424781 -0.037407496382919986
-0.000095686488797943 +0.036658482953631943
-0.000119243296505342 -0.038255824362463095
-0.000101726310446484 +0.037472566340942981
-0.000092558140469305 -0.038889119418634391
-0.000086128962200459 +0.037677402272543931
-0.000085336756572473 -0.038618991740699854
-0.000061939038545265 +0.037043707671728071
-0.000098850638745192 -0.037670412822074936
-0.000044077954601495 +0.036130678647706894
-0.000114997597685783 -0.036788753132019951
-0.000040253648222050 +0.035571227947743554
-0.000118678193845138 -0.036460678659490799
-0.000047862438687363 +0.035525117256354120
-0.000106166626446343 -0.036616246301086564
-0.000060825272092256 +0.035712090577538713
-0.000089731869106983 -0.036886309049356455
-0.000073571523457682 +0.035796930539671167
-0.000085604218880204 -0.036961375927109436
-0.000082167260174430 +0.035651838859462145
-0.000100185604350677 -0.036785206014772899
-0.000085389429559026 +0.035345102155975104
-0.000126407380687859 -0.036475219365825394
-0.000084426791884927 +0.034987260572067663
-0.000149091771010407 -0.036138495169790619
-0.000083121448929964 +0.034624070770335719
-0.000155334676781664 -0.035814234707968080
-0.000085726844141509 +0.034293747105306811
-0.000143125213543011 -0.035567252026423211
-0.000095962630585106 +0.034081415956655453
-0.000123667501950746 -0.035464295240082738
-0.000107521335685160 +0.034018710094212125
-0.000115984900767082 -0.035470237725725391
-0.000110588124948270 +0.034029295987324217
-0.000126733509964386 -0.035482315082957142
-0.000102926933740192 +0.034013872029696149
-0.000144413393540040 -0.035421905484476289
-0.000092331288704177 +0.033886996627758570
-0.000152377058783444 -0.035227645686481943
-0.000086868569149719 +0.033593218860389240
-0.000144664303089997 -0.034870105889295219
-0.000088922078047748 +0.033153357744608349
-0.000130646724872627 -0.034418487671006671
-0.000094945988661084 +0.032714386886744148
-0.000122955717415912 -0.034062896273243076
-0.000101322785568100 +0.032484833972680989
-0.000126455864131721 -0.033988449832967768
-0.000106269137871134 +0.032554168361451460
-0.000136485599947249 -0.034195548728567199
-0.000109602511818433 +0.032781125459256349
-0.000146866825641750 -0.034455612552347636
-0.000111755687792189 +0.032851175240289167
-0.000154877049203262 -0.034430810815442650
-0.000113111371510142 +0.032503910315125450
-0.000161059991256847 -0.033953101777122317
-0.000116612575819405 +0.031784705652145792
-0.000165531961052418 -0.033226969124412885
-0.000124760612020915 +0.031072119818184158
-0.000167637854216469 -0.032705395193915805
-0.000136236140638490 +0.030793721517558374
-0.000167204383644319 -0.032714756069128263
-0.000144870609097236 +0.031056175031749483
-0.000166084343946383 -0.033145853283062049
-0.000144377780082795 +0.031503583098622084
-0.000167002078075599 -0.033498069320479357
-0.000135926984062804 +0.031573932554294915
-0.000170017524805690 -0.033280788693530669
-0.000127687333320124 +0.030970599666833132
-0.000173534846762209 -0.032437415535739297
-0.000126806127285608 +0.029925963996035337
-0.000176654363937748 -0.031409858349008890
-0.000133527891031323 +0.029010454387416812
-0.000178801533318800 -0.030815894699746639
-0.000142672266886876 +0.029750016062913314
-0.000179496862181344 -0.029891304066899535
-0.000149286919265378 +0.029745532075040507
-0.000179254640861580 -0.031458775001324983
-0.000149157665871319 +0.029065004515880722
-0.000185480319972561 -0.033727758064548606
-0.000132571699791879 +0.030698651641700943
-0.000229533946544563 -0.033806063353274685
-0.000256626636216172 +0.031522896677144092
-0.000242522721994004 -0.031815494978046033
-0.000191587738301666 +0.029839805531474715
-0.000276739957483162 -0.030414051360559184
-0.000180718337409161 +0.028325576878309156
-0.000219506442514641 -0.031064093004540574
-0.000168887971758485 +0.028236516694712079
