-0.000804614794254435 +0.000230902303872167
+0.000050261660263946 +0.000902515501986582
-0.000602074442276487 +0.001282836108203666
-0.001683944873043905 +0.001205447055203012
-0.001300843315552695 -0.000596422301371658
-0.001684597830362288 +0.001433321503004677
-0.000451112876942140 -0.000304924749573536
-0.000761076547492861 +0.000481789987431958
-0.000132756018762208 +0.002025414439841361
+0.000043320607906176 -0.000624222215388049
-0.000313607015131872 +0.002454403583978824
+0.000352165859340877 +0.000169798322031267
-0.000543316436789552 +0.000015214762706599
-0.000838585178089596 +0.001047051318472476
-0.000494799873493416 -0.000673332719315585
-0.000627810307089686 +0.001913290024694652
-0.000923196660528458 +0.000389933964747072
-0.000852021495481203 +0.000646287192653644
-0.000941270724412078 +0.002022713604966062
-0.000460833051606360 -0.001124515868669383
-0.000498374736278008 +0.002566845128014305
-0.000197752915249549 -0.000742745888021239
-0.000421362593892485 +0.001612303001100076
-0.000382920392261192 +0.000466112981286350
-0.000284751964772531 +0.000648642699386510
-0.000654797763834584 +0.000977985632537287
-0.000753351267895321 +0.000037352354168508
-0.000682087731255603 +0.000897362238018689
-0.000650070913431070 +0.000717115391220345
-0.000584690032050294 +0.000530436817685954
-0.000542546469696856 +0.001724162606211777
-0.000627497787992155 +0.000270449176980846
-0.000507564573007265 +0.002200732729918973
-0.000421772741851527 -0.000209460176956517
-0.000500146818801605 +0.002541303220166722
-0.000346760372989210 -0.000837291427153331
-0.000786073181969197 +0.002720034084077315
-0.000254577254232249 -0.001069552875720595
-0.000975700474008549 +0.002211825829353478
-0.000456895728115873 -0.000393066918197552
-0.000925485454999631 +0.001567076684161824
-0.000536669695262010 +0.001046766040734100
-0.000585673950131903 -0.000274144226942094
-0.000484450439958408 +0.003417686642945642
-0.000327412033969466 +0.017696080658568765
-0.000285858411376412 +0.712844404369532003
-0.000383920365600801 +0.841462889514722701
-0.000280806903610157 +0.126703890003608960
-0.000885198422621868 -0.067761696505235669
-0.000292936016649553 -0.034185105206951630
-0.000603625692315350 -0.154482933288745544
+0.000587257394193155 -0.224347601071221092
-0.001036912299531951 -0.242049238039272974
+0.001048714789309973 -0.024482905778702217
-0.001590709120168058 +0.273053727886606035
+0.003021515389090236 +0.178057784829370014
-0.003581848891725024 -0.119861273739043164
+0.031116464293928434 -0.148323867917361685
+0.206734149183050830 -0.034148424123710150
+0.281975393114669459 +0.066447765808317738
+0.207224402727433976 -0.054444392421988591
+0.054086188807072715 +0.012910164050502283
+0.044114924923389143 +0.022176818899598695
-0.000259301523464282 -0.034281765228767871
-0.065830219030664119 -0.021900457798375933
-0.110858063967934198 -0.066613598801751522
-0.127227593807433315 -0.050452967081503299
-0.062571144325129308 +0.001043642915046637
+0.037462494704588088 +0.014089232243446355
+0.034640115685800811 +0.019973439054029225
-0.002652099163281744 -0.015549237857294404
+0.053647344125946204 -0.007279179756550876
+0.098287076244834043 -0.010920962648690309
+0.072548715537878256 -0.010310361353201593
+0.009316695787242271 +0.007968526021504637
-0.021052359937046225 -0.013404683033330747
-0.023206310274564053 -0.016674030500987626
-0.015655323016425762 +0.002290011116768872
-0.030418243067364660 -0.009976608021870895
-0.040639702335744612 -0.010064667801544230
-0.012970984666725022 -0.001839670222496845
+0.024201548991257708 +0.018989916219758610
+0.023593410455539365 +0.012417420544079408
+0.014772427654598137 +0.001696158957783076
+0.015404840459897191 -0.002085578031971617
+0.020916115081999375 -0.011536856807418332
+0.024206766900178055 -0.010205228176098024
+0.014771967974739907 -0.012164577274835648
-0.004193242722741904 -0.018003230728306514
-0.012943625322574315 -0.010862161845660658
-0.005810043569185647 -0.002718533443895724
+0.001265654837079089 +0.006160085390399751
-0.001473353972962031 +0.012129261506692766
+0.002629130000317422 +0.022300449324977427
+0.012930795910565077 +0.030790575905134329
+0.017419784714867853 +0.006800579845155629
+0.012110241703172011 +0.004672070252577277
+0.000905119039138837 +0.008727226277340037
-0.008861242337219088 -0.002661072488766112
-0.010897055697643486 +0.011168641376498548
-0.014457209206945281 +0.000599211485547568
-0.015905765700513174 -0.000439247742584342
-0.012313738343507156 -0.005246577047719694
-0.005373081156236556 -0.006638915576474601
+0.003903633351333373 -0.005758716080071578
+0.009315395202485532 -0.011239604666833620
+0.012772294585552710 +0.011929151711956316
+0.014614695170404646 +0.005997345357774284
+0.009862184829288172 +0.008610088162457081
+0.005336516861376633 +0.005463153682437771
-0.000654339804142106 +0.002598987474121461
-0.002278084796114920 +0.003780092128663474
-0.005637729243062176 -0.002945358366419543
-0.008739617992488884 +0.002318765708448264
-0.005841411271266673 -0.007415821409804563
-0.004230187626224291 +0.008036817596135490
-0.000382987794987051 +0.002759082626839033
-0.000458867542278298 +0.003329996277202469
+0.001545029076562395 -0.001107301788640840
+0.001054418842490009 -0.003611025247509488
+0.004182303543191553 +0.007711959288089931
+0.005229710475015830 -0.008488133826524014
-0.000212059091431987 +0.000653453546810223
-0.000005129015493487 -0.014019415608308775
-0.001806730548778513 -0.009073068997793178
-0.000646527625713785 -0.004794095068840014
-0.004937817102382727 -0.014249921495743244
-0.005808820366607353 -0.002317989085810638
-0.003685140544220677 -0.001276935733214547
-0.002108431272006295 +0.020007150154455138
+0.003478763666429409 +0.011255792425950088
+0.002306585870360810 +0.011792442624588321
+0.006746994337043498 +0.011491739067153011
+0.009777679179366332 +0.008220893276936005
+0.010667202207746796 +0.011920414319316449
+0.005538934442298027 -0.000557537095975714
-0.000602574006801320 +0.007617262433921704
-0.000315987157648199 +0.005581281390381477
-0.005168278926652446 +0.013009033359980413
-0.005724893866582804 +0.012792090131767768
-0.009289104731975483 +0.013490356941894262
-0.006590223552310020 +0.019552813464415397
-0.001982679638399775 +0.020426239552639301
+0.000236294758451108 +0.024571991652874124
+0.001229260526621260 +0.013884321221178834
-0.001471483941577875 +0.015464139357962150
+0.002324277616805025 +0.008446761005352240
+0.000094060275190096 -0.002252346274380292
-0.003722990773099373 -0.005002842158040921
-0.008360370706151168 -0.008349443071370741
-0.009805005106619316 -0.010690589204158839
-0.008456756715304381 -0.013770184060753820
-0.008962430197111735 -0.009310682655334431
-0.006452013070770074 -0.006726195007616420
-0.003955273464693994 -0.000635871013825334
+0.001813309521198215 +0.005570487112608038
+0.005327545000641515 +0.004113806258077897
+0.007208777576197483 -0.001306347590729229
+0.007482222062534377 -0.000378905464083777
+0.007248871215584890 -0.004760209843505506
+0.005670700222048735 -0.006309245560268677
+0.000931647699912492 -0.006351021717845330
-0.002861358345863102 -0.005144267792921925
-0.005481711670536749 -0.005459273133340407
-0.007181582037198289 -0.006025930168101148
-0.008285619473155597 +0.002914958665736738
-0.006881040235883153 +0.005585316600767369
-0.003882025020754743 +0.008142196157387836
+0.000338081822108169 +0.000305417599760558
+0.003342670349853366 +0.000447493430237129
+0.005449119682756839 -0.003305420753073511
+0.006081954070569572 -0.000227801869111443
+0.006442720103506555 -0.003039661515413357
+0.005055055256962628 -0.008939502011972793
+0.000160499046206536 -0.003798649751687162
-0.002428868359493264 -0.005159262800434761
-0.004680727992728801 +0.001543586769992292
-0.004743967702269968 -0.002639536763595896
-0.004908715274592532 -0.000417445542650829
-0.002840816626105213 +0.000959112890113259
+0.001138233175480711 -0.002774966908789898
+0.001550221480100049 +0.003828461822630508
+0.001845073659249867 -0.006084884923849662
+0.002436172894519490 +0.001759885079868281
+0.002172230969101933 -0.006598262989136173
+0.001897545529450146 -0.002179393378532572
+0.001312995373203438 -0.004873405923393092
-0.001846140342795226 -0.007854073926064440
-0.001350259555298499 +0.001160746438770438
-0.000618646538621764 -0.006330383702954665
-0.001032117941315778 +0.005723729110640268
+0.000934791063942456 -0.001999925034959063
-0.000152632408127060 +0.004474472597747261
+0.003733245556670036 +0.003303619601624588
+0.002526959519459379 +0.000684913535145674
+0.003104141958595307 +0.006577259658076374
+0.001859234254978118 -0.003631636542626679
-0.000764157610450743 +0.005564685193498545
+0.000332867171171496 -0.003206132887715840
-0.003292354943721074 +0.002280265600111880
-0.002129640387793202 -0.000226923522296105
-0.003672627892643707 -0.000478376114441937
-0.001845672467175090 +0.004065156400524964
-0.000186592521641267 -0.001274270215785637
+0.000035923501917993 +0.005862044542063905
+0.002699905677627327 -0.001412121074043442
+0.001594927564908432 +0.003339979870009948
+0.003950131019008438 -0.000648642072814835
+0.001936258279700816 -0.000742255599787480
+0.001543413798925131 -0.000330351549416881
-0.000378908803708970 -0.004100045015126391
-0.001977816896219923 +0.000167326675506243
-0.002004040937083857 -0.005001050832806647
-0.003834689573149537 -0.000237197044645502
-0.002263634122623316 -0.003457501270135892
-0.002775528535176195 -0.001271805798024823
-0.000325112518575955 -0.001364814083001799
+0.000273410332618254 -0.003003962183555060
+0.001462865429974066 -0.001049976491065580
+0.002343007576283673 -0.004820169234127376
+0.001800951778447911 -0.002195921087072560
+0.002622929857476174 -0.005241497670560168
+0.000699905950808592 -0.004095556776245820
+0.000998789646566981 -0.003731795247574068
-0.000512535761951947 -0.003936978996649285
-0.000340782205927977 -0.001498359741442237
-0.000450815551199750 -0.001559590300403531
-0.000475469970908893 +0.000876464794566194
+0.000769743704271453 +0.001986251786923562
+0.000717407716498619 +0.002387757006398158
+0.002061444115453496 +0.003732644491858217
+0.001775427563968184 +0.002283873939544850
+0.002154252570410548 +0.002705770777830894
+0.001603388153319730 +0.001977479072909648
+0.000872377631658350 +0.000001459027313438
+0.000120378375928382 +0.001455832295504865
-0.000988062815940509 -0.001245960871804148
-0.001292670107883366 +0.001778025628501032
-0.001712349404384817 -0.000106742847219721
-0.001533860255101745 +0.001501632437682154
-0.001132669084829218 +0.002382768241614608
-0.000341125354518068 +0.000851803989910595
+0.000326442878314978 +0.004367575708239381
+0.000973640183967624 -0.000456969168753730
+0.001012872051652180 +0.003519730267706591
+0.001199815857100567 -0.001108257592377724
+0.000554199473010592 +0.000681430892155658
+0.000234104839837281 -0.000660919422421636
-0.000712109042510087 -0.003017216716362001
-0.001296590307987311 +0.001166680058819602
-0.001288974510831908 -0.004134533074337520
-0.001742754341016144 +0.002805873635156027
-0.000746950542406508 -0.002512902748702024
-0.000954112454664752 +0.002505138922012545
+0.000616579584048873 +0.001172267292233360
+0.000761789498854951 +0.000472984024216259
+0.001449966571791222 +0.004310995592409687
+0.001716370844712133 -0.002044651414593084
+0.000904109765678222 +0.005044866359611598
+0.001468221135575314 -0.002464355534776111
-0.000381353587634284 +0.003106315810912017
+0.000061042685329492 -0.000332596705104366
-0.001549214606207560 +0.000086894680809442
-0.001199794464163434 +0.003181577089687929
-0.001341101923684352 -0.002031846978111675
-0.001665564703745980 +0.005306180222742011
-0.000293196221732941 -0.002140450726969441
-0.001118308628238997 +0.004210220356711501
+0.000883612149475802 -0.000705016851608271
-0.000175197963162160 +0.000436082290530839
+0.000927055160497390 +0.001185499537681096
+0.000333908216468526 -0.003365940142918918
-0.000055876431582864 +0.002255345752542012
+0.000382440838395573 -0.004778833801959897
-0.001255478546250516 +0.001665210517758437
+0.000082838089551790 -0.002986790832305569
-0.001519759689813932 -0.000025942794043334
-0.000072841031228810 +0.000253988449761626
-0.000648286324771230 -0.001901142507925830
-0.000145571789926536 +0.002465095814629456
+0.000614313599742538 -0.002928842178416494
-0.000187014840732708 +0.002128992371644206
+0.001218922165400106 -0.002390936798905664
-0.000382627671378521 +0.000130374354029935
+0.000766391710486836 -0.000811880505476439
-0.000463107237058368 -0.001905933312074167
-0.000200410092166846 +0.000774953610459615
-0.000226367043305202 -0.002187735245662712
-0.000804757369924106 +0.001752159397397385
+0.000396001809402744 -0.000776548347678988
-0.000540838901166512 +0.001530959309425485
+0.000905985506680348 +0.001053432719971522
+0.000190613608422448 +0.000830482501391258
+0.000902210047459295 +0.002076957666396875
+0.000704489921645031 +0.000206504033249227
+0.000232673124136883 +0.001725270098999126
+0.000496919521037127 +0.000222855527269564
-0.000639545037731257 +0.000812609589470501
-0.000188217823171644 +0.000752924442335893
-0.001125638629948513 +0.000232966032143037
-0.000712184678739123 +0.001093816772090772
-0.000849696561994299 +0.000494472961910603
-0.000602283033399750 +0.000824284553538612
-0.000116579498528959 +0.001105515337409553
-0.000137757783890015 -0.000005166922815929
+0.000452106550395692 +0.001250352186680986
+0.000237614908766807 -0.000645570060607475
+0.000479567858321123 +0.000397310935855363
+0.000106591467686299 -0.000538845681920294
-0.000040586013683833 -0.001082336767832825
-0.000341732259497591 +0.000357393954652674
-0.000563658244568835 -0.002094836846887549
-0.000675216274795323 +0.001171194667013584
-0.000659719084555791 -0.001867156011273463
-0.000566624346119329 +0.000908425137638360
-0.000234644485462204 -0.000353623508410610
-0.000050545973522789 -0.000558042142401693
+0.000237790353211496 +0.001427319702964289
+0.000442283634687984 -0.002250821582106113
+0.000334999898007677 +0.002215357103978490
+0.000605235281312941 -0.002700472577843963
+0.000016160696875059 +0.001350088148437754
+0.000326704273428485 -0.001249238021827824
-0.000320784686950154 -0.000609722066597636
-0.000120093286088856 +0.001363949871888171
-0.000243624973910013 -0.002252172615978845
-0.000439884744293358 +0.003287385406415896
+0.000202409961286891 -0.002369283191953529
-0.000430989407203680 +0.003073973813070015
+0.000613815260427669 -0.000785129958530718
-0.000169228139529559 +0.000749352198296249
+0.000495089982110329 +0.001453914213936045
+0.000112148563653722 -0.002078723056766853
-0.000145884101357422 +0.002837311803866266
+0.000244729403041362 -0.003436350414487982
-0.000845680473105931 +0.002394614823700156
+0.000175436278648862 -0.002411755458813457
-0.001009485512759986 +0.000408188201465621
+0.000010118035928259 +0.000181955505202697
-0.000462143316782223 -0.001868240525441400
-0.000169859025815977 +0.002448571484140772
+0.000409914538305883 -0.002987703534073040
-0.000281820188858476 +0.002816540802533738
+0.000963672291820545 -0.002300129103257257
-0.000306676974694487 +0.001166255386892516
+0.000795859563789863 -0.000289147713818721
-0.000200259191526921 -0.001186402838994969
+0.000071253469571931 +0.001728161463515147
+0.000034944340534786 -0.002527034015812922
-0.000653896633261200 +0.002544887321981774
+0.000317417816032653 -0.001955593400821763
-0.000850521061738121 +0.001798996145871668
+0.000469644359109808 -0.000018145798323207
-0.000434482055573308 +0.000200699481690043
+0.000347802092469080 +0.001879223589210238
+0.000234987669015483 -0.001060694981710842
-0.000030717172981218 +0.002500503842557046
+0.000636931299918222 -0.001145398996777213
-0.000444284967682056 +0.001700164186435915
+0.000522051757513333 -0.000137333647450539
-0.000616367642004350 +0.000304589218376733
+0.000029552352400306 +0.001082268441894407
-0.000429279831693724 -0.000590369874105038
-0.000449528370002398 +0.001602644590644130
-0.000027225125259064 -0.000522476392648974
-0.000622598942548409 +0.001119253032236950
+0.000274643243489917 +0.000134004265261889
-0.000458776269176284 +0.000148593909143867
+0.000261830648182350 +0.000587878086715297
-0.000167434879679871 -0.000518941596008739
-0.000041543438250635 +0.000377777520961279
+0.000030735649441286 -0.000432316624257328
-0.000368861692126834 -0.000257991449749366
+0.000056314687446950 +0.000130095898247343
-0.000466841456350351 -0.000669249556295047
-0.000012919717379151 +0.000482900269152465
-0.000272156445730826 -0.000367972815178454
-0.000054236862308940 +0.000174197274448137
+0.000019934403590361 +0.000481867617994894
-0.000035352732426977 -0.000566130260234809
+0.000166384289329416 +0.001189963522079379
-0.000001222041830824 -0.000991676537602925
+0.000073027923955401 +0.001087103457663573
-0.000030656410367818 -0.000498943758207834
-0.000121182621173147 +0.000124130969358294
-0.000123674195705780 +0.000773056104867337
-0.000197579215852417 -0.001015595274996641
-0.000218744665624468 +0.001936532917844312
-0.000073738730181200 -0.001395796701745187
-0.000227313889790467 +0.002020079359228325
+0.000121953337740671 -0.000559375756669690
-0.000128006609901599 +0.000787021383521345
+0.000156224552142767 +0.001062307828883228
+0.000022137083669822 -0.000968788039793327
-0.000065910495447349 +0.002378817740928325
+0.000121537781677846 -0.001956259025949657
-0.000403673750181017 +0.002406054891544745
+0.000094682551081967 -0.001356783099598721
-0.000573486798021495 +0.001001678970036344
-0.000062364534109621 +0.000504936183273221
-0.000401377353521952 -0.000965452661991036
-0.000279759696773982 +0.002326497111055220
+0.000017654303184357 -0.002186260250664217
-0.000443220488921048 +0.002773150076932808
+0.000368920762843413 -0.001810594960892919
-0.000452811472118384 +0.001472871902760179
+0.000367949020214135 -0.000069905162679833
-0.000275811469079154 -0.000696577452380929
-0.000008936240488595 +0.001869556216865963
+0.000014608812640198 -0.002218979491829804
-0.000490709118239598 +0.002711188487070942
+0.000261524637622041 -0.002047049830354338
-0.000718621896343535 +0.001922849355229411
+0.000302732125464469 -0.000331144697580818
-0.000519585448867357 +0.000101053578345299
+0.000083499055181923 +0.001718274867920810
-0.000037607551009261 -0.001475651201641504
-0.000285084181809048 +0.002723251210769433
+0.000378405450528595 -0.001748279032506929
-0.000574488558564837 +0.002112916542728447
+0.000437281576429251 -0.000609970089551106
-0.000588670191623799 +0.000455526100756201
+0.000113608330837106 +0.001073470185535831
-0.000304854671950679 -0.001029206704468453
-0.000351609412007398 +0.002126782157987329
+0.000089405923817419 -0.001387143101232516
-0.000644930945072580 +0.001908415511542564
+0.000322256483180578 -0.000559662302929217
-0.000599998635768389 +0.000712344906940131
+0.000229647713040838 +0.000683891644693062
-0.000295483898939885 -0.000538381452148361
-0.000124476073296643 +0.001404979198824718
+0.000036332087087834 -0.001008299554554504
-0.000491659775230573 +0.001190541728165895
+0.000185203651266995 -0.000541356957979508
-0.000621804131801850 +0.000374268975847650
+0.000098895089838935 +0.000321625697436604
-0.000439051691345817 -0.000317785988685387
-0.000115775852938918 +0.000844720718621669
-0.000091624921128532 -0.000378640993123611
-0.000295589239867932 +0.000698861278417558
+0.000172390495750444 +0.000113717221357907
-0.000337427788748415 +0.000178818638155602
+0.000189317316799407 +0.000625888289776100
-0.000253278318198958 -0.000112253635606033
-0.000008070546994010 +0.000671178111465029
-0.000132356657469353 +0.000170476361895312
-0.000240257376516239 +0.000267801715638477
-0.000064867823870295 +0.000827346485498890
-0.000337044571294676 -0.000224482428233874
-0.000073284750943326 +0.001223221305041408
-0.000269949784410512 -0.000167628193992279
-0.000123647245757580 +0.000855112197667162
-0.000142980453138503 +0.000588572832640756
-0.000163922743009736 -0.000045518001065730
-0.000090724560087598 +0.001440235528496133
-0.000161806878585143 -0.000721786591833012
-0.000164964451209913 +0.001673243405495698
-0.000137727243345775 -0.000590933818261618
-0.000278728828754390 +0.000985271908746816
-0.000137550207500818 +0.000430084189978462
-0.000294804393440015 -0.000220977819784614
-0.000216672276511152 +0.001634620009068988
-0.000171959156742391 -0.001136791981858623
-0.000339140439401564 +0.002125583299467607
-0.000009004443919265 -0.001078627171509581
-0.000399390259356666 +0.001451464689505547
+0.000030260252722285 +0.000051136805747383
-0.000321729513428916 -0.000073980879150892
-0.000131278473143853 +0.001585277017825220
-0.000119355003087886 -0.001416224091415917
-0.000398461715241084 +0.002406792466229522
+0.000063420214414909 -0.001559828989460208
-0.000544313617866588 +0.001864837866562912
+0.000089698036147393 -0.000295091289294614
-0.000442357012791997 +0.000284801292405247
-0.000078875084972276 +0.001525243483401084
-0.000151642300080807 -0.001220888078355606
-0.000348636937824230 +0.002607250722279146
+0.000134588537288398 -0.001564079106019165
-0.000547319597881716 +0.002225542140215168
+0.000206463839247638 -0.000529800366021998
-0.000538711648776319 +0.000726717753232473
+0.000010283091028989 +0.001148027228944800
-0.000318551719499053 -0.000826612215130867
-0.000339469298312184 +0.002331093145385945
-0.000014010129938623 -0.001405398453430239
-0.000615600873738149 +0.002286320205110100
+0.000172855561999588 -0.000702221037043354
-0.000634807040038583 +0.001131964545922382
+0.000094159588320987 +0.000726385114473577
-0.000386766673668370 -0.000316434699913152
-0.000213591363524360 +0.001904397260142575
-0.000040119844794115 -0.001100196761416192
-0.000553697013363105 +0.002080117900209028
+0.000170166589839139 -0.000752842573016433
-0.000692538761545590 +0.001230187502479525
+0.000108233459580788 +0.000387012626897524
-0.000542274493732201 +0.000028138134128151
-0.000167892049712076 +0.001485627734204196
-0.000218810349553749 -0.000720443585804511
-0.000457408138184536 +0.002128755913269830
+0.000047516712169554 -0.005184579595567456
-0.000575718719683886 -0.002595322091858316
+0.000119012271128993 +0.000967329418591547
-0.000865443832156699 -0.000424263008840326
+0.000246079646941884 +0.001965063218720090
-0.000608257046567467 +0.002068310984103452
-0.000100773680635479 +0.001104226976079055
-0.000040360153358712 +0.000884034514263411
-0.000689515110936899 +0.000738598200857032
+0.000106326517624532 -0.001795869574684085
