-0.000265494921222367 -0.002903214843071213
-0.000051001256022388 -0.000131239881584777
-0.000296541471778955 -0.003881073273866316
-0.000080501184189953 +0.002472596863171517
-0.000428854979353348 -0.002779552805150496
-0.002308500251340477 +0.000874420725099095
-0.002805640338633840 -0.002486014435384386
-0.002396267936671701 -0.000604503248756666
-0.001285915765487909 -0.002359544691232165
+0.000577419005300289 +0.000262258017303821
+0.000827907254016048 -0.002770386705252485
+0.000977132457483220 +0.001018496886668531
+0.000006912372583220 -0.004100839805480582
-0.000086425661094153 +0.001097395442183396
-0.000889173518771073 -0.003745064174465490
-0.001156435498107331 +0.000860414661199038
-0.001292318013911333 -0.002587955826819040
-0.000569865709592256 +0.000612401705760747
-0.000622843507129397 -0.003378675094588578
-0.000150333527847933 +0.001517843959945420
-0.000370503525142068 -0.004579827236048211
-0.000237158233629129 +0.002834861712353325
-0.000509856275483287 -0.005597195295612312
-0.000368406021726682 +0.003236992830535503
-0.000624928958248774 -0.006199314978258586
-0.000659854454942812 +0.002508750471271901
-0.000826074662077361 -0.006008431021412436
-0.000716131959969512 +0.001965047043595928
-0.000956982545505327 -0.005237330558158544
-0.000318928836109189 +0.002767830707673913
-0.000796440969958833 -0.005395192199981422
+0.000053052871130631 +0.004308988707325170
-0.000837931543937686 -0.006206720844968655
-0.000060145424482531 +0.005488248506645180
-0.000959087859898544 -0.007858462935703744
-0.000360573809986434 +0.006076519412384435
-0.000929298900165612 -0.009972889037555582
-0.000671706694169080 +0.007250570807012602
-0.000873951563211935 -0.011275323181550953
-0.000499754183457254 +0.009237822102438757
-0.000746206243574103 -0.013801737991876090
-0.000332476766523001 +0.012639031316729594
-0.000950450746814899 -0.017744269086356623
-0.000119684436720262 +0.019733455013434362
-0.001070679955687683 -0.030860429828957172
+0.000100971725408531 +0.287344953434389261
-0.001080105993791053 +0.797089370144170917
+0.000337368721480024 +0.781989160903436398
-0.001151868440037135 +0.072294568249879357
+0.000335675938740444 -0.316933298535082786
-0.001306872991099999 -0.245702600035436314
+0.000727970702761356 -0.100215640282365681
-0.000944908072668673 -0.099074866032824171
+0.000924683466503733 -0.226795334485682953
-0.000583522605260166 -0.088482853077609114
+0.002315791740617846 +0.050322066693655014
-0.001048457719262763 +0.083699823788184691
+0.002025306784131494 -0.001249746223474110
-0.005627815498832541 -0.064234981030552418
+0.063768149828458257 -0.032823947002831352
+0.261226996930230215 +0.047949164487807387
+0.355238213888141696 +0.055240878833131432
+0.256395857139676275 +0.024755464252953344
+0.056318342343899999 -0.029260646064392895
-0.075425912565932202 -0.026733233140187378
-0.128331753619748856 -0.022376751005691396
-0.111778049145019778 +0.010034090516673887
-0.098796251488487308 +0.007755548710077840
-0.074216379318578135 -0.019522144352408049
-0.011753346400079193 -0.008006325010450984
+0.065409311558003100 +0.012702787332478361
+0.083797076275338334 -0.007933142236952193
+0.045451222109783661 +0.003082164022149127
+0.019864748364620235 +0.013018953407393459
+0.027464934119440936 +0.020919004558228323
+0.019498089901553099 +0.008228346069174629
-0.002203142082734860 -0.007107220845058390
-0.019367598247829874 -0.020661283964134011
-0.018987734320732905 -0.013223448090915909
+0.000878517729985651 +0.020703747105654504
+0.014825377476953496 +0.036141787288466294
+0.019050819600638091 +0.044784956331203045
+0.022721439128657532 +0.028937820281905988
+0.018456858979234554 -0.001139570620635620
+0.008923175549800056 -0.007690941635273118
-0.001118195194873056 -0.034079900342000660
-0.004089657936813627 -0.068686969833978512
-0.004249740078456958 -0.073690868349217148
+0.004267679928633141 -0.055337151674815566
+0.015394404549720216 -0.032115715811959142
+0.018147916855580870 -0.003858150453395360
+0.018075606518397510 +0.020343949581635802
+0.019001587906742830 +0.018483275504331625
+0.012434963576358649 -0.005590517374422907
-0.000617862409763623 +0.008768300953227229
-0.009510224760375649 +0.012764469156854311
-0.008586476293627590 -0.012961161498257713
-0.005998659848983538 -0.022537255804969458
-0.009136167980249719 -0.020127846022134580
-0.009460269375242733 -0.003425299753048588
-0.006157244536073602 +0.006526164284677268
-0.003074263745147639 +0.003039959720878874
-0.001307764446508891 +0.002718359859924158
-0.001078927868723134 +0.012100927679366378
+0.000685865886751417 +0.017108715639329461
+0.003405949491186151 +0.006803286861173210
+0.001485992255041676 -0.008667743711946022
+0.000036547638985258 -0.006560087105999626
+0.000777290596089808 -0.001116932431657617
-0.000003360078069213 -0.002404568896459430
-0.008459334158301163 -0.003910460144946559
-0.013545861569696222 -0.013724272439705254
-0.009080299483982417 -0.001144063931844374
-0.003343696458191098 +0.004254507484013039
-0.003598186182998035 +0.001446373632077184
-0.007575178579042233 +0.004076888310865043
-0.008756527584801724 -0.003155762200556916
-0.004521678196889167 +0.007955239515064473
+0.001278295096044714 +0.004283506861590076
-0.003105688416037942 +0.000425956908463002
-0.009206268817024084 -0.001388929260671799
-0.008902960636917942 -0.005607376681289806
-0.000291025748486771 -0.004329901160665949
+0.005053143043986300 -0.015103947274679785
+0.002181941625625937 -0.011235242273252764
+0.000774420242549702 -0.005995198044761504
+0.000285972417316881 +0.000410689735831977
+0.002002574990424206 +0.003569480537847162
-0.000891581327117266 +0.001259460866311188
-0.005103814472241773 +0.004249793513840065
-0.006410459390395938 +0.006663594678308541
-0.005560446689456310 +0.004837869943249399
-0.003155444256954225 -0.006987286544481781
-0.002397330884798964 -0.007085617043643164
+0.001972333921356134 -0.007596011732165300
+0.003652655058623938 -0.007623273899995080
+0.003027066262370887 -0.010350845323968847
+0.000564137541923508 -0.014105256528372018
-0.002863941393246401 -0.009099549946113925
-0.003711927468442731 -0.005419963361994013
-0.006056694610811701 +0.003022686956203423
-0.006681701198471366 +0.001781911039164779
-0.006403634825990606 +0.000680876784965184
-0.004112042458646003 +0.001223972333252582
-0.001251723990559380 -0.000615207360361791
+0.000219378775461142 -0.000469570443487950
+0.002578234676148796 -0.003988942283146222
+0.002936006365674886 -0.005218288837700147
+0.002834018810643155 -0.011372786991146584
-0.000022348220195559 -0.011736154865829778
-0.002657918417842267 -0.008400226476826592
-0.004192023903708048 -0.009088929421344327
-0.005759932718237427 -0.008936295629451842
-0.006318054711488077 -0.005359828959398828
-0.006007563237809279 +0.000907601569960733
-0.002902045091089872 +0.005135849447197138
-0.000096078282866197 +0.005101166001178372
+0.002136303677185652 +0.004955636247778238
+0.003527028796218872 +0.002354250828523016
+0.003727340916016623 -0.001874418839382033
+0.003077699975575069 -0.005849528361809738
+0.000752137715811567 -0.012438974471932476
-0.002202178975327343 -0.014861155895776041
-0.004442590292562120 -0.012291551753299620
-0.005693565711511715 -0.015191963967624770
-0.005817575568880929 -0.010304839479650704
-0.005058510863552412 -0.008315082422471165
-0.003675119784717802 -0.003737152535089288
-0.002232812562542446 +0.008278720980318009
-0.000787855859254498 +0.018263888690072901
+0.001408232420216282 +0.024029938644450802
+0.002578981030530892 +0.021694886889394520
+0.002429173559882102 +0.013481298170564961
+0.001191875642516498 +0.003101582254512248
-0.000184285323017722 -0.003361164968657446
-0.001681503228147059 -0.004242391944234106
-0.003835082648320403 +0.000218270655331389
-0.005112046971677799 +0.002432867099319246
-0.006144813370447195 +0.009959503421578388
-0.006004040015619312 +0.006916775887683559
-0.005105774900094167 +0.005746269141923464
-0.003801600051608576 +0.001651475905072163
+0.001611784867947681 -0.003134818245139883
+0.006119374188085638 -0.001403319181298220
+0.010673392033697573 -0.005841240934960928
+0.010765157535878051 -0.001855525129345805
+0.008593689263000004 -0.003880541089755820
+0.003367767518958428 -0.002539731859233556
+0.000160851461633763 -0.000215538769434096
-0.000825916876244059 -0.000333642975190535
-0.001081884332199457 +0.004412295022829347
+0.000135566275248106 +0.002387096177482674
+0.001790964972230503 +0.005814834699963800
+0.002575842600703253 +0.002718515298736361
+0.002150158774543411 +0.002072143693056352
+0.001872254501891372 +0.001435913121864207
+0.000794710471455969 -0.002182276376325450
-0.000234857333844115 -0.001304859503749652
-0.001048475073539647 -0.004486036675524689
-0.001998588804814502 -0.002145581330827252
-0.001633092731423805 -0.004379025445955686
-0.002418784853350273 -0.002388924371202926
-0.001110640409323529 -0.001531180982110373
-0.000736474001770767 +0.000111123192796241
+0.000639403678876019 +0.003219607509196101
+0.002142834683495231 +0.001578853246632260
+0.001699336647225173 +0.004084677312918467
+0.002468635161513689 +0.001137504613721450
+0.000891940081395951 +0.001856001173354331
+0.000687603814611779 -0.001277637766274995
-0.000760775898963456 -0.002708249939856044
-0.001734208484568618 -0.002620888032568754
-0.001570896472158113 -0.003691640781403076
-0.002200393330891676 -0.000185942756693113
-0.001029028146059837 -0.001157182675178252
-0.001194623896040995 +0.001541829743557480
-0.000163634041513700 +0.000929485319942279
+0.000363195944246765 +0.001945469664032318
+0.000796680715883894 +0.001232802847820576
+0.001328913491104480 -0.000686691969068455
+0.000932031402168832 -0.000367012457329749
+0.001293049505626722 -0.002777040586341519
+0.000686570272561609 -0.001711153712453199
+0.000392193622564666 -0.002955300586117994
-0.000389478821249487 -0.001939120410061616
-0.000752168468254904 -0.001335262793264610
-0.000954296826923954 -0.000622350642269126
-0.001040486487866261 +0.000723187303673339
-0.000822651235263468 +0.000556178890942780
-0.000783495875508825 +0.001460349483490251
-0.000215735963756213 +0.000985017623761499
-0.000062261705930415 +0.000863090165802331
+0.000207424786948486 +0.000142412623067424
-0.000028646031167229 -0.000454579203452585
-0.000062493454957414 -0.001056142496348948
-0.000166908727005837 -0.000875572751365853
-0.000372667163508426 -0.001204006031209800
-0.000422816214704874 -0.000251129788877180
-0.000586216935878984 +0.000069590000865469
-0.000551969014694117 +0.000807619521774897
-0.000421018266190260 +0.001632644941137018
-0.000198250408270226 +0.001397955663433457
-0.000108632877796076 +0.002402704082392275
+0.000118025929589517 +0.001142606662707329
+0.000085490670372658 +0.001727774953244967
+0.000390011539057627 -0.000109485668201180
+0.000234923338301817 -0.000426423223973924
+0.000364175896217917 -0.001424961551567075
+0.000246937518537005 -0.002356432669909496
+0.000009306630282763 -0.001464211888342849
+0.000183153392234612 -0.002565468189500762
-0.000202559576499127 -0.000340317274961466
+0.000175443886473474 -0.001343343808939649
-0.000162108003022956 +0.000846550616184994
+0.000164532958535465 +0.000348223479881692
+0.000185031608413364 +0.000824012523381013
+0.000296077183114248 +0.001624774169429868
+0.000707243092145648 -0.000057233280651713
+0.000391827676967328 +0.001933499732347939
+0.000775734888239973 -0.000950346447178597
+0.000081457386240701 +0.000856613890208825
+0.000153110000025144 -0.001209881722952458
-0.000436712160835643 -0.000696920915007116
-0.000656707875509225 -0.000260416552062478
-0.000684292848103749 -0.001622016018794211
-0.001019867499535924 +0.000944978911221075
-0.000406370336112727 -0.001478891091154860
-0.000709286641098475 +0.001401147675590715
+0.000104838821102552 -0.000484251166152142
-0.000000059026621711 +0.000806864883447036
+0.000524763797622719 +0.000646425389312325
+0.000676163656725832 -0.000604206629681866
+0.000463175555699905 +0.001146193750451351
+0.000795363003929057 -0.001528781691172968
+0.000019718856225225 +0.000880804345959979
+0.000359907835049701 -0.001448862602427482
-0.000456424526950488 +0.000082048704801172
-0.000277373615711321 -0.000384679503352744
-0.000483632038280268 -0.000713037528746763
-0.000543957571986822 +0.000788694068796243
-0.000031551909083216 -0.001106161605032253
-0.000352833975694230 +0.001102431943421087
+0.000438173767934549 -0.000980648047934441
+0.000057574811251620 +0.000489211099970159
+0.000531664700829907 -0.000545226800710228
+0.000257401610095798 -0.000433704302031236
+0.000130006263259890 +0.000204753915402585
+0.000198724048516593 -0.000961815894377457
-0.000314683369932961 +0.000767551747080198
+0.000050514990464831 -0.000920722721094465
-0.000471355690918314 +0.000672566316968628
-0.000079640671074947 -0.000218989874149489
-0.000289346324114338 +0.000381038834121919
-0.000114648096296144 +0.000627098931798803
+0.000046959462020739 +0.000006290079147262
-0.000116203881494023 +0.000644348887780144
+0.000236673424480129 -0.000745467663359281
-0.000124428150719534 -0.000258306151704458
+0.000143731966568640 -0.001177191236801171
-0.000133909174556939 -0.000787019767612095
-0.000046764275469439 -0.000705224737077222
-0.000082876262519601 -0.000335837870381300
-0.000167951230720504 +0.000131582844587613
-0.000030907787379249 +0.000336919466971730
-0.000139968841585075 +0.000532395440134961
+0.000096391796971806 +0.000424463832427308
+0.000101183323801595 +0.000378593600079205
+0.000289149947807491 -0.000015730251343098
+0.000313440788945357 +0.000091116985741470
+0.000264590130892769 -0.000586147767856995
+0.000079872424716352 -0.000197261777163005
-0.000082508650973806 -0.000857751639072611
-0.000320169484518403 -0.000301274230327830
-0.000348432800634184 -0.000586314612428161
-0.000387044472701317 -0.000297588492199179
-0.000269181710372920 +0.000054070355553076
-0.000084326966515724 -0.000377075987759670
-0.000021225749590320 +0.000585587135945319
+0.000281961294529731 -0.000558188746295721
+0.000134138460849881 +0.000570609795470712
+0.000374959654012359 -0.000616548989322582
+0.000130974751425206 +0.000056293841487139
+0.000163217780910926 -0.000285813726155140
+0.000032379982023850 -0.000677413234461143
-0.000206284479510231 +0.000325096430385318
-0.000056306190311928 -0.001105293302112361
-0.000440692396996165 +0.000812282836107628
-0.000055975112979147 -0.000872618134356700
-0.000350858827609823 +0.000681021360088370
-0.000015597282735026 -0.000106178096950979
-0.000032362048171322 -0.000114345588750253
-0.000025786820418193 +0.000658821035968865
+0.000248055721573347 -0.001104059909516990
-0.000121964665626167 +0.000843895174426929
+0.000298610124546203 -0.001528688066870624
-0.000192280901482007 +0.000361155849218423
+0.000135554641680641 -0.000961490326283530
-0.000135077599937606 -0.000424963974725018
-0.000102176758157030 +0.000203795246852952
+0.000043318638961115 -0.001016859119097818
-0.000252439806551763 +0.001110077052145450
+0.000223974589836904 -0.001105183220542323
-0.000242607139327948 +0.001085847561224542
+0.000258260781911424 -0.000661989021562826
-0.000091571055494718 +0.000175871148851500
+0.000096830629607663 +0.000032002014534986
+0.000082386615386447 -0.000941583020449361
-0.000178101980204934 +0.000562146234934767
+0.000166539110291857 -0.001494655766777950
-0.000368930422108566 +0.000626239484869372
+0.000124921948283150 -0.001152374501323170
-0.000323217005527928 +0.000203247278861315
-0.000001421609074587 -0.000213140963129585
-0.000065385051170774 -0.000424187619243044
-0.000126335826639832 +0.000642613674726519
+0.000208293860587398 -0.000868201938252719
-0.000187560942991888 +0.000853493827006157
+0.000298095467224165 -0.000875262761215817
-0.000157112337446594 +0.000370047134042186
+0.000151260778858222 -0.000483861305742284
-0.000062035055520128 -0.000380898187112994
-0.000104457505155635 +0.000022894368832060
+0.000032903318640412 -0.000882403260495380
-0.000277912019688524 +0.000304307022283108
+0.000078358541811860 -0.000878180471208329
-0.000261150998409749 +0.000221162115174506
+0.000062877210954456 -0.000494011848545667
-0.000095497094514257 -0.000095686816219798
+0.000009348426139954 -0.000088574953899789
+0.000082198253599247 -0.000404277394035122
-0.000043013970638223 +0.000061914194176812
+0.000151600494522246 -0.000533457182368041
-0.000079289082588173 -0.000025555246082003
+0.000091266430671630 -0.000463344068344983
-0.000088827630543836 -0.000149526578606012
-0.000024228645055516 -0.000327885099756816
-0.000081122298245531 -0.000172265063378313
-0.000108067361517950 -0.000268069686102914
-0.000064532223597503 -0.000137941712795515
-0.000112625565829968 -0.000281357300230631
-0.000036257766064853 -0.000188300508124348
-0.000064424840909601 -0.000246473595823214
-0.000001210467318127 -0.000389772105189027
-0.000031201780510295 -0.000108893562732476
+0.000023455209860506 -0.000645970971113072
-0.000051183736296252 +0.000042718919716207
+0.000023613088632830 -0.000726703435777485
-0.000086647053867720 +0.000038951339085847
-0.000003807266262768 -0.000481870183385467
-0.000075112346627818 -0.000217629840324758
-0.000058837342738077 -0.000005855299717579
-0.000002595831210970 -0.000622718718812376
-0.000121537345783195 +0.000389026776220581
+0.000079156005420816 -0.000904125157677985
-0.000152296207405854 +0.000379892979195977
+0.000090896830960095 -0.000801788897108786
-0.000115753261833760 -0.000098902632857218
-0.000002805034396227 -0.000305828965885641
-0.000020735421832884 -0.000773326908651364
-0.000152141199618364 +0.000287656969962788
+0.000079749239218309 -0.001198160783351754
-0.000246136828014238 +0.000550201007460432
+0.000117930218550656 -0.001058986065667668
-0.000200764902600024 +0.000239677126911681
+0.000056632165151741 -0.000414917909571740
-0.000034493504120279 -0.000490555682603386
-0.000078966362631861 +0.000319514727875911
+0.000137914424139850 -0.001164965241725481
-0.000210371802974755 +0.000657663755960265
+0.000191670795678809 -0.001304235181552161
-0.000247011460871110 +0.000361495583438981
+0.000085598952058132 -0.000784572628944442
-0.000150178442953736 -0.000391495234037499
-0.000108823080685703 +0.000044114049904990
+0.000024866090597020 -0.001107962001118768
-0.000262825314714836 +0.000613291952424073
+0.000161169771556323 -0.001311986733143253
-0.000275578000107888 +0.000541935020577672
+0.000160698421531250 -0.000895925714187796
-0.000143368229842823 -0.000117197535610816
+0.000016666501803795 -0.000175580712961758
+0.000040311772783880 -0.000905270466394550
-0.000173499504386213 +0.000370101119504484
+0.000155564381011813 -0.001289618125708557
-0.000279051575485125 +0.000422868993145714
+0.000134485962673939 -0.001052780837445991
-0.000231865962806099 -0.000006466272099814
+0.000000198441512691 -0.000422119639830909
-0.000070878381004731 -0.000618774787223544
-0.000151956154260868 +0.000142514806424287
+0.000092692008849123 -0.001026123219936434
-0.000224138708223907 +0.000291565678327152
+0.000148882336129896 -0.001011489604736574
-0.000188403101184656 -0.000005851194807803
+0.000065866575396460 -0.000649653023038096
-0.000086045895504437 -0.000485818000523906
-0.000085923832874461 -0.000222932717403361
+0.000015004522126146 -0.000812259854213508
-0.000194442570669602 -0.000003171616709182
+0.000059662244747761 -0.000823949760627586
-0.000195987882565004 -0.000071965310823913
+0.000032430642205427 -0.000615009197161221
-0.000114854157448082 -0.000307760524398170
-0.000038641720878816 -0.000403871425423172
-0.000025466917586162 -0.000518550637501223
-0.000104678356044718 -0.000331828702179328
+0.000010912239194017 -0.000607748978417397
-0.000132350925773156 -0.000369522206959871
-0.000011586671465995 -0.000546649554591654
-0.000121737594947248 -0.000344292308879324
-0.000051886670065986 -0.000618395642468076
-0.000096086479473505 -0.000309178726679708
-0.000066444954092596 -0.000697913768792611
-0.000073250535513344 -0.000316258504178102
-0.000060019906609712 -0.000587342002701181
-0.000052996320029933 -0.000405511910761255
-0.000063653025302050 -0.000430303018031855
-0.000032133017214783 -0.000593338764286576
-0.000089715407216581 -0.000271827651221339
-0.000016622450104474 -0.000820288366437011
-0.000128050587072979 -0.000174724868112240
-0.000016851039969621 -0.000930543204895745
-0.000126125894526830 -0.000183023857162862
-0.000020846746013226 -0.000784820444471899
-0.000091706441008440 -0.000444538458934662
-0.000075822628014524 -0.000365795887900746
-0.000040515870805176 -0.000924897489882764
-0.000163511527692852 +0.000071809621851673
+0.000035536071433626 -0.001253252782613432
-0.000195146480508106 +0.000148622107384171
+0.000060680681374994 -0.001094324190595399
-0.000147641185721401 -0.000295737941949544
-0.000017605686443763 -0.000500870344701598
-0.000041121338120792 -0.000991913621040925
-0.000168864627213998 +0.000093072874620937
+0.000061959256172002 -0.001390522317214722
-0.000264624157607592 +0.000219353739627230
+0.000085822364602225 -0.001219521420080135
-0.000223586806293207 -0.000213742431168678
+0.000002155804875485 -0.000627603266354088
-0.000082010793515063 -0.000894942824025522
-0.000144277371858387 -0.000021904720363059
+0.000066551540302645 -0.001393219554665998
-0.000255564568011585 +0.000221972952198409
+0.000119935611613053 -0.001419841023279847
-0.000250547667749993 -0.000026621084586963
+0.000041333135774403 -0.001001359529025399
-0.000136571777246144 -0.000598789528635439
-0.000115235653450063 -0.000398113349444043
+0.000016415711076420 -0.001155441621547335
-0.000244999173953366 +0.000016014341032187
+0.000107759397813834 -0.001361109190736546
-0.000269157291870475 -0.000040798452365717
+0.000075447745300329 -0.001070171613935017
-0.000177332231224663 -0.000561988153017126
-0.000055782870698196 -0.000476240650123624
-0.000037192162073721 -0.001230226814090695
-0.000200762041569792 +0.000057227837049232
+0.000065384646018581 -0.001630537737890666
-0.000265482727244841 +0.000218923425218806
+0.000067038018028907 -0.001623537592794870
-0.000216815314146326 +0.000236689631106765
-0.000027494468896164 -0.002516192621864271
-0.000095397885128909 -0.007442214430359545
-0.000148929936354823 -0.007085039841043675
+0.000013489083263098 -0.000903925367054797
-0.000146845532320827 -0.000709176731674074
-0.000197450705130338 +0.002940626577168121
-0.000088272307562017 +0.000911830811179790
-0.000121962188022942 -0.000897867725151297
-0.000110453557118650 -0.000663776757234732
+0.000083737362360176 -0.001230824041729720
