00000 -0.025
00010 +0.147
00020 +0.550
00030 +0.994
00040 +1.366
00050 +1.634
00060 +1.803
00070 +1.883
00080 +1.888
00090 +1.842
00100 +1.787
00110 +1.787
00120 +1.897
00130 +2.124
00140 +2.415
00150 +2.705
00160 +2.944
00170 +3.110
00180 +3.199
00190 +3.218
00200 +3.186
00210 +3.131
00220 +3.096
00230 +3.118
00240 +3.213
00250 +3.364
00260 +3.532
00270 +3.676
00280 +3.767
00290 +3.793
00300 +3.758
00310 +3.679
00320 +3.588
00330 +3.524
00340 +3.522
00350 +3.596
00360 +3.728
00370 +3.878
00380 +4.003
00390 +4.073
00400 +4.076
00410 +4.022
00420 +3.939
00430 +3.869
00440 +3.861
00450 +3.947
00460 +4.126
00470 +4.357
00480 +4.585
00490 +4.762
00500 +4.865
00510 +4.899
00520 +4.893
00530 +4.893
00540 +4.947
00550 +5.090
00560 +5.317
00570 +5.591
00580 +5.852
00590 +6.054
00600 +6.171
00610 +6.206
00620 +6.184
00630 +6.143
00640 +6.127
00650 +6.167
00660 +6.271
00670 +6.421
00680 +6.577
00690 +6.696
00700 +6.749
00710 +6.726
00720 +6.639
00730 +6.513
00740 +6.386
00750 +6.295
00760 +6.265
00770 +6.299
00780 +6.373
00790 +6.448
00800 +6.484
00810 +6.452
00820 +6.347
00830 +6.183
00840 +5.997
00850 +5.838
00860 +5.749
00870 +5.756
00880 +5.845
00890 +5.973
00900 +6.084
00910 +6.133
00920 +6.101
00930 +5.999
00940 +5.866
00950 +5.757
00960 +5.724
00970 +5.789
00980 +5.939
00990 +6.126
01000 +6.292
01010 +6.392
01020 +6.403
01030 +6.334
01040 +6.218
01050 +6.105
01060 +6.043
01070 +6.062
01080 +6.157
01090 +6.294
01100 +6.424
01110 +6.503
01120 +6.504
01130 +6.424
01140 +6.286
01150 +6.133
01160 +6.014
01170 +5.965
01180 +5.996
01190 +6.083
01200 +6.182
01210 +6.246
01220 +6.242
01230 +6.161
01240 +6.018
01250 +5.856
01260 +5.723
01270 +5.664
01280 +5.690
01290 +5.784
01300 +5.901
01310 +5.997
01320 +6.040
01330 +6.020
01340 +5.953
01350 +5.871
01360 +5.818
01370 +5.825
01380 +5.901
01390 +6.030
01400 +6.178
01410 +6.311
01420 +6.401
01430 +6.438
01440 +6.427
01450 +6.389
01460 +6.354
01470 +6.352
01480 +6.399
01490 +6.491
01500 +6.609
01510 +6.723
01520 +6.807
01530 +6.841
01540 +6.825
01550 +6.776
01560 +6.724
01570 +6.708
01580 +6.755
01590 +6.866
01600 +7.019
01610 +7.174
01620 +7.299
01630 +7.375
01640 +7.408
01650 +7.421
01660 +7.452
01670 +7.529
01680 +7.662
01690 +7.833
01700 +8.011
01710 +8.163
01720 +8.270
01730 +8.329
01740 +8.350
01750 +8.356
01760 +8.371
01770 +8.414
01780 +8.491
01790 +8.590
01800 +8.693
01810 +8.780
01820 +8.836
01830 +8.856
01840 +8.845
01850 +8.819
01860 +8.798
01870 +8.799
01880 +8.832
01890 +8.895
01900 +8.973
01910 +9.044
01920 +9.090
01930 +9.099
01940 +9.072
01950 +9.023
01960 +8.973
01970 +8.946
01980 +8.960
01990 +9.015
02000 +9.097
02010 +9.177
02020 +9.229
02030 +9.236
02040 +9.199
02050 +9.132
02060 +9.067
02070 +9.034
02080 +9.056
02090 +9.131
02100 +9.236
02110 +9.335
02120 +9.397
02130 +9.407
02140 +9.370
02150 +9.306
02160 +9.247
02170 +9.223
02180 +9.249
02190 +9.320
02200 +9.412
02210 +9.496
02220 +9.547
02230 +9.551
02240 +9.512
02250 +9.444
02260 +9.370
02270 +9.315
02280 +9.294
02290 +9.312
02300 +9.359
02310 +9.414
02320 +9.455
02330 +9.463
02340 +9.428
02350 +9.355
02360 +9.259
02370 +9.166
02380 +9.105
02390 +9.095
02400 +9.139
02410 +9.221
02420 +9.309
02430 +9.372
02440 +9.387
02450 +9.353
02460 +9.286
02470 +9.218
02480 +9.187
02490 +9.218
02500 +9.314
02510 +9.452
02520 +9.594
02530 +9.705
02540 +9.761
02550 +9.759
02560 +9.718
02570 +9.668
02580 +9.645
02590 +9.673
02600 +9.757
02610 +9.878
02620 +10.003
02630 +10.099
02640 +10.144
02650 +10.132
02660 +10.073
02670 +9.992
02680 +9.918
02690 +9.876
02700 +9.874
02710 +9.903
02720 +9.937
02730 +9.948
02740 +9.909
02750 +9.808
02760 +9.646
02770 +9.440
02780 +9.216
02790 +9.007
02800 +8.840
02810 +8.727
02820 +8.665
02830 +8.635
02840 +8.613
02850 +8.582
02860 +8.538
02870 +8.493
02880 +8.475
02890 +8.515
02900 +8.633
02910 +8.823
02920 +9.058
02930 +9.296
02940 +9.502
02950 +9.652
02960 +9.742
02970 +9.785
02980 +9.806
02990 +9.836
03000 +9.899
03010 +10.000
03020 +10.126
03030 +10.252
03040 +10.349
03050 +10.396
03060 +10.385
03070 +10.323
03080 +10.232
03090 +10.137
03100 +10.065
03110 +10.029
03120 +10.022
03130 +10.023
03140 +10.003
03150 +9.941
03160 +9.823
03170 +9.655
03180 +9.457
03190 +9.261
03200 +9.104
03210 +9.007
03220 +8.973
03230 +8.986
03240 +9.019
03250 +9.049
03260 +9.067
03270 +9.078
03280 +9.105
03290 +9.173
03300 +9.303
03310 +9.503
03320 +9.758
03330 +10.041
03340 +10.321
03350 +10.574
03360 +10.788
03370 +10.964
03380 +11.115
03390 +11.259
03400 +11.416
03410 +11.597
03420 +11.802
03430 +12.018
03440 +12.226
03450 +12.405
03460 +12.545
03470 +12.642
03480 +12.705
03490 +12.750
03500 +12.798
03510 +12.864
03520 +12.954
03530 +13.061
03540 +13.165
03550 +13.246
03560 +13.288
03570 +13.283
03580 +13.235
03590 +13.158
03600 +13.072
03610 +12.995
03620 +12.939
03630 +12.899
03640 +12.860
03650 +12.799
03660 +12.699
03670 +12.552
03680 +12.362
03690 +12.148
03700 +11.935
03710 +11.750
03720 +11.610
03730 +11.515
03740 +11.452
03750 +11.403
03760 +11.353
03770 +11.294
03780 +11.233
03790 +11.185
03800 +11.168
03810 +11.196
03820 +11.275
03830 +11.399
03840 +11.555
03850 +11.724
03860 +11.889
03870 +12.040
03880 +12.174
03890 +12.297
03900 +12.419
03910 +12.550
03920 +12.701
03930 +12.875
03940 +13.067
03950 +13.267
03960 +13.462
03970 +13.638
03980 +13.790
03990 +13.918
04000 +14.030
04010 +14.141
04020 +14.262
04030 +14.403
04040 +14.565
04050 +14.738
04060 +14.910
04070 +15.066
04080 +15.197
04090 +15.302
04100 +15.388
04110 +15.466
04120 +15.551
04130 +15.651
04140 +15.769
04150 +15.898
04160 +16.026
04170 +16.143
04180 +16.239
04190 +16.314
04200 +16.371
04210 +16.421
04220 +16.473
04230 +16.535
04240 +16.611
04250 +16.699
04260 +16.792
04270 +16.883
04280 +16.964
04290 +17.032
04300 +17.087
04310 +17.134
04320 +17.179
04330 +17.230
04340 +17.291
04350 +17.364
04360 +17.447
04370 +17.534
04380 +17.619
04390 +17.698
04400 +17.767
04410 +17.829
04420 +17.888
04430 +17.952
04440 +18.026
04450 +18.112
04460 +18.211
04470 +18.318
04480 +18.429
04490 +18.540
04500 +18.650
04510 +18.759
04520 +18.871
04530 +18.991
04540 +19.121
04550 +19.262
04560 +19.414
04570 +19.573
04580 +19.738
04590 +19.906
04600 +20.078
04610 +20.254
04620 +20.435
04630 +20.621
04640 +20.812
04650 +21.005
04660 +21.198
04670 +21.389
04680 +21.578
04690 +21.765
04700 +21.952
04710 +22.139
04720 +22.327
04730 +22.513
04740 +22.696
04750 +22.869
04760 +23.030
04770 +23.175
04780 +23.304
04790 +23.419
04800 +23.524
04810 +23.623
04820 +23.718
04830 +23.809
04840 +23.894
04850 +23.968
04860 +24.026
04870 +24.064
04880 +24.084
04890 +24.090
04900 +24.090
04910 +24.092
04920 +24.106
04930 +24.135
04940 +24.179
04950 +24.233
04960 +24.289
04970 +24.340
04980 +24.383
04990 +24.421
05000 +24.461
05010 +24.514
05020 +24.588
05030 +24.689
05040 +24.816
05050 +24.960
05060 +25.113
05070 +25.260
05080 +25.396
05090 +25.519
05100 +25.633
05110 +25.747
05120 +25.871
05130 +26.013
05140 +26.173
05150 +26.347
05160 +26.523
05170 +26.689
05180 +26.833
05190 +26.951
05200 +27.044
05210 +27.118
05220 +27.186
05230 +27.257
05240 +27.338
05250 +27.429
05260 +27.525
05270 +27.615
05280 +27.691
05290 +27.744
05300 +27.775
05310 +27.788
05320 +27.796
05330 +27.811
05340 +27.846
05350 +27.906
05360 +27.991
05370 +28.096
05380 +28.209
05390 +28.323
05400 +28.430
05410 +28.531
05420 +28.634
05430 +28.747
05440 +28.882
05450 +29.048
05460 +29.245
05470 +29.470
05480 +29.713
05490 +29.965
05500 +30.219
05510 +30.469
05520 +30.718
05530 +30.971
05540 +31.237
05550 +31.520
05560 +31.825
05570 +32.148
05580 +32.486
05590 +32.830
05600 +33.176
05610 +33.518
05620 +33.855
05630 +34.186
05640 +34.513
05650 +34.834
05660 +35.150
05670 +35.458
05680 +35.757
05690 +36.043
05700 +36.318
05710 +36.579
05720 +36.829
05730 +37.068
05740 +37.295
05750 +37.509
05760 +37.709
05770 +37.891
05780 +38.055
05790 +38.203
05800 +38.339
05810 +38.471
05820 +38.607
05830 +38.757
05840 +38.927
05850 +39.120
05860 +39.330
05870 +39.545
05880 +39.751
05890 +39.933
05900 +40.085
05910 +40.208
05920 +40.317
05930 +40.430
05940 +40.568
05950 +40.751
05960 +40.985
05970 +41.263
05980 +41.563
05990 +41.851
06000 +42.099
06010 +42.287
06020 +42.418
06030 +42.511
06040 +42.601
06050 +42.727
06060 +42.920
06070 +43.193
06080 +43.534
06090 +43.913
06100 +44.281
06110 +44.588
06120 +44.799
06130 +44.903
06140 +44.922
06150 +44.901
06160 +44.886
06170 +44.911
06180 +44.984
06190 +45.080
06200 +45.154
06210 +45.150
06220 +45.024
06230 +44.761
06240 +44.384
06250 +43.942
06260 +43.495
06270 +43.093
06280 +42.763
06290 +42.507
06300 +42.304
06310 +42.119
06320 +41.917
06330 +41.669
06340 +41.368
06350 +41.026
06360 +40.675
06370 +40.353
06380 +40.094
06390 +39.913
06400 +39.806
06410 +39.749
06420 +39.709
06430 +39.653
06440 +39.555
06450 +39.409
06460 +39.226
06470 +39.035
06480 +38.870
06490 +38.754
06500 +38.694
06510 +38.676
06520 +38.676
06530 +38.663
06540 +38.612
06550 +38.511
06560 +38.362
06570 +38.185
06580 +38.010
06590 +37.863
06600 +37.755
06610 +37.684
06620 +37.633
06630 +37.583
06640 +37.514
06650 +37.418
06660 +37.292
06670 +37.150
06680 +37.010
06690 +36.892
06700 +36.806
06710 +36.754
06720 +36.725
06730 +36.706
06740 +36.682
06750 +36.646
06760 +36.594
06770 +36.531
06780 +36.469
06790 +36.418
06800 +36.386
06810 +36.373
06820 +36.370
06830 +36.366
06840 +36.349
06850 +36.313
06860 +36.256
06870 +36.182
06880 +36.100
06890 +36.019
06900 +35.945
06910 +35.876
06920 +35.804
06930 +35.717
06940 +35.607
06950 +35.471
06960 +35.312
06970 +35.141
06980 +34.974
06990 +34.824
07000 +34.701
07010 +34.601
07020 +34.511
07030 +34.416
07040 +34.302
07050 +34.167
07060 +34.015
07070 +33.862
07080 +33.728
07090 +33.630
07100 +33.579
07110 +33.568
07120 +33.579
07130 +33.586
07140 +33.570
07150 +33.522
07160 +33.445
07170 +33.356
07180 +33.276
07190 +33.231
07200 +33.234
07210 +33.283
07220 +33.360
07230 +33.434
07240 +33.475
07250 +33.467
07260 +33.407
07270 +33.312
07280 +33.208
07290 +33.124
07300 +33.087
07310 +33.104
07320 +33.162
07330 +33.230
07340 +33.272
07350 +33.261
07360 +33.187
07370 +33.063
07380 +32.914
07390 +32.779
07400 +32.692
07410 +32.672
07420 +32.717
07430 +32.798
07440 +32.874
07450 +32.908
07460 +32.877
07470 +32.785
07480 +32.653
07490 +32.519
07500 +32.424
07510 +32.399
07520 +32.450
07530 +32.556
07540 +32.677
07550 +32.766
07560 +32.792
07570 +32.745
07580 +32.637
07590 +32.502
07600 +32.385
07610 +32.324
07620 +32.334
07630 +32.406
07640 +32.506
07650 +32.590
07660 +32.620
07670 +32.575
07680 +32.459
07690 +32.298
07700 +32.133
07710 +32.005
07720 +31.942
07730 +31.946
07740 +31.996
07750 +32.057
07760 +32.090
07770 +32.070
07780 +31.988
07790 +31.857
07800 +31.709
07810 +31.583
07820 +31.511
07830 +31.508
07840 +31.567
07850 +31.660
07860 +31.754
07870 +31.816
07880 +31.828
07890 +31.791
07900 +31.721
07910 +31.651
07920 +31.614
07930 +31.634
07940 +31.712
07950 +31.830
07960 +31.959
07970 +32.067
07980 +32.133
07990 +32.146
08000 +32.116
08010 +32.066
08020 +32.025
08030 +32.018
08040 +32.054
08050 +32.123
08060 +32.202
08070 +32.268
08080 +32.299
08090 +32.288
08100 +32.238
08110 +32.168
08120 +32.100
08130 +32.056
08140 +32.044
08150 +32.059
08160 +32.086
08170 +32.108
08180 +32.112
08190 +32.093
08200 +32.055
08210 +32.011
08220 +31.976
08230 +31.963
08240 +31.976
08250 +32.008
08260 +32.048
08270 +32.080
08280 +32.097
08290 +32.095
08300 +32.081
08310 +32.066
08320 +32.062
08330 +32.076
08340 +32.106
08350 +32.141
08360 +32.165
08370 +32.163
08380 +32.130
08390 +32.065
08400 +31.981
08410 +31.894
08420 +31.818
08430 +31.764
08440 +31.729
08450 +31.699
08460 +31.654
08470 +31.579
08480 +31.467
08490 +31.322
08500 +31.163
08510 +31.010
08520 +30.886
08530 +30.804
08540 +30.764
08550 +30.751
08560 +30.738
08570 +30.705
08580 +30.638
08590 +30.540
08600 +30.426
08610 +30.322
08620 +30.251
08630 +30.232
08640 +30.267
08650 +30.341
08660 +30.429
08670 +30.501
08680 +30.538
08690 +30.534
08700 +30.497
08710 +30.449
08720 +30.418
08730 +30.426
08740 +30.482
08750 +30.577
08760 +30.687
08770 +30.780
08780 +30.829
08790 +30.818
08800 +30.750
08810 +30.645
08820 +30.532
08830 +30.440
08840 +30.386
08850 +30.372
08860 +30.380
08870 +30.381
08880 +30.347
08890 +30.261
08900 +30.123
08910 +29.949
08920 +29.768
08930 +29.611
08940 +29.501
08950 +29.442
08960 +29.424
08970 +29.422
08980 +29.411
08990 +29.370
09000 +29.295
09010 +29.194
09020 +29.087
09030 +29.000
09040 +28.953
09050 +28.956
09060 +29.000
09070 +29.067
09080 +29.135
09090 +29.184
09100 +29.203
09110 +29.194
09120 +29.168
09130 +29.145
09140 +29.142
09150 +29.169
09160 +29.224
09170 +29.293
09180 +29.359
09190 +29.405
09200 +29.419
09210 +29.399
09220 +29.353
09230 +29.296
09240 +29.245
09250 +29.212
09260 +29.198
09270 +29.196
09280 +29.192
09290 +29.173
09300 +29.130
09310 +29.063
09320 +28.978
09330 +28.890
09340 +28.813
09350 +28.758
09360 +28.727
09370 +28.712
09380 +28.702
09390 +28.684
09400 +28.650
09410 +28.602
09420 +28.544
09430 +28.491
09440 +28.454
09450 +28.441
09460 +28.452
09470 +28.477
09480 +28.501
09490 +28.511
09500 +28.500
09510 +28.467
09520 +28.420
09530 +28.370
09540 +28.331
09550 +28.310
09560 +28.306
09570 +28.307
09580 +28.298
09590 +28.264
09600 +28.197
09610 +28.098
09620 +27.976
09630 +27.847
09640 +27.726
09650 +27.627
09660 +27.552
09670 +27.490
09680 +27.427
09690 +27.346
09700 +27.235
09710 +27.093
09720 +26.928
09730 +26.757
09740 +26.600
09750 +26.474
09760 +26.385
09770 +26.327
09780 +26.282
09790 +26.231
09800 +26.154
09810 +26.045
09820 +25.906
09830 +25.753
09840 +25.607
09850 +25.490
09860 +25.416
09870 +25.384
09880 +25.380
09890 +25.379
09900 +25.356
09910 +25.294
09920 +25.190
09930 +25.053
09940 +24.907
09950 +24.779
09960 +24.693
09970 +24.656
09980 +24.660
09990 +24.679
10000 +24.682
10010 +24.642
10020 +24.548
10030 +24.405
10040 +24.235
10050 +24.070
10060 +23.943
10070 +23.873
10080 +23.858
10090 +23.876
10100 +23.892
10110 +23.874
10120 +23.800
10130 +23.670
10140 +23.502
10150 +23.329
10160 +23.188
10170 +23.108
10180 +23.096
10190 +23.136
10200 +23.194
10210 +23.231
10220 +23.220
10230 +23.150
10240 +23.030
10250 +22.888
10260 +22.763
10270 +22.691
10280 +22.689
10290 +22.752
10300 +22.848
10310 +22.938
10320 +22.984
10330 +22.966
10340 +22.882
10350 +22.753
10360 +22.616
10370 +22.513
10380 +22.475
10390 +22.506
10400 +22.584
10410 +22.667
10420 +22.712
10430 +22.689
10440 +22.588
10450 +22.423
10460 +22.228
10470 +22.052
10480 +21.936
10490 +21.897
10500 +21.921
10510 +21.967
10520 +21.989
10530 +21.949
10540 +21.831
10550 +21.642
10560 +21.413
10570 +21.195
10580 +21.037
10590 +20.968
10600 +20.979
10610 +21.032
10620 +21.077
10630 +21.069
10640 +20.985
10650 +20.828
10660 +20.624
10670 +20.424
10680 +20.284
10690 +20.240
10700 +20.290
10710 +20.396
10720 +20.501
10730 +20.556
10740 +20.533
10750 +20.430
10760 +20.271
10770 +20.107
10780 +19.996
10790 +19.982
10800 +20.065
10810 +20.207
10820 +20.348
10830 +20.435
10840 +20.437
10850 +20.350
10860 +20.196
10870 +20.023
10880 +19.892
10890 +19.847
10900 +19.901
10910 +20.019
10920 +20.143
10930 +20.220
10940 +20.213
10950 +20.111
10960 +19.933
10970 +19.720
10980 +19.529
10990 +19.418
11000 +19.412
11010 +19.495
11020 +19.613
11030 +19.704
11040 +19.720
11050 +19.635
11060 +19.453
11070 +19.207
11080 +18.955
11090 +18.770
11100 +18.708
11110 +18.780
11120 +18.934
11130 +19.092
11140 +19.176
11150 +19.139
11160 +18.969
11170 +18.689
11180 +18.364
11190 +18.093
11200 +17.972
11210 +18.044
11220 +18.259
11230 +18.505
11240 +18.670
11250 +18.681
11260 +18.512
11270 +18.186
11280 +17.777
11290 +17.409
11300 +17.220
11310 +17.283
11320 +17.544
11330 +17.862
11340 +18.090
11350 +18.137
11360 +17.970
11370 +17.610
11380 +17.134
11390 +16.678
11400 +16.406
11410 +16.424
11420 +16.690
11430 +17.046
11440 +17.324
11450 +17.414
11460 +17.269
11470 +16.901
11480 +16.375
11490 +15.825
11500 +15.433
11510 +15.349
11520 +15.572
11530 +15.945
11540 +16.275
11550 +16.422
11560 +16.316
11570 +15.948
11580 +15.369
11590 +14.707
11600 +14.170
11610 +13.974
11620 +14.173
11630 +14.604
11640 +15.029
11650 +15.267
11660 +15.222
11670 +14.868
11680 +14.247
11690 +13.489
11700 +12.846
11710 +12.609
11720 +12.876
11730 +13.438
11740 +13.991
11750 +14.321
11760 +14.323
11770 +13.965
11780 +13.287
11790 +12.436
11800 +11.720
11810 +11.513
11820 +11.912
11830 +12.616
11840 +13.261
11850 +13.625
11860 +13.609
11870 +13.186
11880 +12.404
11890 +11.441
11900 +10.697
11910 +10.631
11920 +11.252
11930 +12.111
11940 +12.809
11950 +13.152
11960 +13.068
11970 +12.549
11980 +11.669
11990 +10.681
12000 +10.099
12010 +10.365
12020 +11.254
12030 +12.213
12040 +12.896
12050 +13.170
12060 +13.001
12070 +12.406
12080 +11.496
12090 +10.596
12100 +10.270
12110 +10.812
12120 +11.825
12130 +12.772
12140 +13.381
12150 +13.563
12160 +13.300
12170 +12.625
12180 +11.678
12190 +10.838
12200 +10.695
12210 +11.421
12220 +12.508
12230 +13.439
12240 +13.986
12250 +14.081
12260 +13.723
12270 +12.961
12280 +11.968
12290 +11.191
12300 +11.233
12310 +12.121
12320 +13.255
12330 +14.153
12340 +14.627
12350 +14.632
12360 +14.184
12370 +13.348
12380 +12.327
12390 +11.588
12400 +11.681
12410 +12.556
12420 +13.625
12430 +14.446
12440 +14.848
12450 +14.791
12460 +14.291
12470 +13.411
12480 +12.333
12490 +11.484
12500 +11.411
12510 +12.156
12520 +13.183
12530 +14.023
12540 +14.472
12550 +14.471
12560 +14.021
12570 +13.164
12580 +12.044
12590 +11.039
12600 +10.758
12610 +11.424
12620 +12.536
12630 +13.537
12640 +14.165
12650 +14.337
12660 +14.040
12670 +13.306
12680 +12.256
12690 +11.233
12700 +10.866
12710 +11.519
12720 +12.744
12730 +13.928
12740 +14.762
12750 +15.147
12760 +15.068
12770 +14.557
12780 +13.728
12790 +12.880
12800 +12.547
12810 +13.103
12820 +14.258
12830 +15.467
12840 +16.402
12850 +16.939
12860 +17.048
12870 +16.754
12880 +16.151
12890 +15.469
12900 +15.106
12910 +15.414
12920 +16.303
12930 +17.368
12940 +18.275
12950 +18.861
12960 +19.067
12970 +18.895
12980 +18.412
12990 +17.788
13000 +17.337
13010 +17.389
13020 +17.994
13030 +18.867
13040 +19.686
13050 +20.257
13060 +20.492
13070 +20.373
13080 +19.946
13090 +19.346
13100 +18.834
13110 +18.720
13120 +19.117
13130 +19.826
13140 +20.551
13150 +21.087
13160 +21.331
13170 +21.253
13180 +20.881
13190 +20.327
13200 +19.808
13210 +19.604
13220 +19.861
13230 +20.445
13240 +21.097
13250 +21.610
13260 +21.871
13270 +21.840
13280 +21.529
13290 +21.022
13300 +20.502
13310 +20.226
13320 +20.371
13330 +20.863
13340 +21.466
13350 +21.967
13360 +22.241
13370 +22.234
13380 +21.946
13390 +21.441
13400 +20.878
13410 +20.515
13420 +20.561
13430 +20.985
13440 +21.555
13450 +22.039
13460 +22.299
13470 +22.277
13480 +21.968
13490 +21.427
13500 +20.807
13510 +20.365
13520 +20.340
13530 +20.723
13540 +21.278
13550 +21.758
13560 +22.019
13570 +21.999
13580 +21.695
13590 +21.156
13600 +20.521
13610 +20.035
13620 +19.950
13630 +20.302
13640 +20.870
13650 +21.394
13660 +21.710
13670 +21.751
13680 +21.505
13690 +21.009
13700 +20.374
13710 +19.824
13720 +19.636
13730 +19.926
13740 +20.514
13750 +21.115
13760 +21.528
13770 +21.662
13780 +21.493
13790 +21.046
13800 +20.409
13810 +19.781
13820 +19.459
13830 +19.650
13840 +20.241
13850 +20.923
13860 +21.447
13870 +21.693
13880 +21.627
13890 +21.267
13900 +20.687
13910 +20.052
13920 +19.643
13930 +19.718
13940 +20.260
13950 +20.987
13960 +21.619
13970 +21.999
13980 +22.076
13990 +21.856
14000 +21.393
14010 +20.816
14020 +20.355
14030 +20.280
14040 +20.685
14050 +21.377
14060 +22.065
14070 +22.548
14080 +22.738
14090 +22.620
14100 +22.228
14110 +21.663
14120 +21.119
14130 +20.867
14140 +21.088
14150 +21.680
14160 +22.356
14170 +22.873
14180 +23.106
14190 +23.018
14200 +22.636
14210 +22.050
14220 +21.443
14230 +21.092
14240 +21.216
14250 +21.757
14260 +22.439
14270 +23.000
14280 +23.295
14290 +23.278
14300 +22.973
14310 +22.468
14320 +21.937
14330 +21.633
14340 +21.762
14350 +22.293
14360 +22.989
14370 +23.605
14380 +23.989
14390 +24.081
14400 +23.889
14410 +23.481
14420 +23.004
14430 +22.679
14440 +22.711
14450 +23.131
14460 +23.762
14470 +24.368
14480 +24.777
14490 +24.901
14500 +24.720
14510 +24.276
14520 +23.691
14530 +23.179
14540 +22.982
14550 +23.206
14560 +23.713
14570 +24.251
14580 +24.615
14590 +24.691
14600 +24.440
14610 +23.892
14620 +23.165
14630 +22.483
14640 +22.139
14650 +22.283
14660 +22.780
14670 +23.349
14680 +23.767
14690 +23.913
14700 +23.747
14710 +23.291
14720 +22.649
14730 +22.028
14740 +21.706
14750 +21.855
14760 +22.377
14770 +23.016
14780 +23.550
14790 +23.849
14800 +23.856
14810 +23.566
14820 +23.037
14830 +22.412
14840 +21.933
14850 +21.844
14860 +22.189
14870 +22.777
14880 +23.360
14890 +23.761
14900 +23.882
14910 +23.682
14920 +23.166
14930 +22.410
14940 +21.609
14950 +21.078
14960 +21.070
14970 +21.530
14980 +22.162
14990 +22.692
15000 +22.965
15010 +22.901
15020 +22.476
15030 +21.717
15040 +20.762
15050 +19.926
15060 +19.640
15070 +20.054
15080 +20.856
15090 +21.649
15100 +22.202
15110 +22.415
15120 +22.250
15130 +21.720
15140 +20.921
15150 +20.115
15160 +19.745
15170 +20.102
15180 +20.966
15190 +21.907
15200 +22.642
15210 +23.049
15220 +23.088
15230 +22.756
15240 +22.115
15250 +21.347
15260 +20.810
15270 +20.862
15280 +21.479
15290 +22.299
15300 +22.995
15310 +23.403
15320 +23.457
15330 +23.135
15340 +22.464
15350 +21.559
15360 +20.715
15370 +20.362
15380 +20.687
15390 +21.397
15400 +22.087
15410 +22.518
15420 +22.589
15430 +22.264
15440 +21.541
15450 +20.496
15460 +19.400
15470 +18.805
15480 +19.119
15490 +20.022
15500 +20.937
15510 +21.544
15520 +21.729
15530 +21.457
15540 +20.717
15550 +19.563
15560 +18.268
15570 +17.560
15580 +18.085
15590 +19.351
15600 +20.544
15610 +21.301
15620 +21.532
15630 +21.217
15640 +20.333
15650 +18.875
15660 +17.028
15670 +15.708
15680 +16.216
15690 +17.853
15700 +19.294
15710 +20.107
15720 +20.245
15730 +19.701
15740 +18.416
15750 +16.213
15760 +12.775
15770 +8.622
15780 +9.494
15790 +13.143
15800 +15.489
15810 +16.603
15820 +16.744
15830 +16.010
15840 +14.337
15850 +11.404
15860 +6.255
15870 -0.875
15880 +5.552
15890 +10.099
15900 +12.357
15910 +13.321
15920 +13.415
15930 +12.929
15940 +12.190
15950 +11.579
15960 +11.309
15970 +11.185
15980 +10.763
15990 +9.650
16000 +7.879
16010 +7.463
16020 +10.343
16030 +13.634
16040 +16.029
16050 +17.525
16060 +18.226
16070 +18.149
16080 +17.168
16090 +14.914
16100 +10.550
16110 +6.882
16120 +12.995
16130 +17.459
16140 +20.066
16150 +21.523
16160 +22.146
16170 +22.053
16180 +21.240
16190 +19.604
16200 +17.109
16210 +15.100
16220 +16.828
16230 +19.966
16240 +22.292
16250 +23.684
16260 +24.290
16270 +24.200
16280 +23.420
16290 +21.888
16300 +19.669
16310 +18.129
16320 +19.840
16330 +22.801
16340 +25.049
16350 +26.378
16360 +26.899
16370 +26.709
16380 +25.851
16390 +24.347
16400 +22.459
16410 +21.527
16420 +22.986
16430 +25.303
16440 +27.083
16450 +28.073
16460 +28.333
16470 +27.948
16480 +26.974
16490 +25.450
16500 +23.549
16510 +22.097
16520 +22.502
16530 +24.281
16540 +25.975
16550 +27.050
16560 +27.448
16570 +27.213
16580 +26.384
16590 +24.963
16600 +22.956
16610 +20.667
16620 +19.574
16630 +20.976
16640 +23.157
16650 +24.827
16660 +25.763
16670 +25.996
16680 +25.579
16690 +24.529
16700 +22.813
16710 +20.427
16720 +18.029
16730 +18.140
16740 +20.723
16750 +23.206
16760 +24.903
16770 +25.831
16780 +26.076
16790 +25.707
16800 +24.768
16810 +23.322
16820 +21.667
16830 +20.859
16840 +22.004
16850 +24.162
16860 +26.125
16870 +27.517
16880 +28.295
16890 +28.496
16900 +28.178
16910 +27.431
16920 +26.444
16930 +25.668
16940 +25.795
16950 +26.988
16960 +28.605
16970 +30.049
16980 +31.053
16990 +31.539
17000 +31.513
17010 +31.036
17020 +30.250
17030 +29.455
17040 +29.155
17050 +29.734
17060 +30.955
17070 +32.267
17080 +33.291
17090 +33.847
17100 +33.882
17110 +33.425
17120 +32.600
17130 +31.681
17140 +31.143
17150 +31.411
17160 +32.375
17170 +33.542
17180 +34.515
17190 +35.093
17200 +35.194
17210 +34.824
17220 +34.090
17230 +33.252
17240 +32.738
17250 +32.918
17260 +33.725
17270 +34.768
17280 +35.711
17290 +36.366
17300 +36.638
17310 +36.492
17320 +35.980
17330 +35.284
17340 +34.754
17350 +34.748
17360 +35.320
17370 +36.196
17380 +37.072
17390 +37.758
17400 +38.140
17410 +38.150
17420 +37.770
17430 +37.094
17440 +36.412
17450 +36.135
17460 +36.462
17470 +37.184
17480 +37.974
17490 +38.616
17500 +38.990
17510 +39.020
17520 +38.660
17530 +37.961
17540 +37.183
17550 +36.794
17560 +37.074
17570 +37.806
17580 +38.624
17590 +39.307
17600 +39.763
17610 +39.949
17620 +39.842
17630 +39.477
17640 +39.034
17650 +38.885
17660 +39.303
17670 +40.146
17680 +41.093
17690 +41.950
17700 +42.654
17710 +43.194
17720 +43.572
17730 +43.788
17740 +43.878
17750 +43.974
17760 +44.280
17770 +44.845
17780 +45.513
17790 +46.140
17800 +46.658
17810 +47.018
17820 +47.131
17830 +46.836
17840 +45.978
17850 +44.657
17860 +43.394
17870 +42.716
17880 +42.614
17890 +42.757
17900 +42.886
17910 +42.860
17920 +42.601
17930 +42.053
17940 +41.218
17950 +40.241
17960 +39.494
17970 +39.347
17980 +39.725
17990 +40.256
18000 +40.668
18010 +40.857
18020 +40.796
18030 +40.491
18040 +39.989
18050 +39.421
18060 +39.044
18070 +39.110
18080 +39.586
18090 +40.180
18100 +40.637
18110 +40.846
18120 +40.788
18130 +40.488
18140 +40.002
18150 +39.441
18160 +39.006
18170 +38.934
18180 +39.298
18190 +39.902
18200 +40.458
18210 +40.783
18220 +40.811
18230 +40.550
18240 +40.054
18250 +39.427
18260 +38.869
18270 +38.671
18280 +39.039
18290 +39.867
18300 +40.818
18310 +41.595
18320 +42.038
18330 +42.096
18340 +41.805
18350 +41.279
18360 +40.755
18370 +40.590
18380 +41.077
18390 +42.147
18400 +43.458
18410 +44.690
18420 +45.649
18430 +46.225
18440 +46.378
18450 +46.157
18460 +45.762
18470 +45.552
18480 +45.870
18490 +46.749
18500 +47.939
18510 +49.187
18520 +50.358
18530 +51.401
18540 +52.314
18550 +53.128
18560 +53.935
18570 +54.924
18580 +56.303
18590 +58.064
18600 +59.936
18610 +61.572
18620 +62.516
18630 +62.194
18640 +60.499
18650 +58.016
18660 +55.385
18670 +53.099
18680 +51.613
18690 +51.118
18700 +51.337
18710 +51.826
18720 +52.270
18730 +52.479
18740 +52.322
18750 +51.713
18760 +50.680
18770 +49.464
18780 +48.539
18790 +48.306
18800 +48.686
18810 +49.308
18820 +49.896
18830 +50.322
18840 +50.538
18850 +50.527
18860 +50.306
18870 +49.968
18880 +49.764
18890 +50.002
18900 +50.687
18910 +51.470
18920 +52.065
18930 +52.389
18940 +52.473
18950 +52.385
18960 +52.216
18970 +52.132
18980 +52.463
18990 +53.697
19000 +56.001
19010 +58.509
19020 +59.640
19030 +59.116
19040 +57.930
19050 +56.641
19060 +55.357
19070 +54.072
19080 +52.841
19090 +51.866
19100 +51.336
19110 +51.119
19120 +50.923
19130 +50.590
19140 +50.083
19150 +49.412
19160 +48.604
19170 +47.716
19180 +46.891
19190 +46.390
19200 +46.454
19210 +47.017
19220 +47.719
19230 +48.239
19240 +48.442
19250 +48.322
19260 +47.938
19270 +47.383
19280 +46.811
19290 +46.467
19300 +46.630
19310 +47.368
19320 +48.406
19330 +49.347
19340 +49.920
19350 +50.029
19360 +49.711
19370 +49.077
19380 +48.291
19390 +47.595
19400 +47.298
19410 +47.554
19420 +48.151
19430 +48.689
19440 +48.885
19450 +48.649
19460 +48.017
19470 +47.085
19480 +46.001
19490 +44.998
19500 +44.403
19510 +44.437
19520 +44.960
19530 +45.594
19540 +46.025
19550 +46.092
19560 +45.757
19570 +45.061
19580 +44.125
19590 +43.170
19600 +42.540
19610 +42.530
19620 +43.086
19630 +43.858
19640 +44.505
19650 +44.824
19660 +44.728
19670 +44.211
19680 +43.357
19690 +42.366
19700 +41.596
19710 +41.437
19720 +41.940
19730 +42.753
19740 +43.483
19750 +43.886
19760 +43.845
19770 +43.330
19780 +42.398
19790 +41.231
19800 +40.194
19810 +39.764
19820 +40.098
19830 +40.848
19840 +41.575
19850 +42.015
19860 +42.046
19870 +41.626
19880 +40.785
19890 +39.649
19900 +38.527
19910 +37.913
19920 +38.122
19930 +38.904
19940 +39.780
19950 +40.433
19960 +40.715
19970 +40.565
19980 +39.974
19990 +39.014
20000 +37.903
20010 +37.091
20020 +37.060
20030 +37.783
20040 +38.782
20050 +39.652
20060 +40.196
20070 +40.326
20080 +40.013
20090 +39.282
20100 +38.269
20110 +37.327
20120 +36.989
20130 +37.499
20140 +38.497
20150 +39.505
20160 +40.250
20170 +40.614
20180 +40.543
20190 +40.033
20200 +39.163
20210 +38.191
20220 +37.614
20230 +37.855
20240 +38.752
20250 +39.810
20260 +40.685
20270 +41.215
20280 +41.325
20290 +40.982
20300 +40.219
20310 +39.234
20320 +38.510
20330 +38.603
20340 +39.488
20350 +40.632
20360 +41.609
20370 +42.193
20380 +42.240
20390 +41.649
20400 +40.462
20410 +39.081
20420 +38.261
20430 +38.365
20440 +38.956
20450 +39.535
20460 +39.890
20470 +39.970
20480 +39.779
20490 +39.347
20500 +38.749
20510 +38.129
20520 +37.712
20530 +37.698
20540 +38.084
20550 +38.666
20560 +39.209
20570 +39.557
20580 +39.629
20590 +39.400
20600 +38.899
20610 +38.240
20620 +37.659
20630 +37.454
20640 +37.739
20650 +38.320
20660 +38.904
20670 +39.293
20680 +39.389
20690 +39.158
20700 +38.617
20710 +37.863
20720 +37.137
20730 +36.802
20740 +37.053
20750 +37.682
20760 +38.329
20770 +38.754
20780 +38.854
20790 +38.595
20800 +37.988
20810 +37.121
20820 +36.246
20830 +35.815
20840 +36.120
20850 +36.902
20860 +37.692
20870 +38.212
20880 +38.357
20890 +38.105
20900 +37.469
20910 +36.529
20920 +35.538
20930 +35.005
20940 +35.309
20950 +36.165
20960 +37.019
20970 +37.561
20980 +37.694
20990 +37.404
21000 +36.701
21010 +35.625
21020 +34.337
21030 +33.291
21040 +33.121
21050 +33.850
21060 +34.832
21070 +35.577
21080 +35.912
21090 +35.801
21100 +35.234
21110 +34.200
21120 +32.723
21130 +31.066
21140 +30.119
21150 +30.762
21160 +32.257
21170 +33.574
21180 +34.365
21190 +34.584
21200 +34.223
21210 +33.209
21220 +31.353
21230 +28.407
21240 +25.839
21250 +28.396
21260 +31.921
21270 +34.032
21280 +34.977
21290 +35.132
21300 +34.778
21310 +34.131
21320 +33.417
21330 +32.925
21340 +32.942
21350 +33.528
21360 +34.446
21370 +35.386
21380 +36.134
21390 +36.571
21400 +36.643
21410 +36.334
21420 +35.677
21430 +34.805
21440 +34.055
21450 +33.934
21460 +34.637
21470 +35.759
21480 +36.800
21490 +37.492
21500 +37.740
21510 +37.527
21520 +36.881
21530 +35.911
21540 +34.908
21550 +34.450
21560 +34.968
21570 +36.129
21580 +37.299
21590 +38.107
21600 +38.420
21610 +38.206
21620 +37.485
21630 +36.353
21640 +35.090
21650 +34.340
21660 +34.715
21670 +35.904
21680 +37.151
21690 +38.022
21700 +38.355
21710 +38.102
21720 +37.267
21730 +35.931
21740 +34.393
21750 +33.419
21760 +33.781
21770 +35.054
21780 +36.349
21790 +37.227
21800 +37.547
21810 +37.261
21820 +36.360
21830 +34.913
21840 +33.241
21850 +32.226
21860 +32.698
21870 +34.073
21880 +35.414
21890 +36.331
21900 +36.714
21910 +36.516
21920 +35.699
21930 +34.273
21940 +32.475
21950 +31.218
21960 +31.653
21970 +33.205
21980 +34.724
21990 +35.779
22000 +36.277
22010 +36.173
22020 +35.394
22030 +33.852
22040 +31.596
22050 +29.574
22060 +29.987
22070 +32.117
22080 +34.031
22090 +35.282
22100 +35.873
22110 +35.810
22120 +35.015
22130 +33.307
22140 +30.429
22150 +26.847
22160 +27.033
22170 +30.365
22180 +32.893
22190 +34.405
22200 +35.133
22210 +35.188
22220 +34.549
22230 +33.054
22240 +30.316
22250 +25.570
22260 +21.357
22270 +26.465
22280 +30.451
22290 +32.746
22300 +34.035
22310 +34.623
22320 +34.607
22330 +33.945
22340 +32.438
22350 +29.622
22360 +24.444
22370 +20.481
22380 +27.021
22390 +31.204
22400 +33.617
22410 +35.012
22420 +35.689
22430 +35.730
22440 +35.072
22450 +33.484
22460 +30.504
22470 +26.044
22480 +26.911
22490 +31.589
22500 +34.646
22510 +36.440
22520 +37.377
22530 +37.631
22540 +37.219
22550 +36.017
22560 +33.777
22570 +30.657
22580 +30.376
22590 +33.888
22600 +36.785
22610 +38.549
22620 +39.452
22630 +39.677
22640 +39.278
22650 +38.197
22660 +36.325
22670 +34.062
22680 +34.110
22690 +37.021
22700 +39.678
22710 +41.337
22720 +42.139
22730 +42.256
22740 +41.767
22750 +40.660
22760 +38.905
22770 +37.033
22780 +37.411
22790 +40.234
22800 +42.808
22810 +44.354
22820 +44.958
22830 +44.808
22840 +44.018
22850 +42.602
22860 +40.563
22870 +38.583
22880 +39.236
22890 +42.192
22900 +44.715
22910 +46.111
22920 +46.459
22930 +45.957
22940 +44.741
22950 +42.827
22960 +40.210
22970 +37.852
22980 +39.002
22990 +42.305
23000 +44.951
23010 +46.462
23020 +46.859
23030 +46.252
23040 +44.746
23050 +42.326
23060 +38.897
23070 +35.916
23080 +38.221
23090 +42.124
23100 +44.989
23110 +46.748
23120 +47.385
23130 +46.830
23140 +45.042
23150 +41.877
23160 +36.761
23170 +32.425
23180 +37.923
23190 +42.353
23200 +45.170
23210 +46.885
23220 +47.505
23230 +46.784
23240 +44.442
23250 +39.972
23260 +30.297
23270 +29.082
23280 +38.148
23290 +41.963
23300 +44.133
23310 +45.290
23320 +45.442
23330 +44.295
23340 +41.436
23350 +36.513
23360 +32.659
23370 +36.201
23380 +39.386
23390 +41.248
23400 +42.230
23410 +42.501
23420 +42.039
23430 +40.839
23440 +39.623
23450 +39.963
23460 +41.304
23470 +42.305
23480 +42.668
23490 +42.406
23500 +41.481
23510 +39.817
23520 +38.163
23530 +39.954
23540 +43.950
23550 +46.745
23560 +47.904
23570 +47.819
23580 +46.838
23590 +44.984
23600 +41.749
23610 +35.208
23620 +35.822
23630 +44.607
23640 +49.665
23650 +52.581
23660 +53.539
23670 +52.844
23680 +50.956
23690 +47.888
23700 +42.481
23710 +23.874
23720 +42.854
23730 +49.781
23740 +54.220
23750 +57.537
23760 +59.603
23770 +59.554
23780 +57.139
23790 +52.782
23800 +45.486
23810 +41.823
23820 +49.902
23830 +54.405
23840 +57.510
23850 +60.025
23860 +62.327
23870 +64.610
23880 +66.163
23890 +62.420
23900 +52.838
23910 +52.634
23920 +56.530
23930 +58.665
23940 +59.968
23950 +60.833
23960 +61.429
23970 +61.841
23980 +62.111
23990 +62.265
