-0.000724682689481939 +0.022689792544987712
-0.000699012627227821 -0.026899331590353511
-0.000730744468953614 +0.025124571624995332
-0.000675186278307161 -0.028577081908576996
-0.000667094235318505 +0.025348188087149344
-0.000721358378198388 -0.028408930539317895
-0.000671026639759935 +0.024904784932317011
-0.000810555713882776 -0.028051223833342034
-0.000611469553412030 +0.024493172908870233
-0.000869238399211087 -0.027493281928415776
-0.000634307510110618 +0.024411080707097917
-0.000866607481526696 -0.027814556996147731
-0.000612903404540033 +0.024652889710712896
-0.000798988568259926 -0.028216746670958359
-0.000670065665347637 +0.025215099587428444
-0.000775524968209613 -0.028931792125594127
-0.000746218969473508 +0.025856820535220485
-0.000728623113873852 -0.030257127927148065
-0.000755083171946556 +0.027364288032212220
-0.000735685528417722 -0.032001011835007816
-0.000761616751726550 +0.029140079582624722
-0.000811457812377948 -0.033929735838431924
-0.000736264338662380 +0.030751681855620785
-0.000893380223391211 -0.035173896542208441
-0.000701483048306071 +0.031463473242734755
-0.000938524407966795 -0.035534869209293288
-0.000657680774649977 +0.031516886658729412
-0.000930950886814811 -0.035466344085039667
-0.000653929388282948 +0.032057938754471500
-0.000900081989585655 -0.036757081269025264
-0.000735905367654629 +0.034173298973655689
-0.000888530176516160 -0.040253056200351384
-0.000814869076830192 +0.038818964328515844
-0.000854996296223713 -0.046469906202638495
-0.000842437659694320 +0.046505186123757813
-0.000826818432818974 -0.056495381739300965
-0.000827360494384748 +0.059933601539005073
-0.000833350065562779 -0.076247176687325183
-0.000757546002643261 +0.093553019118988237
-0.000876124507735057 -0.151095678171862591
-0.000575851045730609 +0.672113695242376741
-0.000944147554296939 +1.270811941873217776
-0.000707707469688662 +1.174190805748794197
-0.001161216640387631 +0.351923535441283464
-0.000819964967717231 -1.068987525022764284
-0.001003050542330179 -1.057076298281086402
-0.000767173754127118 -0.737893522105714794
-0.000984742658136616 +0.128931956953206084
-0.000977837355523787 +0.338813425232470489
-0.001057803058536099 +0.108139246067031639
-0.000860496535010199 +0.207624927233117318
-0.000863811666839691 +0.303805339522170370
-0.000700352302129291 +0.088441357140789698
-0.000843797503664776 -0.229982796030567593
-0.000783750616208546 -0.354209963732024957
-0.000993977814523864 -0.187765725162191865
-0.001160457205843243 +0.051482723983465956
-0.000007607149348014 +0.150006606022858757
-0.000254058033391867 +0.079920493796287961
-0.000974537218999137 -0.008152265135234212
-0.002121073808029296 +0.003808509787611577
-0.001801626227981264 -0.009182872770334905
-0.001389094446754646 -0.024353550916532872
-0.001339690017216687 -0.045798786224060320
+0.000429938961246249 -0.015655109778306805
-0.001001902973460146 +0.047348039269084582
+0.003137882433013946 +0.062644647398785794
+0.003410352782538589 +0.018303583929079416
+0.017477327241061727 -0.036932580379830604
+0.056361310811113688 -0.048413699167599911
+0.085829650122837359 -0.036674513108490792
+0.098710666133100894 -0.059170843509628493
+0.128545411637673940 -0.067001473627821495
+0.169897215619634223 -0.063773447137612141
+0.168616004786523804 +0.008133065044562852
+0.134200944725944987 +0.023655834427443290
+0.096986548129183420 +0.007465221657116605
+0.032248986861001444 -0.017615225285672241
-0.040490062030613436 -0.007144705963849482
-0.088113048494143531 -0.012064333614210783
-0.094873991954924811 -0.015414442971635977
-0.069114006567384437 -0.036085355697275202
-0.030530856730213551 -0.016563915991460391
+0.001415020558103079 -0.009395051743255904
+0.026503457933142051 +0.013794901129159921
+0.047723498526783731 -0.000613730308435548
+0.051317308287383109 +0.001610375021774857
+0.030994722586632047 -0.016881630976501222
+0.004468369804181120 -0.008414088822923591
-0.006448528900940323 -0.002365082745673836
-0.009208991622364304 -0.006212932337914298
-0.010604994120746671 -0.015890978201992242
-0.014048626057875765 -0.020376808738812237
-0.012101096597022598 -0.013016975240806939
-0.003961941187753998 +0.011030173565270033
+0.002192167545343519 -0.000765188449037401
+0.003056301768634882 +0.017181767203911284
-0.000264095273244963 -0.012323115758815312
-0.001222958861065147 +0.017341337277528675
-0.001628886188180027 -0.002090563868196553
-0.002822049387117860 +0.005216612222139323
-0.006838279665273127 -0.017108184595056430
-0.010402323241891300 -0.014341941472666028
-0.010583107372909895 -0.003038968818999829
-0.007560560361887268 -0.012471748045288999
-0.005495737196084838 -0.010099560676543828
-0.004394784825190293 -0.021292090490119819
-0.001336238298850611 +0.000793015599666103
+0.003982370012202228 +0.009443123975456547
+0.007285440402414221 +0.005323277995371023
+0.004353275603319798 +0.009805922709263337
-0.001809933289602846 -0.008298131366932887
-0.006435592631095322 +0.022659473863890538
-0.009533459171370174 -0.009913362219864219
-0.010725842556916783 +0.006295848073531748
-0.010523318521830695 -0.020784338392658350
-0.009388504126247182 -0.000223333349014063
-0.006686581052720608 -0.007065839330986800
-0.002600053214062375 -0.008440609704469467
+0.000025632684840250 -0.007688793981639323
+0.000948779212448385 -0.002490749814404633
-0.000278537213251784 +0.009573806786781991
-0.001568400341918775 +0.005073825180284819
-0.004792686049838851 -0.001596402866484329
-0.007699334101528661 +0.002751125741888908
-0.009310699013700390 +0.003034029604106845
-0.009713916136691755 +0.003233104501029923
-0.008686702560944979 -0.017405609621899978
-0.007165006504922735 -0.011536669577026783
-0.005604515566766022 -0.015000538580566911
-0.004209246493520490 -0.002164830937328848
-0.001415062024080511 -0.015438920559180239
+0.000835338852995372 -0.012571666988155891
+0.002059791094223204 -0.020126486726131529
+0.002383763818086985 +0.006179953891330452
+0.002070427925149831 -0.005913193698006761
+0.000415382349908903 +0.003661509978421743
-0.002696543447724526 -0.011287441802270771
-0.004277724870569342 +0.006266363041678881
-0.006204397746723706 -0.001706869963912892
-0.007139634323052648 -0.014975770236063743
-0.006340386884523697 -0.039445514314351018
-0.004453331076762964 -0.063032424807508897
-0.001784908277600445 -0.059918105636714070
+0.000590556505467080 -0.043379737760062792
+0.002530443038216897 +0.001709301450965548
+0.002295781644837294 +0.042673346201125069
+0.001643231859698497 +0.067982713808776296
+0.000264243166617764 +0.069289219305074493
-0.001620397421034770 +0.021208359322524972
-0.004049014618391258 +0.010501207862192573
-0.004922481218146589 -0.029840543880305652
-0.005412755634184176 -0.009844027935507491
-0.006165366684749122 -0.026964737893708308
-0.004837639088851947 -0.011957335273433671
-0.002599615001046226 -0.013478621753379385
+0.000113333555022213 -0.016120955486179239
+0.001644608001434068 -0.010898900356159355
+0.002069037940364735 -0.027622072209618445
+0.001528719069367410 -0.023204823544644485
+0.000789421242678455 -0.019792055295042889
-0.000996663009462345 -0.009266547469709244
-0.004003156286671451 +0.014917337046318657
-0.007005957406833309 +0.034665579503274896
-0.008618229973435011 +0.049489150637495226
-0.009213273524285977 +0.048296034768761098
-0.009756026023730303 +0.020600215195009406
-0.008740683856812446 -0.001635208076362551
-0.007472485150300686 -0.011332929903933461
-0.006148637224820114 -0.015714968195750384
-0.004794473782190698 +0.008692355758693301
-0.003697674521808018 -0.002438584888541692
-0.003311605594654432 +0.022362807947187507
-0.003818202300439630 +0.010331341575594427
-0.004850160625208674 +0.012234498938338955
-0.006412998321710340 +0.005416045276487706
-0.006489376264250866 -0.015291573445694109
-0.005232774162795818 -0.006634166389685239
-0.002841333333083274 -0.017283064997754879
-0.000351663140270357 +0.000051931253917656
+0.002784292223120013 +0.001712725067150232
+0.005570602443084988 +0.005482972177210072
+0.006018757649017204 +0.014604538999434299
+0.005375982885969062 +0.004342914492257252
+0.003320219323260766 +0.010030507374070699
+0.001586339395560913 -0.002485911898113861
+0.000093075590377494 +0.000165286480953689
-0.001334833339875484 -0.004179592175151224
-0.002181198098858944 -0.004003096842461308
-0.002978435157603874 -0.006458631186991073
-0.003338448646655103 -0.003495814834633350
-0.003965308752757395 -0.007962357600594924
-0.004143195850774876 +0.000565858032506660
-0.003509780969140517 -0.007014365221862705
-0.001372050867627625 +0.002906122815264715
+0.001326200506846771 -0.001149499362073569
+0.004620253754787518 +0.003302037060779667
+0.007318669171409606 +0.005953111734402562
+0.009331116474780604 -0.000019237706439294
+0.009813977388051679 +0.007885073769414311
+0.008015958273094988 -0.002984503684270851
+0.004587693818751272 +0.002131517400952417
+0.000513756603004824 -0.004377631506387373
-0.000620742614136985 -0.006505669477060730
-0.000635324239672181 -0.000219731630660684
+0.000311479283061184 -0.010255359123706245
+0.001786585411887821 +0.005613568874488915
+0.001902512745610216 -0.008259427916489722
+0.001905186430027461 +0.008182648599871695
+0.000935321495595850 -0.003823557813270715
+0.000048887445683399 +0.004092282189445741
-0.000852285932950265 +0.000177024026136547
-0.001386000499641078 -0.000778488952331293
-0.000998844567228268 +0.003720901906032788
-0.000518131111842938 -0.004210934443843075
+0.000178434349104380 +0.002955303849126947
+0.000840502602634190 -0.004602660517311244
+0.001267258204351489 +0.001019416786034438
+0.001444308265092017 -0.001431564113908137
+0.001220897489629476 -0.001892294493088868
+0.000904246154193386 +0.002354460328487656
+0.000541089535818361 -0.003761468549298770
-0.000007697802529315 +0.005182432004599336
-0.000387050775962217 -0.005852412786875313
-0.000936167282510141 +0.004305347127751309
-0.001171313216249127 -0.006525936179536455
-0.001243346978275427 +0.002482028592666972
-0.001273115372490706 -0.004608592250320906
-0.000993559618232566 +0.000243374899921127
-0.000790001125590272 -0.000490437625667129
-0.000131941900300840 +0.000125684674479683
+0.000161501662068647 +0.003878645128007747
+0.000537803977271592 +0.000971150757933983
+0.000464333266435268 +0.005382794756519038
+0.000246745391896405 +0.002790126570735407
-0.000194328842082314 +0.004276199295836849
-0.000796000272817927 +0.003568602586557973
-0.001127825929437858 +0.000400828362652900
-0.001478101113232022 +0.002731594193076742
-0.001252796828356274 -0.003792070675892715
-0.001133126615290389 +0.000858020889443016
-0.000604972496014892 -0.006896561430489606
-0.000184894852744535 +0.000567367250115071
+0.000306074710563472 -0.005478995404691798
+0.000640075639543848 +0.002914977379122968
+0.000610648680681425 -0.002584847655272325
+0.000690714924977678 +0.002884616650082601
+0.000340983772360494 -0.002286358569341624
+0.000293453676012213 -0.000464083542450612
-0.000165819267044041 -0.002955610119419983
-0.000256514554091202 -0.001928492120409787
-0.000510742599327478 +0.000068001531488598
-0.000534271868005962 +0.000534370601166409
-0.000453727078386390 +0.002696562606079687
-0.000503056777484633 +0.000854444009631474
-0.000171082238753001 +0.000596846975834033
-0.000232201923779160 -0.000170891107505305
+0.000083630324979739 -0.002454827203002929
-0.000053863386219079 +0.000586865266106196
+0.000059244451260022 -0.003764924575014024
+0.000044632488816595 +0.004004211971274898
-0.000015739164923094 -0.002968789708576774
+0.000137075588798400 +0.006542347675192441
+0.000063310178286289 -0.003729871853170181
+0.000420056628997754 +0.003847379617484695
+0.000463446830418432 -0.006260753424354342
+0.000816519313117253 -0.001258033500370340
+0.000842664714929661 -0.005026928566860615
+0.000927581562846200 -0.002313035829678938
+0.000856066384477710 +0.001156594221489894
+0.000627112343303920 -0.000670805552894940
+0.000443048231576555 +0.003940293046507517
+0.000031831313711327 -0.001265932856240395
-0.000155254319242539 +0.000893585684092849
-0.000555278421138585 -0.001232874219447037
-0.000685532953571849 -0.002936542657425817
-0.000841219641880124 +0.002052587846039255
-0.000798835285283250 -0.004417051854401016
-0.000695556688914297 +0.006523567535309568
-0.000596479284111182 -0.004379258859670405
-0.000428118890940912 +0.007628939908186584
-0.000391473688745308 -0.004608469211215004
-0.000220197211474113 +0.004408106646490316
-0.000221214533899683 -0.003826706642403340
-0.000060783143701173 +0.000189232609277111
-0.000068437937496147 -0.000651996677949029
+0.000072431501214500 -0.001654582150304396
+0.000034533011085374 +0.002578875697038475
+0.000034936159106160 -0.001658836409732068
-0.000056741151203537 +0.001716438742411633
-0.000149271502261593 -0.000738310588757196
-0.000170918804491593 -0.001807886945329705
-0.000223583028617164 +0.001664617585158346
-0.000093454396418663 -0.004350907565530533
-0.000121855885558397 +0.004186540951859385
+0.000026166575273851 -0.004372978963283793
-0.000098898881258669 +0.005099695892629347
-0.000147815819523341 -0.003392467906358110
-0.000346771614380317 +0.003922942150415276
-0.000528794470980495 -0.003233282568329221
-0.000567860003627416 +0.002413769744514627
-0.000670403444384534 -0.003491285421162449
-0.000388321654696472 +0.001866498840551511
-0.000316139175424618 -0.003057178064608479
+0.000055700184754392 +0.001753925328360079
+0.000069478805256843 -0.001705432705135082
+0.000169323493753981 +0.000849764381297177
+0.000061552964437138 -0.000472170199024680
-0.000034546219622664 -0.000312383836525890
-0.000015155809688953 -0.000220882108074957
-0.000108152333262165 -0.000164398257335469
+0.000095983144886250 -0.001473553770841157
+0.000026196620855813 +0.001726073694695174
+0.000206728263944561 -0.003746131907190878
+0.000091342218155895 +0.004113792906326880
+0.000071264863877941 -0.005787155856997257
-0.000011135570709710 +0.005429883574724596
-0.000178658111026155 -0.006162625136585567
-0.000108845975229198 +0.005142560612398850
-0.000274926118653177 -0.004749732261532438
-0.000074443722895747 +0.003576222557314952
-0.000160029994396129 -0.002632576367618239
-0.000004329864609227 +0.001685768593793619
-0.000078048616187732 -0.001084204547734351
-0.000110871735341559 +0.000253874958883848
-0.000126904531293895 -0.000646996491918642
-0.000205265563471328 -0.000127898719748346
-0.000111232609553508 -0.001198033903289288
-0.000117787639284578 +0.000627580227353410
+0.000023074950372223 -0.002528588121095698
+0.000030068192051508 +0.002291943284528152
+0.000110568461207577 -0.004365192435775662
+0.000051374772210955 +0.004205952508651245
+0.000024078654227117 -0.006146146850364971
-0.000060392299422909 +0.005602368095268250
-0.000144724781993448 -0.006885453938668552
-0.000150933318231756 +0.005705539984436088
-0.000252956122342159 -0.006066185803510813
-0.000151654081689871 +0.004274662616223621
-0.000255648849801602 -0.003921088239030651
-0.000130753308579759 +0.002113563653885809
-0.000225269208244828 -0.001589472667523462
-0.000153684444556584 +0.000560428586699302
-0.000194729609438451 -0.000449908329465058
-0.000197413233308662 +0.000561675514000660
-0.000169739032286797 -0.001293087532663228
-0.000224107509132224 +0.001981175672410426
-0.000151967181814319 -0.003525202146827501
-0.000216659094620194 +0.004032961326723214
-0.000144452476561196 -0.005658344770906799
-0.000193049120075261 +0.005585249189115742
-0.000142769517887400 -0.006700495012542751
-0.000147127596228831 +0.005844319991599359
-0.000132821745776290 -0.006608829224499162
-0.000086884876973610 +0.004966844202776299
-0.000130598899131935 -0.005750187785043784
-0.000046800904111291 +0.003889966988374131
-0.000162866714812652 -0.004549137974187045
-0.000069290103386967 +0.003172641681789816
-0.000223982361480423 -0.003586533935430812
-0.000147969298002524 +0.002733173771210434
-0.000262236774340036 -0.003216143767619861
-0.000236758129651143 +0.002450278196734879
-0.000250835294599943 -0.003459215670553600
-0.000293148576102155 +0.002582794255549803
-0.000204431133717334 -0.004032086958835890
-0.000298686029201820 +0.003502748063532402
-0.000172341377176629 -0.004836597163583173
-0.000259649455701945 +0.004904541250864582
-0.000173156815215667 -0.006042175210230122
-0.000186281131992971 +0.005996660012879560
-0.000192486175278816 -0.007366915583887017
-0.000110407044162006 +0.006399985906864514
-0.000207905377447651 -0.007834636344378924
-0.000063089829490589 +0.006189188995590090
-0.000197196721644394 -0.006962329669875231
-0.000057210532759644 +0.005236230604306746
-0.000161770294961818 -0.005383382661811280
-0.000086869993117768 +0.003689723051029879
-0.000129031717015265 -0.004044392158616102
-0.000142301856476898 +0.002404293159316867
-0.000127183160122008 -0.003594664567449105
-0.000200654746177072 +0.002411083956617519
-0.000157678057602563 -0.004245098799890958
-0.000243864908515435 +0.003942985917265448
-0.000208724538326951 -0.005894488753628018
-0.000264638947919910 +0.006110759647436508
-0.000257453135085797 -0.007979463234302920
-0.000255931247957247 +0.007703176016348325
-0.000281854137281610 -0.009409028952206718
-0.000219837851253517 +0.008115237797164894
-0.000274219538353295 -0.009252983709022217
-0.000175442788581542 +0.007362989976629864
-0.000253543463554197 -0.007737112397395025
-0.000156096933295068 +0.005781593443281175
-0.000242691761403269 -0.005982252197962871
-0.000174270874751587 +0.004161040282223798
-0.000242725426931937 -0.004997100423191556
-0.000208393393140443 +0.003463254958235207
-0.000233653677362970 -0.005163013175680193
-0.000229263465251459 +0.004163278844329342
-0.000212986927598803 -0.006310062061579051
-0.000241504316842875 +0.005846813692983349
-0.000211175986146646 -0.007960935651845956
-0.000264112595067320 +0.007571323577369013
-0.000244710432970346 -0.009442095190183764
-0.000287013035571705 +0.008579407025729102
-0.000288602585014769 -0.010125829078654629
-0.000277648584515711 +0.008679135012472335
-0.000312784187377946 -0.009822921319083199
-0.000241261399922739 +0.008068491006563518
-0.000326994602114436 -0.008941829899171957
-0.000219642737244781 +0.007107102676171973
-0.000341524470571677 -0.008063442178579159
-0.000228537884301202 +0.006246107696438456
-0.000335882674691563 -0.007555400625856728
-0.000248990200427788 +0.005869879841218813
-0.000295169818411992 -0.007554191390580306
-0.000267026756569943 +0.006149296777221423
-0.000248234317793064 -0.008110560864584842
-0.000290598736348871 +0.006997337987168029
-0.000238738844757890 -0.009161094853053667
-0.000318773004192442 +0.008159751068665533
-0.000274359913817001 -0.010408116958565469
-0.000325810168648651 +0.009282310643667538
-0.000320700472584784 -0.011395499535215819
-0.000293834600366238 +0.009998097567568712
-0.000352807921734174 -0.011767754515828718
-0.000253703205856433 +0.010060459709302388
-0.000378255681815837 -0.011478543209969133
-0.000248225952153802 +0.009502635390886489
-0.000395487223462518 -0.010756786468015003
-0.000278693225056710 +0.008641933747067412
-0.000386029217381186 -0.009974811922575141
-0.000315227954167304 +0.007914486502748688
-0.000348309365278119 -0.009523737006657942
-0.000338610588894435 +0.007696019896969750
-0.000311692442398943 -0.009723189212571873
-0.000349465682869281 +0.008207821597366674
-0.000305229608307995 -0.010686528230081024
-0.000350097750389334 +0.009435986231542043
-0.000329538169347434 -0.012209576982687827
-0.000338039331800034 +0.011016095968572883
-0.000364550903303551 -0.013756850837676133
-0.000317898270978442 +0.012293398639426774
-0.000397165379356349 -0.014652248387396856
-0.000308373670449302 +0.012649596962055495
-0.000425075989885586 -0.014467976988677359
-0.000319995286076356 +0.011933191418336996
-0.000442473249143686 -0.013368535606947238
-0.000345024972240169 +0.010608056537982202
-0.000441837088641217 -0.012080150633487855
-0.000370856040866306 +0.009534438611401571
-0.000426725512799092 -0.011476652227963778
-0.000392487453277302 +0.009471189672955873
-0.000412052906734111 -0.012056642321890050
-0.000409373453300964 +0.010580492959934826
-0.000409168158517305 -0.013626827151385662
-0.000417948482074583 +0.012331486050848679
-0.000418148775385319 -0.015454609652467137
-0.000414340471913782 +0.013890410905468380
-0.000433945548635127 -0.016731254166904755
-0.000401451359597739 +0.014627783951244758
-0.000455214277280467 -0.017050452120783120
-0.000388551801064792 +0.014470852032877433
-0.000481130928040521 -0.016593687115574560
-0.000383258905209028 +0.013797780941594562
-0.000505653031018941 -0.015884070727713799
-0.000390069553292152 +0.013109702493772760
-0.000520086091980565 -0.015411493102472053
-0.000411443839849553 +0.012794652609575213
-0.000519496717472207 -0.015414455475638087
-0.000446015476467885 +0.013023776372172160
-0.000507437066247767 -0.015927407698806694
-0.000483926707898776 +0.013761170619667210
-0.000494645196165824 -0.016887678711870007
-0.000509359706386728 +0.014831136311582317
-0.000494549233806067 -0.018117317797242728
-0.000511574575031937 +0.015995737162460576
-0.000514810551105681 -0.019308148568534762
-0.000492459673777679 +0.016977349533240392
-0.000551050948787221 -0.020133416270929124
-0.000466310211097625 +0.017513481222799023
-0.000588068222914961 -0.020421307692214997
-0.000450836688723662 +0.017494572132101517
-0.000609980438823528 -0.020240319492765748
-0.000457678773039178 +0.017084959372674912
-0.000610224892918346 -0.019865116848478134
-0.000486437965668024 +0.016675780592135606
-0.000595384515524232 -0.019667655120366556
-0.000526612525253755 +0.016681362372050146
-0.000580258017520236 -0.019998014184587284
-0.000563283960841421 +0.017339002936129860
-0.000578316383405341 -0.021048172582760344
-0.000584322451569905 +0.018666158326534409
-0.000595247990774575 -0.022764556668457035
-0.000585464565800829 +0.020517905136506854
-0.000626878203003205 -0.023512243231655273
-0.000572581835656705 +0.021234075146502204
-0.000662849741620395 -0.023644493375351780
-0.000558768773569225 +0.019522680520929772
-0.000690915089354370 -0.023538357094788402
-0.000559143241233180 +0.019244638207263635
-0.000697119457009438 -0.024457997683722719
-0.000601206653154304 +0.025471911050262641
-0.000708920099826268 -0.025394051083907632
-0.000529705966604158 +0.022385386226160667
-0.000742335825017026 -0.022891819011924847
-0.000637112322508933 +0.018447851076448567
-0.000861277405150910 -0.022550626033348734
-0.000748446629050848 +0.020069749010502135
-0.000779012049540604 -0.024237391892115503
