00000 -0.148
00010 -0.147
00020 -0.146
00030 -0.143
00040 -0.141
00050 -0.138
00060 -0.136
00070 -0.133
00080 -0.130
00090 -0.126
00100 -0.121
00110 -0.115
00120 -0.108
00130 -0.100
00140 -0.094
00150 -0.088
00160 -0.083
00170 -0.079
00180 -0.075
00190 -0.071
00200 -0.067
00210 -0.061
00220 -0.056
00230 -0.050
00240 -0.044
00250 -0.040
00260 -0.036
00270 -0.034
00280 -0.032
00290 -0.031
00300 -0.029
00310 -0.028
00320 -0.026
00330 -0.024
00340 -0.022
00350 -0.020
00360 -0.020
00370 -0.020
00380 -0.022
00390 -0.025
00400 -0.028
00410 -0.031
00420 -0.035
00430 -0.039
00440 -0.044
00450 -0.048
00460 -0.054
00470 -0.061
00480 -0.070
00490 -0.080
00500 -0.092
00510 -0.105
00520 -0.119
00530 -0.133
00540 -0.146
00550 -0.158
00560 -0.170
00570 -0.181
00580 -0.192
00590 -0.203
00600 -0.214
00610 -0.225
00620 -0.234
00630 -0.242
00640 -0.248
00650 -0.252
00660 -0.255
00670 -0.257
00680 -0.259
00690 -0.262
00700 -0.267
00710 -0.272
00720 -0.277
00730 -0.281
00740 -0.285
00750 -0.287
00760 -0.287
00770 -0.287
00780 -0.286
00790 -0.286
00800 -0.286
00810 -0.286
00820 -0.285
00830 -0.283
00840 -0.279
00850 -0.271
00860 -0.261
00870 -0.250
00880 -0.237
00890 -0.224
00900 -0.213
00910 -0.202
00920 -0.192
00930 -0.182
00940 -0.173
00950 -0.164
00960 -0.155
00970 -0.148
00980 -0.142
00990 -0.139
01000 -0.138
01010 -0.140
01020 -0.144
01030 -0.149
01040 -0.155
01050 -0.162
01060 -0.169
01070 -0.176
01080 -0.183
01090 -0.191
01100 -0.201
01110 -0.211
01120 -0.222
01130 -0.234
01140 -0.246
01150 -0.257
01160 -0.268
01170 -0.278
01180 -0.286
01190 -0.294
01200 -0.301
01210 -0.307
01220 -0.314
01230 -0.321
01240 -0.326
01250 -0.330
01260 -0.332
01270 -0.332
01280 -0.329
01290 -0.323
01300 -0.316
01310 -0.307
01320 -0.297
01330 -0.286
01340 -0.274
01350 -0.261
01360 -0.246
01370 -0.230
01380 -0.212
01390 -0.192
01400 -0.172
01410 -0.152
01420 -0.134
01430 -0.117
01440 -0.102
01450 -0.089
01460 -0.077
01470 -0.067
01480 -0.058
01490 -0.051
01500 -0.046
01510 -0.042
01520 -0.042
01530 -0.045
01540 -0.052
01550 -0.063
01560 -0.076
01570 -0.093
01580 -0.111
01590 -0.131
01600 -0.151
01610 -0.172
01620 -0.194
01630 -0.215
01640 -0.238
01650 -0.260
01660 -0.281
01670 -0.300
01680 -0.316
01690 -0.328
01700 -0.337
01710 -0.342
01720 -0.345
01730 -0.346
01740 -0.347
01750 -0.348
01760 -0.349
01770 -0.350
01780 -0.350
01790 -0.349
01800 -0.347
01810 -0.344
01820 -0.340
01830 -0.338
01840 -0.336
01850 -0.336
01860 -0.338
01870 -0.340
01880 -0.343
01890 -0.346
01900 -0.348
01910 -0.350
01920 -0.352
01930 -0.353
01940 -0.356
01950 -0.360
01960 -0.366
01970 -0.373
01980 -0.380
01990 -0.388
02000 -0.395
02010 -0.401
02020 -0.407
02030 -0.413
02040 -0.418
02050 -0.425
02060 -0.432
02070 -0.440
02080 -0.448
02090 -0.456
02100 -0.462
02110 -0.467
02120 -0.470
02130 -0.472
02140 -0.472
02150 -0.472
02160 -0.471
02170 -0.471
02180 -0.470
02190 -0.468
02200 -0.465
02210 -0.461
02220 -0.455
02230 -0.447
02240 -0.438
02250 -0.429
02260 -0.419
02270 -0.410
02280 -0.401
02290 -0.391
02300 -0.381
02310 -0.369
02320 -0.357
02330 -0.342
02340 -0.326
02350 -0.309
02360 -0.292
02370 -0.275
02380 -0.258
02390 -0.242
02400 -0.225
02410 -0.208
02420 -0.191
02430 -0.173
02440 -0.155
02450 -0.137
02460 -0.121
02470 -0.106
02480 -0.094
02490 -0.085
02500 -0.079
02510 -0.075
02520 -0.074
02530 -0.075
02540 -0.079
02550 -0.085
02560 -0.095
02570 -0.108
02580 -0.125
02590 -0.146
02600 -0.170
02610 -0.197
02620 -0.225
02630 -0.256
02640 -0.286
02650 -0.317
02660 -0.347
02670 -0.378
02680 -0.408
02690 -0.438
02700 -0.467
02710 -0.495
02720 -0.521
02730 -0.544
02740 -0.563
02750 -0.577
02760 -0.588
02770 -0.594
02780 -0.598
02790 -0.598
02800 -0.596
02810 -0.591
02820 -0.584
02830 -0.574
02840 -0.562
02850 -0.547
02860 -0.532
02870 -0.516
02880 -0.500
02890 -0.486
02900 -0.475
02910 -0.466
02920 -0.459
02930 -0.456
02940 -0.455
02950 -0.456
02960 -0.460
02970 -0.466
02980 -0.475
02990 -0.487
03000 -0.502
03010 -0.520
03020 -0.541
03030 -0.564
03040 -0.589
03050 -0.614
03060 -0.640
03070 -0.666
03080 -0.691
03090 -0.717
03100 -0.742
03110 -0.766
03120 -0.789
03130 -0.811
03140 -0.831
03150 -0.847
03160 -0.860
03170 -0.868
03180 -0.871
03190 -0.869
03200 -0.863
03210 -0.853
03220 -0.838
03230 -0.820
03240 -0.797
03250 -0.769
03260 -0.738
03270 -0.704
03280 -0.667
03290 -0.628
03300 -0.588
03310 -0.549
03320 -0.512
03330 -0.477
03340 -0.444
03350 -0.414
03360 -0.388
03370 -0.365
03380 -0.345
03390 -0.329
03400 -0.316
03410 -0.308
03420 -0.304
03430 -0.304
03440 -0.308
03450 -0.316
03460 -0.328
03470 -0.343
03480 -0.360
03490 -0.380
03500 -0.402
03510 -0.426
03520 -0.452
03530 -0.481
03540 -0.512
03550 -0.545
03560 -0.580
03570 -0.617
03580 -0.654
03590 -0.691
03600 -0.729
03610 -0.767
03620 -0.805
03630 -0.843
03640 -0.881
03650 -0.918
03660 -0.954
03670 -0.989
03680 -1.020
03690 -1.049
03700 -1.073
03710 -1.092
03720 -1.106
03730 -1.115
03740 -1.118
03750 -1.115
03760 -1.106
03770 -1.090
03780 -1.068
03790 -1.040
03800 -1.006
03810 -0.968
03820 -0.926
03830 -0.883
03840 -0.840
03850 -0.798
03860 -0.758
03870 -0.721
03880 -0.689
03890 -0.660
03900 -0.637
03910 -0.617
03920 -0.603
03930 -0.593
03940 -0.587
03950 -0.587
03960 -0.590
03970 -0.598
03980 -0.608
03990 -0.622
04000 -0.638
04010 -0.655
04020 -0.673
04030 -0.692
04040 -0.712
04050 -0.732
04060 -0.751
04070 -0.771
04080 -0.790
04090 -0.808
04100 -0.824
04110 -0.838
04120 -0.850
04130 -0.858
04140 -0.864
04150 -0.868
04160 -0.868
04170 -0.866
04180 -0.862
04190 -0.855
04200 -0.846
04210 -0.835
04220 -0.821
04230 -0.805
04240 -0.788
04250 -0.770
04260 -0.750
04270 -0.731
04280 -0.711
04290 -0.692
04300 -0.673
04310 -0.654
04320 -0.636
04330 -0.618
04340 -0.600
04350 -0.583
04360 -0.565
04370 -0.549
04380 -0.532
04390 -0.516
04400 -0.501
04410 -0.485
04420 -0.470
04430 -0.454
04440 -0.437
04450 -0.419
04460 -0.401
04470 -0.382
04480 -0.363
04490 -0.342
04500 -0.322
04510 -0.300
04520 -0.278
04530 -0.256
04540 -0.232
04550 -0.208
04560 -0.183
04570 -0.157
04580 -0.131
04590 -0.104
04600 -0.078
04610 -0.053
04620 -0.028
04630 -0.003
04640 +0.021
04650 +0.044
04660 +0.066
04670 +0.088
04680 +0.108
04690 +0.127
04700 +0.145
04710 +0.160
04720 +0.174
04730 +0.186
04740 +0.197
04750 +0.206
04760 +0.213
04770 +0.220
04780 +0.227
04790 +0.232
04800 +0.237
04810 +0.241
04820 +0.244
04830 +0.247
04840 +0.251
04850 +0.254
04860 +0.259
04870 +0.265
04880 +0.272
04890 +0.280
04900 +0.290
04910 +0.300
04920 +0.311
04930 +0.322
04940 +0.334
04950 +0.346
04960 +0.358
04970 +0.369
04980 +0.381
04990 +0.392
05000 +0.402
05010 +0.410
05020 +0.416
05030 +0.420
05040 +0.421
05050 +0.419
05060 +0.415
05070 +0.409
05080 +0.400
05090 +0.390
05100 +0.377
05110 +0.362
05120 +0.346
05130 +0.328
05140 +0.308
05150 +0.287
05160 +0.265
05170 +0.243
05180 +0.222
05190 +0.201
05200 +0.182
05210 +0.165
05220 +0.149
05230 +0.136
05240 +0.125
05250 +0.116
05260 +0.110
05270 +0.107
05280 +0.107
05290 +0.112
05300 +0.119
05310 +0.131
05320 +0.145
05330 +0.163
05340 +0.182
05350 +0.204
05360 +0.228
05370 +0.253
05380 +0.280
05390 +0.308
05400 +0.337
05410 +0.366
05420 +0.396
05430 +0.426
05440 +0.455
05450 +0.483
05460 +0.510
05470 +0.536
05480 +0.561
05490 +0.585
05500 +0.608
05510 +0.630
05520 +0.651
05530 +0.671
05540 +0.690
05550 +0.708
05560 +0.725
05570 +0.741
05580 +0.755
05590 +0.769
05600 +0.783
05610 +0.797
05620 +0.811
05630 +0.825
05640 +0.839
05650 +0.853
05660 +0.867
05670 +0.880
05680 +0.894
05690 +0.908
05700 +0.922
05710 +0.936
05720 +0.951
05730 +0.966
05740 +0.981
05750 +0.996
05760 +1.011
05770 +1.025
05780 +1.038
05790 +1.051
05800 +1.062
05810 +1.073
05820 +1.083
05830 +1.093
05840 +1.101
05850 +1.108
05860 +1.114
05870 +1.118
05880 +1.121
05890 +1.122
05900 +1.122
05910 +1.120
05920 +1.117
05930 +1.113
05940 +1.109
05950 +1.103
05960 +1.096
05970 +1.089
05980 +1.080
05990 +1.071
06000 +1.060
06010 +1.049
06020 +1.038
06030 +1.027
06040 +1.016
06050 +1.005
06060 +0.993
06070 +0.982
06080 +0.971
06090 +0.959
06100 +0.947
06110 +0.935
06120 +0.924
06130 +0.912
06140 +0.900
06150 +0.889
06160 +0.878
06170 +0.866
06180 +0.855
06190 +0.843
06200 +0.830
06210 +0.817
06220 +0.803
06230 +0.789
06240 +0.775
06250 +0.761
06260 +0.746
06270 +0.730
06280 +0.715
06290 +0.699
06300 +0.682
06310 +0.665
06320 +0.648
06330 +0.631
06340 +0.613
06350 +0.596
06360 +0.579
06370 +0.563
06380 +0.547
06390 +0.532
06400 +0.517
06410 +0.502
06420 +0.489
06430 +0.476
06440 +0.464
06450 +0.453
06460 +0.443
06470 +0.435
06480 +0.428
06490 +0.421
06500 +0.416
06510 +0.412
06520 +0.408
06530 +0.405
06540 +0.403
06550 +0.400
06560 +0.399
06570 +0.397
06580 +0.396
06590 +0.395
06600 +0.394
06610 +0.393
06620 +0.391
06630 +0.389
06640 +0.386
06650 +0.383
06660 +0.379
06670 +0.374
06680 +0.369
06690 +0.364
06700 +0.359
06710 +0.353
06720 +0.346
06730 +0.339
06740 +0.332
06750 +0.324
06760 +0.316
06770 +0.308
06780 +0.300
06790 +0.292
06800 +0.284
06810 +0.276
06820 +0.269
06830 +0.262
06840 +0.255
06850 +0.248
06860 +0.241
06870 +0.234
06880 +0.227
06890 +0.221
06900 +0.215
06910 +0.210
06920 +0.204
06930 +0.199
06940 +0.193
06950 +0.188
06960 +0.182
06970 +0.176
06980 +0.169
06990 +0.163
07000 +0.156
07010 +0.150
07020 +0.143
07030 +0.137
07040 +0.130
07050 +0.123
07060 +0.116
07070 +0.109
07080 +0.102
07090 +0.095
07100 +0.088
07110 +0.081
07120 +0.075
07130 +0.070
07140 +0.066
07150 +0.061
07160 +0.058
07170 +0.054
07180 +0.051
07190 +0.049
07200 +0.047
07210 +0.045
07220 +0.045
07230 +0.045
07240 +0.045
07250 +0.046
07260 +0.047
07270 +0.048
07280 +0.049
07290 +0.049
07300 +0.048
07310 +0.048
07320 +0.046
07330 +0.044
07340 +0.042
07350 +0.039
07360 +0.035
07370 +0.030
07380 +0.023
07390 +0.016
07400 +0.006
07410 -0.004
07420 -0.015
07430 -0.026
07440 -0.038
07450 -0.051
07460 -0.063
07470 -0.076
07480 -0.089
07490 -0.103
07500 -0.116
07510 -0.129
07520 -0.141
07530 -0.152
07540 -0.161
07550 -0.169
07560 -0.175
07570 -0.180
07580 -0.182
07590 -0.183
07600 -0.182
07610 -0.180
07620 -0.176
07630 -0.170
07640 -0.161
07650 -0.150
07660 -0.138
07670 -0.123
07680 -0.107
07690 -0.091
07700 -0.074
07710 -0.056
07720 -0.039
07730 -0.022
07740 -0.005
07750 +0.011
07760 +0.026
07770 +0.041
07780 +0.054
07790 +0.065
07800 +0.073
07810 +0.079
07820 +0.082
07830 +0.082
07840 +0.080
07850 +0.075
07860 +0.068
07870 +0.060
07880 +0.049
07890 +0.037
07900 +0.023
07910 +0.008
07920 -0.008
07930 -0.026
07940 -0.043
07950 -0.060
07960 -0.075
07970 -0.089
07980 -0.100
07990 -0.110
08000 -0.117
08010 -0.122
08020 -0.125
08030 -0.126
08040 -0.125
08050 -0.121
08060 -0.115
08070 -0.106
08080 -0.094
08090 -0.081
08100 -0.066
08110 -0.051
08120 -0.035
08130 -0.019
08140 -0.003
08150 +0.013
08160 +0.028
08170 +0.044
08180 +0.058
08190 +0.072
08200 +0.085
08210 +0.097
08220 +0.107
08230 +0.115
08240 +0.121
08250 +0.125
08260 +0.127
08270 +0.128
08280 +0.128
08290 +0.127
08300 +0.126
08310 +0.123
08320 +0.119
08330 +0.115
08340 +0.110
08350 +0.104
08360 +0.098
08370 +0.092
08380 +0.087
08390 +0.084
08400 +0.082
08410 +0.082
08420 +0.083
08430 +0.085
08440 +0.089
08450 +0.094
08460 +0.101
08470 +0.110
08480 +0.120
08490 +0.134
08500 +0.149
08510 +0.168
08520 +0.188
08530 +0.209
08540 +0.232
08550 +0.256
08560 +0.281
08570 +0.307
08580 +0.334
08590 +0.362
08600 +0.391
08610 +0.420
08620 +0.450
08630 +0.481
08640 +0.510
08650 +0.540
08660 +0.568
08670 +0.595
08680 +0.620
08690 +0.645
08700 +0.669
08710 +0.691
08720 +0.712
08730 +0.732
08740 +0.750
08750 +0.766
08760 +0.780
08770 +0.792
08780 +0.801
08790 +0.808
08800 +0.814
08810 +0.818
08820 +0.821
08830 +0.823
08840 +0.824
08850 +0.823
08860 +0.822
08870 +0.819
08880 +0.815
08890 +0.810
08900 +0.805
08910 +0.800
08920 +0.795
08930 +0.790
08940 +0.786
08950 +0.782
08960 +0.779
08970 +0.775
08980 +0.772
08990 +0.768
09000 +0.764
09010 +0.761
09020 +0.759
09030 +0.757
09040 +0.756
09050 +0.757
09060 +0.757
09070 +0.758
09080 +0.759
09090 +0.760
09100 +0.760
09110 +0.761
09120 +0.762
09130 +0.764
09140 +0.767
09150 +0.770
09160 +0.774
09170 +0.778
09180 +0.782
09190 +0.786
09200 +0.789
09210 +0.792
09220 +0.795
09230 +0.799
09240 +0.803
09250 +0.807
09260 +0.812
09270 +0.817
09280 +0.822
09290 +0.827
09300 +0.831
09310 +0.834
09320 +0.837
09330 +0.839
09340 +0.842
09350 +0.845
09360 +0.848
09370 +0.851
09380 +0.854
09390 +0.856
09400 +0.856
09410 +0.856
09420 +0.854
09430 +0.851
09440 +0.847
09450 +0.842
09460 +0.837
09470 +0.831
09480 +0.824
09490 +0.815
09500 +0.804
09510 +0.791
09520 +0.775
09530 +0.756
09540 +0.736
09550 +0.713
09560 +0.688
09570 +0.662
09580 +0.635
09590 +0.605
09600 +0.573
09610 +0.539
09620 +0.501
09630 +0.461
09640 +0.419
09650 +0.376
09660 +0.331
09670 +0.286
09680 +0.242
09690 +0.196
09700 +0.151
09710 +0.104
09720 +0.057
09730 +0.008
09740 -0.040
09750 -0.089
09760 -0.137
09770 -0.184
09780 -0.230
09790 -0.274
09800 -0.318
09810 -0.361
09820 -0.404
09830 -0.447
09840 -0.490
09850 -0.533
09860 -0.576
09870 -0.617
09880 -0.656
09890 -0.693
09900 -0.729
09910 -0.764
09920 -0.799
09930 -0.833
09940 -0.867
09950 -0.901
09960 -0.934
09970 -0.965
09980 -0.995
09990 -1.021
10000 -1.046
10010 -1.069
10020 -1.091
10030 -1.112
10040 -1.132
10050 -1.152
10060 -1.170
10070 -1.187
10080 -1.202
10090 -1.214
10100 -1.224
10110 -1.231
10120 -1.238
10130 -1.243
10140 -1.248
10150 -1.253
10160 -1.258
10170 -1.261
10180 -1.264
10190 -1.264
10200 -1.263
10210 -1.260
10220 -1.257
10230 -1.252
10240 -1.248
10250 -1.245
10260 -1.242
10270 -1.239
10280 -1.235
10290 -1.231
10300 -1.225
10310 -1.219
10320 -1.211
10330 -1.202
10340 -1.195
10350 -1.187
10360 -1.181
10370 -1.175
10380 -1.169
10390 -1.163
10400 -1.156
10410 -1.148
10420 -1.139
10430 -1.130
10440 -1.122
10450 -1.115
10460 -1.109
10470 -1.105
10480 -1.103
10490 -1.101
10500 -1.099
10510 -1.098
10520 -1.096
10530 -1.096
10540 -1.096
10550 -1.099
10560 -1.103
10570 -1.110
10580 -1.119
10590 -1.129
10600 -1.140
10610 -1.151
10620 -1.162
10630 -1.173
10640 -1.184
10650 -1.195
10660 -1.207
10670 -1.220
10680 -1.234
10690 -1.248
10700 -1.261
10710 -1.272
10720 -1.281
10730 -1.287
10740 -1.290
10750 -1.291
10760 -1.289
10770 -1.286
10780 -1.281
10790 -1.272
10800 -1.260
10810 -1.243
10820 -1.221
10830 -1.192
10840 -1.158
10850 -1.118
10860 -1.074
10870 -1.026
10880 -0.974
10890 -0.919
10900 -0.859
10910 -0.795
10920 -0.726
10930 -0.653
10940 -0.576
10950 -0.497
10960 -0.416
10970 -0.336
10980 -0.258
10990 -0.181
11000 -0.106
11010 -0.033
11020 +0.038
11030 +0.106
11040 +0.171
11050 +0.233
11060 +0.291
11070 +0.343
11080 +0.389
11090 +0.430
11100 +0.465
11110 +0.495
11120 +0.521
11130 +0.543
11140 +0.562
11150 +0.578
11160 +0.592
11170 +0.602
11180 +0.610
11190 +0.615
11200 +0.617
11210 +0.619
11220 +0.621
11230 +0.624
11240 +0.629
11250 +0.636
11260 +0.647
11270 +0.660
11280 +0.677
11290 +0.696
11300 +0.719
11310 +0.745
11320 +0.776
11330 +0.813
11340 +0.856
11350 +0.905
11360 +0.961
11370 +1.023
11380 +1.089
11390 +1.160
11400 +1.233
11410 +1.310
11420 +1.390
11430 +1.472
11440 +1.558
11450 +1.647
11460 +1.738
11470 +1.829
11480 +1.920
11490 +2.008
11500 +2.094
11510 +2.176
11520 +2.254
11530 +2.329
11540 +2.400
11550 +2.469
11560 +2.533
11570 +2.594
11580 +2.649
11590 +2.699
11600 +2.742
11610 +2.780
11620 +2.813
11630 +2.841
11640 +2.865
11650 +2.886
11660 +2.904
11670 +2.920
11680 +2.933
11690 +2.943
11700 +2.950
11710 +2.955
11720 +2.958
11730 +2.960
11740 +2.961
11750 +2.963
11760 +2.965
11770 +2.969
11780 +2.974
11790 +2.979
11800 +2.986
11810 +2.993
11820 +3.002
11830 +3.011
11840 +3.022
11850 +3.035
11860 +3.050
11870 +3.068
11880 +3.089
11890 +3.111
11900 +3.136
11910 +3.162
11920 +3.188
11930 +3.215
11940 +3.244
11950 +3.273
11960 +3.304
11970 +3.336
11980 +3.370
11990 +3.405
12000 +3.440
12010 +3.475
12020 +3.509
12030 +3.542
12040 +3.574
12050 +3.605
12060 +3.635
12070 +3.664
12080 +3.694
12090 +3.722
12100 +3.749
12110 +3.775
12120 +3.799
12130 +3.820
12140 +3.839
12150 +3.856
12160 +3.872
12170 +3.886
12180 +3.899
12190 +3.911
12200 +3.922
12210 +3.932
12220 +3.941
12230 +3.947
12240 +3.952
12250 +3.955
12260 +3.956
12270 +3.957
12280 +3.958
12290 +3.958
12300 +3.958
12310 +3.957
12320 +3.956
12330 +3.954
12340 +3.950
12350 +3.945
12360 +3.938
12370 +3.931
12380 +3.924
12390 +3.916
12400 +3.908
12410 +3.900
12420 +3.891
12430 +3.882
12440 +3.871
12450 +3.859
12460 +3.846
12470 +3.832
12480 +3.817
12490 +3.803
12500 +3.788
12510 +3.774
12520 +3.760
12530 +3.746
12540 +3.732
12550 +3.717
12560 +3.703
12570 +3.688
12580 +3.673
12590 +3.660
12600 +3.647
12610 +3.637
12620 +3.628
12630 +3.620
12640 +3.614
12650 +3.609
12660 +3.605
12670 +3.601
12680 +3.599
12690 +3.598
12700 +3.598
12710 +3.600
12720 +3.604
12730 +3.609
12740 +3.615
12750 +3.623
12760 +3.630
12770 +3.637
12780 +3.644
12790 +3.650
12800 +3.657
12810 +3.663
12820 +3.670
12830 +3.677
12840 +3.685
12850 +3.691
12860 +3.697
12870 +3.702
12880 +3.705
12890 +3.708
12900 +3.709
12910 +3.710
12920 +3.711
12930 +3.713
12940 +3.715
12950 +3.718
12960 +3.720
12970 +3.723
12980 +3.725
12990 +3.728
13000 +3.731
13010 +3.735
13020 +3.740
13030 +3.747
13040 +3.756
13050 +3.768
13060 +3.781
13070 +3.796
13080 +3.813
13090 +3.831
13100 +3.849
13110 +3.869
13120 +3.891
13130 +3.915
13140 +3.941
13150 +3.969
13160 +4.000
13170 +4.032
13180 +4.065
13190 +4.098
13200 +4.131
13210 +4.164
13220 +4.197
13230 +4.230
13240 +4.263
13250 +4.297
13260 +4.332
13270 +4.367
13280 +4.401
13290 +4.434
13300 +4.464
13310 +4.492
13320 +4.518
13330 +4.542
13340 +4.565
13350 +4.588
13360 +4.610
13370 +4.631
13380 +4.652
13390 +4.670
13400 +4.687
13410 +4.700
13420 +4.711
13430 +4.721
13440 +4.729
13450 +4.738
13460 +4.747
13470 +4.757
13480 +4.767
13490 +4.777
13500 +4.785
13510 +4.792
13520 +4.796
13530 +4.798
13540 +4.799
13550 +4.800
13560 +4.802
13570 +4.803
13580 +4.805
13590 +4.805
13600 +4.802
13610 +4.795
13620 +4.784
13630 +4.769
13640 +4.750
13650 +4.729
13660 +4.707
13670 +4.684
13680 +4.660
13690 +4.634
13700 +4.606
13710 +4.575
13720 +4.541
13730 +4.505
13740 +4.468
13750 +4.433
13760 +4.401
13770 +4.373
13780 +4.350
13790 +4.332
13800 +4.319
13810 +4.309
13820 +4.304
13830 +4.302
13840 +4.305
13850 +4.314
13860 +4.329
13870 +4.351
13880 +4.379
13890 +4.415
13900 +4.455
13910 +4.501
13920 +4.549
13930 +4.599
13940 +4.650
13950 +4.702
13960 +4.755
13970 +4.811
13980 +4.869
13990 +4.929
14000 +4.991
14010 +5.054
14020 +5.114
14030 +5.172
14040 +5.226
14050 +5.275
14060 +5.320
14070 +5.362
14080 +5.403
14090 +5.443
14100 +5.481
14110 +5.518
14120 +5.550
14130 +5.577
14140 +5.598
14150 +5.612
14160 +5.622
14170 +5.628
14180 +5.632
14190 +5.637
14200 +5.644
14210 +5.651
14220 +5.658
14230 +5.664
14240 +5.667
14250 +5.667
14260 +5.666
14270 +5.664
14280 +5.664
14290 +5.668
14300 +5.675
14310 +5.687
14320 +5.700
14330 +5.713
14340 +5.724
14350 +5.730
14360 +5.732
14370 +5.729
14380 +5.725
14390 +5.719
14400 +5.713
14410 +5.707
14420 +5.697
14430 +5.682
14440 +5.659
14450 +5.625
14460 +5.581
14470 +5.526
14480 +5.464
14490 +5.397
14500 +5.327
14510 +5.255
14520 +5.180
14530 +5.102
14540 +5.019
14550 +4.931
14560 +4.840
14570 +4.747
14580 +4.658
14590 +4.576
14600 +4.504
14610 +4.444
14620 +4.396
14630 +4.360
14640 +4.335
14650 +4.318
14660 +4.310
14670 +4.310
14680 +4.319
14690 +4.338
14700 +4.367
14710 +4.407
14720 +4.456
14730 +4.512
14740 +4.573
14750 +4.635
14760 +4.697
14770 +4.756
14780 +4.812
14790 +4.865
14800 +4.915
14810 +4.964
14820 +5.012
14830 +5.058
14840 +5.101
14850 +5.137
14860 +5.165
14870 +5.183
14880 +5.191
14890 +5.188
14900 +5.178
14910 +5.162
14920 +5.142
14930 +5.119
14940 +5.093
14950 +5.063
14960 +5.028
14970 +4.987
14980 +4.938
14990 +4.884
15000 +4.827
15010 +4.770
15020 +4.715
15030 +4.666
15040 +4.623
15050 +4.584
15060 +4.549
15070 +4.515
15080 +4.481
15090 +4.446
15100 +4.411
15110 +4.379
15120 +4.352
15130 +4.332
15140 +4.319
15150 +4.311
15160 +4.306
15170 +4.301
15180 +4.293
15190 +4.281
15200 +4.265
15210 +4.246
15220 +4.227
15230 +4.209
15240 +4.193
15250 +4.179
15260 +4.165
15270 +4.149
15280 +4.129
15290 +4.102
15300 +4.070
15310 +4.033
15320 +3.995
15330 +3.958
15340 +3.924
15350 +3.895
15360 +3.871
15370 +3.850
15380 +3.831
15390 +3.812
15400 +3.793
15410 +3.774
15420 +3.758
15430 +3.746
15440 +3.741
15450 +3.745
15460 +3.758
15470 +3.779
15480 +3.805
15490 +3.833
15500 +3.861
15510 +3.887
15520 +3.913
15530 +3.939
15540 +3.967
15550 +4.000
15560 +4.037
15570 +4.078
15580 +4.121
15590 +4.161
15600 +4.197
15610 +4.227
15620 +4.248
15630 +4.263
15640 +4.274
15650 +4.284
15660 +4.293
15670 +4.304
15680 +4.315
15690 +4.323
15700 +4.326
15710 +4.323
15720 +4.312
15730 +4.294
15740 +4.273
15750 +4.253
15760 +4.235
15770 +4.224
15780 +4.220
15790 +4.220
15800 +4.224
15810 +4.227
15820 +4.229
15830 +4.230
15840 +4.229
15850 +4.232
15860 +4.239
15870 +4.254
15880 +4.277
15890 +4.307
15900 +4.339
15910 +4.372
15920 +4.400
15930 +4.422
15940 +4.438
15950 +4.450
15960 +4.461
15970 +4.474
15980 +4.490
15990 +4.509
16000 +4.530
16010 +4.547
16020 +4.559
16030 +4.564
16040 +4.560
16050 +4.552
16060 +4.542
16070 +4.534
16080 +4.532
16090 +4.537
16100 +4.548
16110 +4.564
16120 +4.582
16130 +4.602
16140 +4.622
16150 +4.645
16160 +4.672
16170 +4.706
16180 +4.750
16190 +4.806
16200 +4.875
16210 +4.954
16220 +5.043
16230 +5.137
16240 +5.234
16250 +5.332
16260 +5.431
16270 +5.532
16280 +5.636
16290 +5.745
16300 +5.863
16310 +5.988
16320 +6.119
16330 +6.252
16340 +6.384
16350 +6.511
16360 +6.629
16370 +6.737
16380 +6.838
16390 +6.936
16400 +7.032
16410 +7.131
16420 +7.230
16430 +7.326
16440 +7.414
16450 +7.488
16460 +7.542
16470 +7.577
16480 +7.594
16490 +7.598
16500 +7.596
16510 +7.592
16520 +7.590
16530 +7.589
16540 +7.584
16550 +7.572
16560 +7.550
16570 +7.516
16580 +7.473
16590 +7.427
16600 +7.385
16610 +7.353
16620 +7.336
16630 +7.333
16640 +7.338
16650 +7.346
16660 +7.347
16670 +7.337
16680 +7.312
16690 +7.278
16700 +7.239
16710 +7.203
16720 +7.175
16730 +7.153
16740 +7.134
16750 +7.107
16760 +7.064
16770 +6.998
16780 +6.907
16790 +6.797
16800 +6.675
16810 +6.551
16820 +6.432
16830 +6.320
16840 +6.212
16850 +6.103
16860 +5.987
16870 +5.861
16880 +5.726
16890 +5.585
16900 +5.446
16910 +5.318
16920 +5.206
16930 +5.115
16940 +5.045
16950 +4.990
16960 +4.947
16970 +4.907
16980 +4.866
16990 +4.823
17000 +4.778
17010 +4.737
17020 +4.704
17030 +4.685
17040 +4.680
17050 +4.687
17060 +4.700
17070 +4.710
17080 +4.709
17090 +4.693
17100 +4.660
17110 +4.614
17120 +4.563
17130 +4.514
17140 +4.471
17150 +4.434
17160 +4.397
17170 +4.354
17180 +4.296
17190 +4.217
17200 +4.117
17210 +3.999
17220 +3.873
17230 +3.749
17240 +3.633
17250 +3.530
17260 +3.439
17270 +3.356
17280 +3.277
17290 +3.199
17300 +3.121
17310 +3.047
17320 +2.983
17330 +2.937
17340 +2.918
17350 +2.929
17360 +2.972
17370 +3.041
17380 +3.129
17390 +3.226
17400 +3.323
17410 +3.411
17420 +3.488
17430 +3.557
17440 +3.623
17450 +3.693
17460 +3.769
17470 +3.850
17480 +3.926
17490 +3.984
17500 +4.012
17510 +3.998
17520 +3.940
17530 +3.844
17540 +3.722
17550 +3.587
17560 +3.450
17570 +3.311
17580 +3.164
17590 +3.000
17600 +2.811
17610 +2.600
17620 +2.378
17630 +2.164
17640 +1.980
17650 +1.842
17660 +1.759
17670 +1.730
17680 +1.750
17690 +1.809
17700 +1.897
17710 +2.006
17720 +2.128
17730 +2.261
17740 +2.399
17750 +2.541
17760 +2.686
17770 +2.832
17780 +2.975
17790 +3.112
17800 +3.238
17810 +3.345
17820 +3.428
17830 +3.482
17840 +3.505
17850 +3.498
17860 +3.465
17870 +3.414
17880 +3.349
17890 +3.274
17900 +3.186
17910 +3.080
17920 +2.948
17930 +2.782
17940 +2.582
17950 +2.352
17960 +2.104
17970 +1.856
17980 +1.624
17990 +1.419
18000 +1.250
18010 +1.117
18020 +1.022
18030 +0.966
18040 +0.949
18050 +0.977
18060 +1.054
18070 +1.184
18080 +1.368
18090 +1.605
18100 +1.885
18110 +2.196
18120 +2.524
18130 +2.853
18140 +3.169
18150 +3.464
18160 +3.735
18170 +3.986
18180 +4.222
18190 +4.453
18200 +4.681
18210 +4.906
18220 +5.118
18230 +5.307
18240 +5.458
18250 +5.560
18260 +5.608
18270 +5.605
18280 +5.561
18290 +5.491
18300 +5.406
18310 +5.308
18320 +5.194
18330 +5.055
18340 +4.889
18350 +4.703
18360 +4.518
18370 +4.361
18380 +4.262
18390 +4.236
18400 +4.285
18410 +4.399
18420 +4.561
18430 +4.754
18440 +4.964
18450 +5.179
18460 +5.389
18470 +5.589
18480 +5.776
18490 +5.948
18500 +6.108
18510 +6.256
18520 +6.396
18530 +6.527
18540 +6.648
18550 +6.755
18560 +6.843
18570 +6.907
18580 +6.944
18590 +6.957
18600 +6.950
18610 +6.931
18620 +6.910
18630 +6.892
18640 +6.878
18650 +6.866
18660 +6.849
18670 +6.826
18680 +6.795
18690 +6.763
18700 +6.739
18710 +6.736
18720 +6.765
18730 +6.834
18740 +6.945
18750 +7.097
18760 +7.284
18770 +7.504
18780 +7.752
18790 +8.026
18800 +8.324
18810 +8.642
18820 +8.978
18830 +9.327
18840 +9.686
18850 +10.052
18860 +10.421
18870 +10.794
18880 +11.170
18890 +11.547
18900 +11.924
18910 +12.297
18920 +12.660
18930 +13.009
18940 +13.342
18950 +13.661
18960 +13.972
18970 +14.283
18980 +14.602
18990 +14.934
19000 +15.283
19010 +15.644
19020 +16.008
19030 +16.365
19040 +16.704
19050 +17.021
19060 +17.319
19070 +17.609
19080 +17.908
19090 +18.229
19100 +18.585
19110 +18.984
19120 +19.424
19130 +19.898
19140 +20.386
19150 +20.862
19160 +21.298
19170 +21.670
19180 +21.968
19190 +22.197
19200 +22.376
19210 +22.530
19220 +22.689
19230 +22.877
19240 +23.107
19250 +23.371
19260 +23.639
19270 +23.856
19280 +23.961
19290 +23.919
19300 +23.736
19310 +23.460
19320 +23.162
19330 +22.906
19340 +22.738
19350 +22.674
19360 +22.696
19370 +22.752
19380 +22.767
19390 +22.672
19400 +22.438
19410 +22.087
19420 +21.684
19430 +21.298
19440 +20.984
19450 +20.771
19460 +20.656
19470 +20.607
19480 +20.564
19490 +20.464
19500 +20.263
19510 +19.959
19520 +19.588
19530 +19.206
19540 +18.862
19550 +18.592
19560 +18.405
19570 +18.286
19580 +18.198
19590 +18.090
19600 +17.918
19610 +17.665
19620 +17.343
19630 +16.990
19640 +16.644
19650 +16.339
19660 +16.091
19670 +15.899
19680 +15.743
19690 +15.587
19700 +15.396
19710 +15.148
19720 +14.840
19730 +14.489
19740 +14.123
19750 +13.767
19760 +13.439
19770 +13.143
19780 +12.874
19790 +12.612
19800 +12.335
19810 +12.024
19820 +11.669
19830 +11.274
19840 +10.850
19850 +10.414
19860 +9.978
19870 +9.553
19880 +9.143
19890 +8.748
19900 +8.364
19910 +7.982
19920 +7.597
19930 +7.206
19940 +6.811
19950 +6.420
19960 +6.047
19970 +5.708
19980 +5.423
19990 +5.212
20000 +5.086
20010 +5.045
20020 +5.072
20030 +5.139
20040 +5.220
20050 +5.297
20060 +5.366
20070 +5.436
20080 +5.519
20090 +5.627
20100 +5.759
20110 +5.904
20120 +6.037
20130 +6.133
20140 +6.174
20150 +6.155
20160 +6.084
20170 +5.977
20180 +5.849
20190 +5.716
20200 +5.586
20210 +5.459
20220 +5.333
20230 +5.202
20240 +5.064
20250 +4.914
20260 +4.755
20270 +4.592
20280 +4.431
20290 +4.281
20300 +4.150
20310 +4.046
20320 +3.973
20330 +3.930
20340 +3.913
20350 +3.910
20360 +3.909
20370 +3.901
20380 +3.883
20390 +3.861
20400 +3.845
20410 +3.848
20420 +3.881
20430 +3.949
20440 +4.049
20450 +4.164
20460 +4.274
20470 +4.365
20480 +4.429
20490 +4.477
20500 +4.525
20510 +4.597
20520 +4.710
20530 +4.874
20540 +5.079
20550 +5.299
20560 +5.494
20570 +5.631
20580 +5.709
20590 +5.751
20600 +5.793
20610 +5.850
20620 +5.890
20630 +5.797
20640 +5.394
20650 +4.603
20660 +3.594
20670 +2.636
20680 +1.880
20690 +1.343
20700 +0.984
20710 +0.753
20720 +0.616
20730 +0.546
20740 +0.530
20750 +0.556
20760 +0.617
20770 +0.705
20780 +0.811
20790 +0.923
20800 +1.027
20810 +1.109
20820 +1.163
20830 +1.189
20840 +1.195
20850 +1.195
20860 +1.199
20870 +1.216
20880 +1.245
20890 +1.278
20900 +1.305
20910 +1.315
20920 +1.301
20930 +1.262
20940 +1.204
20950 +1.138
20960 +1.074
20970 +1.020
20980 +0.977
20990 +0.941
21000 +0.901
21010 +0.849
21020 +0.778
21030 +0.684
21040 +0.572
21050 +0.450
21060 +0.328
21070 +0.216
21080 +0.116
21090 +0.030
21100 -0.048
21110 -0.125
21120 -0.204
21130 -0.288
21140 -0.373
21150 -0.449
21160 -0.506
21170 -0.533
21180 -0.523
21190 -0.475
21200 -0.392
21210 -0.281
21220 -0.155
21230 -0.021
21240 +0.113
21250 +0.245
21260 +0.377
21270 +0.510
21280 +0.647
21290 +0.786
21300 +0.924
21310 +1.053
21320 +1.163
21330 +1.247
21340 +1.301
21350 +1.325
21360 +1.323
21370 +1.303
21380 +1.272
21390 +1.234
21400 +1.191
21410 +1.141
21420 +1.078
21430 +0.997
21440 +0.895
21450 +0.772
21460 +0.632
21470 +0.482
21480 +0.330
21490 +0.183
21500 +0.046
21510 -0.079
21520 -0.192
21530 -0.296
21540 -0.392
21550 -0.481
21560 -0.558
21570 -0.620
21580 -0.661
21590 -0.676
21600 -0.662
21610 -0.621
21620 -0.559
21630 -0.484
21640 -0.406
21650 -0.333
21660 -0.269
21670 -0.218
21680 -0.176
21690 -0.143
21700 -0.116
21710 -0.095
21720 -0.083
21730 -0.083
21740 -0.101
21750 -0.140
21760 -0.202
21770 -0.285
21780 -0.387
21790 -0.502
21800 -0.626
21810 -0.756
21820 -0.892
21830 -1.034
21840 -1.183
21850 -1.339
21860 -1.503
21870 -1.671
21880 -1.839
21890 -2.002
21900 -2.153
21910 -2.288
21920 -2.402
21930 -2.493
21940 -2.560
21950 -2.602
21960 -2.620
21970 -2.616
21980 -2.591
21990 -2.545
22000 -2.481
22010 -2.399
22020 -2.302
22030 -2.193
22040 -2.076
22050 -1.956
22060 -1.839
22070 -1.731
22080 -1.634
22090 -1.552
22100 -1.484
22110 -1.429
22120 -1.387
22130 -1.357
22140 -1.340
22150 -1.338
22160 -1.353
22170 -1.387
22180 -1.441
22190 -1.512
22200 -1.599
22210 -1.698
22220 -1.806
22230 -1.921
22240 -2.041
22250 -2.164
22260 -2.290
22270 -2.416
22280 -2.538
22290 -2.653
22300 -2.755
22310 -2.840
22320 -2.903
22330 -2.944
22340 -2.960
22350 -2.951
22360 -2.918
22370 -2.863
22380 -2.788
22390 -2.697
22400 -2.593
22410 -2.481
22420 -2.364
22430 -2.246
22440 -2.131
22450 -2.021
22460 -1.918
22470 -1.827
22480 -1.750
22490 -1.688
22500 -1.643
22510 -1.615
22520 -1.604
22530 -1.607
22540 -1.626
22550 -1.659
22560 -1.705
22570 -1.766
22580 -1.841
22590 -1.927
22600 -2.023
22610 -2.124
22620 -2.226
22630 -2.326
22640 -2.422
22650 -2.511
22660 -2.591
22670 -2.662
22680 -2.719
22690 -2.760
22700 -2.781
22710 -2.779
22720 -2.752
22730 -2.700
22740 -2.628
22750 -2.536
22760 -2.431
22770 -2.314
22780 -2.187
22790 -2.054
22800 -1.915
22810 -1.774
22820 -1.632
22830 -1.493
22840 -1.359
22850 -1.234
22860 -1.120
22870 -1.018
22880 -0.929
22890 -0.854
22900 -0.794
22910 -0.747
22920 -0.714
22930 -0.695
22940 -0.687
22950 -0.691
22960 -0.707
22970 -0.734
22980 -0.773
22990 -0.824
23000 -0.885
23010 -0.954
23020 -1.029
23030 -1.105
23040 -1.177
23050 -1.244
23060 -1.302
23070 -1.353
23080 -1.396
23090 -1.431
23100 -1.458
23110 -1.475
23120 -1.478
23130 -1.464
23140 -1.431
23150 -1.380
23160 -1.312
23170 -1.233
23180 -1.147
23190 -1.059
23200 -0.972
23210 -0.888
23220 -0.809
23230 -0.733
23240 -0.662
23250 -0.595
23260 -0.535
23270 -0.484
23280 -0.445
23290 -0.420
23300 -0.414
23310 -0.425
23320 -0.456
23330 -0.503
23340 -0.564
23350 -0.635
23360 -0.711
23370 -0.791
23380 -0.872
23390 -0.956
23400 -1.043
23410 -1.132
23420 -1.221
23430 -1.307
23440 -1.380
23450 -1.434
23460 -1.461
23470 -1.457
23480 -1.422
23490 -1.362
23500 -1.280
23510 -1.182
23520 -1.070
23530 -0.946
23540 -0.808
23550 -0.655
23560 -0.489
23570 -0.312
23580 -0.130
23590 +0.051
23600 +0.225
23610 +0.388
23620 +0.537
23630 +0.673
23640 +0.796
23650 +0.908
23660 +1.010
23670 +1.102
23680 +1.183
23690 +1.252
23700 +1.309
23710 +1.352
23720 +1.382
23730 +1.400
23740 +1.408
23750 +1.411
23760 +1.411
23770 +1.412
23780 +1.420
23790 +1.436
23800 +1.464
23810 +1.505
23820 +1.560
23830 +1.631
23840 +1.718
23850 +1.823
23860 +1.946
23870 +2.089
23880 +2.248
23890 +2.421
23900 +2.601
23910 +2.783
23920 +2.961
23930 +3.129
23940 +3.284
23950 +3.422
23960 +3.540
23970 +3.636
23980 +3.707
23990 +3.751
