00000 -0.868
00010 -0.831
00020 -0.736
00030 -0.620
00040 -0.513
00050 -0.431
00060 -0.379
00070 -0.362
00080 -0.380
00090 -0.432
00100 -0.503
00110 -0.571
00120 -0.610
00130 -0.608
00140 -0.569
00150 -0.506
00160 -0.436
00170 -0.373
00180 -0.327
00190 -0.308
00200 -0.317
00210 -0.350
00220 -0.393
00230 -0.427
00240 -0.438
00250 -0.423
00260 -0.386
00270 -0.335
00280 -0.282
00290 -0.240
00300 -0.220
00310 -0.226
00320 -0.255
00330 -0.297
00340 -0.335
00350 -0.356
00360 -0.354
00370 -0.329
00380 -0.290
00390 -0.249
00400 -0.220
00410 -0.215
00420 -0.241
00430 -0.295
00440 -0.362
00450 -0.426
00460 -0.469
00470 -0.485
00480 -0.479
00490 -0.462
00500 -0.449
00510 -0.460
00520 -0.506
00530 -0.585
00540 -0.684
00550 -0.777
00560 -0.846
00570 -0.881
00580 -0.884
00590 -0.869
00600 -0.850
00610 -0.845
00620 -0.864
00630 -0.908
00640 -0.967
00650 -1.025
00660 -1.068
00670 -1.086
00680 -1.080
00690 -1.057
00700 -1.026
00710 -1.001
00720 -0.992
00730 -1.008
00740 -1.045
00750 -1.095
00760 -1.143
00770 -1.178
00780 -1.190
00790 -1.181
00800 -1.156
00810 -1.126
00820 -1.104
00830 -1.103
00840 -1.127
00850 -1.171
00860 -1.220
00870 -1.256
00880 -1.266
00890 -1.246
00900 -1.199
00910 -1.140
00920 -1.083
00930 -1.045
00940 -1.035
00950 -1.049
00960 -1.073
00970 -1.090
00980 -1.085
00990 -1.056
01000 -1.005
01010 -0.944
01020 -0.887
01030 -0.848
01040 -0.835
01050 -0.849
01060 -0.877
01070 -0.906
01080 -0.922
01090 -0.916
01100 -0.890
01110 -0.850
01120 -0.807
01130 -0.774
01140 -0.761
01150 -0.774
01160 -0.806
01170 -0.846
01180 -0.880
01190 -0.897
01200 -0.893
01210 -0.870
01220 -0.838
01230 -0.810
01240 -0.798
01250 -0.811
01260 -0.847
01270 -0.896
01280 -0.944
01290 -0.977
01300 -0.989
01310 -0.980
01320 -0.958
01330 -0.934
01340 -0.922
01350 -0.929
01360 -0.957
01370 -0.999
01380 -1.043
01390 -1.077
01400 -1.093
01410 -1.091
01420 -1.074
01430 -1.052
01440 -1.035
01450 -1.030
01460 -1.043
01470 -1.071
01480 -1.108
01490 -1.143
01500 -1.169
01510 -1.178
01520 -1.173
01530 -1.157
01540 -1.137
01550 -1.123
01560 -1.122
01570 -1.138
01580 -1.168
01590 -1.203
01600 -1.233
01610 -1.249
01620 -1.247
01630 -1.228
01640 -1.200
01650 -1.172
01660 -1.154
01670 -1.155
01680 -1.174
01690 -1.204
01700 -1.233
01710 -1.252
01720 -1.255
01730 -1.241
01740 -1.217
01750 -1.191
01760 -1.175
01770 -1.175
01780 -1.193
01790 -1.226
01800 -1.262
01810 -1.292
01820 -1.308
01830 -1.309
01840 -1.297
01850 -1.279
01860 -1.264
01870 -1.261
01880 -1.274
01890 -1.303
01900 -1.340
01910 -1.376
01920 -1.402
01930 -1.412
01940 -1.407
01950 -1.390
01960 -1.371
01970 -1.358
01980 -1.359
01990 -1.375
02000 -1.403
02010 -1.433
02020 -1.453
02030 -1.457
02040 -1.440
02050 -1.407
02060 -1.365
02070 -1.323
02080 -1.290
02090 -1.273
02100 -1.268
02110 -1.269
02120 -1.265
02130 -1.249
02140 -1.218
02150 -1.173
02160 -1.122
02170 -1.073
02180 -1.035
02190 -1.013
02200 -1.008
02210 -1.014
02220 -1.024
02230 -1.028
02240 -1.021
02250 -1.001
02260 -0.972
02270 -0.939
02280 -0.911
02290 -0.893
02300 -0.891
02310 -0.903
02320 -0.923
02330 -0.943
02340 -0.954
02350 -0.953
02360 -0.939
02370 -0.918
02380 -0.897
02390 -0.885
02400 -0.891
02410 -0.916
02420 -0.957
02430 -1.004
02440 -1.047
02450 -1.080
02460 -1.099
02470 -1.110
02480 -1.120
02490 -1.139
02500 -1.174
02510 -1.227
02520 -1.293
02530 -1.364
02540 -1.428
02550 -1.479
02560 -1.514
02570 -1.537
02580 -1.554
02590 -1.572
02600 -1.599
02610 -1.637
02620 -1.686
02630 -1.739
02640 -1.789
02650 -1.830
02660 -1.858
02670 -1.874
02680 -1.882
02690 -1.888
02700 -1.900
02710 -1.921
02720 -1.953
02730 -1.993
02740 -2.035
02750 -2.073
02760 -2.100
02770 -2.115
02780 -2.120
02790 -2.119
02800 -2.118
02810 -2.122
02820 -2.134
02830 -2.151
02840 -2.169
02850 -2.181
02860 -2.181
02870 -2.168
02880 -2.143
02890 -2.109
02900 -2.073
02910 -2.039
02920 -2.013
02930 -1.994
02940 -1.982
02950 -1.972
02960 -1.959
02970 -1.940
02980 -1.913
02990 -1.879
03000 -1.841
03010 -1.804
03020 -1.770
03030 -1.743
03040 -1.722
03050 -1.707
03060 -1.691
03070 -1.670
03080 -1.641
03090 -1.603
03100 -1.556
03110 -1.503
03120 -1.450
03130 -1.399
03140 -1.355
03150 -1.315
03160 -1.278
03170 -1.240
03180 -1.194
03190 -1.138
03200 -1.073
03210 -0.999
03220 -0.924
03230 -0.851
03240 -0.789
03250 -0.739
03260 -0.703
03270 -0.677
03280 -0.657
03290 -0.638
03300 -0.620
03310 -0.603
03320 -0.594
03330 -0.599
03340 -0.623
03350 -0.671
03360 -0.739
03370 -0.821
03380 -0.909
03390 -0.994
03400 -1.070
03410 -1.138
03420 -1.198
03430 -1.257
03440 -1.320
03450 -1.389
03460 -1.464
03470 -1.541
03480 -1.615
03490 -1.678
03500 -1.727
03510 -1.762
03520 -1.784
03530 -1.799
03540 -1.813
03550 -1.829
03560 -1.851
03570 -1.877
03580 -1.902
03590 -1.921
03600 -1.930
03610 -1.926
03620 -1.911
03630 -1.887
03640 -1.861
03650 -1.838
03660 -1.821
03670 -1.812
03680 -1.809
03690 -1.806
03700 -1.799
03710 -1.785
03720 -1.765
03730 -1.742
03740 -1.721
03750 -1.711
03760 -1.718
03770 -1.746
03780 -1.794
03790 -1.860
03800 -1.936
03810 -2.020
03820 -2.108
03830 -2.201
03840 -2.303
03850 -2.416
03860 -2.542
03870 -2.680
03880 -2.824
03890 -2.966
03900 -3.099
03910 -3.216
03920 -3.313
03930 -3.391
03940 -3.453
03950 -3.502
03960 -3.542
03970 -3.576
03980 -3.604
03990 -3.625
04000 -3.635
04010 -3.632
04020 -3.615
04030 -3.585
04040 -3.543
04050 -3.494
04060 -3.440
04070 -3.384
04080 -3.328
04090 -3.270
04100 -3.212
04110 -3.149
04120 -3.082
04130 -3.009
04140 -2.931
04150 -2.848
04160 -2.763
04170 -2.678
04180 -2.596
04190 -2.519
04200 -2.447
04210 -2.378
04220 -2.313
04230 -2.248
04240 -2.182
04250 -2.115
04260 -2.048
04270 -1.980
04280 -1.916
04290 -1.858
04300 -1.806
04310 -1.760
04320 -1.719
04330 -1.680
04340 -1.641
04350 -1.597
04360 -1.549
04370 -1.496
04380 -1.442
04390 -1.389
04400 -1.339
04410 -1.293
04420 -1.252
04430 -1.212
04440 -1.171
04450 -1.125
04460 -1.072
04470 -1.014
04480 -0.950
04490 -0.885
04500 -0.823
04510 -0.767
04520 -0.718
04530 -0.674
04540 -0.634
04550 -0.594
04560 -0.551
04570 -0.503
04580 -0.453
04590 -0.403
04600 -0.358
04610 -0.322
04620 -0.298
04630 -0.287
04640 -0.284
04650 -0.288
04660 -0.292
04670 -0.293
04680 -0.291
04690 -0.288
04700 -0.288
04710 -0.295
04720 -0.313
04730 -0.343
04740 -0.383
04750 -0.426
04760 -0.466
04770 -0.499
04780 -0.522
04790 -0.537
04800 -0.547
04810 -0.559
04820 -0.576
04830 -0.602
04840 -0.635
04850 -0.670
04860 -0.701
04870 -0.723
04880 -0.734
04890 -0.736
04900 -0.732
04910 -0.729
04920 -0.733
04930 -0.747
04940 -0.772
04950 -0.805
04960 -0.840
04970 -0.872
04980 -0.898
04990 -0.917
05000 -0.933
05010 -0.950
05020 -0.974
05030 -1.009
05040 -1.056
05050 -1.113
05060 -1.173
05070 -1.232
05080 -1.283
05090 -1.323
05100 -1.355
05110 -1.382
05120 -1.408
05130 -1.439
05140 -1.476
05150 -1.518
05160 -1.562
05170 -1.599
05180 -1.626
05190 -1.638
05200 -1.637
05210 -1.625
05220 -1.609
05230 -1.593
05240 -1.582
05250 -1.576
05260 -1.573
05270 -1.569
05280 -1.560
05290 -1.541
05300 -1.514
05310 -1.480
05320 -1.444
05330 -1.412
05340 -1.389
05350 -1.376
05360 -1.374
05370 -1.380
05380 -1.388
05390 -1.395
05400 -1.397
05410 -1.394
05420 -1.389
05430 -1.387
05440 -1.391
05450 -1.406
05460 -1.431
05470 -1.464
05480 -1.501
05490 -1.535
05500 -1.561
05510 -1.579
05520 -1.589
05530 -1.594
05540 -1.600
05550 -1.610
05560 -1.628
05570 -1.651
05580 -1.677
05590 -1.700
05600 -1.716
05610 -1.720
05620 -1.715
05630 -1.703
05640 -1.689
05650 -1.677
05660 -1.673
05670 -1.676
05680 -1.685
05690 -1.695
05700 -1.702
05710 -1.702
05720 -1.696
05730 -1.683
05740 -1.669
05750 -1.657
05760 -1.653
05770 -1.658
05780 -1.671
05790 -1.691
05800 -1.711
05810 -1.727
05820 -1.737
05830 -1.739
05840 -1.735
05850 -1.731
05860 -1.728
05870 -1.732
05880 -1.742
05890 -1.757
05900 -1.772
05910 -1.783
05920 -1.784
05930 -1.774
05940 -1.753
05950 -1.725
05960 -1.695
05970 -1.667
05980 -1.643
05990 -1.624
06000 -1.607
06010 -1.588
06020 -1.561
06030 -1.525
06040 -1.479
06050 -1.426
06060 -1.370
06070 -1.315
06080 -1.268
06090 -1.229
06100 -1.197
06110 -1.171
06120 -1.144
06130 -1.114
06140 -1.077
06150 -1.034
06160 -0.989
06170 -0.946
06180 -0.911
06190 -0.888
06200 -0.876
06210 -0.874
06220 -0.876
06230 -0.877
06240 -0.873
06250 -0.860
06260 -0.842
06270 -0.822
06280 -0.805
06290 -0.797
06300 -0.800
06310 -0.814
06320 -0.832
06330 -0.849
06340 -0.859
06350 -0.858
06360 -0.847
06370 -0.830
06380 -0.813
06390 -0.802
06400 -0.803
06410 -0.815
06420 -0.836
06430 -0.858
06440 -0.876
06450 -0.886
06460 -0.886
06470 -0.880
06480 -0.874
06490 -0.874
06500 -0.886
06510 -0.913
06520 -0.952
06530 -0.997
06540 -1.041
06550 -1.079
06560 -1.107
06570 -1.127
06580 -1.143
06590 -1.162
06600 -1.188
06610 -1.226
06620 -1.274
06630 -1.329
06640 -1.384
06650 -1.430
06660 -1.464
06670 -1.484
06680 -1.495
06690 -1.501
06700 -1.510
06710 -1.527
06720 -1.553
06730 -1.587
06740 -1.621
06750 -1.649
06760 -1.664
06770 -1.666
06780 -1.657
06790 -1.642
06800 -1.628
06810 -1.621
06820 -1.626
06830 -1.642
06840 -1.663
06850 -1.684
06860 -1.698
06870 -1.702
06880 -1.695
06890 -1.683
06900 -1.672
06910 -1.668
06920 -1.676
06930 -1.697
06940 -1.729
06950 -1.765
06960 -1.797
06970 -1.821
06980 -1.834
06990 -1.838
07000 -1.838
07010 -1.842
07020 -1.854
07030 -1.878
07040 -1.913
07050 -1.953
07060 -1.991
07070 -2.019
07080 -2.033
07090 -2.035
07100 -2.028
07110 -2.020
07120 -2.017
07130 -2.024
07140 -2.042
07150 -2.067
07160 -2.093
07170 -2.111
07180 -2.117
07190 -2.110
07200 -2.093
07210 -2.073
07220 -2.057
07230 -2.050
07240 -2.055
07250 -2.070
07260 -2.090
07270 -2.106
07280 -2.113
07290 -2.108
07300 -2.092
07310 -2.071
07320 -2.050
07330 -2.036
07340 -2.031
07350 -2.036
07360 -2.048
07370 -2.060
07380 -2.064
07390 -2.057
07400 -2.038
07410 -2.009
07420 -1.976
07430 -1.945
07440 -1.922
07450 -1.908
07460 -1.902
07470 -1.900
07480 -1.895
07490 -1.880
07500 -1.854
07510 -1.817
07520 -1.774
07530 -1.731
07540 -1.694
07550 -1.667
07560 -1.651
07570 -1.643
07580 -1.636
07590 -1.625
07600 -1.605
07610 -1.575
07620 -1.537
07630 -1.497
07640 -1.461
07650 -1.435
07660 -1.419
07670 -1.415
07680 -1.415
07690 -1.414
07700 -1.405
07710 -1.387
07720 -1.358
07730 -1.324
07740 -1.290
07750 -1.261
07760 -1.241
07770 -1.232
07780 -1.229
07790 -1.229
07800 -1.223
07810 -1.207
07820 -1.179
07830 -1.143
07840 -1.102
07850 -1.063
07860 -1.032
07870 -1.012
07880 -1.002
07890 -0.997
07900 -0.992
07910 -0.979
07920 -0.955
07930 -0.921
07940 -0.879
07950 -0.837
07960 -0.801
07970 -0.776
07980 -0.763
07990 -0.760
08000 -0.758
08010 -0.752
08020 -0.735
08030 -0.706
08040 -0.667
08050 -0.624
08060 -0.582
08070 -0.548
08080 -0.525
08090 -0.512
08100 -0.504
08110 -0.492
08120 -0.471
08130 -0.437
08140 -0.390
08150 -0.334
08160 -0.275
08170 -0.219
08180 -0.172
08190 -0.136
08200 -0.108
08210 -0.082
08220 -0.050
08230 -0.009
08240 +0.046
08250 +0.112
08260 +0.184
08270 +0.255
08280 +0.318
08290 +0.367
08300 +0.403
08310 +0.430
08320 +0.456
08330 +0.488
08340 +0.532
08350 +0.588
08360 +0.653
08370 +0.719
08380 +0.778
08390 +0.824
08400 +0.853
08410 +0.868
08420 +0.878
08430 +0.891
08440 +0.915
08450 +0.953
08460 +1.003
08470 +1.058
08480 +1.110
08490 +1.150
08500 +1.174
08510 +1.182
08520 +1.180
08530 +1.178
08540 +1.184
08550 +1.205
08560 +1.239
08570 +1.282
08580 +1.326
08590 +1.361
08600 +1.380
08610 +1.379
08620 +1.363
08630 +1.341
08640 +1.323
08650 +1.318
08660 +1.328
08670 +1.351
08680 +1.377
08690 +1.397
08700 +1.401
08710 +1.384
08720 +1.348
08730 +1.301
08740 +1.256
08750 +1.223
08760 +1.208
08770 +1.209
08780 +1.219
08790 +1.227
08800 +1.222
08810 +1.199
08820 +1.156
08830 +1.101
08840 +1.047
08850 +1.005
08860 +0.982
08870 +0.979
08880 +0.990
08890 +1.004
08900 +1.011
08910 +1.002
08920 +0.974
08930 +0.932
08940 +0.886
08950 +0.849
08960 +0.828
08970 +0.827
08980 +0.842
08990 +0.863
09000 +0.879
09010 +0.880
09020 +0.860
09030 +0.822
09040 +0.774
09050 +0.728
09060 +0.695
09070 +0.679
09080 +0.681
09090 +0.691
09100 +0.700
09110 +0.697
09120 +0.676
09130 +0.636
09140 +0.585
09150 +0.533
09160 +0.492
09170 +0.469
09180 +0.465
09190 +0.476
09200 +0.492
09210 +0.503
09220 +0.502
09230 +0.487
09240 +0.461
09250 +0.432
09260 +0.412
09270 +0.408
09280 +0.423
09290 +0.455
09300 +0.497
09310 +0.540
09320 +0.576
09330 +0.600
09340 +0.611
09350 +0.614
09360 +0.618
09370 +0.630
09380 +0.657
09390 +0.698
09400 +0.752
09410 +0.808
09420 +0.860
09430 +0.898
09440 +0.920
09450 +0.927
09460 +0.925
09470 +0.922
09480 +0.929
09490 +0.947
09500 +0.978
09510 +1.014
09520 +1.046
09530 +1.067
09540 +1.070
09550 +1.053
09560 +1.022
09570 +0.985
09580 +0.952
09590 +0.930
09600 +0.922
09610 +0.923
09620 +0.925
09630 +0.920
09640 +0.899
09650 +0.860
09660 +0.804
09670 +0.739
09680 +0.676
09690 +0.623
09700 +0.585
09710 +0.561
09720 +0.544
09730 +0.525
09740 +0.496
09750 +0.451
09760 +0.388
09770 +0.315
09780 +0.238
09790 +0.170
09800 +0.117
09810 +0.080
09820 +0.056
09830 +0.035
09840 +0.009
09850 -0.032
09860 -0.089
09870 -0.160
09880 -0.238
09890 -0.311
09900 -0.370
09910 -0.413
09920 -0.439
09930 -0.457
09940 -0.477
09950 -0.507
09960 -0.552
09970 -0.612
09980 -0.681
09990 -0.749
10000 -0.806
10010 -0.846
10020 -0.870
10030 -0.882
10040 -0.890
10050 -0.904
10060 -0.929
10070 -0.969
10080 -1.018
10090 -1.071
10100 -1.118
10110 -1.151
10120 -1.169
10130 -1.172
10140 -1.168
10150 -1.164
10160 -1.168
10170 -1.184
10180 -1.213
10190 -1.249
10200 -1.285
10210 -1.313
10220 -1.327
10230 -1.326
10240 -1.313
10250 -1.297
10260 -1.284
10270 -1.281
10280 -1.292
10290 -1.313
10300 -1.339
10310 -1.362
10320 -1.375
10330 -1.372
10340 -1.356
10350 -1.331
10360 -1.306
10370 -1.288
10380 -1.281
10390 -1.287
10400 -1.303
10410 -1.319
10420 -1.329
10430 -1.326
10440 -1.309
10450 -1.280
10460 -1.246
10470 -1.215
10480 -1.194
10490 -1.185
10500 -1.189
10510 -1.199
10520 -1.208
10530 -1.208
10540 -1.194
10550 -1.168
10560 -1.132
10570 -1.095
10580 -1.064
10590 -1.044
10600 -1.039
10610 -1.045
10620 -1.056
10630 -1.063
10640 -1.059
10650 -1.040
10660 -1.008
10670 -0.969
10680 -0.932
10690 -0.903
10700 -0.888
10710 -0.888
10720 -0.898
10730 -0.909
10740 -0.911
10750 -0.899
10760 -0.871
10770 -0.831
10780 -0.787
10790 -0.749
10800 -0.724
10810 -0.714
10820 -0.719
10830 -0.729
10840 -0.737
10850 -0.732
10860 -0.711
10870 -0.677
10880 -0.635
10890 -0.595
10900 -0.565
10910 -0.550
10920 -0.553
10930 -0.567
10940 -0.584
10950 -0.594
10960 -0.589
10970 -0.569
10980 -0.537
10990 -0.501
11000 -0.470
11010 -0.451
11020 -0.447
11030 -0.457
11040 -0.473
11050 -0.485
11060 -0.483
11070 -0.461
11080 -0.422
11090 -0.370
11100 -0.315
11110 -0.266
11120 -0.227
11130 -0.201
11140 -0.183
11150 -0.165
11160 -0.137
11170 -0.091
11180 -0.025
11190 +0.056
11200 +0.146
11210 +0.234
11220 +0.312
11230 +0.377
11240 +0.427
11250 +0.469
11260 +0.511
11270 +0.563
11280 +0.631
11290 +0.714
11300 +0.809
11310 +0.905
11320 +0.995
11330 +1.069
11340 +1.124
11350 +1.161
11360 +1.187
11370 +1.213
11380 +1.249
11390 +1.300
11400 +1.365
11410 +1.438
11420 +1.508
11430 +1.563
11440 +1.596
11450 +1.603
11460 +1.588
11470 +1.563
11480 +1.542
11490 +1.536
11500 +1.550
11510 +1.580
11520 +1.616
11530 +1.644
11540 +1.652
11550 +1.633
11560 +1.589
11570 +1.531
11580 +1.476
11590 +1.441
11600 +1.436
11610 +1.459
11620 +1.501
11630 +1.547
11640 +1.582
11650 +1.595
11660 +1.584
11670 +1.556
11680 +1.526
11690 +1.511
11700 +1.525
11710 +1.571
11720 +1.642
11730 +1.724
11740 +1.800
11750 +1.857
11760 +1.884
11770 +1.882
11780 +1.863
11790 +1.845
11800 +1.845
11810 +1.874
11820 +1.932
11830 +2.007
11840 +2.082
11850 +2.140
11860 +2.165
11870 +2.152
11880 +2.105
11890 +2.045
11900 +1.993
11910 +1.970
11920 +1.982
11930 +2.022
11940 +2.074
11950 +2.115
11960 +2.126
11970 +2.096
11980 +2.026
11990 +1.933
12000 +1.845
12010 +1.787
12020 +1.774
12030 +1.803
12040 +1.856
12050 +1.911
12060 +1.944
12070 +1.938
12080 +1.889
12090 +1.810
12100 +1.726
12110 +1.667
12120 +1.653
12130 +1.687
12140 +1.755
12150 +1.834
12160 +1.897
12170 +1.921
12180 +1.896
12190 +1.823
12200 +1.726
12210 +1.637
12220 +1.584
12230 +1.582
12240 +1.625
12250 +1.690
12260 +1.747
12270 +1.767
12280 +1.729
12290 +1.629
12300 +1.483
12310 +1.327
12320 +1.203
12330 +1.138
12340 +1.136
12350 +1.176
12360 +1.225
12370 +1.247
12380 +1.213
12390 +1.112
12400 +0.956
12410 +0.782
12420 +0.641
12430 +0.573
12440 +0.591
12450 +0.676
12460 +0.791
12470 +0.896
12480 +0.956
12490 +0.952
12500 +0.888
12510 +0.792
12520 +0.715
12530 +0.702
12540 +0.776
12550 +0.925
12560 +1.117
12570 +1.309
12580 +1.461
12590 +1.541
12600 +1.538
12610 +1.466
12620 +1.368
12630 +1.299
12640 +1.300
12650 +1.380
12660 +1.515
12670 +1.661
12680 +1.767
12690 +1.789
12700 +1.697
12710 +1.495
12720 +1.225
12730 +0.956
12740 +0.756
12750 +0.654
12760 +0.634
12770 +0.646
12780 +0.628
12790 +0.523
12800 +0.295
12810 -0.055
12820 -0.484
12830 -0.910
12840 -1.249
12850 -1.459
12860 -1.554
12870 -1.590
12880 -1.640
12890 -1.768
12900 -2.013
12910 -2.379
12920 -2.825
12930 -3.273
12940 -3.632
12950 -3.847
12960 -3.927
12970 -3.933
12980 -3.945
12990 -4.032
13000 -4.240
13010 -4.581
13020 -5.018
13030 -5.473
13040 -5.840
13050 -6.043
13060 -6.082
13070 -6.023
13080 -5.961
13090 -5.976
13100 -6.115
13110 -6.387
13120 -6.745
13130 -7.092
13140 -7.305
13150 -7.309
13160 -7.125
13170 -6.847
13180 -6.581
13190 -6.400
13200 -6.335
13210 -6.377
13220 -6.474
13230 -6.544
13240 -6.499
13250 -6.300
13260 -5.981
13270 -5.615
13280 -5.278
13290 -5.019
13300 -4.860
13310 -4.796
13320 -4.797
13330 -4.808
13340 -4.771
13350 -4.643
13360 -4.426
13370 -4.159
13380 -3.893
13390 -3.674
13400 -3.532
13410 -3.473
13420 -3.487
13430 -3.540
13440 -3.581
13450 -3.563
13460 -3.460
13470 -3.287
13480 -3.082
13490 -2.893
13500 -2.753
13510 -2.684
13520 -2.685
13530 -2.735
13540 -2.794
13550 -2.812
13560 -2.757
13570 -2.623
13580 -2.438
13590 -2.244
13600 -2.079
13610 -1.969
13620 -1.922
13630 -1.930
13640 -1.964
13650 -1.986
13660 -1.962
13670 -1.873
13680 -1.731
13690 -1.564
13700 -1.409
13710 -1.292
13720 -1.233
13730 -1.231
13740 -1.276
13750 -1.339
13760 -1.386
13770 -1.388
13780 -1.337
13790 -1.244
13800 -1.139
13810 -1.053
13820 -1.011
13830 -1.028
13840 -1.100
13850 -1.210
13860 -1.322
13870 -1.401
13880 -1.420
13890 -1.378
13900 -1.299
13910 -1.217
13920 -1.165
13930 -1.165
13940 -1.222
13950 -1.325
13960 -1.442
13970 -1.535
13980 -1.570
13990 -1.536
14000 -1.450
14010 -1.348
14020 -1.265
14030 -1.229
14040 -1.252
14050 -1.329
14060 -1.437
14070 -1.541
14080 -1.604
14090 -1.605
14100 -1.550
14110 -1.465
14120 -1.388
14130 -1.349
14140 -1.370
14150 -1.453
14160 -1.585
14170 -1.736
14180 -1.865
14190 -1.938
14200 -1.944
14210 -1.897
14220 -1.834
14230 -1.793
14240 -1.803
14250 -1.876
14260 -2.007
14270 -2.167
14280 -2.313
14290 -2.402
14300 -2.407
14310 -2.339
14320 -2.232
14330 -2.131
14340 -2.072
14350 -2.073
14360 -2.135
14370 -2.235
14380 -2.335
14390 -2.392
14400 -2.375
14410 -2.286
14420 -2.150
14430 -2.011
14440 -1.905
14450 -1.856
14460 -1.871
14470 -1.938
14480 -2.029
14490 -2.106
14500 -2.133
14510 -2.096
14520 -2.006
14530 -1.894
14540 -1.798
14550 -1.749
14560 -1.763
14570 -1.838
14580 -1.955
14590 -2.082
14600 -2.177
14610 -2.211
14620 -2.176
14630 -2.096
14640 -2.007
14650 -1.948
14660 -1.944
14670 -2.003
14680 -2.114
14690 -2.247
14700 -2.362
14710 -2.419
14720 -2.401
14730 -2.322
14740 -2.218
14750 -2.132
14760 -2.096
14770 -2.124
14780 -2.215
14790 -2.344
14800 -2.475
14810 -2.568
14820 -2.595
14830 -2.558
14840 -2.483
14850 -2.413
14860 -2.384
14870 -2.419
14880 -2.523
14890 -2.683
14900 -2.866
14910 -3.029
14920 -3.132
14930 -3.159
14940 -3.125
14950 -3.067
14960 -3.032
14970 -3.053
14980 -3.143
14990 -3.297
15000 -3.484
15010 -3.657
15020 -3.765
15030 -3.778
15040 -3.704
15050 -3.583
15060 -3.470
15070 -3.408
15080 -3.418
15090 -3.496
15100 -3.614
15110 -3.726
15120 -3.781
15130 -3.745
15140 -3.619
15150 -3.440
15160 -3.261
15170 -3.128
15180 -3.064
15190 -3.071
15200 -3.127
15210 -3.192
15220 -3.222
15230 -3.177
15240 -3.048
15250 -2.859
15260 -2.654
15270 -2.477
15280 -2.358
15290 -2.306
15300 -2.310
15310 -2.340
15320 -2.355
15330 -2.318
15340 -2.204
15350 -2.021
15360 -1.802
15370 -1.589
15380 -1.421
15390 -1.315
15400 -1.271
15410 -1.268
15420 -1.274
15430 -1.247
15440 -1.157
15450 -0.997
15460 -0.785
15470 -0.561
15480 -0.366
15490 -0.229
15500 -0.156
15510 -0.137
15520 -0.144
15530 -0.141
15540 -0.091
15550 +0.024
15560 +0.199
15570 +0.403
15580 +0.595
15590 +0.740
15600 +0.821
15610 +0.840
15620 +0.817
15630 +0.785
15640 +0.781
15650 +0.833
15660 +0.949
15670 +1.111
15680 +1.281
15690 +1.419
15700 +1.500
15710 +1.515
15720 +1.477
15730 +1.415
15740 +1.365
15750 +1.365
15760 +1.436
15770 +1.571
15780 +1.739
15790 +1.896
15800 +2.007
15810 +2.053
15820 +2.041
15830 +1.994
15840 +1.949
15850 +1.946
15860 +2.016
15870 +2.162
15880 +2.357
15890 +2.559
15900 +2.724
15910 +2.827
15920 +2.865
15930 +2.857
15940 +2.836
15950 +2.842
15960 +2.907
15970 +3.046
15980 +3.243
15990 +3.457
16000 +3.643
16010 +3.769
16020 +3.824
16030 +3.819
16040 +3.780
16050 +3.742
16060 +3.741
16070 +3.797
16080 +3.909
16090 +4.050
16100 +4.179
16110 +4.258
16120 +4.269
16130 +4.214
16140 +4.112
16150 +3.995
16160 +3.898
16170 +3.854
16180 +3.877
16190 +3.955
16200 +4.057
16210 +4.140
16220 +4.174
16230 +4.149
16240 +4.075
16250 +3.976
16260 +3.889
16270 +3.849
16280 +3.881
16290 +3.986
16300 +4.135
16310 +4.286
16320 +4.398
16330 +4.448
16340 +4.438
16350 +4.389
16360 +4.331
16370 +4.301
16380 +4.326
16390 +4.416
16400 +4.552
16410 +4.696
16420 +4.803
16430 +4.847
16440 +4.821
16450 +4.738
16460 +4.624
16470 +4.512
16480 +4.432
16490 +4.403
16500 +4.422
16510 +4.465
16520 +4.497
16530 +4.486
16540 +4.417
16550 +4.293
16560 +4.132
16570 +3.963
16580 +3.818
16590 +3.726
16600 +3.702
16610 +3.736
16620 +3.795
16630 +3.841
16640 +3.843
16650 +3.789
16660 +3.689
16670 +3.565
16680 +3.451
16690 +3.384
16700 +3.388
16710 +3.463
16720 +3.581
16730 +3.697
16740 +3.770
16750 +3.776
16760 +3.719
16770 +3.618
16780 +3.505
16790 +3.419
16800 +3.389
16810 +3.426
16820 +3.511
16830 +3.607
16840 +3.668
16850 +3.667
16860 +3.597
16870 +3.472
16880 +3.321
16890 +3.177
16900 +3.075
16910 +3.038
16920 +3.067
16930 +3.137
16940 +3.207
16950 +3.239
16960 +3.213
16970 +3.129
16980 +3.005
16990 +2.872
17000 +2.768
17010 +2.726
17020 +2.764
17030 +2.872
17040 +3.013
17050 +3.138
17060 +3.212
17070 +3.218
17080 +3.168
17090 +3.086
17100 +3.014
17110 +2.990
17120 +3.045
17130 +3.182
17140 +3.372
17150 +3.561
17160 +3.701
17170 +3.763
17180 +3.750
17190 +3.682
17200 +3.599
17210 +3.541
17220 +3.543
17230 +3.621
17240 +3.756
17250 +3.904
17260 +4.013
17270 +4.049
17280 +4.002
17290 +3.890
17300 +3.742
17310 +3.600
17320 +3.502
17330 +3.476
17340 +3.528
17350 +3.630
17360 +3.734
17370 +3.794
17380 +3.785
17390 +3.706
17400 +3.577
17410 +3.435
17420 +3.325
17430 +3.289
17440 +3.350
17450 +3.499
17460 +3.689
17470 +3.856
17480 +3.951
17490 +3.955
17500 +3.883
17510 +3.772
17520 +3.671
17530 +3.634
17540 +3.699
17550 +3.869
17560 +4.094
17570 +4.299
17580 +4.416
17590 +4.417
17600 +4.314
17610 +4.146
17620 +3.967
17630 +3.832
17640 +3.787
17650 +3.844
17660 +3.968
17670 +4.094
17680 +4.157
17690 +4.123
17700 +3.996
17710 +3.806
17720 +3.599
17730 +3.428
17740 +3.343
17750 +3.375
17760 +3.517
17770 +3.720
17780 +3.915
17790 +4.043
17800 +4.081
17810 +4.038
17820 +3.952
17830 +3.876
17840 +3.869
17850 +3.979
17860 +4.224
17870 +4.567
17880 +4.928
17890 +5.224
17900 +5.403
17910 +5.463
17920 +5.440
17930 +5.394
17940 +5.389
17950 +5.477
17960 +5.678
17970 +5.959
17980 +6.242
17990 +6.443
18000 +6.510
18010 +6.446
18020 +6.291
18030 +6.099
18040 +5.927
18050 +5.820
18060 +5.803
18070 +5.874
18080 +5.993
18090 +6.105
18100 +6.161
18110 +6.138
18120 +6.046
18130 +5.916
18140 +5.788
18150 +5.709
18160 +5.720
18170 +5.849
18180 +6.091
18190 +6.403
18200 +6.722
18210 +6.985
18220 +7.162
18230 +7.264
18240 +7.331
18250 +7.426
18260 +7.617
18270 +7.960
18280 +8.477
18290 +9.131
18300 +9.818
18310 +10.411
18320 +10.822
18330 +11.047
18340 +11.155
18350 +11.241
18360 +11.388
18370 +11.637
18380 +11.964
18390 +12.265
18400 +12.399
18410 +12.287
18420 +11.963
18430 +11.529
18440 +11.080
18450 +10.680
18460 +10.367
18470 +10.163
18480 +10.071
18490 +10.070
18500 +10.117
18510 +10.156
18520 +10.147
18530 +10.083
18540 +9.984
18550 +9.886
18560 +9.835
18570 +9.879
18580 +10.064
18590 +10.421
18600 +10.936
18610 +11.532
18620 +12.080
18630 +12.475
18640 +12.699
18650 +12.818
18660 +12.931
18670 +13.129
18680 +13.469
18690 +13.928
18700 +14.342
18710 +14.431
18720 +14.053
18730 +13.367
18740 +12.609
18750 +11.913
18760 +11.317
18770 +10.820
18780 +10.408
18790 +10.070
18800 +9.795
18810 +9.572
18820 +9.387
18830 +9.228
18840 +9.090
18850 +8.974
18860 +8.890
18870 +8.853
18880 +8.883
18890 +9.005
18900 +9.240
18910 +9.593
18920 +10.042
18930 +10.542
18940 +11.040
18950 +11.509
18960 +11.960
18970 +12.433
18980 +12.994
18990 +13.721
19000 +14.693
19010 +15.958
19020 +17.433
19030 +18.723
19040 +19.169
19050 +18.614
19060 +17.590
19070 +16.530
19080 +15.544
19090 +14.592
19100 +13.599
19110 +12.531
19120 +11.420
19130 +10.353
19140 +9.422
19150 +8.679
19160 +8.122
19170 +7.718
19180 +7.423
19190 +7.195
19200 +7.006
19210 +6.838
19220 +6.693
19230 +6.589
19240 +6.559
19250 +6.637
19260 +6.838
19270 +7.155
19280 +7.576
19290 +8.094
19300 +8.714
19310 +9.446
19320 +10.275
19330 +11.102
19340 +11.675
19350 +11.710
19360 +11.234
19370 +10.549
19380 +9.865
19390 +9.189
19400 +8.420
19410 +7.452
19420 +6.245
19430 +4.867
19440 +3.477
19450 +2.268
19460 +1.378
19470 +0.833
19480 +0.553
19490 +0.415
19500 +0.307
19510 +0.146
19520 -0.114
19530 -0.480
19540 -0.903
19550 -1.278
19560 -1.480
19570 -1.437
19580 -1.170
19590 -0.772
19600 -0.342
19610 +0.038
19620 +0.310
19630 +0.439
19640 +0.417
19650 +0.293
19660 +0.179
19670 +0.197
19680 +0.390
19690 +0.701
19700 +1.025
19710 +1.257
19720 +1.302
19730 +1.084
19740 +0.573
19750 -0.168
19760 -0.963
19770 -1.602
19780 -1.972
19790 -2.118
19800 -2.166
19810 -2.241
19820 -2.428
19830 -2.775
19840 -3.292
19850 -3.936
19860 -4.599
19870 -5.127
19880 -5.391
19890 -5.375
19900 -5.182
19910 -4.951
19920 -4.797
19930 -4.798
19940 -5.000
19950 -5.415
19960 -6.003
19970 -6.624
19980 -7.052
19990 -7.099
20000 -6.798
20010 -6.362
20020 -5.996
20030 -5.832
20040 -5.944
20050 -6.381
20060 -7.163
20070 -8.227
20080 -9.301
20090 -9.871
20100 -9.643
20110 -8.952
20120 -8.285
20130 -7.895
20140 -7.877
20150 -8.285
20160 -9.193
20170 -10.715
20180 -12.944
20190 -15.567
20200 -16.751
20210 -15.351
20220 -13.471
20230 -12.145
20240 -11.406
20250 -11.145
20260 -11.297
20270 -11.870
20280 -12.969
20290 -14.864
20300 -18.165
20310 -24.847
20320 -38.933
20330 -22.416
20340 -17.495
20350 -14.619
20360 -12.504
20370 -10.629
20380 -8.649
20390 -6.230
20400 -3.170
20410 -1.067
20420 -3.282
20430 -6.502
20440 -8.839
20450 -10.429
20460 -11.553
20470 -12.408
20480 -13.107
20490 -13.708
20500 -14.224
20510 -14.628
20520 -14.853
20530 -14.811
20540 -14.455
20550 -13.862
20560 -13.273
20570 -13.011
20580 -13.314
20590 -14.225
20600 -15.640
20610 -17.394
20620 -19.189
20630 -20.348
20640 -20.097
20650 -18.752
20660 -17.275
20670 -16.264
20680 -15.980
20690 -16.522
20700 -17.909
20710 -20.205
20720 -23.721
20730 -29.575
20740 -37.282
20750 -29.322
20760 -24.695
20770 -22.332
20780 -21.320
20790 -21.330
20800 -22.091
20810 -23.208
20820 -24.135
20830 -24.456
20840 -24.290
20850 -24.116
20860 -24.386
20870 -25.420
20880 -27.078
20890 -27.403
20900 -25.098
20910 -22.595
20920 -20.874
20930 -19.888
20940 -19.543
20950 -19.897
20960 -21.264
20970 -24.363
20980 -27.506
20990 -22.846
21000 -18.990
21010 -17.056
21020 -16.166
21030 -15.864
21040 -15.972
21050 -16.463
21060 -16.673
21070 -9.529
21080 -11.722
21090 -13.636
21100 -14.865
21110 -15.971
21120 -17.165
21130 -18.597
21140 -20.460
21150 -23.121
21160 -27.543
21170 -37.072
21180 -29.677
21190 -22.334
21200 -17.811
21210 -14.573
21220 -12.416
21230 -11.601
21240 -12.262
21250 -13.998
21260 -16.010
21270 -16.993
21280 -15.977
21290 -13.849
21300 -11.668
21310 -9.851
21320 -8.631
21330 -8.231
21340 -8.748
21350 -9.996
21360 -11.510
21370 -12.578
21380 -12.527
21390 -11.440
21400 -9.955
21410 -8.569
21420 -7.576
21430 -7.180
21440 -7.488
21450 -8.427
21460 -9.713
21470 -10.866
21480 -11.313
21490 -10.822
21500 -9.734
21510 -8.538
21520 -7.574
21530 -7.057
21540 -7.118
21550 -7.754
21560 -8.804
21570 -9.942
21580 -10.701
21590 -10.687
21600 -9.938
21610 -8.850
21620 -7.813
21630 -7.084
21640 -6.821
21650 -7.077
21660 -7.774
21670 -8.704
21680 -9.533
21690 -9.873
21700 -9.512
21710 -8.609
21720 -7.523
21730 -6.566
21740 -5.946
21750 -5.767
21760 -6.019
21770 -6.577
21780 -7.225
21790 -7.682
21800 -7.690
21810 -7.165
21820 -6.273
21830 -5.295
21840 -4.484
21850 -4.007
21860 -3.923
21870 -4.185
21880 -4.661
21890 -5.167
21900 -5.490
21910 -5.454
21920 -5.014
21930 -4.299
21940 -3.539
21950 -2.953
21960 -2.679
21970 -2.754
21980 -3.113
21990 -3.627
22000 -4.119
22010 -4.393
22020 -4.294
22030 -3.808
22040 -3.095
22050 -2.396
22060 -1.919
22070 -1.777
22080 -1.971
22090 -2.408
22100 -2.935
22110 -3.362
22120 -3.494
22130 -3.222
22140 -2.615
22150 -1.887
22160 -1.285
22170 -0.989
22180 -1.064
22190 -1.463
22200 -2.060
22210 -2.681
22220 -3.122
22230 -3.202
22240 -2.876
22250 -2.290
22260 -1.703
22270 -1.352
22280 -1.374
22290 -1.781
22300 -2.486
22310 -3.339
22320 -4.134
22330 -4.620
22340 -4.607
22350 -4.134
22360 -3.464
22370 -2.911
22380 -2.696
22390 -2.904
22400 -3.500
22410 -4.361
22420 -5.280
22430 -5.952
22440 -6.058
22450 -5.513
22460 -4.593
22470 -3.696
22480 -3.122
22490 -3.021
22500 -3.399
22510 -4.149
22520 -5.066
22530 -5.836
22540 -6.066
22550 -5.555
22560 -4.541
22570 -3.483
22580 -2.751
22590 -2.533
22600 -2.842
22610 -3.558
22620 -4.478
22630 -5.310
22640 -5.697
22650 -5.414
22660 -4.615
22670 -3.701
22680 -3.014
22690 -2.726
22700 -2.857
22710 -3.319
22720 -3.959
22730 -4.568
22740 -4.894
22750 -4.743
22760 -4.127
22770 -3.280
22780 -2.482
22790 -1.933
22800 -1.720
22810 -1.827
22820 -2.159
22830 -2.564
22840 -2.849
22850 -2.821
22860 -2.396
22870 -1.671
22880 -0.870
22890 -0.220
22900 +0.135
22910 +0.156
22920 -0.099
22930 -0.507
22940 -0.896
22950 -1.086
22960 -0.950
22970 -0.503
22980 +0.087
22990 +0.602
23000 +0.874
23010 +0.838
23020 +0.526
23030 +0.037
23040 -0.486
23050 -0.877
23060 -0.995
23070 -0.795
23080 -0.377
23090 +0.078
23100 +0.399
23110 +0.484
23120 +0.319
23130 -0.040
23140 -0.486
23150 -0.870
23160 -1.043
23170 -0.914
23180 -0.516
23190 +0.008
23200 +0.482
23210 +0.773
23220 +0.814
23230 +0.621
23240 +0.274
23250 -0.095
23260 -0.331
23270 -0.312
23280 -0.017
23290 +0.455
23300 +0.935
23310 +1.271
23320 +1.371
23330 +1.222
23340 +0.881
23350 +0.464
23360 +0.113
23370 -0.043
23380 +0.054
23390 +0.355
23400 +0.730
23410 +1.042
23420 +1.191
23430 +1.145
23440 +0.928
23450 +0.618
23460 +0.322
23470 +0.154
23480 +0.192
23490 +0.440
23500 +0.825
23510 +1.237
23520 +1.574
23530 +1.772
23540 +1.817
23550 +1.743
23560 +1.621
23570 +1.547
23580 +1.609
23590 +1.851
23600 +2.252
23610 +2.734
23620 +3.197
23630 +3.555
23640 +3.761
23650 +3.816
23660 +3.767
23670 +3.694
23680 +3.686
23690 +3.811
23700 +4.083
23710 +4.452
23720 +4.831
23730 +5.131
23740 +5.294
23750 +5.306
23760 +5.200
23770 +5.046
23780 +4.929
23790 +4.924
23800 +5.066
23810 +5.334
23820 +5.663
23830 +5.971
23840 +6.196
23850 +6.308
23860 +6.316
23870 +6.266
23880 +6.226
23890 +6.267
23900 +6.434
23910 +6.727
23920 +7.099
23930 +7.474
23940 +7.780
23950 +7.963
23960 +8.010
23970 +7.942
23980 +7.814
23990 +7.697
