00000 -3.102
00010 -2.523
00020 -1.441
00030 -0.567
00040 -0.036
00050 +0.214
00060 +0.250
00070 +0.116
00080 -0.149
00090 -0.474
00100 -0.726
00110 -0.744
00120 -0.485
00130 -0.085
00140 +0.288
00150 +0.547
00160 +0.679
00170 +0.701
00180 +0.644
00190 +0.541
00200 +0.435
00210 +0.374
00220 +0.391
00230 +0.486
00240 +0.626
00250 +0.763
00260 +0.861
00270 +0.904
00280 +0.890
00290 +0.832
00300 +0.750
00310 +0.668
00320 +0.613
00330 +0.603
00340 +0.641
00350 +0.709
00360 +0.778
00370 +0.823
00380 +0.827
00390 +0.788
00400 +0.712
00410 +0.619
00420 +0.533
00430 +0.483
00440 +0.486
00450 +0.545
00460 +0.638
00470 +0.731
00480 +0.796
00490 +0.819
00500 +0.807
00510 +0.781
00520 +0.779
00530 +0.840
00540 +0.989
00550 +1.215
00560 +1.476
00570 +1.718
00580 +1.905
00590 +2.029
00600 +2.107
00610 +2.165
00620 +2.234
00630 +2.333
00640 +2.463
00650 +2.608
00660 +2.740
00670 +2.836
00680 +2.883
00690 +2.884
00700 +2.852
00710 +2.804
00720 +2.758
00730 +2.730
00740 +2.728
00750 +2.749
00760 +2.781
00770 +2.806
00780 +2.807
00790 +2.776
00800 +2.713
00810 +2.632
00820 +2.548
00830 +2.484
00840 +2.455
00850 +2.470
00860 +2.517
00870 +2.573
00880 +2.613
00890 +2.620
00900 +2.597
00910 +2.558
00920 +2.527
00930 +2.523
00940 +2.556
00950 +2.623
00960 +2.705
00970 +2.780
00980 +2.829
00990 +2.845
01000 +2.834
01010 +2.808
01020 +2.783
01030 +2.772
01040 +2.783
01050 +2.817
01060 +2.863
01070 +2.911
01080 +2.947
01090 +2.963
01100 +2.959
01110 +2.940
01120 +2.916
01130 +2.898
01140 +2.897
01150 +2.917
01160 +2.955
01170 +3.004
01180 +3.053
01190 +3.091
01200 +3.111
01210 +3.114
01220 +3.105
01230 +3.097
01240 +3.099
01250 +3.120
01260 +3.163
01270 +3.222
01280 +3.285
01290 +3.338
01300 +3.371
01310 +3.379
01320 +3.367
01330 +3.346
01340 +3.330
01350 +3.328
01360 +3.343
01370 +3.373
01380 +3.405
01390 +3.428
01400 +3.430
01410 +3.409
01420 +3.369
01430 +3.320
01440 +3.274
01450 +3.239
01460 +3.222
01470 +3.221
01480 +3.230
01490 +3.239
01500 +3.239
01510 +3.225
01520 +3.195
01530 +3.154
01540 +3.110
01550 +3.074
01560 +3.054
01570 +3.055
01580 +3.074
01590 +3.104
01600 +3.133
01610 +3.148
01620 +3.140
01630 +3.109
01640 +3.066
01650 +3.024
01660 +2.998
01670 +2.996
01680 +3.016
01690 +3.045
01700 +3.066
01710 +3.067
01720 +3.042
01730 +2.997
01740 +2.943
01750 +2.895
01760 +2.866
01770 +2.860
01780 +2.874
01790 +2.898
01800 +2.920
01810 +2.929
01820 +2.919
01830 +2.892
01840 +2.857
01850 +2.824
01860 +2.805
01870 +2.806
01880 +2.827
01890 +2.863
01900 +2.903
01910 +2.937
01920 +2.958
01930 +2.963
01940 +2.959
01950 +2.955
01960 +2.960
01970 +2.984
01980 +3.030
01990 +3.095
02000 +3.170
02010 +3.242
02020 +3.302
02030 +3.343
02040 +3.366
02050 +3.378
02060 +3.388
02070 +3.406
02080 +3.435
02090 +3.473
02100 +3.511
02110 +3.539
02120 +3.546
02130 +3.528
02140 +3.486
02150 +3.430
02160 +3.371
02170 +3.318
02180 +3.279
02190 +3.254
02200 +3.240
02210 +3.227
02220 +3.208
02230 +3.177
02240 +3.134
02250 +3.082
02260 +3.029
02270 +2.985
02280 +2.957
02290 +2.946
02300 +2.951
02310 +2.965
02320 +2.982
02330 +2.992
02340 +2.994
02350 +2.987
02360 +2.977
02370 +2.973
02380 +2.981
02390 +3.006
02400 +3.048
02410 +3.103
02420 +3.163
02430 +3.219
02440 +3.264
02450 +3.297
02460 +3.319
02470 +3.339
02480 +3.362
02490 +3.395
02500 +3.440
02510 +3.495
02520 +3.552
02530 +3.604
02540 +3.642
02550 +3.664
02560 +3.671
02570 +3.669
02580 +3.667
02590 +3.671
02600 +3.688
02610 +3.716
02620 +3.751
02630 +3.787
02640 +3.814
02650 +3.828
02660 +3.829
02670 +3.820
02680 +3.810
02690 +3.806
02700 +3.814
02710 +3.836
02720 +3.868
02730 +3.902
02740 +3.931
02750 +3.945
02760 +3.942
02770 +3.923
02780 +3.895
02790 +3.864
02800 +3.839
02810 +3.823
02820 +3.812
02830 +3.803
02840 +3.788
02850 +3.761
02860 +3.721
02870 +3.671
02880 +3.617
02890 +3.569
02900 +3.533
02910 +3.515
02920 +3.515
02930 +3.528
02940 +3.548
02950 +3.568
02960 +3.584
02970 +3.596
02980 +3.605
02990 +3.619
03000 +3.643
03010 +3.684
03020 +3.742
03030 +3.815
03040 +3.898
03050 +3.984
03060 +4.067
03070 +4.146
03080 +4.220
03090 +4.295
03100 +4.375
03110 +4.466
03120 +4.571
03130 +4.687
03140 +4.809
03150 +4.930
03160 +5.042
03170 +5.140
03180 +5.221
03190 +5.287
03200 +5.340
03210 +5.386
03220 +5.426
03230 +5.461
03240 +5.489
03250 +5.503
03260 +5.501
03270 +5.478
03280 +5.433
03290 +5.371
03300 +5.296
03310 +5.216
03320 +5.137
03330 +5.065
03340 +5.000
03350 +4.942
03360 +4.887
03370 +4.832
03380 +4.774
03390 +4.712
03400 +4.650
03410 +4.592
03420 +4.545
03430 +4.513
03440 +4.498
03450 +4.500
03460 +4.514
03470 +4.534
03480 +4.556
03490 +4.577
03500 +4.597
03510 +4.620
03520 +4.651
03530 +4.695
03540 +4.756
03550 +4.833
03560 +4.921
03570 +5.014
03580 +5.106
03590 +5.191
03600 +5.268
03610 +5.337
03620 +5.402
03630 +5.468
03640 +5.536
03650 +5.605
03660 +5.672
03670 +5.727
03680 +5.765
03690 +5.777
03700 +5.762
03710 +5.719
03720 +5.652
03730 +5.567
03740 +5.468
03750 +5.357
03760 +5.236
03770 +5.101
03780 +4.950
03790 +4.780
03800 +4.591
03810 +4.386
03820 +4.170
03830 +3.950
03840 +3.733
03850 +3.525
03860 +3.329
03870 +3.146
03880 +2.974
03890 +2.811
03900 +2.656
03910 +2.509
03920 +2.374
03930 +2.256
03940 +2.164
03950 +2.103
03960 +2.079
03970 +2.093
03980 +2.141
03990 +2.218
04000 +2.317
04010 +2.434
04020 +2.568
04030 +2.720
04040 +2.891
04050 +3.084
04060 +3.296
04070 +3.523
04080 +3.756
04090 +3.987
04100 +4.207
04110 +4.409
04120 +4.590
04130 +4.751
04140 +4.892
04150 +5.016
04160 +5.125
04170 +5.220
04180 +5.299
04190 +5.361
04200 +5.403
04210 +5.423
04220 +5.422
04230 +5.401
04240 +5.364
04250 +5.318
04260 +5.267
04270 +5.215
04280 +5.164
04290 +5.116
04300 +5.068
04310 +5.017
04320 +4.962
04330 +4.903
04340 +4.842
04350 +4.782
04360 +4.728
04370 +4.685
04380 +4.655
04390 +4.638
04400 +4.632
04410 +4.631
04420 +4.631
04430 +4.631
04440 +4.630
04450 +4.630
04460 +4.635
04470 +4.647
04480 +4.669
04490 +4.700
04500 +4.736
04510 +4.774
04520 +4.808
04530 +4.836
04540 +4.855
04550 +4.868
04560 +4.877
04570 +4.885
04580 +4.896
04590 +4.910
04600 +4.926
04610 +4.941
04620 +4.952
04630 +4.957
04640 +4.954
04650 +4.945
04660 +4.930
04670 +4.914
04680 +4.900
04690 +4.891
04700 +4.887
04710 +4.888
04720 +4.892
04730 +4.894
04740 +4.894
04750 +4.891
04760 +4.885
04770 +4.880
04780 +4.879
04790 +4.885
04800 +4.901
04810 +4.926
04820 +4.957
04830 +4.992
04840 +5.027
04850 +5.059
04860 +5.088
04870 +5.115
04880 +5.144
04890 +5.177
04900 +5.216
04910 +5.260
04920 +5.309
04930 +5.358
04940 +5.403
04950 +5.442
04960 +5.473
04970 +5.498
04980 +5.518
04990 +5.537
05000 +5.559
05010 +5.584
05020 +5.612
05030 +5.642
05040 +5.670
05050 +5.694
05060 +5.713
05070 +5.727
05080 +5.738
05090 +5.748
05100 +5.762
05110 +5.782
05120 +5.809
05130 +5.842
05140 +5.878
05150 +5.915
05160 +5.949
05170 +5.978
05180 +6.004
05190 +6.027
05200 +6.052
05210 +6.081
05220 +6.115
05230 +6.153
05240 +6.193
05250 +6.229
05260 +6.259
05270 +6.279
05280 +6.289
05290 +6.291
05300 +6.288
05310 +6.284
05320 +6.282
05330 +6.281
05340 +6.282
05350 +6.281
05360 +6.275
05370 +6.264
05380 +6.246
05390 +6.225
05400 +6.203
05410 +6.185
05420 +6.174
05430 +6.172
05440 +6.179
05450 +6.192
05460 +6.209
05470 +6.228
05480 +6.247
05490 +6.266
05500 +6.288
05510 +6.316
05520 +6.351
05530 +6.397
05540 +6.452
05550 +6.516
05560 +6.584
05570 +6.654
05580 +6.723
05590 +6.788
05600 +6.851
05610 +6.913
05620 +6.976
05630 +7.042
05640 +7.111
05650 +7.182
05660 +7.252
05670 +7.318
05680 +7.376
05690 +7.424
05700 +7.462
05710 +7.492
05720 +7.516
05730 +7.537
05740 +7.557
05750 +7.577
05760 +7.596
05770 +7.612
05780 +7.622
05790 +7.625
05800 +7.621
05810 +7.611
05820 +7.598
05830 +7.585
05840 +7.575
05850 +7.570
05860 +7.569
05870 +7.572
05880 +7.576
05890 +7.579
05900 +7.579
05910 +7.576
05920 +7.570
05930 +7.565
05940 +7.563
05950 +7.566
05960 +7.575
05970 +7.589
05980 +7.605
05990 +7.619
06000 +7.629
06010 +7.632
06020 +7.628
06030 +7.620
06040 +7.610
06050 +7.602
06060 +7.596
06070 +7.592
06080 +7.589
06090 +7.584
06100 +7.572
06110 +7.552
06120 +7.524
06130 +7.490
06140 +7.452
06150 +7.416
06160 +7.383
06170 +7.356
06180 +7.333
06190 +7.312
06200 +7.289
06210 +7.263
06220 +7.232
06230 +7.198
06240 +7.163
06250 +7.131
06260 +7.107
06270 +7.092
06280 +7.085
06290 +7.085
06300 +7.087
06310 +7.088
06320 +7.087
06330 +7.082
06340 +7.075
06350 +7.069
06360 +7.069
06370 +7.076
06380 +7.090
06390 +7.109
06400 +7.129
06410 +7.146
06420 +7.156
06430 +7.158
06440 +7.152
06450 +7.142
06460 +7.131
06470 +7.124
06480 +7.120
06490 +7.121
06500 +7.121
06510 +7.119
06520 +7.109
06530 +7.090
06540 +7.065
06550 +7.034
06560 +7.004
06570 +6.979
06580 +6.962
06590 +6.952
06600 +6.948
06610 +6.947
06620 +6.944
06630 +6.936
06640 +6.925
06650 +6.911
06660 +6.900
06670 +6.895
06680 +6.900
06690 +6.915
06700 +6.939
06710 +6.967
06720 +6.995
06730 +7.018
06740 +7.036
06750 +7.050
06760 +7.061
06770 +7.074
06780 +7.092
06790 +7.117
06800 +7.148
06810 +7.179
06820 +7.208
06830 +7.228
06840 +7.238
06850 +7.239
06860 +7.231
06870 +7.221
06880 +7.212
06890 +7.206
06900 +7.205
06910 +7.206
06920 +7.204
06930 +7.197
06940 +7.181
06950 +7.157
06960 +7.127
06970 +7.095
06980 +7.067
06990 +7.045
07000 +7.032
07010 +7.026
07020 +7.024
07030 +7.021
07040 +7.014
07050 +7.003
07060 +6.988
07070 +6.972
07080 +6.960
07090 +6.956
07100 +6.961
07110 +6.974
07120 +6.992
07130 +7.012
07140 +7.028
07150 +7.039
07160 +7.045
07170 +7.046
07180 +7.047
07190 +7.052
07200 +7.062
07210 +7.078
07220 +7.099
07230 +7.119
07240 +7.136
07250 +7.146
07260 +7.147
07270 +7.142
07280 +7.133
07290 +7.124
07300 +7.119
07310 +7.119
07320 +7.124
07330 +7.130
07340 +7.135
07350 +7.135
07360 +7.128
07370 +7.113
07380 +7.094
07390 +7.075
07400 +7.059
07410 +7.049
07420 +7.045
07430 +7.046
07440 +7.048
07450 +7.046
07460 +7.038
07470 +7.023
07480 +7.002
07490 +6.979
07500 +6.957
07510 +6.939
07520 +6.927
07530 +6.920
07540 +6.915
07550 +6.908
07560 +6.895
07570 +6.875
07580 +6.846
07590 +6.814
07600 +6.780
07610 +6.749
07620 +6.724
07630 +6.704
07640 +6.690
07650 +6.676
07660 +6.658
07670 +6.635
07680 +6.605
07690 +6.570
07700 +6.534
07710 +6.501
07720 +6.475
07730 +6.458
07740 +6.448
07750 +6.443
07760 +6.438
07770 +6.429
07780 +6.415
07790 +6.397
07800 +6.376
07810 +6.357
07820 +6.344
07830 +6.340
07840 +6.343
07850 +6.352
07860 +6.362
07870 +6.369
07880 +6.370
07890 +6.363
07900 +6.351
07910 +6.337
07920 +6.325
07930 +6.318
07940 +6.319
07950 +6.324
07960 +6.332
07970 +6.338
07980 +6.338
07990 +6.329
08000 +6.314
08010 +6.294
08020 +6.276
08030 +6.263
08040 +6.259
08050 +6.263
08060 +6.273
08070 +6.285
08080 +6.295
08090 +6.299
08100 +6.297
08110 +6.292
08120 +6.288
08130 +6.290
08140 +6.302
08150 +6.324
08160 +6.355
08170 +6.391
08180 +6.425
08190 +6.455
08200 +6.478
08210 +6.496
08220 +6.512
08230 +6.531
08240 +6.556
08250 +6.589
08260 +6.630
08270 +6.675
08280 +6.719
08290 +6.758
08300 +6.788
08310 +6.811
08320 +6.827
08330 +6.843
08340 +6.862
08350 +6.888
08360 +6.922
08370 +6.962
08380 +7.005
08390 +7.044
08400 +7.079
08410 +7.106
08420 +7.128
08430 +7.150
08440 +7.176
08450 +7.211
08460 +7.258
08470 +7.315
08480 +7.380
08490 +7.447
08500 +7.511
08510 +7.570
08520 +7.624
08530 +7.676
08540 +7.730
08550 +7.789
08560 +7.857
08570 +7.931
08580 +8.010
08590 +8.088
08600 +8.159
08610 +8.219
08620 +8.267
08630 +8.303
08640 +8.332
08650 +8.358
08660 +8.384
08670 +8.410
08680 +8.437
08690 +8.459
08700 +8.474
08710 +8.477
08720 +8.466
08730 +8.443
08740 +8.410
08750 +8.372
08760 +8.334
08770 +8.299
08780 +8.268
08790 +8.239
08800 +8.209
08810 +8.175
08820 +8.132
08830 +8.082
08840 +8.025
08850 +7.967
08860 +7.912
08870 +7.864
08880 +7.825
08890 +7.795
08900 +7.770
08910 +7.747
08920 +7.722
08930 +7.692
08940 +7.659
08950 +7.624
08960 +7.591
08970 +7.565
08980 +7.548
08990 +7.540
09000 +7.539
09010 +7.541
09020 +7.541
09030 +7.536
09040 +7.524
09050 +7.507
09060 +7.486
09070 +7.467
09080 +7.452
09090 +7.443
09100 +7.440
09110 +7.439
09120 +7.436
09130 +7.428
09140 +7.412
09150 +7.388
09160 +7.358
09170 +7.326
09180 +7.297
09190 +7.274
09200 +7.258
09210 +7.250
09220 +7.245
09230 +7.240
09240 +7.231
09250 +7.216
09260 +7.198
09270 +7.180
09280 +7.166
09290 +7.163
09300 +7.171
09310 +7.193
09320 +7.224
09330 +7.261
09340 +7.298
09350 +7.332
09360 +7.362
09370 +7.392
09380 +7.424
09390 +7.463
09400 +7.513
09410 +7.572
09420 +7.638
09430 +7.706
09440 +7.770
09450 +7.825
09460 +7.869
09470 +7.903
09480 +7.928
09490 +7.951
09500 +7.973
09510 +7.996
09520 +8.019
09530 +8.039
09540 +8.050
09550 +8.049
09560 +8.034
09570 +8.004
09580 +7.963
09590 +7.917
09600 +7.868
09610 +7.822
09620 +7.778
09630 +7.736
09640 +7.691
09650 +7.642
09660 +7.585
09670 +7.520
09680 +7.450
09690 +7.377
09700 +7.306
09710 +7.242
09720 +7.185
09730 +7.136
09740 +7.093
09750 +7.051
09760 +7.008
09770 +6.961
09780 +6.912
09790 +6.862
09800 +6.814
09810 +6.772
09820 +6.737
09830 +6.711
09840 +6.692
09850 +6.677
09860 +6.663
09870 +6.646
09880 +6.626
09890 +6.602
09900 +6.578
09910 +6.554
09920 +6.535
09930 +6.522
09940 +6.515
09950 +6.511
09960 +6.508
09970 +6.504
09980 +6.495
09990 +6.481
10000 +6.462
10010 +6.441
10020 +6.420
10030 +6.403
10040 +6.391
10050 +6.383
10060 +6.377
10070 +6.371
10080 +6.361
10090 +6.345
10100 +6.324
10110 +6.298
10120 +6.270
10130 +6.244
10140 +6.221
10150 +6.202
10160 +6.187
10170 +6.172
10180 +6.155
10190 +6.133
10200 +6.104
10210 +6.068
10220 +6.028
10230 +5.985
10240 +5.943
10250 +5.903
10260 +5.866
10270 +5.831
10280 +5.793
10290 +5.750
10300 +5.700
10310 +5.641
10320 +5.574
10330 +5.502
10340 +5.429
10350 +5.358
10360 +5.290
10370 +5.226
10380 +5.164
10390 +5.101
10400 +5.035
10410 +4.965
10420 +4.891
10430 +4.817
10440 +4.745
10450 +4.680
10460 +4.625
10470 +4.581
10480 +4.547
10490 +4.520
10500 +4.496
10510 +4.474
10520 +4.452
10530 +4.431
10540 +4.414
10550 +4.403
10560 +4.401
10570 +4.408
10580 +4.424
10590 +4.447
10600 +4.472
10610 +4.496
10620 +4.519
10630 +4.539
10640 +4.558
10650 +4.579
10660 +4.605
10670 +4.636
10680 +4.673
10690 +4.715
10700 +4.760
10710 +4.805
10720 +4.849
10730 +4.890
10740 +4.929
10750 +4.968
10760 +5.009
10770 +5.055
10780 +5.106
10790 +5.164
10800 +5.226
10810 +5.290
10820 +5.354
10830 +5.417
10840 +5.478
10850 +5.537
10860 +5.595
10870 +5.656
10880 +5.719
10890 +5.786
10900 +5.856
10910 +5.927
10920 +5.996
10930 +6.062
10940 +6.122
10950 +6.176
10960 +6.224
10970 +6.269
10980 +6.311
10990 +6.352
11000 +6.393
11010 +6.433
11020 +6.470
11030 +6.502
11040 +6.528
11050 +6.547
11060 +6.558
11070 +6.564
11080 +6.566
11090 +6.567
11100 +6.567
11110 +6.569
11120 +6.571
11130 +6.572
11140 +6.570
11150 +6.565
11160 +6.556
11170 +6.544
11180 +6.532
11190 +6.522
11200 +6.516
11210 +6.516
11220 +6.523
11230 +6.536
11240 +6.554
11250 +6.577
11260 +6.603
11270 +6.633
11280 +6.667
11290 +6.708
11300 +6.758
11310 +6.818
11320 +6.888
11330 +6.968
11340 +7.055
11350 +7.146
11360 +7.240
11370 +7.335
11380 +7.429
11390 +7.523
11400 +7.618
11410 +7.714
11420 +7.811
11430 +7.908
11440 +8.006
11450 +8.101
11460 +8.193
11470 +8.280
11480 +8.360
11490 +8.434
11500 +8.503
11510 +8.569
11520 +8.633
11530 +8.695
11540 +8.757
11550 +8.818
11560 +8.877
11570 +8.933
11580 +8.985
11590 +9.032
11600 +9.075
11610 +9.115
11620 +9.154
11630 +9.193
11640 +9.234
11650 +9.277
11660 +9.321
11670 +9.365
11680 +9.407
11690 +9.447
11700 +9.484
11710 +9.520
11720 +9.554
11730 +9.589
11740 +9.626
11750 +9.666
11760 +9.709
11770 +9.754
11780 +9.799
11790 +9.842
11800 +9.884
11810 +9.923
11820 +9.961
11830 +10.000
11840 +10.039
11850 +10.081
11860 +10.127
11870 +10.175
11880 +10.225
11890 +10.276
11900 +10.326
11910 +10.374
11920 +10.420
11930 +10.466
11940 +10.514
11950 +10.563
11960 +10.616
11970 +10.672
11980 +10.732
11990 +10.794
12000 +10.856
12010 +10.918
12020 +10.977
12030 +11.035
12040 +11.093
12050 +11.151
12060 +11.211
12070 +11.274
12080 +11.339
12090 +11.407
12100 +11.474
12110 +11.539
12120 +11.600
12130 +11.657
12140 +11.710
12150 +11.760
12160 +11.809
12170 +11.857
12180 +11.906
12190 +11.954
12200 +12.001
12210 +12.044
12220 +12.083
12230 +12.115
12240 +12.141
12250 +12.162
12260 +12.180
12270 +12.197
12280 +12.215
12290 +12.232
12300 +12.251
12310 +12.268
12320 +12.282
12330 +12.293
12340 +12.300
12350 +12.303
12360 +12.305
12370 +12.306
12380 +12.309
12390 +12.314
12400 +12.321
12410 +12.331
12420 +12.340
12430 +12.348
12440 +12.352
12450 +12.353
12460 +12.351
12470 +12.347
12480 +12.342
12490 +12.338
12500 +12.336
12510 +12.334
12520 +12.332
12530 +12.327
12540 +12.317
12550 +12.301
12560 +12.279
12570 +12.251
12580 +12.220
12590 +12.186
12600 +12.153
12610 +12.119
12620 +12.085
12630 +12.049
12640 +12.009
12650 +11.964
12660 +11.913
12670 +11.858
12680 +11.800
12690 +11.741
12700 +11.684
12710 +11.629
12720 +11.578
12730 +11.529
12740 +11.480
12750 +11.431
12760 +11.380
12770 +11.327
12780 +11.273
12790 +11.220
12800 +11.170
12810 +11.124
12820 +11.085
12830 +11.051
12840 +11.022
12850 +10.995
12860 +10.969
12870 +10.942
12880 +10.914
12890 +10.888
12900 +10.864
12910 +10.846
12920 +10.835
12930 +10.832
12940 +10.836
12950 +10.845
12960 +10.857
12970 +10.869
12980 +10.881
12990 +10.894
13000 +10.910
13010 +10.931
13020 +10.960
13030 +10.998
13040 +11.045
13050 +11.098
13060 +11.155
13070 +11.214
13080 +11.273
13090 +11.331
13100 +11.390
13110 +11.451
13120 +11.518
13130 +11.592
13140 +11.672
13150 +11.758
13160 +11.846
13170 +11.933
13180 +12.016
13190 +12.093
13200 +12.165
13210 +12.232
13220 +12.297
13230 +12.361
13240 +12.426
13250 +12.490
13260 +12.550
13270 +12.604
13280 +12.647
13290 +12.677
13300 +12.692
13310 +12.695
13320 +12.689
13330 +12.676
13340 +12.660
13350 +12.641
13360 +12.619
13370 +12.590
13380 +12.553
13390 +12.506
13400 +12.447
13410 +12.380
13420 +12.307
13430 +12.234
13440 +12.163
13450 +12.098
13460 +12.039
13470 +11.983
13480 +11.929
13490 +11.874
13500 +11.816
13510 +11.757
13520 +11.698
13530 +11.644
13540 +11.597
13550 +11.562
13560 +11.539
13570 +11.526
13580 +11.522
13590 +11.523
13600 +11.527
13610 +11.532
13620 +11.538
13630 +11.549
13640 +11.568
13650 +11.598
13660 +11.641
13670 +11.698
13680 +11.764
13690 +11.837
13700 +11.909
13710 +11.979
13720 +12.044
13730 +12.106
13740 +12.168
13750 +12.234
13760 +12.305
13770 +12.382
13780 +12.462
13790 +12.541
13800 +12.613
13810 +12.673
13820 +12.721
13830 +12.758
13840 +12.789
13850 +12.817
13860 +12.848
13870 +12.883
13880 +12.923
13890 +12.965
13900 +13.004
13910 +13.038
13920 +13.064
13930 +13.084
13940 +13.100
13950 +13.117
13960 +13.141
13970 +13.174
13980 +13.219
13990 +13.272
14000 +13.330
14010 +13.387
14020 +13.440
14030 +13.485
14040 +13.522
14050 +13.555
14060 +13.589
14070 +13.627
14080 +13.670
14090 +13.717
14100 +13.762
14110 +13.798
14120 +13.817
14130 +13.816
14140 +13.795
14150 +13.759
14160 +13.713
14170 +13.664
14180 +13.618
14190 +13.574
14200 +13.530
14210 +13.480
14220 +13.421
14230 +13.349
14240 +13.266
14250 +13.175
14260 +13.085
14270 +13.000
14280 +12.927
14290 +12.867
14300 +12.817
14310 +12.774
14320 +12.732
14330 +12.688
14340 +12.639
14350 +12.587
14360 +12.536
14370 +12.492
14380 +12.460
14390 +12.443
14400 +12.442
14410 +12.452
14420 +12.468
14430 +12.483
14440 +12.492
14450 +12.495
14460 +12.492
14470 +12.490
14480 +12.494
14490 +12.509
14500 +12.536
14510 +12.571
14520 +12.607
14530 +12.635
14540 +12.650
14550 +12.649
14560 +12.635
14570 +12.613
14580 +12.591
14590 +12.575
14600 +12.567
14610 +12.566
14620 +12.566
14630 +12.562
14640 +12.550
14650 +12.527
14660 +12.497
14670 +12.465
14680 +12.439
14690 +12.423
14700 +12.422
14710 +12.437
14720 +12.466
14730 +12.506
14740 +12.553
14750 +12.604
14760 +12.660
14770 +12.722
14780 +12.795
14790 +12.883
14800 +12.992
14810 +13.126
14820 +13.283
14830 +13.461
14840 +13.653
14850 +13.852
14860 +14.051
14870 +14.247
14880 +14.440
14890 +14.632
14900 +14.826
14910 +15.027
14920 +15.232
14930 +15.436
14940 +15.629
14950 +15.798
14960 +15.935
14970 +16.031
14980 +16.084
14990 +16.097
15000 +16.074
15010 +16.022
15020 +15.941
15030 +15.830
15040 +15.684
15050 +15.497
15060 +15.265
15070 +14.984
15080 +14.658
15090 +14.294
15100 +13.904
15110 +13.500
15120 +13.092
15130 +12.691
15140 +12.301
15150 +11.925
15160 +11.561
15170 +11.210
15180 +10.875
15190 +10.564
15200 +10.288
15210 +10.064
15220 +9.904
15230 +9.816
15240 +9.798
15250 +9.839
15260 +9.922
15270 +10.034
15280 +10.162
15290 +10.304
15300 +10.462
15310 +10.642
15320 +10.849
15330 +11.085
15340 +11.346
15350 +11.624
15360 +11.908
15370 +12.191
15380 +12.465
15390 +12.732
15400 +12.996
15410 +13.265
15420 +13.547
15430 +13.850
15440 +14.176
15450 +14.525
15460 +14.895
15470 +15.281
15480 +15.680
15490 +16.093
15500 +16.525
15510 +16.984
15520 +17.483
15530 +18.036
15540 +18.660
15550 +19.366
15560 +20.167
15570 +21.071
15580 +22.089
15590 +23.232
15600 +24.510
15610 +25.924
15620 +27.439
15630 +28.922
15640 +30.069
15650 +30.493
15660 +30.095
15670 +29.192
15680 +28.141
15690 +27.135
15700 +26.247
15710 +25.496
15720 +24.885
15730 +24.415
15740 +24.079
15750 +23.866
15760 +23.762
15770 +23.745
15780 +23.796
15790 +23.899
15800 +24.045
15810 +24.230
15820 +24.456
15830 +24.726
15840 +25.041
15850 +25.397
15860 +25.778
15870 +26.154
15880 +26.484
15890 +26.711
15900 +26.781
15910 +26.648
15920 +26.300
15930 +25.759
15940 +25.078
15950 +24.318
15960 +23.535
15970 +22.771
15980 +22.048
15990 +21.376
16000 +20.755
16010 +20.183
16020 +19.663
16030 +19.203
16040 +18.817
16050 +18.520
16060 +18.321
16070 +18.220
16080 +18.206
16090 +18.261
16100 +18.365
16110 +18.506
16120 +18.681
16130 +18.895
16140 +19.159
16150 +19.487
16160 +19.890
16170 +20.374
16180 +20.939
16190 +21.583
16200 +22.306
16210 +23.108
16220 +23.993
16230 +24.965
16240 +26.011
16250 +27.081
16260 +28.047
16270 +28.676
16280 +28.719
16290 +28.117
16300 +27.072
16310 +25.846
16320 +24.615
16330 +23.471
16340 +22.453
16350 +21.583
16360 +20.871
16370 +20.321
16380 +19.924
16390 +19.659
16400 +19.499
16410 +19.415
16420 +19.387
16430 +19.403
16440 +19.460
16450 +19.564
16460 +19.719
16470 +19.925
16480 +20.175
16490 +20.452
16500 +20.734
16510 +21.000
16520 +21.229
16530 +21.406
16540 +21.518
16550 +21.558
16560 +21.521
16570 +21.409
16580 +21.223
16590 +20.971
16600 +20.661
16610 +20.301
16620 +19.901
16630 +19.470
16640 +19.016
16650 +18.550
16660 +18.083
16670 +17.629
16680 +17.199
16690 +16.808
16700 +16.462
16710 +16.165
16720 +15.911
16730 +15.691
16740 +15.493
16750 +15.309
16760 +15.136
16770 +14.980
16780 +14.854
16790 +14.770
16800 +14.736
16810 +14.752
16820 +14.806
16830 +14.882
16840 +14.963
16850 +15.036
16860 +15.097
16870 +15.153
16880 +15.214
16890 +15.293
16900 +15.396
16910 +15.522
16920 +15.659
16930 +15.787
16940 +15.887
16950 +15.940
16960 +15.933
16970 +15.860
16980 +15.720
16990 +15.513
17000 +15.245
17010 +14.916
17020 +14.528
17030 +14.082
17040 +13.577
17050 +13.013
17060 +12.398
17070 +11.742
17080 +11.069
17090 +10.412
17100 +9.820
17110 +9.346
17120 +9.030
17130 +8.884
17140 +8.882
17150 +8.973
17160 +9.108
17170 +9.256
17180 +9.411
17190 +9.586
17200 +9.803
17210 +10.078
17220 +10.408
17230 +10.773
17240 +11.138
17250 +11.471
17260 +11.747
17270 +11.956
17280 +12.103
17290 +12.202
17300 +12.270
17310 +12.321
17320 +12.356
17330 +12.364
17340 +12.323
17350 +12.211
17360 +12.013
17370 +11.725
17380 +11.358
17390 +10.937
17400 +10.500
17410 +10.094
17420 +9.768
17430 +9.555
17440 +9.466
17450 +9.486
17460 +9.580
17470 +9.714
17480 +9.862
17490 +10.018
17500 +10.192
17510 +10.404
17520 +10.672
17530 +10.999
17540 +11.373
17550 +11.766
17560 +12.146
17570 +12.489
17580 +12.782
17590 +13.027
17600 +13.240
17610 +13.447
17620 +13.673
17630 +13.934
17640 +14.232
17650 +14.553
17660 +14.870
17670 +15.157
17680 +15.393
17690 +15.568
17700 +15.686
17710 +15.761
17720 +15.819
17730 +15.884
17740 +15.972
17750 +16.082
17760 +16.198
17770 +16.292
17780 +16.336
17790 +16.316
17800 +16.238
17810 +16.135
17820 +16.063
17830 +16.078
17840 +16.222
17850 +16.492
17860 +16.854
17870 +17.252
17880 +17.639
17890 +17.986
17900 +18.289
17910 +18.569
17920 +18.867
17930 +19.230
17940 +19.692
17950 +20.265
17960 +20.934
17970 +21.671
17980 +22.441
17990 +23.221
18000 +24.001
18010 +24.792
18020 +25.620
18030 +26.516
18040 +27.483
18050 +28.430
18060 +29.109
18070 +29.151
18080 +28.375
18090 +26.993
18100 +25.356
18110 +23.711
18120 +22.196
18130 +20.890
18140 +19.844
18150 +19.066
18160 +18.523
18170 +18.152
18180 +17.881
18190 +17.660
18200 +17.461
18210 +17.285
18220 +17.152
18230 +17.089
18240 +17.120
18250 +17.253
18260 +17.472
18270 +17.744
18280 +18.028
18290 +18.286
18300 +18.493
18310 +18.641
18320 +18.741
18330 +18.815
18340 +18.899
18350 +19.019
18360 +19.191
18370 +19.408
18380 +19.645
18390 +19.868
18400 +20.043
18410 +20.147
18420 +20.172
18430 +20.128
18440 +20.044
18450 +19.954
18460 +19.888
18470 +19.860
18480 +19.863
18490 +19.869
18500 +19.846
18510 +19.766
18520 +19.612
18530 +19.389
18540 +19.122
18550 +18.852
18560 +18.621
18570 +18.461
18580 +18.377
18590 +18.351
18600 +18.351
18610 +18.342
18620 +18.299
18630 +18.212
18640 +18.088
18650 +17.951
18660 +17.832
18670 +17.756
18680 +17.736
18690 +17.762
18700 +17.811
18710 +17.853
18720 +17.863
18730 +17.825
18740 +17.740
18750 +17.619
18760 +17.489
18770 +17.378
18780 +17.307
18790 +17.281
18800 +17.287
18810 +17.304
18820 +17.304
18830 +17.270
18840 +17.192
18850 +17.075
18860 +16.934
18870 +16.797
18880 +16.688
18890 +16.623
18900 +16.601
18910 +16.605
18920 +16.612
18930 +16.598
18940 +16.548
18950 +16.458
18960 +16.336
18970 +16.202
18980 +16.081
18990 +15.996
19000 +15.956
19010 +15.955
19020 +15.972
19030 +15.985
19040 +15.973
19050 +15.925
19060 +15.840
19070 +15.728
19080 +15.613
19090 +15.516
19100 +15.457
19110 +15.440
19120 +15.455
19130 +15.481
19140 +15.496
19150 +15.481
19160 +15.430
19170 +15.343
19180 +15.233
19190 +15.121
19200 +15.030
19210 +14.972
19220 +14.949
19230 +14.948
19240 +14.951
19250 +14.935
19260 +14.886
19270 +14.796
19280 +14.669
19290 +14.517
19300 +14.362
19310 +14.224
19320 +14.117
19330 +14.044
19340 +13.995
19350 +13.949
19360 +13.889
19370 +13.797
19380 +13.668
19390 +13.509
19400 +13.336
19410 +13.176
19420 +13.057
19430 +12.993
19440 +12.981
19450 +13.002
19460 +13.029
19470 +13.036
19480 +13.007
19490 +12.939
19500 +12.845
19510 +12.750
19520 +12.679
19530 +12.655
19540 +12.680
19550 +12.740
19560 +12.811
19570 +12.865
19580 +12.883
19590 +12.856
19600 +12.789
19610 +12.700
19620 +12.611
19630 +12.549
19640 +12.527
19650 +12.544
19660 +12.583
19670 +12.623
19680 +12.641
19690 +12.622
19700 +12.561
19710 +12.466
19720 +12.355
19730 +12.256
19740 +12.194
19750 +12.183
19760 +12.223
19770 +12.297
19780 +12.380
19790 +12.450
19800 +12.490
19810 +12.498
19820 +12.485
19830 +12.478
19840 +12.505
19850 +12.590
19860 +12.737
19870 +12.930
19880 +13.139
19890 +13.334
19900 +13.493
19910 +13.607
19920 +13.683
19930 +13.740
19940 +13.807
19950 +13.907
19960 +14.051
19970 +14.230
19980 +14.423
19990 +14.602
20000 +14.747
20010 +14.843
20020 +14.889
20030 +14.897
20040 +14.883
20050 +14.872
20060 +14.878
20070 +14.902
20080 +14.931
20090 +14.945
20100 +14.923
20110 +14.848
20120 +14.717
20130 +14.537
20140 +14.328
20150 +14.119
20160 +13.937
20170 +13.800
20180 +13.712
20190 +13.659
20200 +13.621
20210 +13.578
20220 +13.516
20230 +13.428
20240 +13.324
20250 +13.220
20260 +13.137
20270 +13.093
20280 +13.094
20290 +13.128
20300 +13.177
20310 +13.217
20320 +13.229
20330 +13.203
20340 +13.141
20350 +13.057
20360 +12.970
20370 +12.904
20380 +12.872
20390 +12.875
20400 +12.897
20410 +12.917
20420 +12.913
20430 +12.868
20440 +12.777
20450 +12.645
20460 +12.491
20470 +12.338
20480 +12.209
20490 +12.116
20500 +12.053
20510 +11.997
20520 +11.924
20530 +11.809
20540 +11.642
20550 +11.430
20560 +11.201
20570 +11.003
20580 +10.883
20590 +10.872
20600 +10.963
20610 +11.120
20620 +11.300
20630 +11.469
20640 +11.611
20650 +11.727
20660 +11.829
20670 +11.933
20680 +12.053
20690 +12.192
20700 +12.344
20710 +12.494
20720 +12.626
20730 +12.727
20740 +12.790
20750 +12.815
20760 +12.810
20770 +12.789
20780 +12.769
20790 +12.766
20800 +12.788
20810 +12.832
20820 +12.888
20830 +12.940
20840 +12.971
20850 +12.975
20860 +12.947
20870 +12.898
20880 +12.840
20890 +12.794
20900 +12.775
20910 +12.790
20920 +12.833
20930 +12.889
20940 +12.938
20950 +12.963
20960 +12.956
20970 +12.918
20980 +12.861
20990 +12.806
21000 +12.775
21010 +12.781
21020 +12.824
21030 +12.890
21040 +12.953
21050 +12.990
21060 +12.986
21070 +12.938
21080 +12.854
21090 +12.757
21100 +12.670
21110 +12.611
21120 +12.584
21130 +12.577
21140 +12.567
21150 +12.530
21160 +12.451
21170 +12.328
21180 +12.166
21190 +11.986
21200 +11.811
21210 +11.663
21220 +11.550
21230 +11.469
21240 +11.404
21250 +11.335
21260 +11.242
21270 +11.118
21280 +10.961
21290 +10.783
21300 +10.604
21310 +10.445
21320 +10.325
21330 +10.250
21340 +10.212
21350 +10.190
21360 +10.160
21370 +10.105
21380 +10.015
21390 +9.895
21400 +9.761
21410 +9.640
21420 +9.559
21430 +9.531
21440 +9.554
21450 +9.605
21460 +9.653
21470 +9.672
21480 +9.648
21490 +9.580
21500 +9.487
21510 +9.395
21520 +9.334
21530 +9.324
21540 +9.362
21550 +9.429
21560 +9.493
21570 +9.528
21580 +9.517
21590 +9.461
21600 +9.373
21610 +9.279
21620 +9.208
21630 +9.181
21640 +9.206
21650 +9.270
21660 +9.347
21670 +9.412
21680 +9.445
21690 +9.441
21700 +9.407
21710 +9.362
21720 +9.334
21730 +9.350
21740 +9.422
21750 +9.548
21760 +9.704
21770 +9.861
21780 +9.993
21790 +10.084
21800 +10.135
21810 +10.160
21820 +10.184
21830 +10.236
21840 +10.331
21850 +10.472
21860 +10.636
21870 +10.793
21880 +10.914
21890 +10.979
21900 +10.986
21910 +10.948
21920 +10.888
21930 +10.835
21940 +10.808
21950 +10.817
21960 +10.850
21970 +10.883
21980 +10.889
21990 +10.851
22000 +10.763
22010 +10.632
22020 +10.479
22030 +10.328
22040 +10.205
22050 +10.125
22060 +10.087
22070 +10.075
22080 +10.065
22090 +10.034
22100 +9.969
22110 +9.868
22120 +9.744
22130 +9.618
22140 +9.515
22150 +9.459
22160 +9.456
22170 +9.499
22180 +9.561
22190 +9.614
22200 +9.636
22210 +9.614
22220 +9.554
22230 +9.474
22240 +9.401
22250 +9.361
22260 +9.371
22270 +9.427
22280 +9.507
22290 +9.579
22300 +9.616
22310 +9.600
22320 +9.533
22330 +9.429
22340 +9.316
22350 +9.225
22360 +9.177
22370 +9.179
22380 +9.216
22390 +9.259
22400 +9.278
22410 +9.253
22420 +9.180
22430 +9.068
22440 +8.942
22450 +8.832
22460 +8.768
22470 +8.765
22480 +8.817
22490 +8.900
22500 +8.984
22510 +9.040
22520 +9.054
22530 +9.029
22540 +8.982
22550 +8.943
22560 +8.944
22570 +9.008
22580 +9.137
22590 +9.310
22600 +9.490
22610 +9.641
22620 +9.739
22630 +9.776
22640 +9.768
22650 +9.744
22660 +9.739
22670 +9.781
22680 +9.878
22690 +10.015
22700 +10.155
22710 +10.260
22720 +10.301
22730 +10.270
22740 +10.181
22750 +10.065
22760 +9.959
22770 +9.895
22780 +9.889
22790 +9.932
22800 +9.994
22810 +10.039
22820 +10.036
22830 +9.974
22840 +9.863
22850 +9.728
22860 +9.606
22870 +9.529
22880 +9.519
22890 +9.573
22900 +9.667
22910 +9.764
22920 +9.830
22930 +9.846
22940 +9.810
22950 +9.742
22960 +9.671
22970 +9.634
22980 +9.654
22990 +9.737
23000 +9.864
23010 +9.999
23020 +10.102
23030 +10.147
23040 +10.122
23050 +10.043
23060 +9.940
23070 +9.853
23080 +9.814
23090 +9.837
23100 +9.910
23110 +9.997
23120 +10.057
23130 +10.057
23140 +9.982
23150 +9.844
23160 +9.676
23170 +9.521
23180 +9.420
23190 +9.392
23200 +9.429
23210 +9.500
23220 +9.561
23230 +9.574
23240 +9.520
23250 +9.406
23260 +9.260
23270 +9.126
23280 +9.048
23290 +9.052
23300 +9.136
23310 +9.272
23320 +9.417
23330 +9.527
23340 +9.573
23350 +9.546
23360 +9.466
23370 +9.372
23380 +9.314
23390 +9.332
23400 +9.438
23410 +9.615
23420 +9.817
23430 +9.994
23440 +10.101
23450 +10.113
23460 +10.039
23470 +9.916
23480 +9.808
23490 +9.778
23500 +9.860
23510 +10.045
23520 +10.285
23530 +10.520
23540 +10.692
23550 +10.767
23560 +10.745
23570 +10.663
23580 +10.593
23590 +10.612
23600 +10.768
23610 +11.054
23620 +11.422
23630 +11.809
23640 +12.158
23650 +12.436
23660 +12.633
23670 +12.771
23680 +12.901
23690 +13.085
23700 +13.367
23710 +13.754
23720 +14.218
23730 +14.713
23740 +15.196
23750 +15.635
23760 +16.008
23770 +16.310
23780 +16.554
23790 +16.775
23800 +17.017
23810 +17.311
23820 +17.662
23830 +18.051
23840 +18.448
23850 +18.826
23860 +19.162
23870 +19.441
23880 +19.653
23890 +19.804
23900 +19.918
23910 +20.028
23920 +20.156
23930 +20.304
23940 +20.459
23950 +20.607
23960 +20.736
23970 +20.841
23980 +20.918
23990 +20.964
