00000 -0.170
00010 -0.197
00020 -0.265
00030 -0.347
00040 -0.416
00050 -0.457
00060 -0.463
00070 -0.433
00080 -0.370
00090 -0.286
00100 -0.195
00110 -0.118
00120 -0.072
00130 -0.061
00140 -0.074
00150 -0.096
00160 -0.111
00170 -0.110
00180 -0.089
00190 -0.049
00200 +0.002
00210 +0.054
00220 +0.095
00230 +0.118
00240 +0.119
00250 +0.106
00260 +0.087
00270 +0.071
00280 +0.065
00290 +0.070
00300 +0.086
00310 +0.106
00320 +0.123
00330 +0.131
00340 +0.125
00350 +0.104
00360 +0.073
00370 +0.039
00380 +0.006
00390 -0.020
00400 -0.039
00410 -0.053
00420 -0.068
00430 -0.088
00440 -0.118
00450 -0.162
00460 -0.217
00470 -0.278
00480 -0.339
00490 -0.396
00500 -0.444
00510 -0.483
00520 -0.513
00530 -0.537
00540 -0.559
00550 -0.578
00560 -0.596
00570 -0.610
00580 -0.616
00590 -0.613
00600 -0.598
00610 -0.574
00620 -0.542
00630 -0.507
00640 -0.476
00650 -0.452
00660 -0.437
00670 -0.432
00680 -0.432
00690 -0.435
00700 -0.437
00710 -0.437
00720 -0.436
00730 -0.434
00740 -0.435
00750 -0.442
00760 -0.454
00770 -0.472
00780 -0.493
00790 -0.514
00800 -0.531
00810 -0.542
00820 -0.544
00830 -0.538
00840 -0.525
00850 -0.508
00860 -0.487
00870 -0.465
00880 -0.441
00890 -0.413
00900 -0.380
00910 -0.342
00920 -0.299
00930 -0.253
00940 -0.208
00950 -0.169
00960 -0.139
00970 -0.118
00980 -0.107
00990 -0.103
01000 -0.104
01010 -0.108
01020 -0.115
01030 -0.124
01040 -0.137
01050 -0.155
01060 -0.179
01070 -0.209
01080 -0.244
01090 -0.283
01100 -0.325
01110 -0.367
01120 -0.410
01130 -0.452
01140 -0.495
01150 -0.538
01160 -0.581
01170 -0.626
01180 -0.671
01190 -0.715
01200 -0.758
01210 -0.798
01220 -0.834
01230 -0.865
01240 -0.890
01250 -0.908
01260 -0.920
01270 -0.925
01280 -0.923
01290 -0.914
01300 -0.899
01310 -0.877
01320 -0.847
01330 -0.811
01340 -0.768
01350 -0.717
01360 -0.662
01370 -0.602
01380 -0.541
01390 -0.480
01400 -0.421
01410 -0.365
01420 -0.312
01430 -0.261
01440 -0.214
01450 -0.171
01460 -0.132
01470 -0.098
01480 -0.073
01490 -0.055
01500 -0.047
01510 -0.049
01520 -0.059
01530 -0.077
01540 -0.102
01550 -0.135
01560 -0.173
01570 -0.218
01580 -0.268
01590 -0.323
01600 -0.380
01610 -0.437
01620 -0.491
01630 -0.539
01640 -0.580
01650 -0.611
01660 -0.633
01670 -0.644
01680 -0.647
01690 -0.641
01700 -0.629
01710 -0.612
01720 -0.592
01730 -0.570
01740 -0.547
01750 -0.523
01760 -0.500
01770 -0.477
01780 -0.456
01790 -0.437
01800 -0.421
01810 -0.408
01820 -0.398
01830 -0.391
01840 -0.386
01850 -0.383
01860 -0.383
01870 -0.384
01880 -0.388
01890 -0.394
01900 -0.402
01910 -0.412
01920 -0.423
01930 -0.437
01940 -0.451
01950 -0.467
01960 -0.483
01970 -0.500
01980 -0.519
01990 -0.538
02000 -0.557
02010 -0.577
02020 -0.596
02030 -0.616
02040 -0.635
02050 -0.653
02060 -0.671
02070 -0.689
02080 -0.708
02090 -0.725
02100 -0.743
02110 -0.760
02120 -0.777
02130 -0.793
02140 -0.809
02150 -0.825
02160 -0.841
02170 -0.858
02180 -0.874
02190 -0.891
02200 -0.906
02210 -0.921
02220 -0.934
02230 -0.945
02240 -0.954
02250 -0.961
02260 -0.964
02270 -0.966
02280 -0.964
02290 -0.958
02300 -0.948
02310 -0.934
02320 -0.914
02330 -0.889
02340 -0.858
02350 -0.823
02360 -0.783
02370 -0.740
02380 -0.693
02390 -0.643
02400 -0.590
02410 -0.535
02420 -0.480
02430 -0.424
02440 -0.370
02450 -0.317
02460 -0.268
02470 -0.223
02480 -0.184
02490 -0.151
02500 -0.125
02510 -0.107
02520 -0.098
02530 -0.097
02540 -0.105
02550 -0.122
02560 -0.147
02570 -0.181
02580 -0.224
02590 -0.276
02600 -0.336
02610 -0.404
02620 -0.479
02630 -0.560
02640 -0.645
02650 -0.733
02660 -0.822
02670 -0.910
02680 -0.997
02690 -1.081
02700 -1.161
02710 -1.234
02720 -1.298
02730 -1.350
02740 -1.387
02750 -1.409
02760 -1.413
02770 -1.400
02780 -1.370
02790 -1.325
02800 -1.265
02810 -1.192
02820 -1.108
02830 -1.015
02840 -0.915
02850 -0.811
02860 -0.705
02870 -0.601
02880 -0.500
02890 -0.405
02900 -0.318
02910 -0.240
02920 -0.172
02930 -0.114
02940 -0.067
02950 -0.032
02960 -0.008
02970 +0.005
02980 +0.008
02990 -0.000
03000 -0.019
03010 -0.047
03020 -0.085
03030 -0.132
03040 -0.186
03050 -0.247
03060 -0.313
03070 -0.382
03080 -0.452
03090 -0.524
03100 -0.595
03110 -0.665
03120 -0.731
03130 -0.794
03140 -0.850
03150 -0.897
03160 -0.934
03170 -0.960
03180 -0.974
03190 -0.974
03200 -0.962
03210 -0.938
03220 -0.903
03230 -0.856
03240 -0.800
03250 -0.736
03260 -0.663
03270 -0.585
03280 -0.502
03290 -0.416
03300 -0.329
03310 -0.243
03320 -0.160
03330 -0.080
03340 -0.006
03350 +0.062
03360 +0.124
03370 +0.177
03380 +0.222
03390 +0.259
03400 +0.287
03410 +0.305
03420 +0.312
03430 +0.309
03440 +0.293
03450 +0.266
03460 +0.227
03470 +0.176
03480 +0.114
03490 +0.040
03500 -0.044
03510 -0.138
03520 -0.242
03530 -0.357
03540 -0.482
03550 -0.617
03560 -0.760
03570 -0.911
03580 -1.066
03590 -1.225
03600 -1.385
03610 -1.543
03620 -1.700
03630 -1.852
03640 -1.998
03650 -2.137
03660 -2.265
03670 -2.381
03680 -2.481
03690 -2.563
03700 -2.627
03710 -2.671
03720 -2.695
03730 -2.701
03740 -2.688
03750 -2.659
03760 -2.614
03770 -2.554
03780 -2.480
03790 -2.394
03800 -2.298
03810 -2.193
03820 -2.081
03830 -1.964
03840 -1.845
03850 -1.723
03860 -1.601
03870 -1.480
03880 -1.361
03890 -1.245
03900 -1.131
03910 -1.022
03920 -0.918
03930 -0.819
03940 -0.727
03950 -0.642
03960 -0.566
03970 -0.498
03980 -0.439
03990 -0.390
04000 -0.349
04010 -0.317
04020 -0.294
04030 -0.278
04040 -0.269
04050 -0.268
04060 -0.272
04070 -0.283
04080 -0.298
04090 -0.317
04100 -0.339
04110 -0.362
04120 -0.386
04130 -0.409
04140 -0.430
04150 -0.451
04160 -0.470
04170 -0.488
04180 -0.504
04190 -0.519
04200 -0.531
04210 -0.542
04220 -0.550
04230 -0.556
04240 -0.560
04250 -0.562
04260 -0.562
04270 -0.560
04280 -0.558
04290 -0.555
04300 -0.551
04310 -0.546
04320 -0.540
04330 -0.534
04340 -0.526
04350 -0.517
04360 -0.507
04370 -0.497
04380 -0.486
04390 -0.476
04400 -0.465
04410 -0.454
04420 -0.444
04430 -0.433
04440 -0.421
04450 -0.409
04460 -0.396
04470 -0.383
04480 -0.370
04490 -0.358
04500 -0.346
04510 -0.334
04520 -0.324
04530 -0.313
04540 -0.303
04550 -0.292
04560 -0.282
04570 -0.271
04580 -0.261
04590 -0.251
04600 -0.242
04610 -0.233
04620 -0.226
04630 -0.219
04640 -0.212
04650 -0.205
04660 -0.197
04670 -0.189
04680 -0.181
04690 -0.172
04700 -0.163
04710 -0.154
04720 -0.145
04730 -0.135
04740 -0.125
04750 -0.113
04760 -0.100
04770 -0.085
04780 -0.068
04790 -0.049
04800 -0.029
04810 -0.007
04820 +0.015
04830 +0.039
04840 +0.063
04850 +0.088
04860 +0.113
04870 +0.140
04880 +0.167
04890 +0.194
04900 +0.220
04910 +0.245
04920 +0.267
04930 +0.286
04940 +0.302
04950 +0.314
04960 +0.324
04970 +0.330
04980 +0.334
04990 +0.335
05000 +0.333
05010 +0.328
05020 +0.319
05030 +0.307
05040 +0.290
05050 +0.271
05060 +0.249
05070 +0.226
05080 +0.201
05090 +0.175
05100 +0.149
05110 +0.122
05120 +0.094
05130 +0.066
05140 +0.038
05150 +0.009
05160 -0.018
05170 -0.044
05180 -0.068
05190 -0.088
05200 -0.105
05210 -0.119
05220 -0.130
05230 -0.138
05240 -0.143
05250 -0.146
05260 -0.146
05270 -0.142
05280 -0.135
05290 -0.125
05300 -0.111
05310 -0.094
05320 -0.075
05330 -0.055
05340 -0.033
05350 -0.011
05360 +0.012
05370 +0.035
05380 +0.058
05390 +0.082
05400 +0.107
05410 +0.133
05420 +0.158
05430 +0.183
05440 +0.208
05450 +0.232
05460 +0.254
05470 +0.276
05480 +0.297
05490 +0.318
05500 +0.339
05510 +0.360
05520 +0.382
05530 +0.403
05540 +0.425
05550 +0.445
05560 +0.465
05570 +0.485
05580 +0.504
05590 +0.522
05600 +0.542
05610 +0.561
05620 +0.582
05630 +0.603
05640 +0.624
05650 +0.645
05660 +0.665
05670 +0.684
05680 +0.703
05690 +0.721
05700 +0.739
05710 +0.757
05720 +0.775
05730 +0.793
05740 +0.811
05750 +0.828
05760 +0.844
05770 +0.858
05780 +0.871
05790 +0.883
05800 +0.893
05810 +0.902
05820 +0.911
05830 +0.920
05840 +0.928
05850 +0.934
05860 +0.939
05870 +0.943
05880 +0.944
05890 +0.944
05900 +0.942
05910 +0.939
05920 +0.935
05930 +0.931
05940 +0.927
05950 +0.921
05960 +0.915
05970 +0.907
05980 +0.898
05990 +0.887
06000 +0.875
06010 +0.862
06020 +0.849
06030 +0.836
06040 +0.823
06050 +0.810
06060 +0.797
06070 +0.783
06080 +0.769
06090 +0.753
06100 +0.737
06110 +0.720
06120 +0.704
06130 +0.688
06140 +0.673
06150 +0.658
06160 +0.643
06170 +0.628
06180 +0.613
06190 +0.598
06200 +0.581
06210 +0.565
06220 +0.549
06230 +0.533
06240 +0.517
06250 +0.502
06260 +0.488
06270 +0.473
06280 +0.459
06290 +0.444
06300 +0.429
06310 +0.414
06320 +0.399
06330 +0.384
06340 +0.370
06350 +0.357
06360 +0.345
06370 +0.334
06380 +0.323
06390 +0.312
06400 +0.302
06410 +0.292
06420 +0.282
06430 +0.273
06440 +0.265
06450 +0.258
06460 +0.253
06470 +0.248
06480 +0.245
06490 +0.241
06500 +0.238
06510 +0.235
06520 +0.232
06530 +0.230
06540 +0.227
06550 +0.225
06560 +0.223
06570 +0.221
06580 +0.220
06590 +0.217
06600 +0.214
06610 +0.210
06620 +0.204
06630 +0.198
06640 +0.190
06650 +0.182
06660 +0.172
06670 +0.162
06680 +0.151
06690 +0.139
06700 +0.125
06710 +0.111
06720 +0.094
06730 +0.077
06740 +0.059
06750 +0.040
06760 +0.020
06770 +0.001
06780 -0.019
06790 -0.039
06800 -0.058
06810 -0.078
06820 -0.098
06830 -0.117
06840 -0.136
06850 -0.153
06860 -0.170
06870 -0.186
06880 -0.200
06890 -0.212
06900 -0.223
06910 -0.232
06920 -0.240
06930 -0.246
06940 -0.250
06950 -0.253
06960 -0.255
06970 -0.255
06980 -0.253
06990 -0.250
07000 -0.246
07010 -0.240
07020 -0.234
07030 -0.228
07040 -0.221
07050 -0.214
07060 -0.208
07070 -0.201
07080 -0.195
07090 -0.190
07100 -0.185
07110 -0.180
07120 -0.177
07130 -0.174
07140 -0.172
07150 -0.172
07160 -0.172
07170 -0.174
07180 -0.176
07190 -0.180
07200 -0.184
07210 -0.188
07220 -0.193
07230 -0.198
07240 -0.204
07250 -0.210
07260 -0.216
07270 -0.223
07280 -0.229
07290 -0.236
07300 -0.242
07310 -0.248
07320 -0.253
07330 -0.258
07340 -0.262
07350 -0.266
07360 -0.270
07370 -0.273
07380 -0.276
07390 -0.279
07400 -0.282
07410 -0.285
07420 -0.288
07430 -0.290
07440 -0.293
07450 -0.296
07460 -0.299
07470 -0.303
07480 -0.308
07490 -0.313
07500 -0.319
07510 -0.326
07520 -0.334
07530 -0.342
07540 -0.351
07550 -0.360
07560 -0.369
07570 -0.380
07580 -0.390
07590 -0.401
07600 -0.412
07610 -0.424
07620 -0.436
07630 -0.447
07640 -0.458
07650 -0.468
07660 -0.478
07670 -0.486
07680 -0.494
07690 -0.500
07700 -0.506
07710 -0.511
07720 -0.514
07730 -0.517
07740 -0.518
07750 -0.517
07760 -0.514
07770 -0.510
07780 -0.504
07790 -0.497
07800 -0.489
07810 -0.480
07820 -0.471
07830 -0.460
07840 -0.449
07850 -0.437
07860 -0.424
07870 -0.410
07880 -0.396
07890 -0.381
07900 -0.367
07910 -0.352
07920 -0.338
07930 -0.324
07940 -0.311
07950 -0.297
07960 -0.283
07970 -0.268
07980 -0.253
07990 -0.238
08000 -0.223
08010 -0.208
08020 -0.193
08030 -0.178
08040 -0.163
08050 -0.148
08060 -0.133
08070 -0.117
08080 -0.101
08090 -0.086
08100 -0.070
08110 -0.055
08120 -0.041
08130 -0.027
08140 -0.015
08150 -0.004
08160 +0.006
08170 +0.014
08180 +0.022
08190 +0.028
08200 +0.033
08210 +0.036
08220 +0.037
08230 +0.036
08240 +0.033
08250 +0.028
08260 +0.021
08270 +0.013
08280 +0.003
08290 -0.008
08300 -0.019
08310 -0.031
08320 -0.044
08330 -0.058
08340 -0.072
08350 -0.087
08360 -0.102
08370 -0.116
08380 -0.129
08390 -0.141
08400 -0.151
08410 -0.159
08420 -0.164
08430 -0.168
08440 -0.169
08450 -0.169
08460 -0.166
08470 -0.161
08480 -0.154
08490 -0.143
08500 -0.129
08510 -0.112
08520 -0.093
08530 -0.071
08540 -0.047
08550 -0.023
08560 +0.003
08570 +0.030
08580 +0.058
08590 +0.087
08600 +0.117
08610 +0.147
08620 +0.177
08630 +0.208
08640 +0.238
08650 +0.267
08660 +0.294
08670 +0.320
08680 +0.345
08690 +0.368
08700 +0.390
08710 +0.411
08720 +0.430
08730 +0.449
08740 +0.467
08750 +0.484
08760 +0.499
08770 +0.512
08780 +0.524
08790 +0.535
08800 +0.544
08810 +0.554
08820 +0.563
08830 +0.572
08840 +0.581
08850 +0.589
08860 +0.597
08870 +0.605
08880 +0.611
08890 +0.616
08900 +0.620
08910 +0.624
08920 +0.627
08930 +0.630
08940 +0.633
08950 +0.635
08960 +0.636
08970 +0.636
08980 +0.634
08990 +0.630
09000 +0.625
09010 +0.617
09020 +0.609
09030 +0.600
09040 +0.591
09050 +0.582
09060 +0.572
09070 +0.561
09080 +0.549
09090 +0.536
09100 +0.523
09110 +0.509
09120 +0.495
09130 +0.483
09140 +0.472
09150 +0.463
09160 +0.456
09170 +0.450
09180 +0.446
09190 +0.442
09200 +0.440
09210 +0.439
09220 +0.439
09230 +0.441
09240 +0.445
09250 +0.452
09260 +0.461
09270 +0.471
09280 +0.482
09290 +0.493
09300 +0.503
09310 +0.513
09320 +0.522
09330 +0.530
09340 +0.537
09350 +0.544
09360 +0.551
09370 +0.556
09380 +0.560
09390 +0.561
09400 +0.558
09410 +0.553
09420 +0.543
09430 +0.530
09440 +0.514
09450 +0.496
09460 +0.475
09470 +0.451
09480 +0.425
09490 +0.397
09500 +0.364
09510 +0.328
09520 +0.288
09530 +0.244
09540 +0.198
09550 +0.150
09560 +0.101
09570 +0.052
09580 +0.003
09590 -0.046
09600 -0.095
09610 -0.146
09620 -0.198
09630 -0.249
09640 -0.301
09650 -0.351
09660 -0.399
09670 -0.444
09680 -0.486
09690 -0.525
09700 -0.563
09710 -0.600
09720 -0.636
09730 -0.672
09740 -0.707
09750 -0.742
09760 -0.775
09770 -0.806
09780 -0.836
09790 -0.864
09800 -0.892
09810 -0.919
09820 -0.949
09830 -0.979
09840 -1.012
09850 -1.046
09860 -1.080
09870 -1.115
09880 -1.149
09890 -1.183
09900 -1.217
09910 -1.252
09920 -1.288
09930 -1.326
09940 -1.366
09950 -1.407
09960 -1.450
09970 -1.492
09980 -1.533
09990 -1.573
10000 -1.612
10010 -1.650
10020 -1.688
10030 -1.727
10040 -1.766
10050 -1.806
10060 -1.847
10070 -1.886
10080 -1.924
10090 -1.959
10100 -1.993
10110 -2.024
10120 -2.055
10130 -2.085
10140 -2.115
10150 -2.146
10160 -2.178
10170 -2.209
10180 -2.240
10190 -2.268
10200 -2.294
10210 -2.319
10220 -2.341
10230 -2.363
10240 -2.385
10250 -2.407
10260 -2.429
10270 -2.452
10280 -2.472
10290 -2.489
10300 -2.503
10310 -2.512
10320 -2.517
10330 -2.518
10340 -2.516
10350 -2.511
10360 -2.504
10370 -2.493
10380 -2.478
10390 -2.456
10400 -2.428
10410 -2.393
10420 -2.351
10430 -2.304
10440 -2.253
10450 -2.200
10460 -2.146
10470 -2.090
10480 -2.034
10490 -1.976
10500 -1.917
10510 -1.857
10520 -1.798
10530 -1.740
10540 -1.685
10550 -1.635
10560 -1.590
10570 -1.551
10580 -1.518
10590 -1.489
10600 -1.465
10610 -1.445
10620 -1.429
10630 -1.417
10640 -1.409
10650 -1.406
10660 -1.408
10670 -1.415
10680 -1.428
10690 -1.445
10700 -1.464
10710 -1.486
10720 -1.509
10730 -1.532
10740 -1.555
10750 -1.580
10760 -1.605
10770 -1.632
10780 -1.660
10790 -1.688
10800 -1.715
10810 -1.741
10820 -1.763
10830 -1.781
10840 -1.796
10850 -1.806
10860 -1.813
10870 -1.818
10880 -1.821
10890 -1.822
10900 -1.820
10910 -1.813
10920 -1.803
10930 -1.787
10940 -1.767
10950 -1.743
10960 -1.715
10970 -1.686
10980 -1.656
10990 -1.625
11000 -1.594
11010 -1.561
11020 -1.528
11030 -1.491
11040 -1.453
11050 -1.412
11060 -1.370
11070 -1.327
11080 -1.285
11090 -1.244
11100 -1.203
11110 -1.161
11120 -1.119
11130 -1.074
11140 -1.025
11150 -0.972
11160 -0.916
11170 -0.857
11180 -0.794
11190 -0.730
11200 -0.664
11210 -0.595
11220 -0.521
11230 -0.442
11240 -0.357
11250 -0.265
11260 -0.166
11270 -0.063
11280 +0.045
11290 +0.155
11300 +0.267
11310 +0.382
11320 +0.499
11330 +0.619
11340 +0.742
11350 +0.867
11360 +0.995
11370 +1.122
11380 +1.247
11390 +1.369
11400 +1.486
11410 +1.598
11420 +1.705
11430 +1.807
11440 +1.903
11450 +1.994
11460 +2.079
11470 +2.156
11480 +2.225
11490 +2.285
11500 +2.335
11510 +2.375
11520 +2.406
11530 +2.428
11540 +2.442
11550 +2.449
11560 +2.449
11570 +2.444
11580 +2.433
11590 +2.416
11600 +2.394
11610 +2.367
11620 +2.336
11630 +2.302
11640 +2.267
11650 +2.231
11660 +2.196
11670 +2.163
11680 +2.131
11690 +2.102
11700 +2.074
11710 +2.049
11720 +2.025
11730 +2.005
11740 +1.987
11750 +1.973
11760 +1.964
11770 +1.959
11780 +1.960
11790 +1.966
11800 +1.976
11810 +1.990
11820 +2.007
11830 +2.028
11840 +2.051
11850 +2.079
11860 +2.110
11870 +2.146
11880 +2.187
11890 +2.232
11900 +2.281
11910 +2.333
11920 +2.388
11930 +2.444
11940 +2.502
11950 +2.562
11960 +2.624
11970 +2.688
11980 +2.754
11990 +2.822
12000 +2.891
12010 +2.961
12020 +3.029
12030 +3.096
12040 +3.160
12050 +3.220
12060 +3.278
12070 +3.332
12080 +3.384
12090 +3.432
12100 +3.477
12110 +3.517
12120 +3.551
12130 +3.580
12140 +3.603
12150 +3.619
12160 +3.630
12170 +3.635
12180 +3.637
12190 +3.636
12200 +3.631
12210 +3.624
12220 +3.614
12230 +3.601
12240 +3.586
12250 +3.568
12260 +3.549
12270 +3.528
12280 +3.507
12290 +3.487
12300 +3.468
12310 +3.450
12320 +3.434
12330 +3.418
12340 +3.403
12350 +3.389
12360 +3.375
12370 +3.361
12380 +3.349
12390 +3.338
12400 +3.329
12410 +3.322
12420 +3.316
12430 +3.312
12440 +3.309
12450 +3.306
12460 +3.302
12470 +3.298
12480 +3.293
12490 +3.288
12500 +3.283
12510 +3.278
12520 +3.274
12530 +3.270
12540 +3.265
12550 +3.258
12560 +3.250
12570 +3.240
12580 +3.229
12590 +3.215
12600 +3.202
12610 +3.188
12620 +3.174
12630 +3.161
12640 +3.149
12650 +3.137
12660 +3.125
12670 +3.112
12680 +3.099
12690 +3.087
12700 +3.076
12710 +3.066
12720 +3.059
12730 +3.055
12740 +3.054
12750 +3.056
12760 +3.059
12770 +3.065
12780 +3.071
12790 +3.079
12800 +3.088
12810 +3.099
12820 +3.113
12830 +3.129
12840 +3.149
12850 +3.170
12860 +3.193
12870 +3.217
12880 +3.240
12890 +3.262
12900 +3.283
12910 +3.303
12920 +3.322
12930 +3.342
12940 +3.361
12950 +3.381
12960 +3.400
12970 +3.417
12980 +3.432
12990 +3.444
13000 +3.454
13010 +3.461
13020 +3.466
13030 +3.472
13040 +3.477
13050 +3.484
13060 +3.491
13070 +3.500
13080 +3.508
13090 +3.516
13100 +3.523
13110 +3.531
13120 +3.540
13130 +3.550
13140 +3.564
13150 +3.581
13160 +3.603
13170 +3.628
13180 +3.656
13190 +3.687
13200 +3.719
13210 +3.752
13220 +3.787
13230 +3.823
13240 +3.863
13250 +3.905
13260 +3.952
13270 +4.001
13280 +4.052
13290 +4.103
13300 +4.153
13310 +4.199
13320 +4.243
13330 +4.283
13340 +4.320
13350 +4.355
13360 +4.389
13370 +4.420
13380 +4.449
13390 +4.473
13400 +4.491
13410 +4.503
13420 +4.507
13430 +4.506
13440 +4.499
13450 +4.490
13460 +4.480
13470 +4.470
13480 +4.460
13490 +4.450
13500 +4.440
13510 +4.428
13520 +4.414
13530 +4.399
13540 +4.384
13550 +4.372
13560 +4.363
13570 +4.361
13580 +4.363
13590 +4.371
13600 +4.381
13610 +4.392
13620 +4.402
13630 +4.411
13640 +4.418
13650 +4.425
13660 +4.433
13670 +4.442
13680 +4.452
13690 +4.462
13700 +4.469
13710 +4.471
13720 +4.465
13730 +4.451
13740 +4.430
13750 +4.402
13760 +4.371
13770 +4.338
13780 +4.305
13790 +4.273
13800 +4.241
13810 +4.208
13820 +4.174
13830 +4.137
13840 +4.101
13850 +4.065
13860 +4.035
13870 +4.010
13880 +3.995
13890 +3.988
13900 +3.991
13910 +4.000
13920 +4.016
13930 +4.035
13940 +4.057
13950 +4.082
13960 +4.113
13970 +4.149
13980 +4.193
13990 +4.245
14000 +4.304
14010 +4.367
14020 +4.431
14030 +4.494
14040 +4.552
14050 +4.605
14060 +4.651
14070 +4.694
14080 +4.733
14090 +4.770
14100 +4.804
14110 +4.834
14120 +4.857
14130 +4.869
14140 +4.869
14150 +4.856
14160 +4.831
14170 +4.798
14180 +4.761
14190 +4.723
14200 +4.686
14210 +4.651
14220 +4.616
14230 +4.580
14240 +4.542
14250 +4.501
14260 +4.461
14270 +4.423
14280 +4.391
14290 +4.368
14300 +4.357
14310 +4.358
14320 +4.368
14330 +4.386
14340 +4.409
14350 +4.433
14360 +4.457
14370 +4.483
14380 +4.511
14390 +4.544
14400 +4.582
14410 +4.625
14420 +4.670
14430 +4.714
14440 +4.749
14450 +4.774
14460 +4.784
14470 +4.779
14480 +4.761
14490 +4.733
14500 +4.699
14510 +4.658
14520 +4.611
14530 +4.557
14540 +4.492
14550 +4.415
14560 +4.326
14570 +4.228
14580 +4.126
14590 +4.024
14600 +3.928
14610 +3.841
14620 +3.764
14630 +3.697
14640 +3.640
14650 +3.591
14660 +3.549
14670 +3.514
14680 +3.488
14690 +3.474
14700 +3.474
14710 +3.489
14720 +3.520
14730 +3.565
14740 +3.622
14750 +3.686
14760 +3.753
14770 +3.820
14780 +3.885
14790 +3.948
14800 +4.009
14810 +4.070
14820 +4.131
14830 +4.191
14840 +4.248
14850 +4.299
14860 +4.339
14870 +4.365
14880 +4.377
14890 +4.374
14900 +4.359
14910 +4.336
14920 +4.307
14930 +4.276
14940 +4.242
14950 +4.205
14960 +4.163
14970 +4.115
14980 +4.059
14990 +3.997
15000 +3.931
15010 +3.866
15020 +3.806
15030 +3.753
15040 +3.711
15050 +3.680
15060 +3.657
15070 +3.640
15080 +3.627
15090 +3.616
15100 +3.609
15110 +3.608
15120 +3.615
15130 +3.634
15140 +3.666
15150 +3.709
15160 +3.762
15170 +3.819
15180 +3.877
15190 +3.930
15200 +3.976
15210 +4.016
15220 +4.051
15230 +4.083
15240 +4.114
15250 +4.145
15260 +4.173
15270 +4.196
15280 +4.208
15290 +4.207
15300 +4.191
15310 +4.160
15320 +4.118
15330 +4.070
15340 +4.020
15350 +3.971
15360 +3.925
15370 +3.881
15380 +3.836
15390 +3.789
15400 +3.738
15410 +3.682
15420 +3.624
15430 +3.568
15440 +3.519
15450 +3.482
15460 +3.459
15470 +3.449
15480 +3.451
15490 +3.460
15500 +3.472
15510 +3.484
15520 +3.495
15530 +3.507
15540 +3.524
15550 +3.548
15560 +3.583
15570 +3.626
15580 +3.676
15590 +3.726
15600 +3.771
15610 +3.803
15620 +3.822
15630 +3.828
15640 +3.823
15650 +3.813
15660 +3.803
15670 +3.793
15680 +3.782
15690 +3.769
15700 +3.747
15710 +3.714
15720 +3.668
15730 +3.611
15740 +3.547
15750 +3.482
15760 +3.423
15770 +3.374
15780 +3.337
15790 +3.311
15800 +3.294
15810 +3.282
15820 +3.271
15830 +3.261
15840 +3.253
15850 +3.253
15860 +3.265
15870 +3.294
15880 +3.342
15890 +3.407
15900 +3.484
15910 +3.567
15920 +3.648
15930 +3.723
15940 +3.787
15950 +3.843
15960 +3.895
15970 +3.945
15980 +3.999
15990 +4.054
16000 +4.107
16010 +4.152
16020 +4.182
16030 +4.192
16040 +4.182
16050 +4.154
16060 +4.116
16070 +4.073
16080 +4.034
16090 +4.000
16100 +3.972
16110 +3.946
16120 +3.920
16130 +3.891
16140 +3.857
16150 +3.820
16160 +3.785
16170 +3.758
16180 +3.745
16190 +3.750
16200 +3.776
16210 +3.822
16220 +3.883
16230 +3.955
16240 +4.033
16250 +4.113
16260 +4.195
16270 +4.280
16280 +4.371
16290 +4.474
16300 +4.590
16310 +4.717
16320 +4.852
16330 +4.985
16340 +5.107
16350 +5.207
16360 +5.282
16370 +5.331
16380 +5.359
16390 +5.374
16400 +5.382
16410 +5.386
16420 +5.384
16430 +5.370
16440 +5.336
16450 +5.275
16460 +5.188
16470 +5.077
16480 +4.953
16490 +4.826
16500 +4.707
16510 +4.602
16520 +4.513
16530 +4.439
16540 +4.374
16550 +4.314
16560 +4.256
16570 +4.202
16580 +4.155
16590 +4.124
16600 +4.117
16610 +4.140
16620 +4.194
16630 +4.273
16640 +4.369
16650 +4.469
16660 +4.560
16670 +4.633
16680 +4.684
16690 +4.717
16700 +4.740
16710 +4.759
16720 +4.778
16730 +4.795
16740 +4.804
16750 +4.793
16760 +4.756
16770 +4.689
16780 +4.595
16790 +4.485
16800 +4.369
16810 +4.259
16820 +4.161
16830 +4.076
16840 +4.002
16850 +3.932
16860 +3.861
16870 +3.788
16880 +3.713
16890 +3.639
16900 +3.574
16910 +3.525
16920 +3.498
16930 +3.494
16940 +3.516
16950 +3.557
16960 +3.614
16970 +3.679
16980 +3.747
16990 +3.813
17000 +3.877
17010 +3.943
17020 +4.014
17030 +4.094
17040 +4.186
17050 +4.287
17060 +4.388
17070 +4.480
17080 +4.552
17090 +4.594
17100 +4.603
17110 +4.583
17120 +4.542
17130 +4.490
17140 +4.435
17150 +4.377
17160 +4.313
17170 +4.234
17180 +4.130
17190 +3.997
17200 +3.834
17210 +3.647
17220 +3.447
17230 +3.247
17240 +3.057
17250 +2.881
17260 +2.719
17270 +2.567
17280 +2.422
17290 +2.279
17300 +2.138
17310 +2.003
17320 +1.884
17330 +1.790
17340 +1.734
17350 +1.725
17360 +1.767
17370 +1.858
17380 +1.993
17390 +2.159
17400 +2.344
17410 +2.537
17420 +2.730
17430 +2.920
17440 +3.111
17450 +3.306
17460 +3.504
17470 +3.701
17480 +3.884
17490 +4.034
17500 +4.132
17510 +4.163
17520 +4.125
17530 +4.028
17540 +3.890
17550 +3.733
17560 +3.569
17570 +3.402
17580 +3.227
17590 +3.034
17600 +2.815
17610 +2.573
17620 +2.315
17630 +2.061
17640 +1.828
17650 +1.636
17660 +1.496
17670 +1.415
17680 +1.391
17690 +1.422
17700 +1.502
17710 +1.627
17720 +1.791
17730 +1.991
17740 +2.220
17750 +2.475
17760 +2.747
17770 +3.028
17780 +3.309
17790 +3.580
17800 +3.833
17810 +4.057
17820 +4.243
17830 +4.378
17840 +4.456
17850 +4.473
17860 +4.435
17870 +4.356
17880 +4.247
17890 +4.118
17900 +3.972
17910 +3.803
17920 +3.603
17930 +3.363
17940 +3.080
17950 +2.759
17960 +2.415
17970 +2.066
17980 +1.728
17990 +1.414
18000 +1.132
18010 +0.882
18020 +0.667
18030 +0.487
18040 +0.350
18050 +0.264
18060 +0.242
18070 +0.301
18080 +0.454
18090 +0.708
18100 +1.062
18110 +1.501
18120 +2.004
18130 +2.542
18140 +3.089
18150 +3.621
18160 +4.123
18170 +4.591
18180 +5.027
18190 +5.437
18200 +5.826
18210 +6.189
18220 +6.511
18230 +6.769
18240 +6.938
18250 +6.998
18260 +6.944
18270 +6.790
18280 +6.565
18290 +6.300
18300 +6.019
18310 +5.730
18320 +5.428
18330 +5.105
18340 +4.753
18350 +4.379
18360 +4.006
18370 +3.666
18380 +3.396
18390 +3.228
18400 +3.177
18410 +3.244
18420 +3.416
18430 +3.670
18440 +3.985
18450 +4.338
18460 +4.708
18470 +5.079
18480 +5.434
18490 +5.764
18500 +6.061
18510 +6.326
18520 +6.560
18530 +6.765
18540 +6.938
18550 +7.076
18560 +7.168
18570 +7.206
18580 +7.188
18590 +7.116
18600 +7.004
18610 +6.871
18620 +6.732
18630 +6.599
18640 +6.472
18650 +6.345
18660 +6.209
18670 +6.058
18680 +5.890
18690 +5.713
18700 +5.541
18710 +5.395
18720 +5.290
18730 +5.238
18740 +5.243
18750 +5.303
18760 +5.414
18770 +5.571
18780 +5.770
18790 +6.010
18800 +6.292
18810 +6.614
18820 +6.976
18830 +7.376
18840 +7.809
18850 +8.270
18860 +8.752
18870 +9.249
18880 +9.755
18890 +10.264
18900 +10.768
18910 +11.259
18920 +11.730
18930 +12.177
18940 +12.598
18950 +12.999
18960 +13.387
18970 +13.767
18980 +14.145
18990 +14.517
19000 +14.875
19010 +15.204
19020 +15.490
19030 +15.722
19040 +15.902
19050 +16.040
19060 +16.155
19070 +16.265
19080 +16.384
19090 +16.519
19100 +16.667
19110 +16.826
19120 +16.986
19130 +17.139
19140 +17.279
19150 +17.402
19160 +17.510
19170 +17.606
19180 +17.698
19190 +17.793
19200 +17.897
19210 +18.019
19220 +18.164
19230 +18.334
19240 +18.524
19250 +18.720
19260 +18.895
19270 +19.023
19280 +19.080
19290 +19.062
19300 +18.983
19310 +18.870
19320 +18.759
19330 +18.684
19340 +18.666
19350 +18.713
19360 +18.809
19370 +18.919
19380 +19.000
19390 +19.011
19400 +18.937
19410 +18.791
19420 +18.609
19430 +18.436
19440 +18.312
19450 +18.260
19460 +18.282
19470 +18.356
19480 +18.437
19490 +18.474
19500 +18.429
19510 +18.295
19520 +18.093
19530 +17.868
19540 +17.663
19550 +17.512
19560 +17.428
19570 +17.400
19580 +17.396
19590 +17.368
19600 +17.275
19610 +17.097
19620 +16.844
19630 +16.549
19640 +16.252
19650 +15.983
19660 +15.762
19670 +15.586
19680 +15.435
19690 +15.278
19700 +15.080
19710 +14.820
19720 +14.500
19730 +14.137
19740 +13.757
19750 +13.384
19760 +13.035
19770 +12.714
19780 +12.415
19790 +12.123
19800 +11.818
19810 +11.483
19820 +11.112
19830 +10.708
19840 +10.281
19850 +9.847
19860 +9.417
19870 +9.003
19880 +8.610
19890 +8.240
19900 +7.889
19910 +7.552
19920 +7.221
19930 +6.892
19940 +6.565
19950 +6.246
19960 +5.946
19970 +5.677
19980 +5.457
19990 +5.298
20000 +5.205
20010 +5.174
20020 +5.184
20030 +5.210
20040 +5.228
20050 +5.222
20060 +5.193
20070 +5.148
20080 +5.102
20090 +5.067
20100 +5.046
20110 +5.032
20120 +5.012
20130 +4.967
20140 +4.884
20150 +4.761
20160 +4.605
20170 +4.429
20180 +4.249
20190 +4.079
20200 +3.931
20210 +3.808
20220 +3.708
20230 +3.626
20240 +3.554
20250 +3.486
20260 +3.417
20270 +3.349
20280 +3.284
20290 +3.229
20300 +3.192
20310 +3.179
20320 +3.196
20330 +3.241
20340 +3.306
20350 +3.380
20360 +3.449
20370 +3.501
20380 +3.531
20390 +3.545
20400 +3.553
20410 +3.569
20420 +3.606
20430 +3.670
20440 +3.758
20450 +3.858
20460 +3.949
20470 +4.014
20480 +4.046
20490 +4.049
20500 +4.038
20510 +4.033
20520 +4.052
20530 +4.106
20540 +4.194
20550 +4.300
20560 +4.395
20570 +4.452
20580 +4.461
20590 +4.429
20600 +4.380
20610 +4.335
20620 +4.298
20630 +4.238
20640 +4.083
20650 +3.760
20660 +3.286
20670 +2.782
20680 +2.353
20690 +2.030
20700 +1.802
20710 +1.645
20720 +1.541
20730 +1.474
20740 +1.436
20750 +1.419
20760 +1.416
20770 +1.421
20780 +1.427
20790 +1.425
20800 +1.410
20810 +1.377
20820 +1.328
20830 +1.268
20840 +1.207
20850 +1.152
20860 +1.107
20870 +1.071
20880 +1.037
20890 +0.997
20900 +0.944
20910 +0.874
20920 +0.788
20930 +0.691
20940 +0.592
20950 +0.499
20960 +0.418
20970 +0.349
20980 +0.287
20990 +0.224
21000 +0.153
21010 +0.067
21020 -0.033
21030 -0.143
21040 -0.255
21050 -0.360
21060 -0.449
21070 -0.521
21080 -0.576
21090 -0.620
21100 -0.660
21110 -0.702
21120 -0.746
21130 -0.789
21140 -0.825
21150 -0.843
21160 -0.836
21170 -0.799
21180 -0.734
21190 -0.647
21200 -0.547
21210 -0.444
21220 -0.346
21230 -0.258
21240 -0.180
21250 -0.107
21260 -0.036
21270 +0.038
21280 +0.114
21290 +0.190
21300 +0.258
21310 +0.310
21320 +0.339
21330 +0.342
21340 +0.320
21350 +0.281
21360 +0.233
21370 +0.184
21380 +0.141
21390 +0.105
21400 +0.072
21410 +0.036
21420 -0.009
21430 -0.068
21440 -0.141
21450 -0.223
21460 -0.305
21470 -0.379
21480 -0.438
21490 -0.476
21500 -0.497
21510 -0.504
21520 -0.507
21530 -0.512
21540 -0.523
21550 -0.539
21560 -0.557
21570 -0.568
21580 -0.568
21590 -0.554
21600 -0.528
21610 -0.497
21620 -0.471
21630 -0.459
21640 -0.466
21650 -0.495
21660 -0.541
21670 -0.598
21680 -0.656
21690 -0.712
21700 -0.763
21710 -0.813
21720 -0.866
21730 -0.929
21740 -1.009
21750 -1.106
21760 -1.216
21770 -1.334
21780 -1.451
21790 -1.560
21800 -1.658
21810 -1.745
21820 -1.824
21830 -1.902
21840 -1.982
21850 -2.068
21860 -2.158
21870 -2.248
21880 -2.331
21890 -2.400
21900 -2.450
21910 -2.481
21920 -2.495
21930 -2.498
21940 -2.498
21950 -2.499
21960 -2.505
21970 -2.516
21980 -2.529
21990 -2.539
22000 -2.541
22010 -2.534
22020 -2.519
22030 -2.502
22040 -2.489
22050 -2.486
22060 -2.498
22070 -2.525
22080 -2.565
22090 -2.612
22100 -2.659
22110 -2.700
22120 -2.734
22130 -2.763
22140 -2.791
22150 -2.823
22160 -2.865
22170 -2.918
22180 -2.980
22190 -3.045
22200 -3.105
22210 -3.154
22220 -3.187
22230 -3.205
22240 -3.209
22250 -3.205
22260 -3.199
22270 -3.194
22280 -3.193
22290 -3.191
22300 -3.185
22310 -3.168
22320 -3.137
22330 -3.090
22340 -3.032
22350 -2.967
22360 -2.904
22370 -2.850
22380 -2.810
22390 -2.785
22400 -2.771
22410 -2.763
22420 -2.755
22430 -2.742
22440 -2.724
22450 -2.704
22460 -2.688
22470 -2.683
22480 -2.692
22490 -2.718
22500 -2.756
22510 -2.801
22520 -2.843
22530 -2.877
22540 -2.899
22550 -2.909
22560 -2.912
22570 -2.914
22580 -2.920
22590 -2.932
22600 -2.949
22610 -2.966
22620 -2.977
22630 -2.975
22640 -2.957
22650 -2.922
22660 -2.874
22670 -2.819
22680 -2.764
22690 -2.713
22700 -2.670
22710 -2.633
22720 -2.600
22730 -2.566
22740 -2.526
22750 -2.477
22760 -2.423
22770 -2.365
22780 -2.311
22790 -2.266
22800 -2.234
22810 -2.217
22820 -2.212
22830 -2.214
22840 -2.215
22850 -2.211
22860 -2.199
22870 -2.180
22880 -2.158
22890 -2.139
22900 -2.127
22910 -2.127
22920 -2.138
22930 -2.154
22940 -2.170
22950 -2.179
22960 -2.175
22970 -2.158
22980 -2.130
22990 -2.098
23000 -2.067
23010 -2.044
23020 -2.030
23030 -2.025
23040 -2.025
23050 -2.022
23060 -2.011
23070 -1.990
23080 -1.960
23090 -1.924
23100 -1.889
23110 -1.862
23120 -1.849
23130 -1.851
23140 -1.868
23150 -1.893
23160 -1.919
23170 -1.940
23180 -1.953
23190 -1.958
23200 -1.959
23210 -1.964
23220 -1.977
23230 -2.004
23240 -2.044
23250 -2.094
23260 -2.144
23270 -2.188
23280 -2.218
23290 -2.233
23300 -2.234
23310 -2.226
23320 -2.217
23330 -2.212
23340 -2.214
23350 -2.221
23360 -2.229
23370 -2.232
23380 -2.222
23390 -2.197
23400 -2.158
23410 -2.109
23420 -2.055
23430 -2.005
23440 -1.963
23450 -1.932
23460 -1.911
23470 -1.897
23480 -1.885
23490 -1.871
23500 -1.852
23510 -1.830
23520 -1.807
23530 -1.788
23540 -1.778
23550 -1.780
23560 -1.795
23570 -1.821
23580 -1.852
23590 -1.883
23600 -1.910
23610 -1.931
23620 -1.945
23630 -1.956
23640 -1.966
23650 -1.980
23660 -2.000
23670 -2.026
23680 -2.056
23690 -2.086
23700 -2.113
23710 -2.135
23720 -2.152
23730 -2.166
23740 -2.180
23750 -2.199
23760 -2.225
23770 -2.262
23780 -2.310
23790 -2.368
23800 -2.435
23810 -2.509
23820 -2.590
23830 -2.676
23840 -2.770
23850 -2.873
23860 -2.986
23870 -3.109
23880 -3.240
23890 -3.379
23900 -3.520
23910 -3.660
23920 -3.794
23930 -3.920
23940 -4.034
23950 -4.135
23960 -4.222
23970 -4.292
23980 -4.344
23990 -4.376
