00000 +3.513
00010 +3.376
00020 +3.008
00030 +2.518
00040 +2.027
00050 +1.638
00060 +1.415
00070 +1.371
00080 +1.474
00090 +1.652
00100 +1.812
00110 +1.870
00120 +1.775
00130 +1.526
00140 +1.170
00150 +0.780
00160 +0.429
00170 +0.171
00180 +0.027
00190 -0.016
00200 +0.001
00210 +0.023
00220 +0.001
00230 -0.096
00240 -0.271
00250 -0.496
00260 -0.727
00270 -0.919
00280 -1.039
00290 -1.074
00300 -1.038
00310 -0.962
00320 -0.885
00330 -0.840
00340 -0.843
00350 -0.891
00360 -0.962
00370 -1.020
00380 -1.035
00390 -0.987
00400 -0.876
00410 -0.718
00420 -0.542
00430 -0.381
00440 -0.259
00450 -0.187
00460 -0.158
00470 -0.152
00480 -0.143
00490 -0.109
00500 -0.043
00510 +0.046
00520 +0.134
00530 +0.192
00540 +0.191
00550 +0.116
00560 -0.031
00570 -0.227
00580 -0.444
00590 -0.649
00600 -0.822
00610 -0.960
00620 -1.072
00630 -1.181
00640 -1.304
00650 -1.455
00660 -1.631
00670 -1.814
00680 -1.979
00690 -2.097
00700 -2.151
00710 -2.137
00720 -2.068
00730 -1.965
00740 -1.853
00750 -1.749
00760 -1.659
00770 -1.576
00780 -1.484
00790 -1.366
00800 -1.209
00810 -1.014
00820 -0.795
00830 -0.573
00840 -0.375
00850 -0.220
00860 -0.119
00870 -0.071
00880 -0.063
00890 -0.079
00900 -0.104
00910 -0.130
00920 -0.161
00930 -0.207
00940 -0.277
00950 -0.382
00960 -0.522
00970 -0.689
00980 -0.869
00990 -1.043
01000 -1.197
01010 -1.321
01020 -1.415
01030 -1.484
01040 -1.540
01050 -1.592
01060 -1.647
01070 -1.705
01080 -1.761
01090 -1.805
01100 -1.827
01110 -1.821
01120 -1.785
01130 -1.724
01140 -1.648
01150 -1.568
01160 -1.492
01170 -1.425
01180 -1.364
01190 -1.305
01200 -1.241
01210 -1.164
01220 -1.072
01230 -0.968
01240 -0.857
01250 -0.749
01260 -0.652
01270 -0.573
01280 -0.513
01290 -0.470
01300 -0.437
01310 -0.408
01320 -0.380
01330 -0.351
01340 -0.324
01350 -0.306
01360 -0.304
01370 -0.325
01380 -0.372
01390 -0.443
01400 -0.534
01410 -0.638
01420 -0.746
01430 -0.853
01440 -0.957
01450 -1.059
01460 -1.162
01470 -1.270
01480 -1.385
01490 -1.502
01500 -1.615
01510 -1.710
01520 -1.774
01530 -1.796
01540 -1.770
01550 -1.697
01560 -1.587
01570 -1.453
01580 -1.308
01590 -1.161
01600 -1.018
01610 -0.880
01620 -0.746
01630 -0.615
01640 -0.490
01650 -0.378
01660 -0.286
01670 -0.222
01680 -0.191
01690 -0.193
01700 -0.226
01710 -0.282
01720 -0.352
01730 -0.428
01740 -0.503
01750 -0.576
01760 -0.649
01770 -0.728
01780 -0.817
01790 -0.917
01800 -1.029
01810 -1.147
01820 -1.264
01830 -1.372
01840 -1.465
01850 -1.541
01860 -1.601
01870 -1.651
01880 -1.697
01890 -1.743
01900 -1.790
01910 -1.835
01920 -1.871
01930 -1.891
01940 -1.889
01950 -1.863
01960 -1.817
01970 -1.756
01980 -1.689
01990 -1.621
02000 -1.557
02010 -1.494
02020 -1.431
02030 -1.361
02040 -1.282
02050 -1.194
02060 -1.100
02070 -1.007
02080 -0.922
02090 -0.851
02100 -0.797
02110 -0.759
02120 -0.735
02130 -0.720
02140 -0.711
02150 -0.706
02160 -0.703
02170 -0.707
02180 -0.719
02190 -0.745
02200 -0.785
02210 -0.839
02220 -0.906
02230 -0.980
02240 -1.057
02250 -1.132
02260 -1.203
02270 -1.269
02280 -1.332
02290 -1.394
02300 -1.459
02310 -1.527
02320 -1.597
02330 -1.665
02340 -1.728
02350 -1.778
02360 -1.814
02370 -1.834
02380 -1.842
02390 -1.842
02400 -1.841
02410 -1.841
02420 -1.844
02430 -1.848
02440 -1.851
02450 -1.850
02460 -1.841
02470 -1.825
02480 -1.805
02490 -1.785
02500 -1.770
02510 -1.764
02520 -1.768
02530 -1.781
02540 -1.800
02550 -1.820
02560 -1.839
02570 -1.855
02580 -1.869
02590 -1.883
02600 -1.902
02610 -1.930
02620 -1.967
02630 -2.013
02640 -2.067
02650 -2.124
02660 -2.180
02670 -2.232
02680 -2.280
02690 -2.324
02700 -2.367
02710 -2.413
02720 -2.463
02730 -2.516
02740 -2.570
02750 -2.619
02760 -2.657
02770 -2.681
02780 -2.687
02790 -2.677
02800 -2.656
02810 -2.628
02820 -2.598
02830 -2.567
02840 -2.535
02850 -2.502
02860 -2.464
02870 -2.421
02880 -2.373
02890 -2.320
02900 -2.268
02910 -2.220
02920 -2.178
02930 -2.145
02940 -2.121
02950 -2.103
02960 -2.087
02970 -2.072
02980 -2.055
02990 -2.036
03000 -2.015
03010 -1.997
03020 -1.984
03030 -1.977
03040 -1.977
03050 -1.983
03060 -1.991
03070 -2.000
03080 -2.004
03090 -2.005
03100 -2.002
03110 -1.997
03120 -1.994
03130 -1.993
03140 -1.997
03150 -2.005
03160 -2.013
03170 -2.019
03180 -2.019
03190 -2.013
03200 -2.000
03210 -1.983
03220 -1.963
03230 -1.943
03240 -1.925
03250 -1.908
03260 -1.892
03270 -1.875
03280 -1.853
03290 -1.827
03300 -1.797
03310 -1.762
03320 -1.727
03330 -1.693
03340 -1.663
03350 -1.638
03360 -1.618
03370 -1.601
03380 -1.588
03390 -1.575
03400 -1.562
03410 -1.549
03420 -1.539
03430 -1.533
03440 -1.534
03450 -1.543
03460 -1.563
03470 -1.591
03480 -1.626
03490 -1.668
03500 -1.713
03510 -1.762
03520 -1.814
03530 -1.873
03540 -1.939
03550 -2.015
03560 -2.101
03570 -2.197
03580 -2.301
03590 -2.410
03600 -2.521
03610 -2.633
03620 -2.742
03630 -2.850
03640 -2.957
03650 -3.063
03660 -3.169
03670 -3.273
03680 -3.373
03690 -3.466
03700 -3.546
03710 -3.610
03720 -3.656
03730 -3.684
03740 -3.694
03750 -3.688
03760 -3.667
03770 -3.634
03780 -3.587
03790 -3.526
03800 -3.448
03810 -3.353
03820 -3.242
03830 -3.115
03840 -2.975
03850 -2.827
03860 -2.675
03870 -2.521
03880 -2.369
03890 -2.218
03900 -2.070
03910 -1.923
03920 -1.779
03930 -1.638
03940 -1.503
03950 -1.379
03960 -1.270
03970 -1.180
03980 -1.111
03990 -1.062
04000 -1.033
04010 -1.021
04020 -1.025
04030 -1.043
04040 -1.074
04050 -1.119
04060 -1.178
04070 -1.249
04080 -1.332
04090 -1.423
04100 -1.518
04110 -1.615
04120 -1.708
04130 -1.795
04140 -1.875
04150 -1.945
04160 -2.008
04170 -2.063
04180 -2.111
04190 -2.153
04200 -2.187
04210 -2.214
04220 -2.232
04230 -2.239
04240 -2.237
04250 -2.225
04260 -2.206
04270 -2.180
04280 -2.152
04290 -2.122
04300 -2.093
04310 -2.063
04320 -2.034
04330 -2.003
04340 -1.971
04350 -1.936
04360 -1.900
04370 -1.866
04380 -1.834
04390 -1.807
04400 -1.787
04410 -1.773
04420 -1.763
04430 -1.757
04440 -1.753
04450 -1.749
04460 -1.745
04470 -1.741
04480 -1.740
04490 -1.742
04500 -1.747
04510 -1.757
04520 -1.768
04530 -1.780
04540 -1.791
04550 -1.799
04560 -1.802
04570 -1.802
04580 -1.798
04590 -1.792
04600 -1.786
04610 -1.779
04620 -1.772
04630 -1.765
04640 -1.756
04650 -1.743
04660 -1.726
04670 -1.705
04680 -1.680
04690 -1.652
04700 -1.625
04710 -1.599
04720 -1.578
04730 -1.560
04740 -1.545
04750 -1.532
04760 -1.519
04770 -1.506
04780 -1.493
04790 -1.483
04800 -1.476
04810 -1.476
04820 -1.485
04830 -1.501
04840 -1.525
04850 -1.554
04860 -1.586
04870 -1.619
04880 -1.651
04890 -1.683
04900 -1.714
04910 -1.748
04920 -1.783
04930 -1.820
04940 -1.857
04950 -1.891
04960 -1.920
04970 -1.942
04980 -1.954
04990 -1.956
05000 -1.949
05010 -1.936
05020 -1.919
05030 -1.900
05040 -1.880
05050 -1.858
05060 -1.833
05070 -1.803
05080 -1.768
05090 -1.727
05100 -1.683
05110 -1.639
05120 -1.597
05130 -1.561
05140 -1.531
05150 -1.508
05160 -1.490
05170 -1.473
05180 -1.458
05190 -1.442
05200 -1.427
05210 -1.415
05220 -1.407
05230 -1.406
05240 -1.412
05250 -1.424
05260 -1.440
05270 -1.458
05280 -1.473
05290 -1.486
05300 -1.494
05310 -1.500
05320 -1.504
05330 -1.508
05340 -1.513
05350 -1.519
05360 -1.524
05370 -1.527
05380 -1.525
05390 -1.518
05400 -1.503
05410 -1.483
05420 -1.459
05430 -1.434
05440 -1.409
05450 -1.386
05460 -1.365
05470 -1.345
05480 -1.325
05490 -1.302
05500 -1.276
05510 -1.247
05520 -1.217
05530 -1.188
05540 -1.162
05550 -1.140
05560 -1.125
05570 -1.113
05580 -1.104
05590 -1.095
05600 -1.084
05610 -1.071
05620 -1.056
05630 -1.041
05640 -1.027
05650 -1.016
05660 -1.009
05670 -1.005
05680 -1.002
05690 -0.996
05700 -0.987
05710 -0.973
05720 -0.952
05730 -0.927
05740 -0.900
05750 -0.872
05760 -0.844
05770 -0.818
05780 -0.791
05790 -0.762
05800 -0.729
05810 -0.692
05820 -0.649
05830 -0.602
05840 -0.554
05850 -0.507
05860 -0.464
05870 -0.426
05880 -0.393
05890 -0.365
05900 -0.338
05910 -0.311
05920 -0.285
05930 -0.259
05940 -0.235
05950 -0.217
05960 -0.207
05970 -0.205
05980 -0.212
05990 -0.225
06000 -0.243
06010 -0.262
06020 -0.282
06030 -0.303
06040 -0.325
06050 -0.350
06060 -0.379
06070 -0.414
06080 -0.454
06090 -0.498
06100 -0.542
06110 -0.585
06120 -0.625
06130 -0.660
06140 -0.693
06150 -0.723
06160 -0.751
06170 -0.780
06180 -0.810
06190 -0.839
06200 -0.867
06210 -0.892
06220 -0.913
06230 -0.929
06240 -0.940
06250 -0.947
06260 -0.953
06270 -0.960
06280 -0.969
06290 -0.980
06300 -0.994
06310 -1.009
06320 -1.023
06330 -1.036
06340 -1.047
06350 -1.058
06360 -1.070
06370 -1.085
06380 -1.104
06390 -1.127
06400 -1.155
06410 -1.185
06420 -1.216
06430 -1.247
06440 -1.275
06450 -1.302
06460 -1.328
06470 -1.355
06480 -1.382
06490 -1.411
06500 -1.441
06510 -1.471
06520 -1.500
06530 -1.526
06540 -1.547
06550 -1.564
06560 -1.576
06570 -1.585
06580 -1.592
06590 -1.599
06600 -1.606
06610 -1.613
06620 -1.618
06630 -1.622
06640 -1.623
06650 -1.621
06660 -1.616
06670 -1.610
06680 -1.604
06690 -1.600
06700 -1.598
06710 -1.600
06720 -1.605
06730 -1.611
06740 -1.617
06750 -1.623
06760 -1.628
06770 -1.632
06780 -1.638
06790 -1.645
06800 -1.655
06810 -1.668
06820 -1.684
06830 -1.700
06840 -1.716
06850 -1.729
06860 -1.740
06870 -1.748
06880 -1.754
06890 -1.759
06900 -1.762
06910 -1.766
06920 -1.770
06930 -1.772
06940 -1.772
06950 -1.768
06960 -1.759
06970 -1.746
06980 -1.730
06990 -1.710
07000 -1.689
07010 -1.668
07020 -1.648
07030 -1.629
07040 -1.610
07050 -1.590
07060 -1.569
07070 -1.546
07080 -1.523
07090 -1.500
07100 -1.479
07110 -1.462
07120 -1.450
07130 -1.441
07140 -1.437
07150 -1.434
07160 -1.434
07170 -1.433
07180 -1.433
07190 -1.435
07200 -1.438
07210 -1.445
07220 -1.455
07230 -1.468
07240 -1.483
07250 -1.500
07260 -1.516
07270 -1.531
07280 -1.543
07290 -1.554
07300 -1.564
07310 -1.573
07320 -1.582
07330 -1.590
07340 -1.599
07350 -1.606
07360 -1.611
07370 -1.614
07380 -1.612
07390 -1.607
07400 -1.599
07410 -1.589
07420 -1.578
07430 -1.568
07440 -1.559
07450 -1.551
07460 -1.543
07470 -1.535
07480 -1.527
07490 -1.518
07500 -1.509
07510 -1.501
07520 -1.497
07530 -1.496
07540 -1.501
07550 -1.509
07560 -1.522
07570 -1.537
07580 -1.554
07590 -1.573
07600 -1.592
07610 -1.614
07620 -1.639
07630 -1.667
07640 -1.699
07650 -1.734
07660 -1.771
07670 -1.809
07680 -1.845
07690 -1.881
07700 -1.913
07710 -1.944
07720 -1.972
07730 -1.998
07740 -2.022
07750 -2.044
07760 -2.062
07770 -2.076
07780 -2.085
07790 -2.088
07800 -2.083
07810 -2.071
07820 -2.053
07830 -2.029
07840 -2.000
07850 -1.968
07860 -1.932
07870 -1.895
07880 -1.854
07890 -1.810
07900 -1.762
07910 -1.711
07920 -1.658
07930 -1.604
07940 -1.552
07950 -1.503
07960 -1.458
07970 -1.418
07980 -1.380
07990 -1.346
08000 -1.313
08010 -1.281
08020 -1.252
08030 -1.226
08040 -1.204
08050 -1.188
08060 -1.178
08070 -1.174
08080 -1.174
08090 -1.177
08100 -1.181
08110 -1.186
08120 -1.191
08130 -1.198
08140 -1.207
08150 -1.219
08160 -1.235
08170 -1.253
08180 -1.274
08190 -1.294
08200 -1.314
08210 -1.332
08220 -1.349
08230 -1.364
08240 -1.379
08250 -1.395
08260 -1.413
08270 -1.433
08280 -1.455
08290 -1.476
08300 -1.497
08310 -1.517
08320 -1.535
08330 -1.553
08340 -1.570
08350 -1.590
08360 -1.611
08370 -1.636
08380 -1.663
08390 -1.691
08400 -1.720
08410 -1.748
08420 -1.774
08430 -1.800
08440 -1.825
08450 -1.850
08460 -1.877
08470 -1.904
08480 -1.932
08490 -1.960
08500 -1.986
08510 -2.009
08520 -2.029
08530 -2.043
08540 -2.054
08550 -2.061
08560 -2.064
08570 -2.065
08580 -2.063
08590 -2.058
08600 -2.049
08610 -2.035
08620 -2.016
08630 -1.990
08640 -1.959
08650 -1.923
08660 -1.883
08670 -1.840
08680 -1.796
08690 -1.751
08700 -1.706
08710 -1.660
08720 -1.612
08730 -1.562
08740 -1.510
08750 -1.457
08760 -1.403
08770 -1.351
08780 -1.302
08790 -1.257
08800 -1.217
08810 -1.180
08820 -1.145
08830 -1.111
08840 -1.077
08850 -1.043
08860 -1.010
08870 -0.980
08880 -0.954
08890 -0.932
08900 -0.915
08910 -0.902
08920 -0.890
08930 -0.879
08940 -0.865
08950 -0.850
08960 -0.834
08970 -0.818
08980 -0.804
08990 -0.793
09000 -0.786
09010 -0.782
09020 -0.780
09030 -0.777
09040 -0.773
09050 -0.767
09060 -0.760
09070 -0.753
09080 -0.749
09090 -0.751
09100 -0.758
09110 -0.771
09120 -0.789
09130 -0.809
09140 -0.830
09150 -0.850
09160 -0.871
09170 -0.894
09180 -0.920
09190 -0.952
09200 -0.990
09210 -1.034
09220 -1.081
09230 -1.130
09240 -1.177
09250 -1.223
09260 -1.266
09270 -1.307
09280 -1.347
09290 -1.388
09300 -1.429
09310 -1.472
09320 -1.513
09330 -1.552
09340 -1.585
09350 -1.612
09360 -1.632
09370 -1.645
09380 -1.653
09390 -1.656
09400 -1.656
09410 -1.654
09420 -1.649
09430 -1.641
09440 -1.628
09450 -1.609
09460 -1.585
09470 -1.554
09480 -1.518
09490 -1.480
09500 -1.441
09510 -1.403
09520 -1.368
09530 -1.334
09540 -1.302
09550 -1.270
09560 -1.237
09570 -1.203
09580 -1.169
09590 -1.137
09600 -1.108
09610 -1.085
09620 -1.069
09630 -1.060
09640 -1.056
09650 -1.057
09660 -1.060
09670 -1.065
09680 -1.071
09690 -1.079
09700 -1.090
09710 -1.107
09720 -1.131
09730 -1.160
09740 -1.195
09750 -1.233
09760 -1.273
09770 -1.311
09780 -1.348
09790 -1.384
09800 -1.420
09810 -1.457
09820 -1.497
09830 -1.540
09840 -1.585
09850 -1.632
09860 -1.679
09870 -1.723
09880 -1.763
09890 -1.801
09900 -1.837
09910 -1.872
09920 -1.909
09930 -1.949
09940 -1.992
09950 -2.038
09960 -2.085
09970 -2.132
09980 -2.178
09990 -2.222
10000 -2.265
10010 -2.310
10020 -2.357
10030 -2.409
10040 -2.465
10050 -2.527
10060 -2.592
10070 -2.659
10080 -2.728
10090 -2.796
10100 -2.864
10110 -2.932
10120 -3.003
10130 -3.077
10140 -3.155
10150 -3.237
10160 -3.323
10170 -3.409
10180 -3.495
10190 -3.579
10200 -3.659
10210 -3.736
10220 -3.809
10230 -3.880
10240 -3.948
10250 -4.014
10260 -4.076
10270 -4.133
10280 -4.183
10290 -4.223
10300 -4.252
10310 -4.269
10320 -4.274
10330 -4.268
10340 -4.252
10350 -4.227
10360 -4.194
10370 -4.152
10380 -4.103
10390 -4.045
10400 -3.979
10410 -3.904
10420 -3.822
10430 -3.734
10440 -3.643
10450 -3.551
10460 -3.461
10470 -3.373
10480 -3.289
10490 -3.208
10500 -3.130
10510 -3.055
10520 -2.981
10530 -2.909
10540 -2.840
10550 -2.776
10560 -2.718
10570 -2.667
10580 -2.625
10590 -2.590
10600 -2.561
10610 -2.536
10620 -2.513
10630 -2.492
10640 -2.472
10650 -2.455
10660 -2.441
10670 -2.433
10680 -2.432
10690 -2.435
10700 -2.444
10710 -2.454
10720 -2.465
10730 -2.474
10740 -2.481
10750 -2.487
10760 -2.493
10770 -2.500
10780 -2.511
10790 -2.525
10800 -2.541
10810 -2.557
10820 -2.572
10830 -2.584
10840 -2.592
10850 -2.596
10860 -2.596
10870 -2.596
10880 -2.596
10890 -2.597
10900 -2.600
10910 -2.603
10920 -2.606
10930 -2.605
10940 -2.601
10950 -2.591
10960 -2.577
10970 -2.559
10980 -2.541
10990 -2.523
11000 -2.507
11010 -2.492
11020 -2.477
11030 -2.460
11040 -2.440
11050 -2.415
11060 -2.383
11070 -2.346
11080 -2.306
11090 -2.264
11100 -2.222
11110 -2.182
11120 -2.142
11130 -2.100
11140 -2.055
11150 -2.004
11160 -1.944
11170 -1.876
11180 -1.802
11190 -1.723
11200 -1.642
11210 -1.562
11220 -1.482
11230 -1.401
11240 -1.318
11250 -1.228
11260 -1.130
11270 -1.023
11280 -0.908
11290 -0.787
11300 -0.665
11310 -0.545
11320 -0.428
11330 -0.314
11340 -0.202
11350 -0.088
11360 +0.030
11370 +0.153
11380 +0.281
11390 +0.411
11400 +0.538
11410 +0.659
11420 +0.769
11430 +0.869
11440 +0.958
11450 +1.041
11460 +1.121
11470 +1.199
11480 +1.276
11490 +1.350
11500 +1.417
11510 +1.473
11520 +1.514
11530 +1.540
11540 +1.551
11550 +1.552
11560 +1.548
11570 +1.541
11580 +1.534
11590 +1.526
11600 +1.516
11610 +1.499
11620 +1.473
11630 +1.438
11640 +1.394
11650 +1.346
11660 +1.297
11670 +1.251
11680 +1.212
11690 +1.180
11700 +1.154
11710 +1.132
11720 +1.110
11730 +1.086
11740 +1.060
11750 +1.035
11760 +1.013
11770 +0.998
11780 +0.992
11790 +0.998
11800 +1.015
11810 +1.040
11820 +1.071
11830 +1.104
11840 +1.136
11850 +1.169
11860 +1.202
11870 +1.239
11880 +1.283
11890 +1.336
11900 +1.398
11910 +1.467
11920 +1.540
11930 +1.612
11940 +1.681
11950 +1.743
11960 +1.798
11970 +1.850
11980 +1.900
11990 +1.952
12000 +2.007
12010 +2.065
12020 +2.122
12030 +2.176
12040 +2.221
12050 +2.256
12060 +2.279
12070 +2.294
12080 +2.302
12090 +2.309
12100 +2.317
12110 +2.328
12120 +2.340
12130 +2.351
12140 +2.357
12150 +2.355
12160 +2.344
12170 +2.326
12180 +2.304
12190 +2.281
12200 +2.261
12210 +2.247
12220 +2.238
12230 +2.233
12240 +2.228
12250 +2.221
12260 +2.208
12270 +2.189
12280 +2.166
12290 +2.143
12300 +2.121
12310 +2.105
12320 +2.095
12330 +2.091
12340 +2.088
12350 +2.085
12360 +2.076
12370 +2.060
12380 +2.037
12390 +2.010
12400 +1.980
12410 +1.952
12420 +1.929
12430 +1.909
12440 +1.891
12450 +1.873
12460 +1.849
12470 +1.818
12480 +1.779
12490 +1.733
12500 +1.684
12510 +1.635
12520 +1.591
12530 +1.552
12540 +1.518
12550 +1.488
12560 +1.458
12570 +1.425
12580 +1.388
12590 +1.348
12600 +1.307
12610 +1.268
12620 +1.235
12630 +1.211
12640 +1.196
12650 +1.191
12660 +1.192
12670 +1.196
12680 +1.201
12690 +1.205
12700 +1.209
12710 +1.216
12720 +1.228
12730 +1.249
12740 +1.281
12750 +1.324
12760 +1.375
12770 +1.433
12780 +1.491
12790 +1.547
12800 +1.600
12810 +1.650
12820 +1.699
12830 +1.752
12840 +1.809
12850 +1.873
12860 +1.942
12870 +2.013
12880 +2.080
12890 +2.140
12900 +2.190
12910 +2.229
12920 +2.260
12930 +2.286
12940 +2.311
12950 +2.339
12960 +2.369
12970 +2.400
12980 +2.428
12990 +2.450
13000 +2.461
13010 +2.463
13020 +2.455
13030 +2.442
13040 +2.429
13050 +2.419
13060 +2.415
13070 +2.416
13080 +2.420
13090 +2.423
13100 +2.420
13110 +2.410
13120 +2.392
13130 +2.370
13140 +2.348
13150 +2.329
13160 +2.317
13170 +2.312
13180 +2.313
13190 +2.316
13200 +2.317
13210 +2.311
13220 +2.298
13230 +2.278
13240 +2.254
13250 +2.232
13260 +2.215
13270 +2.206
13280 +2.203
13290 +2.204
13300 +2.205
13310 +2.202
13320 +2.192
13330 +2.174
13340 +2.153
13350 +2.132
13360 +2.117
13370 +2.110
13380 +2.113
13390 +2.125
13400 +2.142
13410 +2.161
13420 +2.177
13430 +2.188
13440 +2.196
13450 +2.204
13460 +2.217
13470 +2.240
13480 +2.276
13490 +2.325
13500 +2.384
13510 +2.448
13520 +2.511
13530 +2.571
13540 +2.625
13550 +2.676
13560 +2.730
13570 +2.791
13580 +2.865
13590 +2.952
13600 +3.049
13610 +3.151
13620 +3.251
13630 +3.342
13640 +3.421
13650 +3.489
13660 +3.550
13670 +3.611
13680 +3.677
13690 +3.750
13700 +3.826
13710 +3.900
13720 +3.964
13730 +4.011
13740 +4.039
13750 +4.049
13760 +4.046
13770 +4.040
13780 +4.035
13790 +4.035
13800 +4.040
13810 +4.046
13820 +4.047
13830 +4.038
13840 +4.016
13850 +3.981
13860 +3.937
13870 +3.892
13880 +3.852
13890 +3.820
13900 +3.797
13910 +3.780
13920 +3.763
13930 +3.740
13940 +3.704
13950 +3.657
13960 +3.599
13970 +3.537
13980 +3.477
13990 +3.423
14000 +3.378
14010 +3.337
14020 +3.297
14030 +3.250
14040 +3.193
14050 +3.124
14060 +3.046
14070 +2.964
14080 +2.885
14090 +2.813
14100 +2.751
14110 +2.699
14120 +2.652
14130 +2.608
14140 +2.561
14150 +2.510
14160 +2.458
14170 +2.406
14180 +2.361
14190 +2.326
14200 +2.305
14210 +2.297
14220 +2.299
14230 +2.309
14240 +2.321
14250 +2.333
14260 +2.342
14270 +2.349
14280 +2.357
14290 +2.370
14300 +2.391
14310 +2.423
14320 +2.462
14330 +2.506
14340 +2.550
14350 +2.588
14360 +2.618
14370 +2.639
14380 +2.653
14390 +2.667
14400 +2.683
14410 +2.705
14420 +2.733
14430 +2.764
14440 +2.793
14450 +2.815
14460 +2.827
14470 +2.829
14480 +2.824
14490 +2.818
14500 +2.817
14510 +2.822
14520 +2.835
14530 +2.854
14540 +2.875
14550 +2.892
14560 +2.903
14570 +2.908
14580 +2.908
14590 +2.906
14600 +2.906
14610 +2.913
14620 +2.925
14630 +2.942
14640 +2.960
14650 +2.974
14660 +2.979
14670 +2.974
14680 +2.959
14690 +2.936
14700 +2.909
14710 +2.882
14720 +2.858
14730 +2.835
14740 +2.811
14750 +2.782
14760 +2.744
14770 +2.694
14780 +2.634
14790 +2.566
14800 +2.495
14810 +2.427
14820 +2.365
14830 +2.309
14840 +2.257
14850 +2.207
14860 +2.156
14870 +2.102
14880 +2.045
14890 +1.989
14900 +1.936
14910 +1.891
14920 +1.857
14930 +1.835
14940 +1.823
14950 +1.818
14960 +1.819
14970 +1.821
14980 +1.824
14990 +1.828
15000 +1.833
15010 +1.843
15020 +1.859
15030 +1.883
15040 +1.914
15050 +1.950
15060 +1.989
15070 +2.024
15080 +2.055
15090 +2.077
15100 +2.093
15110 +2.104
15120 +2.113
15130 +2.123
15140 +2.135
15150 +2.148
15160 +2.160
15170 +2.166
15180 +2.163
15190 +2.148
15200 +2.124
15210 +2.092
15220 +2.058
15230 +2.027
15240 +2.001
15250 +1.980
15260 +1.963
15270 +1.946
15280 +1.925
15290 +1.900
15300 +1.871
15310 +1.840
15320 +1.812
15330 +1.790
15340 +1.779
15350 +1.777
15360 +1.783
15370 +1.794
15380 +1.806
15390 +1.815
15400 +1.819
15410 +1.819
15420 +1.815
15430 +1.812
15440 +1.812
15450 +1.816
15460 +1.825
15470 +1.834
15480 +1.839
15490 +1.833
15500 +1.813
15510 +1.778
15520 +1.728
15530 +1.670
15540 +1.610
15550 +1.550
15560 +1.493
15570 +1.437
15580 +1.377
15590 +1.306
15600 +1.223
15610 +1.127
15620 +1.023
15630 +0.919
15640 +0.824
15650 +0.744
15660 +0.680
15670 +0.632
15680 +0.595
15690 +0.563
15700 +0.536
15710 +0.512
15720 +0.496
15730 +0.491
15740 +0.503
15750 +0.535
15760 +0.587
15770 +0.656
15780 +0.738
15790 +0.825
15800 +0.914
15810 +0.999
15820 +1.080
15830 +1.156
15840 +1.231
15850 +1.308
15860 +1.388
15870 +1.471
15880 +1.554
15890 +1.632
15900 +1.698
15910 +1.749
15920 +1.781
15930 +1.795
15940 +1.796
15950 +1.791
15960 +1.785
15970 +1.782
15980 +1.783
15990 +1.783
16000 +1.777
16010 +1.762
16020 +1.735
16030 +1.699
16040 +1.661
16050 +1.629
16060 +1.610
16070 +1.608
16080 +1.622
16090 +1.649
16100 +1.684
16110 +1.721
16120 +1.758
16130 +1.794
16140 +1.831
16150 +1.873
16160 +1.923
16170 +1.983
16180 +2.053
16190 +2.129
16200 +2.208
16210 +2.282
16220 +2.346
16230 +2.396
16240 +2.429
16250 +2.448
16260 +2.456
16270 +2.460
16280 +2.462
16290 +2.466
16300 +2.467
16310 +2.462
16320 +2.442
16330 +2.403
16340 +2.344
16350 +2.266
16360 +2.180
16370 +2.093
16380 +2.016
16390 +1.951
16400 +1.900
16410 +1.857
16420 +1.815
16430 +1.772
16440 +1.725
16450 +1.680
16460 +1.646
16470 +1.631
16480 +1.644
16490 +1.687
16500 +1.758
16510 +1.852
16520 +1.961
16530 +2.076
16540 +2.193
16550 +2.309
16560 +2.422
16570 +2.536
16580 +2.652
16590 +2.773
16600 +2.895
16610 +3.017
16620 +3.130
16630 +3.227
16640 +3.299
16650 +3.341
16660 +3.352
16670 +3.337
16680 +3.303
16690 +3.259
16700 +3.214
16710 +3.169
16720 +3.120
16730 +3.062
16740 +2.985
16750 +2.885
16760 +2.762
16770 +2.624
16780 +2.481
16790 +2.347
16800 +2.230
16810 +2.133
16820 +2.054
16830 +1.985
16840 +1.918
16850 +1.849
16860 +1.776
16870 +1.707
16880 +1.648
16890 +1.610
16900 +1.598
16910 +1.613
16920 +1.652
16930 +1.705
16940 +1.765
16950 +1.821
16960 +1.868
16970 +1.903
16980 +1.928
16990 +1.947
17000 +1.966
17010 +1.986
17020 +2.009
17030 +2.029
17040 +2.040
17050 +2.033
17060 +1.998
17070 +1.934
17080 +1.841
17090 +1.728
17100 +1.603
17110 +1.477
17120 +1.354
17130 +1.236
17140 +1.117
17150 +0.988
17160 +0.843
17170 +0.679
17180 +0.499
17190 +0.313
17200 +0.135
17210 -0.024
17220 -0.151
17230 -0.245
17240 -0.305
17250 -0.336
17260 -0.343
17270 -0.327
17280 -0.286
17290 -0.217
17300 -0.115
17310 +0.026
17320 +0.206
17330 +0.424
17340 +0.673
17350 +0.942
17360 +1.222
17370 +1.499
17380 +1.764
17390 +2.010
17400 +2.234
17410 +2.440
17420 +2.633
17430 +2.819
17440 +3.004
17450 +3.184
17460 +3.353
17470 +3.501
17480 +3.615
17490 +3.691
17500 +3.726
17510 +3.730
17520 +3.715
17530 +3.694
17540 +3.676
17550 +3.663
17560 +3.647
17570 +3.617
17580 +3.563
17590 +3.477
17600 +3.362
17610 +3.228
17620 +3.089
17630 +2.962
17640 +2.856
17650 +2.778
17660 +2.724
17670 +2.690
17680 +2.666
17690 +2.648
17700 +2.630
17710 +2.614
17720 +2.603
17730 +2.605
17740 +2.626
17750 +2.669
17760 +2.734
17770 +2.810
17780 +2.883
17790 +2.937
17800 +2.957
17810 +2.938
17820 +2.886
17830 +2.811
17840 +2.727
17850 +2.646
17860 +2.570
17870 +2.492
17880 +2.398
17890 +2.271
17900 +2.098
17910 +1.875
17920 +1.606
17930 +1.302
17940 +0.977
17950 +0.642
17960 +0.302
17970 -0.045
17980 -0.407
17990 -0.792
18000 -1.206
18010 -1.649
18020 -2.110
18030 -2.571
18040 -3.008
18050 -3.392
18060 -3.699
18070 -3.911
18080 -4.022
18090 -4.040
18100 -3.982
18110 -3.872
18120 -3.730
18130 -3.569
18140 -3.392
18150 -3.198
18160 -2.981
18170 -2.740
18180 -2.480
18190 -2.214
18200 -1.961
18210 -1.740
18220 -1.562
18230 -1.430
18240 -1.337
18250 -1.268
18260 -1.203
18270 -1.129
18280 -1.041
18290 -0.944
18300 -0.852
18310 -0.784
18320 -0.751
18330 -0.757
18340 -0.794
18350 -0.842
18360 -0.879
18370 -0.883
18380 -0.839
18390 -0.746
18400 -0.610
18410 -0.445
18420 -0.264
18430 -0.075
18440 +0.121
18450 +0.330
18460 +0.562
18470 +0.826
18480 +1.129
18490 +1.468
18500 +1.830
18510 +2.195
18520 +2.540
18530 +2.844
18540 +3.094
18550 +3.293
18560 +3.453
18570 +3.598
18580 +3.748
18590 +3.917
18600 +4.104
18610 +4.295
18620 +4.464
18630 +4.589
18640 +4.653
18650 +4.658
18660 +4.622
18670 +4.569
18680 +4.527
18690 +4.512
18700 +4.528
18710 +4.561
18720 +4.589
18730 +4.589
18740 +4.547
18750 +4.463
18760 +4.355
18770 +4.249
18780 +4.175
18790 +4.154
18800 +4.198
18810 +4.305
18820 +4.458
18830 +4.636
18840 +4.821
18850 +4.997
18860 +5.165
18870 +5.335
18880 +5.526
18890 +5.759
18900 +6.047
18910 +6.396
18920 +6.797
18930 +7.225
18940 +7.649
18950 +8.040
18960 +8.382
18970 +8.676
18980 +8.947
18990 +9.230
19000 +9.560
19010 +9.962
19020 +10.440
19030 +10.975
19040 +11.528
19050 +12.048
19060 +12.498
19070 +12.866
19080 +13.183
19090 +13.503
19100 +13.891
19110 +14.396
19120 +15.046
19130 +15.831
19140 +16.702
19150 +17.572
19160 +18.345
19170 +18.970
19180 +19.482
19190 +20.000
19200 +20.669
19210 +21.630
19220 +23.000
19230 +24.856
19240 +27.142
19250 +29.321
19260 +30.141
19270 +29.393
19280 +28.319
19290 +27.583
19300 +27.181
19310 +26.782
19320 +25.956
19330 +24.576
19340 +22.939
19350 +21.388
19360 +20.097
19370 +19.104
19380 +18.382
19390 +17.867
19400 +17.471
19410 +17.090
19420 +16.634
19430 +16.061
19440 +15.394
19450 +14.705
19460 +14.066
19470 +13.527
19480 +13.108
19490 +12.798
19500 +12.566
19510 +12.365
19520 +12.144
19530 +11.866
19540 +11.519
19550 +11.125
19560 +10.726
19570 +10.367
19580 +10.082
19590 +9.886
19600 +9.774
19610 +9.723
19620 +9.696
19630 +9.648
19640 +9.541
19650 +9.362
19660 +9.132
19670 +8.896
19680 +8.701
19690 +8.579
19700 +8.535
19710 +8.548
19720 +8.573
19730 +8.556
19740 +8.453
19750 +8.255
19760 +7.989
19770 +7.708
19780 +7.466
19790 +7.294
19800 +7.200
19810 +7.167
19820 +7.161
19830 +7.139
19840 +7.064
19850 +6.918
19860 +6.716
19870 +6.495
19880 +6.299
19890 +6.163
19900 +6.102
19910 +6.109
19920 +6.160
19930 +6.214
19940 +6.223
19950 +6.150
19960 +5.983
19970 +5.739
19980 +5.456
19990 +5.173
20000 +4.908
20010 +4.656
20020 +4.389
20030 +4.067
20040 +3.660
20050 +3.171
20060 +2.634
20070 +2.107
20080 +1.642
20090 +1.273
20100 +1.010
20110 +0.838
20120 +0.731
20130 +0.653
20140 +0.574
20150 +0.471
20160 +0.339
20170 +0.189
20180 +0.041
20190 -0.081
20200 -0.160
20210 -0.191
20220 -0.180
20230 -0.147
20240 -0.114
20250 -0.105
20260 -0.133
20270 -0.201
20280 -0.295
20290 -0.392
20300 -0.469
20310 -0.510
20320 -0.511
20330 -0.484
20340 -0.451
20350 -0.443
20360 -0.490
20370 -0.611
20380 -0.806
20390 -1.059
20400 -1.343
20410 -1.631
20420 -1.908
20430 -2.172
20440 -2.431
20450 -2.691
20460 -2.944
20470 -3.166
20480 -3.330
20490 -3.416
20500 -3.421
20510 -3.355
20520 -3.237
20530 -3.089
20540 -2.931
20550 -2.782
20560 -2.656
20570 -2.560
20580 -2.495
20590 -2.453
20600 -2.422
20610 -2.391
20620 -2.347
20630 -2.287
20640 -2.211
20650 -2.129
20660 -2.051
20670 -1.992
20680 -1.960
20690 -1.957
20700 -1.978
20710 -2.009
20720 -2.036
20730 -2.045
20740 -2.032
20750 -1.999
20760 -1.959
20770 -1.928
20780 -1.923
20790 -1.955
20800 -2.024
20810 -2.120
20820 -2.223
20830 -2.316
20840 -2.386
20850 -2.431
20860 -2.461
20870 -2.497
20880 -2.560
20890 -2.667
20900 -2.820
20910 -3.006
20920 -3.197
20930 -3.367
20940 -3.495
20950 -3.576
20960 -3.617
20970 -3.640
20980 -3.664
20990 -3.704
21000 -3.759
21010 -3.818
21020 -3.861
21030 -3.873
21040 -3.845
21050 -3.778
21060 -3.686
21070 -3.586
21080 -3.496
21090 -3.431
21100 -3.396
21110 -3.390
21120 -3.401
21130 -3.418
21140 -3.430
21150 -3.431
21160 -3.422
21170 -3.412
21180 -3.414
21190 -3.441
21200 -3.505
21210 -3.608
21220 -3.745
21230 -3.902
21240 -4.065
21250 -4.221
21260 -4.363
21270 -4.495
21280 -4.627
21290 -4.771
21300 -4.939
21310 -5.132
21320 -5.344
21330 -5.557
21340 -5.751
21350 -5.907
21360 -6.017
21370 -6.081
21380 -6.108
21390 -6.113
21400 -6.108
21410 -6.100
21420 -6.088
21430 -6.063
21440 -6.016
21450 -5.940
21460 -5.831
21470 -5.695
21480 -5.542
21490 -5.386
21500 -5.239
21510 -5.112
21520 -5.007
21530 -4.923
21540 -4.852
21550 -4.785
21560 -4.713
21570 -4.634
21580 -4.550
21590 -4.469
21600 -4.403
21610 -4.363
21620 -4.356
21630 -4.384
21640 -4.438
21650 -4.508
21660 -4.580
21670 -4.644
21680 -4.696
21690 -4.742
21700 -4.793
21710 -4.862
21720 -4.958
21730 -5.081
21740 -5.224
21750 -5.368
21760 -5.495
21770 -5.591
21780 -5.651
21790 -5.680
21800 -5.689
21810 -5.693
21820 -5.704
21830 -5.726
21840 -5.754
21850 -5.778
21860 -5.784
21870 -5.765
21880 -5.718
21890 -5.652
21900 -5.578
21910 -5.512
21920 -5.467
21930 -5.451
21940 -5.465
21950 -5.504
21960 -5.555
21970 -5.609
21980 -5.658
21990 -5.702
22000 -5.746
22010 -5.804
22020 -5.888
22030 -6.009
22040 -6.172
22050 -6.371
22060 -6.595
22070 -6.827
22080 -7.052
22090 -7.260
22100 -7.454
22110 -7.641
22120 -7.835
22130 -8.049
22140 -8.285
22150 -8.538
22160 -8.790
22170 -9.017
22180 -9.196
22190 -9.314
22200 -9.373
22210 -9.383
22220 -9.365
22230 -9.336
22240 -9.305
22250 -9.273
22260 -9.230
22270 -9.164
22280 -9.065
22290 -8.927
22300 -8.758
22310 -8.571
22320 -8.383
22330 -8.211
22340 -8.067
22350 -7.954
22360 -7.869
22370 -7.802
22380 -7.738
22390 -7.665
22400 -7.579
22410 -7.483
22420 -7.386
22430 -7.303
22440 -7.247
22450 -7.226
22460 -7.240
22470 -7.278
22480 -7.323
22490 -7.356
22500 -7.363
22510 -7.341
22520 -7.295
22530 -7.240
22540 -7.193
22550 -7.163
22560 -7.153
22570 -7.156
22580 -7.154
22590 -7.129
22600 -7.068
22610 -6.965
22620 -6.828
22630 -6.673
22640 -6.517
22650 -6.374
22660 -6.254
22670 -6.155
22680 -6.068
22690 -5.982
22700 -5.883
22710 -5.764
22720 -5.627
22730 -5.478
22740 -5.334
22750 -5.208
22760 -5.113
22770 -5.055
22780 -5.032
22790 -5.034
22800 -5.046
22810 -5.053
22820 -5.047
22830 -5.026
22840 -5.000
22850 -4.985
22860 -4.997
22870 -5.047
22880 -5.139
22890 -5.265
22900 -5.408
22910 -5.544
22920 -5.656
22930 -5.734
22940 -5.782
22950 -5.815
22960 -5.853
22970 -5.911
22980 -5.997
22990 -6.106
23000 -6.220
23010 -6.315
23020 -6.369
23030 -6.371
23040 -6.323
23050 -6.241
23060 -6.148
23070 -6.063
23080 -6.002
23090 -5.966
23100 -5.948
23110 -5.931
23120 -5.896
23130 -5.827
23140 -5.723
23150 -5.589
23160 -5.445
23170 -5.311
23180 -5.206
23190 -5.139
23200 -5.110
23210 -5.107
23220 -5.112
23230 -5.101
23240 -5.060
23250 -4.985
23260 -4.886
23270 -4.781
23280 -4.692
23290 -4.635
23300 -4.614
23310 -4.623
23320 -4.642
23330 -4.646
23340 -4.612
23350 -4.528
23360 -4.397
23370 -4.236
23380 -4.064
23390 -3.902
23400 -3.760
23410 -3.635
23420 -3.517
23430 -3.386
23440 -3.224
23450 -3.018
23460 -2.767
23470 -2.482
23480 -2.180
23490 -1.877
23500 -1.586
23510 -1.316
23520 -1.063
23530 -0.818
23540 -0.570
23550 -0.304
23560 -0.012
23570 +0.308
23580 +0.651
23590 +1.005
23600 +1.357
23610 +1.697
23620 +2.018
23630 +2.322
23640 +2.617
23650 +2.916
23660 +3.231
23670 +3.573
23680 +3.945
23690 +4.343
23700 +4.759
23710 +5.181
23720 +5.600
23730 +6.012
23740 +6.419
23750 +6.830
23760 +7.255
23770 +7.708
23780 +8.197
23790 +8.726
23800 +9.293
23810 +9.891
23820 +10.513
23830 +11.150
23840 +11.799
23850 +12.460
23860 +13.135
23870 +13.832
23880 +14.560
23890 +15.325
23900 +16.133
23910 +16.981
23920 +17.859
23930 +18.752
23940 +19.634
23950 +20.473
23960 +21.231
23970 +21.868
23980 +22.350
23990 +22.649
